0.00738063, 0.76789
0.00119073, 0.392936
0.00101162, 0.392936
0.00174805, 0.76789
0.00148195, 0.76789
0.00228006, 1.29678
0.00203995, 1.29678
0.00119263, 0.392936
0.00101059, 0.392936
0.00173544, 0.76789
0.00142615, 0.76789
0.00227653, 1.29678
0.00205223, 1.29678
0.00123509, 0.392936
0.00103143, 0.392936
0.00174272, 0.76789
0.00144465, 0.76789
0.00228303, 1.29678
0.00205299, 1.29678
0.00121818, 0.392936
0.00101908, 0.392936
0.00173906, 0.76789
0.00145253, 0.76789
0.0023032, 1.29678
0.0020586, 1.29678
0.00119573, 0.392936
0.001051, 0.392936
0.00176451, 0.76789
0.00143965, 0.76789
0.00228487, 1.29678
0.00205935, 1.29678
0.00119445, 0.392936
0.00102036, 0.392936
0.00174927, 0.76789
0.00144193, 0.76789
0.0022836, 1.29678
0.00204985, 1.29678
0.00315026, 2.10192
0.00268433, 2.10192
0.00409168, 3.26674
0.00335613, 3.26674
0.00519377, 4.75802
0.00436289, 4.75802
0.00618739, 6.83857
0.00543339, 6.83857
0.00825522, 9.30148
0.00700763, 9.30148
0.010122, 12.7307
0.00864958, 12.7307
0.0121725, 17.1565
0.0107378, 17.1565
0.0140755, 22.1095
0.0119874, 22.1095
0.0162222, 28.3887
0.0146895, 28.3887
0.0202707, 36.511
0.0160765, 36.511
0.0234011, 45.2666
0.0189768, 45.2666
0.027062, 56.5904
0.0221169, 56.5904
0.0307397, 67.7441
0.0255425, 67.7441
0.0331882, 83.1672
0.028546, 83.1672
0.0377407, 99.6221
0.0325948, 99.6221
0.0407648, 119.755
0.0355775, 119.755
0.0471936, 138.497
0.0393306, 138.497
0.0536103, 163.188
0.0458666, 163.188
0.0585911, 190.624
0.0507051, 190.624
0.0661205, 220.116
0.0555766, 220.116
0.0738845, 253.781
0.0598134, 253.781
0.0813244, 294.333
0.0680107, 294.333
0.0872657, 329.513
0.0747172, 329.513
0.00130586, 0.392936
0.00120436, 0.392936
0.00101595, 0.392936
0.00183649, 0.76789
0.00149528, 0.76789
0.00230811, 1.29678
0.00216466, 1.29678
0.00122642, 0.392936
0.00104424, 0.392936
0.00181661, 0.76789
0.00145831, 0.76789
0.0023692, 1.29678
0.00219303, 1.29678
0.00119755, 0.392936
0.00101781, 0.392936
0.00175377, 0.76789
0.00143464, 0.76789
0.00229093, 1.29678
0.00206355, 1.29678
0.0012055, 0.392936
0.00101934, 0.392936
0.00173888, 0.76789
0.00144674, 0.76789
0.00229133, 1.29678
0.00213399, 1.29678
0.00128177, 0.392936
0.00105598, 0.392936
0.00176803, 0.76789
0.00146174, 0.76789
0.00230036, 1.29678
0.00206031, 1.29678
0.00319063, 2.10192
0.00273651, 2.10192
0.0042607, 3.26674
0.00345462, 3.26674
0.0054286, 4.75802
0.00452037, 4.75802
0.00653446, 6.83857
0.00569102, 6.83857
0.00860036, 9.30148
0.00722323, 9.30148
0.0104728, 12.7307
0.00866568, 12.7307
0.0125189, 17.1565
0.0108254, 17.1565
0.0144128, 22.1095
0.0119992, 22.1095
0.0165769, 28.3887
0.0146706, 28.3887
0.0204364, 36.511
0.016276, 36.511
0.0231925, 45.2666
0.0190663, 45.2666
0.0270516, 56.5904
0.0222398, 56.5904
0.0303016, 67.7441
0.0253445, 67.7441
0.0328367, 83.1672
0.0287225, 83.1672
0.0373293, 99.6221
0.0327821, 99.6221
0.0408135, 119.755
0.0358792, 119.755
0.0469293, 138.497
0.0396989, 138.497
0.0535573, 163.188
0.0460439, 163.188
0.0584792, 190.624
0.0509623, 190.624
0.0658352, 220.116
0.0556456, 220.116
0.0737408, 253.781
0.060422, 253.781
0.080908, 294.333
0.0683725, 294.333
0.0861753, 329.513
0.0745147, 329.513
0.00121061, 0.392936
0.00103447, 0.392936
0.00174695, 0.76789
0.00150224, 0.76789
0.0024598, 1.29678
0.00207235, 1.29678
0.00315131, 2.10192
0.00268607, 2.10192
0.00456978, 3.26674
0.00344383, 3.26674
0.00523293, 4.75802
0.00437215, 4.75802
0.00654784, 6.83857
0.00597698, 6.83857
0.00871037, 9.30148
0.00690696, 9.30148
0.0104364, 12.7307
0.00867592, 12.7307
0.0120728, 17.1565
0.0106932, 17.1565
0.0143501, 22.1095
0.0121636, 22.1095
0.0165719, 28.3887
0.0146549, 28.3887
0.0200257, 36.511
0.0161534, 36.511
0.0232571, 45.2666
0.0188514, 45.2666
0.0271605, 56.5904
0.0220869, 56.5904
0.0306285, 67.7441
0.0259174, 67.7441
0.033366, 83.1672
0.0289678, 83.1672
0.0378734, 99.6221
0.0333223, 99.6221
0.0421381, 119.755
0.0369402, 119.755
0.0487802, 138.497
0.040625, 138.497
0.0554024, 163.188
0.0466335, 163.188
0.0594853, 190.624
0.0519597, 190.624
0.0668562, 220.116
0.0567106, 220.116
0.0743376, 253.781
0.0599503, 253.781
0.0815641, 294.333
0.0680729, 294.333
0.0868175, 329.513
0.0735487, 329.513
0.0335431, 0.00141065
0.000909596, 0.392936
0.00119429, 0.392936
0.000731937, 0.392936
0.00120594, 0.76789
0.00164177, 0.76789
0.000938887, 0.76789
0.00151849, 1.29678
0.00220653, 1.29678
0.00121505, 1.29678
0.00199855, 2.10192
0.00300098, 2.10192
0.00154179, 2.10192
0.00243455, 3.26674
0.0040017, 3.26674
0.00189124, 3.26674
0.00290356, 4.75802
0.00530286, 4.75802
0.0023878, 4.75802
0.00341277, 6.83857
0.00641642, 6.83857
0.00293584, 6.83857
0.00484106, 9.30148
0.00873565, 9.30148
0.0037641, 9.30148
0.00566547, 12.7307
0.0103488, 12.7307
0.00418333, 12.7307
0.00649684, 17.1565
0.0130499, 17.1565
0.0051852, 17.1565
0.00764733, 22.1095
0.0150636, 22.1095
0.0055681, 22.1095
0.00836756, 28.3887
0.0175253, 28.3887
0.0065401, 28.3887
0.0105354, 36.511
0.0219783, 36.511
0.00706687, 36.511
0.0113969, 45.2666
0.0248449, 45.2666
0.00819365, 45.2666
0.0130708, 56.5904
0.028784, 56.5904
0.00926492, 56.5904
0.0144396, 67.7441
0.0325838, 67.7441
0.0107444, 67.7441
0.0158145, 83.1672
0.0359409, 83.1672
0.0119952, 83.1672
0.0169907, 99.6221
0.0404805, 99.6221
0.0133855, 99.6221
0.0186581, 119.755
0.0440388, 119.755
0.0146276, 119.755
0.0204812, 138.497
0.0524113, 138.497
0.0161386, 138.497
0.0237706, 163.188
0.0623734, 163.188
0.0196315, 163.188
0.0264831, 190.624
0.0741888, 190.624
0.00482817, 0.392936
0.00439585, 0.392936
0.00169736, 0.392936
0.00440953, 0.392936
0.00442947, 0.392936
0.00396925, 0.392936
0.00336783, 0.392936
0.00407723, 0.392936
0.00249526, 0.392936
0.00185062, 0.392936
0.00103493, 0.392936
0.00150653, 0.392936
0.00107845, 0.392936
0.00139983, 0.76789
0.00174145, 0.76789
0.00108834, 0.76789
0.001868, 1.29678
0.00246026, 1.29678
0.0014142, 1.29678
0.00261422, 2.10192
0.00367366, 2.10192
0.00184848, 2.10192
0.00323467, 3.26674
0.00487446, 3.26674
0.00217133, 3.26674
0.00383802, 4.75802
0.00596129, 4.75802
0.00251734, 4.75802
0.00434738, 6.83857
0.0070683, 6.83857
0.00291494, 6.83857
0.00590226, 9.30148
0.00975782, 9.30148
0.00363994, 9.30148
0.00696107, 12.7307
0.0114679, 12.7307
0.00415199, 12.7307
0.00844021, 17.1565
0.014292, 17.1565
0.00484525, 17.1565
0.00991778, 22.1095
0.0166411, 22.1095
0.00565095, 22.1095
0.0108984, 28.3887
0.019297, 28.3887
0.00642504, 28.3887
0.0136076, 36.511
0.0244464, 36.511
0.00771399, 36.511
0.0156496, 45.2666
0.0277284, 45.2666
0.0085173, 45.2666
0.0186249, 56.5904
0.0341874, 56.5904
0.00962782, 56.5904
0.0196583, 67.7441
0.0386802, 67.7441
0.0110856, 67.7441
0.0209504, 83.1672
0.040934, 83.1672
0.0120084, 83.1672
0.0244923, 99.6221
0.0492406, 99.6221
0.0142984, 99.6221
0.0276433, 119.755
0.0562968, 119.755
0.0153022, 119.755
0.0298122, 138.497
0.0638991, 138.497
0.0167504, 138.497
0.0340165, 163.188
0.0731256, 163.188
0.0189966, 163.188
0.0371152, 190.624
0.0805318, 190.624
0.0200101, 190.624
0.0421292, 220.116
0.0921744, 220.116
0.0234164, 220.116
0.0465571, 253.781
0.105478, 253.781
0.0246582, 253.781
0.0509762, 294.333
0.117721, 294.333
0.0269908, 294.333
0.0535719, 329.513
0.125885, 329.513
0.0296637, 329.513
0.00144473, 0.392936
0.001685, 0.392936
0.000769962, 0.392936
0.00203824, 0.76789
0.00239806, 0.76789
0.000965174, 0.76789
0.00267064, 1.29678
0.00319733, 1.29678
0.00118982, 1.29678
0.00354855, 2.10192
0.00426952, 2.10192
0.00151973, 2.10192
0.00451756, 3.26674
0.00586779, 3.26674
0.00194564, 3.26674
0.00591017, 4.75802
0.00757344, 4.75802
0.00246685, 4.75802
0.0014519, 0.392936
0.00176584, 0.392936
0.000766816, 0.392936
0.0020028, 0.76789
0.00238895, 0.76789
0.000960633, 0.76789
0.00265198, 1.29678
0.00325914, 1.29678
0.0011965, 1.29678
0.00425269, 2.10192
0.00509629, 2.10192
0.00198518, 2.10192
0.00529352, 3.26674
0.00607125, 3.26674
0.00204557, 3.26674
0.00599196, 4.75802
0.00775501, 4.75802
0.00254067, 4.75802
0.000913447, 0.392936
0.00124385, 0.392936
0.000766067, 0.392936
0.00124036, 0.76789
0.00165495, 0.76789
0.00102567, 0.76789
0.00156428, 1.29678
0.00235789, 1.29678
0.00124899, 1.29678
0.00197486, 2.10192
0.0035587, 2.10192
0.0015198, 2.10192
0.00244799, 3.26674
0.00412646, 3.26674
0.00186627, 3.26674
0.00292512, 4.75802
0.0052812, 4.75802
0.00283991, 4.75802
0.0032165, 4.75802
0.00147445, 4.75802
0.000907078, 0.392936
0.00119494, 0.392936
0.000740083, 0.392936
0.00121194, 0.76789
0.00163811, 0.76789
0.000941932, 0.76789
0.00151065, 1.29678
0.00216507, 1.29678
0.00121453, 1.29678
0.00139138, 1.29678
0.000920933, 0.392936
0.00120966, 0.392936
0.000728855, 0.392936
0.00119781, 0.76789
0.00163868, 0.76789
0.000927984, 0.392936
0.00120213, 0.392936
0.000796122, 0.392936
0.00136687, 0.76789
0.00170118, 0.76789
0.000950556, 0.76789
0.0015179, 1.29678
0.00221846, 1.29678
0.00123879, 1.29678
0.00202782, 2.10192
0.00311602, 2.10192
0.00157961, 2.10192
0.00257034, 3.26674
0.0042012, 3.26674
0.00194163, 3.26674
0.00309765, 4.75802
0.00546211, 4.75802
0.00247461, 4.75802
0.00254691, 4.75802
0.00741533, 4.75802
0.00143909, 0.392936
0.00167777, 0.392936
0.000766338, 0.392936
0.00200791, 0.76789
0.00239696, 0.76789
0.000952593, 0.76789
0.00266896, 1.29678
0.00317853, 1.29678
0.00119421, 1.29678
0.00352172, 2.10192
0.00421974, 2.10192
0.00156011, 2.10192
0.00452839, 3.26674
0.00575111, 3.26674
0.00194154, 3.26674
0.00579612, 4.75802
0.00753343, 4.75802
0.00251625, 4.75802
0.000846212, 0.392936
0.00115163, 0.392936
0.000837016, 0.392936
0.00110044, 0.76789
0.00141826, 0.76789
0.000886198, 0.76789
0.00148682, 1.29678
0.00202281, 1.29678
0.00108852, 1.29678
0.00215425, 2.10192
0.00304925, 2.10192
0.00154373, 2.10192
0.00271949, 3.26674
0.00405898, 3.26674
0.00188016, 3.26674
0.00337642, 4.75802
0.00515843, 4.75802
0.00219632, 4.75802
0.00249972, 4.75802
0.00224146, 4.75802
0.0020412, 4.75802
0.0024005, 4.75802
0.000746586, 0.392936
0.000835695, 0.392936
0.00117729, 0.392936
0.000809248, 0.392936
0.00483747, 0.392936
0.000947082, 0.392936
0.000948697, 0.392936
0.000429929, 0.392936
0.000435242, 0.392936
0.00139138, 0.392936
0.00115333, 0.392936
0.00137975, 0.392936
0.00110804, 0.392936
0.00124672, 0.392936
0.0011545, 0.392936
0.00105588, 0.392936
0.00436352, 0.392936
0.00354983, 0.392936
0.00132031, 0.392936
0.00136831, 0.392936
0.00157046, 0.392936
0.00199496, 0.392936
0.00121881, 0.392936
0.00199892, 0.392936
0.00200347, 0.392936
0.00249885, 0.392936
0.00369611, 0.392936
0.000838475, 0.392936
0.00206247, 0.392936
0.00202023, 0.392936
0.00204203, 0.392936
0.00202752, 0.392936
0.00202098, 0.392936
0.00158788, 0.392936
0.00157929, 0.392936
0.00150384, 0.392936
0.00201517, 0.392936
0.0019714, 0.392936
0.00199922, 0.392936
0.00195166, 0.392936
0.00210932, 0.392936
0.00156693, 0.392936
0.00203936, 0.392936
0.00154578, 0.392936
0.0012297, 0.392936
0.00141633, 0.392936
0.000566637, 0.392936
0.00141815, 0.76789
0.00192834, 0.76789
0.000655069, 0.76789
0.00175697, 1.29678
0.00250368, 1.29678
0.000826779, 1.29678
0.00215768, 2.10192
0.00321794, 2.10192
0.000970622, 2.10192
0.00258019, 3.26674
0.00414181, 3.26674
0.0011875, 3.26674
0.00306485, 4.75802
0.00523273, 4.75802
0.0014164, 4.75802
0.0035925, 6.83857
0.00653862, 6.83857
0.00168898, 6.83857
0.00427339, 9.30148
0.00820873, 9.30148
0.00191141, 9.30148
0.00500922, 12.7307
0.00989147, 12.7307
0.00234344, 12.7307
0.00591329, 17.1565
0.0119204, 17.1565
0.00265107, 17.1565
0.00657334, 22.1095
0.0142264, 22.1095
0.00305417, 22.1095
0.00739289, 28.3887
0.0166543, 28.3887
0.00351768, 28.3887
0.00858862, 36.511
0.0206313, 36.511
0.00400332, 36.511
0.00965208, 45.2666
0.0236486, 45.2666
0.00459889, 45.2666
0.0108918, 56.5904
0.0272437, 56.5904
0.00515305, 56.5904
0.0122862, 67.7441
0.0320521, 67.7441
0.00596218, 67.7441
0.0136542, 83.1672
0.0362586, 83.1672
0.0065966, 83.1672
0.0151443, 99.6221
0.0413267, 99.6221
0.00722696, 99.6221
0.0168664, 119.755
0.0468336, 119.755
0.0082564, 119.755
0.0183713, 138.497
0.0521847, 138.497
0.00896013, 138.497
0.0204977, 163.188
0.0599246, 163.188
0.00988968, 163.188
0.0222557, 190.624
0.0662618, 190.624
0.0113775, 190.624
0.0242219, 220.116
0.0716557, 220.116
0.0118483, 220.116
0.0250203, 253.781
0.0789858, 253.781
0.0126013, 253.781
0.0274481, 294.333
0.086473, 294.333
0.0138275, 294.333
0.0299922, 329.513
0.0969383, 329.513
0.0151744, 329.513
0.00119156, 0.392936
0.00173243, 0.392936
0.000559904, 0.392936
0.0014289, 0.76789
0.00217061, 0.76789
0.000659448, 0.76789
0.00173723, 1.29678
0.00288374, 1.29678
0.000820096, 1.29678
0.00217034, 2.10192
0.003867, 2.10192
0.000965617, 2.10192
0.00256141, 3.26674
0.00490785, 3.26674
0.00120572, 3.26674
0.00306005, 4.75802
0.00609827, 4.75802
0.001412, 4.75802
0.00360031, 6.83857
0.007625, 6.83857
0.00168402, 6.83857
0.00425275, 9.30148
0.00969779, 9.30148
0.00189696, 9.30148
0.00494346, 12.7307
0.0118609, 12.7307
0.0022923, 12.7307
0.00579136, 17.1565
0.0143015, 17.1565
0.00269892, 17.1565
0.00659594, 22.1095
0.0170998, 22.1095
0.00304719, 22.1095
0.00735796, 28.3887
0.0204852, 28.3887
0.00354386, 28.3887
0.00874967, 36.511
0.0245412, 36.511
0.00402335, 36.511
0.00966534, 45.2666
0.0294559, 45.2666
0.00475389, 45.2666
0.0109563, 56.5904
0.0342874, 56.5904
0.00517245, 56.5904
0.0123033, 67.7441
0.0397093, 67.7441
0.00599896, 67.7441
0.013709, 83.1672
0.0442899, 83.1672
0.00672339, 83.1672
0.0151996, 99.6221
0.0513522, 99.6221
0.00729231, 99.6221
0.0169285, 119.755
0.0590408, 119.755
0.008189, 119.755
0.0186333, 138.497
0.0651521, 138.497
0.00894445, 138.497
0.0205657, 163.188
0.0750497, 163.188
0.00993376, 163.188
0.0223674, 190.624
0.0823339, 190.624
0.0107278, 190.624
0.0231921, 220.116
0.0908268, 220.116
0.0115956, 220.116
0.025058, 253.781
0.101406, 253.781
0.0127132, 253.781
0.0273993, 294.333
0.111986, 294.333
0.0137478, 294.333
0.0303548, 329.513
0.122952, 329.513
0.0149657, 329.513
0.00194173, 0.392936
0.00273838, 0.392936
0.000855765, 0.392936
0.00235908, 0.76789
0.00374716, 0.76789
0.00103224, 0.76789
0.00302347, 1.29678
0.00514386, 1.29678
0.00125557, 1.29678
0.00179905, 0.392936
0.00246894, 0.392936
0.000952057, 0.392936
0.00290844, 0.76789
0.00415695, 0.76789
0.00109053, 0.76789
0.00372358, 1.29678
0.00540961, 1.29678
0.00133811, 1.29678
0.00175093, 0.392936
0.00244284, 0.392936
0.000796452, 0.392936
0.00227745, 0.76789
0.00349004, 0.76789
0.000920344, 0.76789
0.00292075, 1.29678
0.00468711, 1.29678
0.0011562, 1.29678
0.00173156, 0.392936
0.00186741, 0.392936
0.00264771, 0.392936
0.000876441, 0.392936
0.00233708, 0.76789
0.00412745, 0.76789
0.00097968, 0.76789
0.00310266, 1.29678
0.00487901, 1.29678
0.00124832, 1.29678
0.0017006, 0.392936
0.00229881, 0.392936
0.000786449, 0.392936
0.00219382, 0.76789
0.00324749, 0.76789
0.000898323, 0.76789
0.00274654, 1.29678
0.0044164, 1.29678
0.00113259, 1.29678
0.00341042, 2.10192
0.00585631, 2.10192
0.00132855, 2.10192
0.00416273, 3.26674
0.00771821, 3.26674
0.00159507, 3.26674
0.00497541, 4.75802
0.00951031, 4.75802
0.00186954, 4.75802
0.00598443, 6.83857
0.0117009, 6.83857
0.00215277, 6.83857
0.00726373, 9.30148
0.0154301, 9.30148
0.0023978, 9.30148
0.0081253, 12.7307
0.017418, 12.7307
0.00281331, 12.7307
0.00939594, 17.1565
0.0199111, 17.1565
0.00319695, 17.1565
0.0105532, 22.1095
0.0234457, 22.1095
0.00381826, 22.1095
0.0117193, 28.3887
0.0283276, 28.3887
0.00399972, 28.3887
0.0133506, 36.511
0.0327609, 36.511
0.00452204, 36.511
0.0149411, 45.2666
0.0385941, 45.2666
0.00521527, 45.2666
0.0167263, 56.5904
0.0441769, 56.5904
0.00583292, 56.5904
0.0183225, 67.7441
0.0502192, 67.7441
0.0065892, 67.7441
0.020753, 83.1672
0.0568287, 83.1672
0.0072651, 83.1672
0.0219437, 99.6221
0.0641761, 99.6221
0.00781467, 99.6221
0.0255536, 119.755
0.071845, 119.755
0.00884968, 119.755
0.0267119, 138.497
0.0774284, 138.497
0.00943554, 138.497
0.0285127, 163.188
0.0867327, 163.188
0.0104467, 163.188
0.0309372, 190.624
0.0983661, 190.624
0.0116669, 190.624
0.0327919, 220.116
0.103676, 220.116
0.0124986, 220.116
0.0348468, 253.781
0.114263, 253.781
0.0134118, 253.781
0.0380168, 294.333
0.125312, 294.333
0.014623, 294.333
0.0416865, 329.513
0.138425, 329.513
0.0159195, 329.513
0.000793942, 0.392936
0.00078617, 0.392936
0.0017034, 0.392936
0.00226204, 0.392936
0.000791081, 0.392936
0.00209148, 0.76789
0.00313332, 0.76789
0.000869613, 0.76789
0.00261916, 1.29678
0.00430366, 1.29678
0.0013262, 1.29678
0.00348352, 2.10192
0.0057592, 2.10192
0.00127606, 2.10192
0.00411716, 3.26674
0.00822197, 3.26674
0.00165306, 3.26674
0.00496101, 4.75802
0.00971754, 4.75802
0.00180821, 4.75802
0.00585531, 6.83857
0.0116003, 6.83857
0.00205811, 6.83857
0.00689278, 9.30148
0.0141283, 9.30148
0.00235375, 9.30148
0.00776121, 12.7307
0.0168199, 12.7307
0.00276928, 12.7307
0.00908708, 17.1565
0.0198849, 17.1565
0.00317998, 17.1565
0.0103749, 22.1095
0.023322, 22.1095
0.00361337, 22.1095
0.0112905, 28.3887
0.0276571, 28.3887
0.00398058, 28.3887
0.0131737, 36.511
0.0320151, 36.511
0.00448791, 36.511
0.0145137, 45.2666
0.0379468, 45.2666
0.00510613, 45.2666
0.0164346, 56.5904
0.0437027, 56.5904
0.00574725, 56.5904
0.0180532, 67.7441
0.0485755, 67.7441
0.00659667, 67.7441
0.019993, 83.1672
0.0540871, 83.1672
0.00696678, 83.1672
0.0209903, 99.6221
0.0594716, 99.6221
0.00773235, 99.6221
0.0233581, 119.755
0.0679814, 119.755
0.00852562, 119.755
0.0253655, 138.497
0.076398, 138.497
0.0095578, 138.497
0.0282038, 163.188
0.0904565, 163.188
0.010389, 163.188
0.0305059, 190.624
0.0965888, 190.624
0.0114782, 190.624
0.0316529, 220.116
0.105297, 220.116
0.0133499, 220.116
0.0347808, 253.781
0.116182, 253.781
0.0140853, 253.781
0.0395494, 294.333
0.138029, 294.333
0.0159641, 294.333
0.0449362, 329.513
0.154245, 329.513
0.0172128, 329.513
0.00171642, 0.392936
0.00119898, 0.392936
0.00039435, 0.392936
0.0183396, 0.392936
0.00210698, 0.76789
0.00156721, 0.76789
0.000539543, 0.76789
0.0260949, 0.76789
0.00259858, 1.29678
0.00198954, 1.29678
0.000706555, 1.29678
0.0353408, 1.29678
0.00171543, 0.392936
0.00118617, 0.392936
0.000394711, 0.392936
0.0194169, 0.392936
0.00224921, 0.76789
0.00170676, 0.76789
0.000634647, 0.76789
0.0289542, 0.76789
0.002739, 1.29678
0.00204831, 1.29678
0.000756237, 1.29678
0.0367099, 1.29678
0.00338292, 2.10192
0.00259963, 2.10192
0.0010052, 2.10192
0.0484247, 2.10192
0.00386391, 3.26674
0.00316258, 3.26674
0.00127909, 3.26674
0.0600656, 3.26674
0.00475698, 4.75802
0.00378836, 4.75802
0.00156392, 4.75802
0.0746534, 4.75802
0.00585366, 6.83857
0.0048812, 6.83857
0.00196939, 6.83857
0.0886494, 6.83857
0.00637177, 9.30148
0.00543319, 9.30148
0.0023313, 9.30148
0.105226, 9.30148
0.00718975, 12.7307
0.00618067, 12.7307
0.002762, 12.7307
0.125398, 12.7307
0.00814268, 17.1565
0.00719659, 17.1565
0.00334872, 17.1565
0.143228, 17.1565
0.00929108, 22.1095
0.00822331, 22.1095
0.00394061, 22.1095
0.163393, 22.1095
0.0102578, 28.3887
0.00915012, 28.3887
0.00453165, 28.3887
0.180066, 28.3887
0.0119666, 36.511
0.0106775, 36.511
0.005216, 36.511
0.211184, 36.511
0.0130018, 45.2666
0.0117917, 45.2666
0.00605087, 45.2666
0.236722, 45.2666
0.0147355, 56.5904
0.0132324, 56.5904
0.00706802, 56.5904
0.269572, 56.5904
0.0164546, 67.7441
0.0152291, 67.7441
0.00788055, 67.7441
0.289957, 67.7441
0.0182395, 83.1672
0.0164639, 83.1672
0.00893489, 83.1672
0.317961, 83.1672
0.0197395, 99.6221
0.0184513, 99.6221
0.0100031, 99.6221
0.360255, 99.6221
0.0220101, 119.755
0.0201477, 119.755
0.0120235, 119.755
0.385658, 119.755
0.0237532, 138.497
0.0207323, 138.497
0.0123435, 138.497
0.404381, 138.497
0.0260475, 163.188
0.0227206, 163.188
0.0137637, 163.188
0.456911, 163.188
0.0308599, 190.624
0.0290791, 190.624
0.0162961, 190.624
0.522938, 190.624
0.0330452, 220.116
0.0290342, 220.116
0.0177251, 220.116
0.568043, 220.116
0.0351238, 253.781
0.0318656, 253.781
0.0193305, 253.781
0.63013, 253.781
0.0371108, 294.333
0.0342062, 294.333
0.0210958, 294.333
0.631995, 294.333
0.0400979, 329.513
0.03476, 329.513
0.0224669, 329.513
0.667714, 329.513
0.00125171, 0.392936
0.000897533, 0.392936
0.000287912, 0.392936
0.01889, 0.392936
0.00135583, 0.76789
0.00114669, 0.76789
0.000394536, 0.76789
0.0261907, 0.76789
0.001689, 1.29678
0.00146035, 1.29678
0.000542157, 1.29678
0.0337736, 1.29678
0.00203619, 2.10192
0.00182519, 2.10192
0.000718866, 2.10192
0.0451144, 2.10192
0.00244567, 3.26674
0.00226782, 3.26674
0.000905064, 3.26674
0.055521, 3.26674
0.00295857, 4.75802
0.00276778, 4.75802
0.00115309, 4.75802
0.0706906, 4.75802
0.00341699, 6.83857
0.00338204, 6.83857
0.00146394, 6.83857
0.0818116, 6.83857
0.00410838, 9.30148
0.00397292, 9.30148
0.00179593, 9.30148
0.0989786, 9.30148
0.00472875, 12.7307
0.00471197, 12.7307
0.00224961, 12.7307
0.119625, 12.7307
0.00554012, 17.1565
0.00554422, 17.1565
0.00269423, 17.1565
0.136758, 17.1565
0.00628709, 22.1095
0.0063832, 22.1095
0.00316426, 22.1095
0.156453, 22.1095
0.00694552, 28.3887
0.00727237, 28.3887
0.0037396, 28.3887
0.175728, 28.3887
0.00819882, 36.511
0.00840859, 36.511
0.00439266, 36.511
0.205741, 36.511
0.00912546, 45.2666
0.00946338, 45.2666
0.00519823, 45.2666
0.233191, 45.2666
0.0103639, 56.5904
0.0106689, 56.5904
0.00595876, 56.5904
0.263526, 56.5904
0.0117764, 67.7441
0.0120999, 67.7441
0.00677642, 67.7441
0.282275, 67.7441
0.0128715, 83.1672
0.0133506, 83.1672
0.00767178, 83.1672
0.314517, 83.1672
0.0141883, 99.6221
0.0148958, 99.6221
0.00892196, 99.6221
0.349841, 99.6221
0.0155775, 119.755
0.0165151, 119.755
0.0101379, 119.755
0.381846, 119.755
0.017241, 138.497
0.0179548, 138.497
0.0109735, 138.497
0.404973, 138.497
0.0189876, 163.188
0.019706, 163.188
0.0123328, 163.188
0.449247, 163.188
0.0208061, 190.624
0.0217275, 190.624
0.0137661, 190.624
0.495888, 190.624
0.0228786, 220.116
0.0232409, 220.116
0.0153788, 220.116
0.527099, 220.116
0.024731, 253.781
0.0254223, 253.781
0.016741, 253.781
0.581921, 253.781
0.0287959, 294.333
0.029644, 294.333
0.0194904, 294.333
0.626676, 294.333
0.0313683, 329.513
0.031944, 329.513
0.0214146, 329.513
0.658136, 329.513
0.00169974, 0.392936
0.000612831, 0.392936
0.000183166, 0.392936
0.00417919, 0.392936
0.00210006, 0.76789
0.000768665, 0.76789
0.000252169, 0.76789
0.00454176, 0.76789
0.0025892, 1.29678
0.00096625, 1.29678
0.000345652, 1.29678
0.00509352, 1.29678
0.00311999, 2.10192
0.00123661, 2.10192
0.000470393, 2.10192
0.00549528, 2.10192
0.00370842, 3.26674
0.00155615, 3.26674
0.000626598, 3.26674
0.0063971, 3.26674
0.00435096, 4.75802
0.00190215, 4.75802
0.000806084, 4.75802
0.00656125, 4.75802
0.00520648, 6.83857
0.00226714, 6.83857
0.00100502, 6.83857
0.00710347, 6.83857
0.00615271, 9.30148
0.00275872, 9.30148
0.00125101, 9.30148
0.0073214, 9.30148
0.00703881, 12.7307
0.00331341, 12.7307
0.00154599, 12.7307
0.00831189, 12.7307
0.00823131, 17.1565
0.00386286, 17.1565
0.00182614, 17.1565
0.00880523, 17.1565
0.00933261, 22.1095
0.00460013, 22.1095
0.00218823, 22.1095
0.00943591, 22.1095
0.0104307, 28.3887
0.00527195, 28.3887
0.00260445, 28.3887
0.0102498, 28.3887
0.012032, 36.511
0.00608309, 36.511
0.00304772, 36.511
0.010945, 36.511
0.0135862, 45.2666
0.006988, 45.2666
0.00356883, 45.2666
0.0128087, 45.2666
0.0147569, 56.5904
0.00797553, 56.5904
0.00413482, 56.5904
0.0129418, 56.5904
0.016646, 67.7441
0.0089058, 67.7441
0.00471508, 67.7441
0.0138579, 67.7441
0.0182398, 83.1672
0.00999911, 83.1672
0.00531259, 83.1672
0.0148942, 83.1672
0.0201877, 99.6221
0.0113991, 99.6221
0.00612473, 99.6221
0.0162643, 99.6221
0.0222625, 119.755
0.0124267, 119.755
0.00674348, 119.755
0.0171026, 119.755
0.0239727, 138.497
0.0140318, 138.497
0.00754059, 138.497
0.0187062, 138.497
0.026069, 163.188
0.0157588, 163.188
0.00856395, 163.188
0.0201032, 163.188
0.0285235, 190.624
0.0168935, 190.624
0.00942571, 190.624
0.0219818, 190.624
0.0309086, 220.116
0.0189512, 220.116
0.0103959, 220.116
0.0234593, 220.116
0.0342032, 253.781
0.0207592, 253.781
0.0115568, 253.781
0.025089, 253.781
0.0373175, 294.333
0.0228953, 294.333
0.0126326, 294.333
0.0265898, 294.333
0.0405944, 329.513
0.024865, 329.513
0.013971, 329.513
0.029455, 329.513
0.0265347, 0.0233606
0.0202044, 0.0233606
0.020629, 0.0233606
0.0199542, 0.0233606
0.0207732, 0.0233606
0.00190508, 0.417312
0.00209353, 0.417312
0.00121711, 0.417312
0.0022406, 0.417312
0.00218604, 0.417312
0.00208077, 0.417312
0.00200354, 0.417312
0.00217029, 0.417312
0.00211597, 0.417312
0.00214604, 0.559036
0.00226039, 0.559036
0.00285096, 0.559036
0.00467187, 1.65462
0.00824961, 5.8489
0.00813991, 5.8489
0.00823508, 5.8489
0.0120971, 12.5468
0.0120441, 12.5468
0.00366819, 12.5468
0.010549, 12.5468
0.0147664, 23.7466
-1, -1
-1, -1
-1, -1
0.00543225, 0.00141065
0.00527773, 0.00141065
0.00407596, 0.00141065
0.000162986, 0.00141065
0.000154117, 0.00141065
0.00557458, 0.00141065
0.0030056, 0.00141065
0.000158262, 0.00141065
0.000164798, 0.00141065
0.00719313, 0.00359761
0.00578202, 0.00359761
0.000152413, 0.00141065
0.000158288, 0.00141065
0.0091965, 0.00359761
0.00501484, 0.00359761
0.000157205, 0.00141065
0.000160957, 0.00141065
0.00524425, 0.00141065
0.0041443, 0.00141065
0.000155884, 0.00141065
0.000166318, 0.00141065
0.00561596, 0.00141065
0.00308931, 0.00141065
0.000157896, 0.00141065
0.000150909, 0.00141065
0.00701209, 0.00359761
0.00555762, 0.00359761
0.000157152, 0.00141065
0.000149546, 0.00141065
0.00900691, 0.00359761
0.00489061, 0.00359761
0.000151799, 0.00141065
0.000153074, 0.00141065
0.00950951, 0.00990743
0.0076613, 0.00990743
0.000150603, 0.00141065
0.000177621, 0.00141065
0.0147123, 0.00990743
0.00764708, 0.00990743
0.000156297, 0.00141065
0.000153707, 0.00141065
0.0125201, 0.0233606
0.010296, 0.0233606
0.000163666, 0.00141065
0.000156946, 0.00141065
0.0207992, 0.0233606
0.0104259, 0.0233606
0.000157033, 0.00141065
0.000154738, 0.00141065
0.014681, 0.0512895
0.0122002, 0.0512895
0.000152456, 0.00141065
0.000146105, 0.00141065
0.0280025, 0.0512895
0.0145389, 0.0512895
0.000152044, 0.00141065
0.000160216, 0.00141065
0.0176597, 0.115046
0.0150268, 0.115046
0.000148619, 0.00141065
0.000152809, 0.00141065
0.0379579, 0.115046
0.0197451, 0.115046
0.00014879, 0.00141065
0.000157756, 0.00141065
0.0212143, 0.211793
0.0181466, 0.211793
0.000152539, 0.00141065
0.000148219, 0.00141065
0.0492117, 0.211793
0.0249265, 0.211793
0.000148863, 0.00141065
0.000147685, 0.00141065
0.024993, 0.447962
0.0212227, 0.447962
0.000190987, 0.00141065
0.000147219, 0.00141065
0.064562, 0.447962
0.0328115, 0.447962
0.000151951, 0.00141065
0.000149579, 0.00141065
0.0292008, 0.800987
0.0252913, 0.800987
0.000153322, 0.00141065
0.00015432, 0.00141065
0.079963, 0.800987
0.040856, 0.800987
0.000146513, 0.00141065
0.000150237, 0.00141065
0.0335431, 1.36066
0.0291519, 1.36066
0.000159903, 0.00141065
0.000149351, 0.00141065
0.0974771, 1.36066
0.0508963, 1.36066
0.000162692, 0.00141065
0.000148413, 0.00141065
0.0387372, 2.22602
0.0336109, 2.22602
0.0001541, 0.00141065
0.000146057, 0.00141065
0.121829, 2.22602
0.0629904, 2.22602
0.000148996, 0.00141065
0.000152624, 0.00141065
0.0438458, 3.43024
0.0385801, 3.43024
0.000171184, 0.00141065
0.000153255, 0.00141065
0.146903, 3.43024
0.0763059, 3.43024
0.000149721, 0.00141065
0.000149428, 0.00141065
0.051652, 5.13209
0.0462761, 5.13209
0.000150584, 0.00141065
0.000149996, 0.00141065
0.178876, 5.13209
0.0909087, 5.13209
0.000149002, 0.00141065
0.000150376, 0.00141065
0.0581237, 7.12761
0.0540953, 7.12761
0.000144169, 0.00141065
0.000148699, 0.00141065
0.206809, 7.12761
0.104493, 7.12761
0.00015509, 0.00141065
0.000147609, 0.00141065
0.064341, 11.2475
0.0600647, 11.2475
0.000165912, 0.00141065
0.000154825, 0.00141065
0.245713, 11.2475
0.12191, 11.2475
0.000151765, 0.00141065
0.000153458, 0.00141065
0.0719242, 15.2862
0.0668573, 15.2862
0.000147137, 0.00141065
0.000146674, 0.00141065
0.285192, 15.2862
0.137612, 15.2862
0.000178285, 0.00141065
0.000146221, 0.00141065
0.0163481, 0.354405
0.0157894, 0.354405
0.00208175, 0.354405
0.0022323, 0.380348
0.0021597, 0.380348
0.0021827, 0.380348
0.00210445, 0.380348
0.00209372, 0.380348
0.0213145, 36.4977
0.0239124, 36.4977
0.017707, 36.4977
0.0200795, 36.4977
0.00925926, 36.4977
0.0107049, 36.4977
0.00852793, 36.4977
0.000437899, 0.380348
0.000385838, 0.380348
0.000688584, 0.380348
0.000677844, 0.380348
0.000733142, 0.380348
0.000689167, 0.380348
0.000765931, 0.380348
0.000705764, 0.380348
0.00155021, 0.380348
0.000406203, 0.380348
0.00094175, 0.380348
0.000918593, 0.380348
0.00121112, 0.380348
0.000483041, 0.380348
0.00117221, 0.380348
0.00133661, 0.380348
0.0012404, 0.380348
0.00119907, 0.380348
0.000474393, 0.380348
0.000191319, 0.380348
0.000169445, 0.380348
0.0031962, 0.380348
0.00319384, 0.380348
0.0004843, 0.380348
0.000496266, 0.380348
0.000373859, 0.380348
0.000866303, 0.380348
0.000675083, 0.380348
0.000714587, 0.380348
0.000938008, 0.380348
0.00097557, 0.380348
0.000956775, 0.380348
0.000932095, 0.380348
0.000866675, 0.380348
0.000915633, 0.380348
0.000183715, 0.380348
0.00105784, 0.380348
0.000911667, 0.380348
0.00092226, 0.380348
0.000900403, 0.380348
0.00591756, 36.4977
0.00611705, 36.4977
0.00676922, 0.00141065
0.00393811, 0.00141065
0.000203508, 0.00141065
0.000214136, 0.00141065
0.00182505, 0.00141065
0.00111192, 0.00141065
0.000203433, 0.00141065
0.000205974, 0.00141065
0.00924852, 0.00359761
0.00559362, 0.00359761
0.000204943, 0.00141065
0.000204365, 0.00141065
0.00218087, 0.00359761
0.00132864, 0.00359761
0.000206611, 0.00141065
0.000208039, 0.00141065
0.0124775, 0.00990743
0.00774447, 0.00990743
0.000204822, 0.00141065
0.000207763, 0.00141065
0.00256592, 0.00990743
0.00155678, 0.00990743
0.000206986, 0.00141065
0.000208019, 0.00141065
0.0166882, 0.0233606
0.0106407, 0.0233606
0.000209212, 0.00141065
0.000207107, 0.00141065
0.00307936, 0.0233606
0.00181469, 0.0233606
0.000208383, 0.00141065
0.000205677, 0.00141065
0.0217012, 0.0512895
0.0137696, 0.0512895
0.000212676, 0.00141065
0.000209057, 0.00141065
0.00349265, 0.0512895
0.00217965, 0.0512895
0.000212386, 0.00141065
0.000206802, 0.00141065
0.0277557, 0.115046
0.017282, 0.115046
0.000216416, 0.00141065
0.000211145, 0.00141065
0.0039827, 0.115046
0.00239175, 0.115046
0.000212225, 0.00141065
0.000210635, 0.00141065
0.0333544, 0.211793
0.000210141, 0.00141065
0.000213984, 0.00141065
0.00436253, 0.211793
0.00277543, 0.211793
0.000214782, 0.00141065
0.000207983, 0.00141065
0.0402372, 0.447962
0.0255626, 0.447962
0.000205283, 0.00141065
0.000209132, 0.00141065
0.00492565, 0.447962
0.00298215, 0.447962
0.000206561, 0.00141065
0.000204885, 0.00141065
0.0469003, 0.800987
0.000210855, 0.00141065
0.000205347, 0.00141065
0.00516932, 0.800987
0.00341105, 0.800987
0.000205669, 0.00141065
0.000204646, 0.00141065
0.0550129, 1.36066
0.000208546, 0.00141065
0.000207865, 0.00141065
0.00558442, 1.36066
0.00384838, 1.36066
0.000209908, 0.00141065
0.000204706, 0.00141065
0.0642485, 2.22602
0.000205561, 0.00141065
0.000204299, 0.00141065
0.00629341, 2.22602
0.00439574, 2.22602
0.00020716, 0.00141065
0.000205168, 0.00141065
0.0736632, 3.43024
0.000205372, 0.00141065
0.000207771, 0.00141065
0.00708679, 3.43024
0.00463655, 3.43024
0.000209209, 0.00141065
0.000205287, 0.00141065
0.0872957, 5.13209
0.000206617, 0.00141065
0.000204034, 0.00141065
0.00761967, 5.13209
0.0053283, 5.13209
0.000204506, 0.00141065
0.00021116, 0.00141065
0.0987677, 7.12761
0.000204919, 0.00141065
0.000205805, 0.00141065
0.00834898, 7.12761
0.00580239, 7.12761
0.000210147, 0.00141065
0.000206123, 0.00141065
0.111242, 11.2475
0.000206866, 0.00141065
0.000205241, 0.00141065
0.00876769, 11.2475
0.00615835, 11.2475
0.000209229, 0.00141065
0.000207976, 0.00141065
0.136391, 15.2862
0.000204695, 0.00141065
0.00020479, 0.00141065
0.00897044, 15.2862
0.00670733, 15.2862
0.000206617, 0.00141065
0.000206055, 0.00141065
0.00678401, 0.00141065
0.00403988, 0.00141065
0.000246025, 0.00141065
0.000211306, 0.00141065
0.00186421, 0.00141065
0.00113103, 0.00141065
0.00021875, 0.00141065
0.000214995, 0.00141065
0.00688287, 0.00141065
0.00421434, 0.00141065
0.000236112, 0.00141065
0.000250294, 0.00141065
0.00190965, 0.00141065
0.00115923, 0.00141065
0.00025496, 0.00141065
0.000217503, 0.00141065
0.00967599, 0.00359761
0.00594599, 0.00359761
0.000221289, 0.00141065
0.000228439, 0.00141065
0.00230935, 0.00359761
0.00144674, 0.00359761
0.000218059, 0.00141065
0.000220652, 0.00141065
0.0148764, 0.00990743
0.00846086, 0.00990743
0.000307939, 0.00141065
0.000222161, 0.00141065
0.00284661, 0.00990743
0.00168685, 0.00990743
0.000218929, 0.00141065
0.000234229, 0.00141065
0.0190116, 0.0233606
0.0114962, 0.0233606
0.00023295, 0.00141065
0.000241883, 0.00141065
0.00354523, 0.0233606
0.00204404, 0.0233606
0.000248281, 0.00141065
0.000218456, 0.00141065
0.0243324, 0.0512895
0.0149482, 0.0512895
0.000302229, 0.00141065
0.00022368, 0.00141065
0.00398993, 0.0512895
0.00243994, 0.0512895
0.000225728, 0.00141065
0.000229815, 0.00141065
0.0299413, 0.115046
0.0180314, 0.115046
0.000223252, 0.00141065
0.000240048, 0.00141065
0.00418469, 0.115046
0.00255852, 0.115046
0.000247779, 0.00141065
0.000224555, 0.00141065
0.035931, 0.211793
0.000283937, 0.00141065
0.000228766, 0.00141065
0.00455139, 0.211793
0.00284724, 0.211793
0.000217869, 0.00141065
0.000217478, 0.00141065
0.0425824, 0.447962
0.0267508, 0.447962
0.000225875, 0.00141065
0.000238304, 0.00141065
0.00562199, 0.447962
0.00313571, 0.447962
0.000243053, 0.00141065
0.000223768, 0.00141065
0.0502908, 0.800987
0.00022134, 0.00141065
0.000230494, 0.00141065
0.00571559, 0.800987
0.0036136, 0.800987
0.000226586, 0.00141065
0.000219948, 0.00141065
0.0615491, 1.36066
0.000224491, 0.00141065
0.00021878, 0.00141065
0.00635741, 1.36066
0.00419579, 1.36066
0.000224515, 0.00141065
0.000224404, 0.00141065
0.0769095, 2.22602
0.00022994, 0.00141065
0.000227676, 0.00141065
0.00712396, 2.22602
0.0046258, 2.22602
0.000224836, 0.00141065
0.000226427, 0.00141065
0.0803247, 3.43024
0.000214908, 0.00141065
0.000210616, 0.00141065
0.00725368, 3.43024
0.00470819, 3.43024
0.000219234, 0.00141065
0.000213829, 0.00141065
0.0927428, 5.13209
0.000227238, 0.00141065
0.000233641, 0.00141065
0.00867385, 5.13209
0.00584985, 5.13209
0.000222923, 0.00141065
0.000221414, 0.00141065
0.114635, 7.12761
0.000228132, 0.00141065
0.000222781, 0.00141065
0.00915984, 7.12761
0.00655144, 7.12761
0.000221774, 0.00141065
0.000219005, 0.00141065
0.118638, 11.2475
0.000220044, 0.00141065
0.000237069, 0.00141065
0.00964662, 11.2475
0.00633871, 11.2475
0.00021264, 0.00141065
0.000209974, 0.00141065
0.155212, 15.2862
0.000221742, 0.00141065
0.000220884, 0.00141065
0.0102065, 15.2862
0.00759782, 15.2862
0.000226827, 0.00141065
0.000222574, 0.00141065
0.0067914, 0.00141065
0.00399377, 0.00141065
0.000208857, 0.00141065
0.000208365, 0.00141065
0.00186428, 0.00141065
0.00111144, 0.00141065
0.00021141, 0.00141065
0.000211781, 0.00141065
0.00932536, 0.00359761
0.00572992, 0.00359761
0.000325004, 0.00359761
0.000319764, 0.00359761
0.00218144, 0.00359761
0.00135202, 0.00359761
0.000321704, 0.00359761
0.00032079, 0.00359761
0.000209266, 0.00141065
0.000206755, 0.00141065
0.000216542, 0.00141065
0.000206183, 0.00141065
0.00663702, 0.00141065
0.000205208, 0.00141065
0.000206209, 0.00141065
0.000216447, 0.00141065
0.0018339, 0.00141065
0.0238935, 0.00141065
0.157381, 0.00141065
0.0133908, 0.00141065
0.00195558, 0.00141065
0.00684029, 0.00141065
0.0131887, 0.00141065
0.00401515, 0.00141065
0.000133454, 0.00141065
0.529729, 0.00141065
0.00197932, 0.00141065
0.00200228, 0.00141065
0.0011326, 0.00141065
0.000130272, 0.00141065
0.237386, 0.00141065
0.0231401, 0.00359761
0.0232978, 0.00359761
0.00580996, 0.00359761
0.000155286, 0.00359761
0.860391, 0.00359761
0.00287646, 0.00359761
0.00300225, 0.00359761
0.00143722, 0.00359761
0.000155846, 0.00359761
0.300108, 0.00359761
0.000154965, 0.00141065
0.00013704, 0.00141065
0.00013735, 0.00141065
0.00688272, 0.00141065
0.0128133, 0.00141065
0.00395796, 0.00141065
0.000135987, 0.00141065
0.526605, 0.00141065
0.00210503, 0.00141065
0.00214228, 0.00141065
0.00121395, 0.00141065
0.000139319, 0.00141065
0.242932, 0.00141065
0.0232844, 0.00359761
0.0235539, 0.00359761
0.00611982, 0.00359761
0.000158561, 0.00359761
0.82079, 0.00359761
0.00280266, 0.00359761
0.00287952, 0.00359761
0.00136045, 0.00359761
0.000158612, 0.00359761
0.298566, 0.00359761
0.00723253, 0.00141065
0.014701, 0.00141065
0.00420671, 0.00141065
0.000148027, 0.00141065
0.534231, 0.00141065
0.00262506, 0.00141065
0.0024919, 0.00141065
0.00134983, 0.00141065
0.000165547, 0.00141065
0.259322, 0.00141065
0.0273614, 0.00359761
0.0276561, 0.00359761
0.00700869, 0.00359761
0.000194976, 0.00359761
0.914194, 0.00359761
0.00340075, 0.00359761
0.00353961, 0.00359761
0.0015974, 0.00359761
0.000184005, 0.00359761
0.327801, 0.00359761
0.0353185, 0.00990743
0.0353953, 0.00990743
0.00928498, 0.00990743
0.000227739, 0.00990743
1.31264, 0.00990743
0.00287772, 0.00990743
0.00291425, 0.00990743
0.00165434, 0.00990743
0.000215168, 0.00990743
0.360117, 0.00990743
0.0388111, 0.0233606
0.0390299, 0.0233606
0.0107032, 0.0233606
0.000218979, 0.0233606
2.20742, 0.0233606
0.00330383, 0.0233606
0.00340492, 0.0233606
0.0018651, 0.0233606
0.000215229, 0.0233606
0.433324, 0.0233606
0.0524401, 0.0512895
0.0527193, 0.0512895
0.0136283, 0.0512895
0.000250311, 0.0512895
2.65842, 0.0512895
0.00382065, 0.0512895
0.0039712, 0.0512895
0.00212349, 0.0512895
0.000249435, 0.0512895
0.483592, 0.0512895
0.0645751, 0.115046
0.0647092, 0.115046
0.0168791, 0.115046
0.000306255, 0.115046
3.62804, 0.115046
0.00431351, 0.115046
0.00443244, 0.115046
0.00238927, 0.115046
0.000309292, 0.115046
0.559335, 0.115046
0.077103, 0.211793
0.0776663, 0.211793
0.000360061, 0.211793
4.92605, 0.211793
0.00479499, 0.211793
0.0048547, 0.211793
0.00265472, 0.211793
0.000359918, 0.211793
0.63581, 0.211793
0.0950562, 0.447962
0.0963903, 0.447962
0.0254671, 0.447962
0.00041983, 0.447962
6.20716, 0.447962
0.00540311, 0.447962
0.00542147, 0.447962
0.00296615, 0.447962
0.000408186, 0.447962
0.718087, 0.447962
0.1128, 0.800987
0.112699, 0.800987
0.000470601, 0.800987
8.06591, 0.800987
0.00565847, 0.800987
0.00580387, 0.800987
0.00345145, 0.800987
0.000471729, 0.800987
0.799852, 0.800987
0.137236, 1.36066
0.140275, 1.36066
0.000539729, 1.36066
10.4631, 1.36066
0.00606927, 1.36066
0.00615428, 1.36066
0.00391011, 1.36066
0.000526385, 1.36066
0.888557, 1.36066
0.15511, 2.22602
0.15519, 2.22602
0.000631094, 2.22602
12.1554, 2.22602
0.00664892, 2.22602
0.00670456, 2.22602
0.00434347, 2.22602
0.000630625, 2.22602
0.979504, 2.22602
0.176335, 3.43024
0.178065, 3.43024
0.000660534, 3.43024
14.561, 3.43024
0.00713877, 3.43024
0.0074051, 3.43024
0.00459384, 3.43024
0.000671443, 3.43024
1.07007, 3.43024
0.207459, 5.13209
0.213424, 5.13209
0.000797329, 5.13209
0.0400348, 0.393639
0.0390974, 0.393639
0.0215907, 0.393639
0.0005582, 0.393639
4.69973, 0.393639
0.0046254, 0.393639
0.0050081, 0.393639
0.0033055, 0.393639
0.0006105, 0.393639
0.654937, 0.393639
0.0314855, 0.211793
0.0778394, 0.211793
0.0203127, 0.211793
0.000470158, 0.211793
3.48144, 0.211793
0.00458993, 0.211793
0.00462772, 0.211793
0.00264046, 0.211793
0.000470708, 0.211793
1.20056, 0.211793
0.0949888, 0.447962
0.0964533, 0.447962
0.0253067, 0.447962
0.000518854, 0.447962
4.46773, 0.447962
0.00517983, 0.447962
0.00517242, 0.447962
0.00293693, 0.447962
0.00051651, 0.447962
1.34227, 0.447962
0.113872, 0.800987
0.113886, 0.800987
0.0308687, 0.800987
0.000596707, 0.800987
5.57234, 0.800987
0.00559408, 0.800987
0.00559722, 0.800987
0.0033424, 0.800987
0.000595715, 0.800987
1.50874, 0.800987
0.133833, 1.36066
0.134711, 1.36066
0.0362396, 1.36066
0.000668689, 1.36066
6.99131, 1.36066
0.00596505, 1.36066
0.00606135, 1.36066
0.00386348, 1.36066
0.000671652, 1.36066
1.67454, 1.36066
0.155321, 2.22602
0.157516, 2.22602
0.0429672, 2.22602
0.000762323, 2.22602
8.45303, 2.22602
0.00653664, 2.22602
0.00659243, 2.22602
0.00426451, 2.22602
0.000772132, 2.22602
1.86229, 2.22602
0.179083, 3.43024
0.179626, 3.43024
0.0496315, 3.43024
0.000855264, 3.43024
10.252, 3.43024
0.0071384, 3.43024
0.00726902, 3.43024
0.00459353, 3.43024
0.000846125, 3.43024
2.06375, 3.43024
0.210021, 5.13209
0.211361, 5.13209
0.0611204, 5.13209
0.000971022, 5.13209
13.1377, 5.13209
0.00785469, 5.13209
0.00796454, 5.13209
0.00529571, 5.13209
0.000975732, 5.13209
2.44051, 5.13209
0.2403, 7.12761
0.239767, 7.12761
0.0702734, 7.12761
0.00110474, 7.12761
15.6369, 7.12761
0.00870914, 7.12761
0.00879728, 7.12761
0.00568109, 7.12761
0.00110285, 7.12761
2.63091, 7.12761
0.270835, 11.2475
0.272582, 11.2475
0.079903, 11.2475
0.00119102, 11.2475
18.331, 11.2475
0.00914854, 11.2475
0.00937797, 11.2475
0.00618463, 11.2475
0.0011952, 11.2475
2.86271, 11.2475
0.304793, 15.2862
0.306691, 15.2862
0.0908616, 15.2862
0.00132728, 15.2862
21.1573, 15.2862
0.00955061, 15.2862
0.00980444, 15.2862
0.00672835, 15.2862
0.00131193, 15.2862
3.08736, 15.2862
