1.00057
1.00144
1.01292
1.00357
1.0012
1.0062
1.0034
1.09515
1.02579
1.089
1.03712
1.02674
1.00375
1.00113
1.11471
1.10039
1.00109
1.02712
1.01633
1.00432
1.07057
1.10418
1.00107
1.02165
1.09007
1.04387
1.06865
1.12025
1.02877
1.0358
1.01248
1.06203
1.05662
1.01331
1.02775
1.0374
1.06217
1.02824
1.06486
1.04082
1.06439
1.05791
1.00593
1.00647
1.05161
1.02968
1.02086
1.05784
1.02072
1.00075
1.00165
1.00681
1.01211
1.02126
1.02723
1.00141
1.00579
1.00099
1.09106
1.01937
1.00522
1.04424
1.00121
1.06782
1.00835
1.06908
1.01859
1.00136
1.10578
1.15337
1.00109
1.05697
1.03185
1.00916
1.00506
1.03019
1.0059
1.02534
1.0731
1.10938
1.08604
1.00891
1.04782
1.00549
1.04062
1.02475
1.09445
1.05609
1.01186
1.04689
1.00152
1.07203
1.03916
1.00084
1.07585
1.02434
1.04256
1.03296
1.12229
1.03475
1.00149
1.00101
1.00759
1.00145
1.06023
1.06634
1.04443
1.04033
1.01846
1.03624
1.08306
1.00064
1.04991
1.03335
1.15554
1.01605
1.00573
1.03223
1.08676
1.0228
1.07616
1.05062
1.11257
1.0381
1.00412
1.04371
1.07517
1.00202
1.04497
1.00107
1.0261
1.00088
1.1492
1.00728
1.09148
1.05241
1.01828
1.00101
1.04329
1.21783
1.00075
1.0244
1.00574
1.03397
1.09337
1.05873
1.07057
1.06472
1.00086
1.00069
1.02788
1.05946
1.17778
1.04904
1.04452
1.02611
1.05218
1.07293
1.00126
1.00795
1.00171
1.02088
1.05966
1.07202
1.11236
1.09963
1.00089
1.00072
1.06087
1.00098
1.01739
1.06029
1.00156
1.02299
1.0018
1.04142
1.09591
1.00128
1.04185
1.02135
1.00097
1.05678
1.02548
1.00081
1.06707
1.02387
1.07417
1.01852
1.03358
1.00068
1.03102
1.00072
1.08643
1.00081
1.02034
1.09071
1.06014
1.05305
1.06921
1.07935
1.05781
1.0349
1.06922
1.05651
1.06007
1.06715
1.04573
1.00251
1.06797
1.01283
1.04601
1.22503
1.07148
1.00934
1.03323
1.02673
1.00056
1.09662
1.00087
1.02932
1.06759
1.00085
1.06392
1.06121
1.0368
1.03023
1.08267
1.00257
1.09098
1.05348
1.05698
1.02425
1.04341
1.04749
1.04164
1.04208
1.00094
1.15654
1.02478
1.00207
1.0231
1.00419
1.00125
1.07394
1.05125
1.00093
1.19067
1.02341
1.00061
1.03277
1.00091
1.09643
1.06854
1.08988
1.01433
1.03694
1.0014
1.10385
1.06365
1.14068
1.03206
1.00223
1.00111
1.13983
1.03489
1.08482
1.05961
1.02901
1.05962
1.06424
1.04018
1.03813
1.1181
1.04133
1.06084
1.10182
1.04335
1.02817
1.00113
1.03004
1.00101
1.00102
1.00615
1.00139
1.00124
1.04936
1.00501
1.00041
1.04453
1.03234
1.11684
1.05946
1.00782
1.01908
1.02694
1.05751
1.08775
1.00834
1.0417
1.08348
1.04837
1.02638
1.03277
1.03072
1.02729
1.01959
1.00434
1.00052
1.03804
1.00087
1.01248
1.01875
1.08261
1.04902
1.03782
1.03346
1.02657
1.00101
1.02472
1.00072
1.07977
1.00481
1.04088
1.00126
1.06481
1.00089
1.00124
1.00118
1.03779
1.00103
1.00087
1.02944
1.19092
1.02822
1.08293
1.05561
1.00283
1.11045
1.03625
1.0403
1.03313
1.04926
1.036
1.01944
1.07168
1.07735
1.09972
1.08242
1.0551
1.06123
1.00974
1.03986
1.0304
1.05107
1.01504
1.02948
1.02982
1.02628
1.05984
1.07734
1.00077
1.05219
1.00092
1.07945
1.00144
1.00754
1.13169
1.04344
1.04798
1.00069
1.01002
1.03181
1.06681
1.00084
1.01266
1.01084
1.00042
1.04865
1.00789
1.23448
1.00121
1.13269
1.04699
1.07292
1.11209
1.0339
1.00069
1.00063
1.05796
1.00105
1.02784
1.04444
1.0037
1.00602
1.12124
1.02217
1.05313
1.00061
1.14768
1.02692
1.0431
1.01179
1.00141
1.0871
1.00072
1.01273
1.08569
1.03617
1.0142
1.10833
1.00068
1.02746
1.11931
1.0676
1.01468
1.02896
1.01508
1.02225
1.11318
1.05246
1.00058
1.02036
1.09651
1.0344
1.03587
1.01584
1.00113
1.00023
1.07854
1.05572
1.02672
1.0017
1.03376
1.00009
1.03257
1.08417
1.02684
1.00011
1.04009
1.04345
1.0836
1.00013
1.00008
1.01928
1.07979
1.00372
1.02651
1.02767
1.00008
1.0001
1.03938
1.00006
1.03058
1.00007
1.0822
1.04078
1.00463
1.01163
1.02694
1.08455
1.04238
1.02719
1.00911
1.0948
1.00012
1.09689
1.0104
1.04536
1.0417
1.09243
1.0001
1.06035
1.02689
1.0228
1.0259
1.00609
1.13888
1.05069
1.03254
1.06852
1.04918
1.02806
1.01222
1.06644
1.00258
1.05198
1.03128
1.00016
1.03925
1.04697
1.00007
1.03154
1.11197
1.13142
1.05554
1.10894
1.16824
1.01405
1.04582
1.05284
1.04867
1.00016
1.02897
1.06366
1.02505
1.00895
1.04368
1.16849
1.04773
1.01196
1.00009
1.00017
1.05824
1.03552
1.00456
1.07482
1.02181
1.00005
1.06875
1.02453
1.00007
1.06742
1.03201
1.05658
1.02955
1.09729
1.00006
1.00013
1.01859
1.01622
1.03031
1.00102
1.17896
1.00225
1.05153
1.00015
1.02771
1.00929
1.01476
1.00541
1.01049
1.04254
1.05322
1.05528
1.0382
1.03685
1.07089
1.06096
1.00584
1.00012
1.00479
1.08843
1.04439
1.00014
1.0238
1.00138
1.00012
1.08592
1.097
1.03039
1.00009
1.0585
1.00155
1.00013
1.04718
1.08356
1.00947
1.01295
1.00006
1.00012
1.00009
1.09421
1.00007
1.04595
1.17354
1.05555
1.00014
1.0009
1.00809
1.04496
1.01306
1.08231
1.02511
1.11244
1.00007
1.04694
1.00295
1.0001
1.07397
1.00927
1.00586
1.03189
1.01854
1.0117
1.04912
1.11324
1.04165
1.03098
1.00201
1.07753
1.05547
1.07911
1.00016
1.03571
1.00867
1.11087
1.04095
1.04669
1.0367
1.00386
1.06187
1.00497
1.04541
1.00011
1.00011
1.00014
1.00503
1.04677
1.1321
1.00358
1.11225
1.02893
1.01894
1.13465
1.00093
1.03178
1.04645
1.03082
1.00014
1.01577
1.03727
1.03287
1.0001
1.00013
1.03892
1.04629
1.00006
1.05669
1.07329
1.00013
1.00043
1.0001
1.07575
1.01446
1.02115
1.00007
1.00265
1.03597
1.01978
1.00011
1.06362
1.03167
1.06528
1.08713
1.0212
1.00006
1.07251
1.00661
1.03414
1.05513
1.08994
1.01297
1.06824
1.04197
1.27752
1.05895
1.04103
1.08823
1.00011
1.00293
1.03534
1.05084
1.00008
1.0306
1.03868
1.06592
1.02249
1.03229
1.09478
1.11047
1.04047
1.05422
1.00011
1.05672
1.00998
1.02282
1.00728
1.10855
1.00007
1.01097
1.00231
1.00011
1.06538
1.00015
1.045
1.04285
1.03212
1.00013
1.05384
1.00014
1.03284
1.00022
1.00174
1.08302
1.10774
1.07394
1.03943
1.06244
1.02304
1.00081
1.00829
1.00953
1.08641
1.00846
1.01255
1.07145
1.04228
1.00009
1.00009
1.06611
1.00264
1.03498
1.07051
1.0424
1.02089
1.02344
1.01543
1.09576
1.00017
1.11775
1.06826
1.09336
1.00008
1.06441
1.06677
1.06446
1.048
1.00007
1.06252
1.11004
1.00009
1.02427
1.00011
1.15177
1.00538
1.01687
1.00012
1.07237
1.03469
1.03666
1.00402
1.05732
1.0923
1.12071
1.02609
1.00011
1.00009
1.28073
1.00723
1.08328
1.0256
1.00009
1.0343
1.00009
1.01708
1.00011
1.06204
1.0347
1.00004
1.02005
1.02025
1.00916
1.00008
1.00074
1.05111
1.06415
1.00018
1.07621
1.00263
1.10303
1.00007
1.00009
1.01856
1.00627
1.00274
1.04539
1.0001
1.06232
1.00173
1.02717
1.10019
1.03331
1.0001
1.02559
1.00009
1.08341
1.07215
1.01689
1.01502
1.05881
1.00007
1.05644
1.09742
1.01442
1.12357
1.05717
1.00047
1.10903
1.05674
1.09231
1.09933
1.02949
1.05177
1.04578
1.03103
1.00109
1.09799
1.01471
1.08223
1.00897
1.04009
1.10098
1.00009
1.01285
1.00006
1.00008
1.03043
1.03657
1.03282
1.00444
1.00794
1.00011
1.02814
1.07179
1.02919
1.12704
1.04793
1.09704
1.00012
1.00528
1.01435
1.03737
1.03745
1.02877
1.18037
1.02508
1.04984
1.02459
1.03798
1.03587
1.07153
1.02372
1.07896
1.00009
1.02878
1.09385
1.05032
1.06759
1.00549
1.00198
1.02074
1.04686
1.00347
1.02495
1.26972
1.00001
1.00187
1.01981
1.04644
1.00001
1.00399
1.04151
1.04389
1.05229
1.0377
1.03973
1.01806
1.0338
1.00133
1.00116
1.04308
1.0719
1.00001
1.07587
1.12836
1.08231
1.0034
1.02138
1.09247
1.01987
1.00002
1.05929
1.00532
1.07948
1.02918
1.01331
1.07656
1.00001
1.00711
1.06578
1.06036
1.11288
1.00085
1.00001
1.06434
1.05745
1.00001
1.01572
1.04452
1.02081
1.00001
1.01984
1.01238
1.07388
1.00002
1.00836
1.00931
1.00001
1.01041
1.00001
1.00013
1.05865
1.04258
1.00286
1.00004
1.02927
1.05124
1.07564
1.02917
1.08247
1.00001
1.02931
1.0407
1.09383
1.00001
1.00001
1.00001
1.0032
1.05234
1.00001
1.03362
1.05287
1.0054
1.03233
1.00002
1.07205
1.07368
1.10186
1.08548
1.05441
1.14528
1.06554
1.0982
1.07126
1.00001
1.04245
1.05328
1.0191
1.16006
1.00654
1.01612
1.04351
1.00001
1.05736
1.04032
1.01768
1.00001
1.03148
1.01227
1.03124
1.07886
1.07947
1.00001
1.04552
1.01323
1.05984
1.00822
1.00408
1.01941
1.01888
1.096
1.00066
1.00001
1.0165
1.13922
1.07962
1.12312
1.09699
1.09551
1.06734
1.05386
1.07775
1.06222
1.00001
1.01143
1.00028
1.01196
1.01221
1.00117
1.00002
1.78693
1.50445
1.69218
1.65344
1.7435
1.37541
1.86055
1.83236
1.5315
1.64099
1.7287
1.52614
1.6088
1.52482
1.88083
1.78904
1.63763
1.53935
1.70509
1.68128
1.66802
1.54601
1.67481
1.59457
1.74369
1.86419
1.74102
1.48299
1.69112
1.48388
1.81785
1.8198
1.45681
1.64772
1.48716
1.81784
1.50129
2.30937
1.74299
1.50503
1.32943
1.60634
1.70778
1.82197
1.76082
1.75704
1.65708
1.72678
1.5629
1.86455
1.50742
1.84819
1.78855
1.59192
1.50846
1.5244
1.71174
1.44152
1.70521
1.73075
1.82264
1.5349
1.61904
1.4941
1.45968
1.64124
1.50892
1.58387
1.80336
1.66704
1.44614
1.57576
1.49402
1.5575
1.62882
1.5337
1.44835
1.65727
2.06774
1.58631
1.69255
1.52873
1.545
1.65008
1.80064
1.66228
1.79015
1.98822
1.47261
1.48622
1.46906
1.82623
1.56908
1.54161
1.85622
1.54668
1.75833
1.9398
2.01821
1.48445
1.34764
1.78197
1.63043
1.51708
1.50627
1.77095
1.55897
1.46171
1.51211
1.59315
1.67897
1.58826
1.47516
1.61593
1.91012
1.80876
1.49225
1.86779
1.79139
1.33844
1.8384
1.68582
1.80997
1.38956
1.8173
1.81545
1.50362
1.5145
2.09421
1.7654
1.72547
1.56636
1.82484
1.65962
1.74459
1.54497
1.56149
1.48917
1.7813
1.50999
1.53882
1.62523
1.7306
1.56172
1.73618
1.72298
1.95392
1.52592
1.55018
1.54959
1.72808
1.50435
1.64054
1.71386
1.60938
1.87583
1.62788
1.65284
1.63826
1.49043
1.89291
1.56771
1.58373
1.66542
1.66714
1.59656
1.47736
1.89075
1.78432
1.40164
1.82891
1.6288
1.46037
1.47519
1.60721
1.53109
1.83577
1.50501
1.67226
1.56884
1.73011
1.65386
1.51921
1.64271
1.78378
1.59935
1.46246
1.54362
1.52473
1.5381
1.66524
1.46799
1.78465
1.6023
1.41832
1.51301
1.92819
1.72782
1.61865
1.82618
1.81562
1.65578
1.45538
1.69458
1.54851
1.89397
1.91492
1.50911
1.81143
1.69271
1.7903
1.66554
1.77331
1.60645
1.94151
1.69166
1.67594
1.73565
1.6397
1.51062
1.61678
1.46139
1.70982
1.5296
1.59243
1.56741
1.75786
1.46535
1.72255
1.6466
1.70932
1.59086
1.68933
1.79687
2.18379
1.67565
1.63269
1.82727
1.55135
1.82898
1.65441
1.35961
1.85044
1.81857
1.54334
1.32716
1.86327
1.50505
1.6445
1.61025
1.42203
1.62558
1.91076
1.71499
1.80568
1.61624
1.81653
1.92365
1.61602
1.93315
1.98239
1.63042
2.08751
1.49646
1.56175
1.73122
1.75245
1.64529
1.51296
2.07411
1.87204
1.71874
1.55275
1.77057
1.66381
2.25984
1.34634
1.73145
1.57946
1.70374
1.45239
1.63227
1.74632
1.66361
1.88079
1.90602
1.79715
1.53112
1.43662
1.54578
1.65649
1.71822
1.51422
1.72771
1.63327
1.58001
1.71087
1.69847
1.64788
1.66576
1.45243
1.39889
1.67974
1.52667
1.35819
1.67903
1.8813
1.53636
1.43697
1.57171
1.60402
1.6807
1.59304
1.70654
1.63231
1.51695
1.69334
1.45191
1.71098
1.92481
1.61629
1.63326
1.98428
1.53319
1.58004
1.66413
1.66323
1.71722
1.53323
1.70529
1.43317
1.58883
1.81502
1.6828
1.57473
1.66343
1.47902
1.58203
1.7271
1.69636
1.45558
1.5005
1.76046
1.7088
1.83033
1.96835
1.61749
1.54674
1.60655
1.81299
1.74099
1.42678
1.51821
1.88863
1.4275
1.67643
1.58453
1.56311
1.4553
1.65773
1.50124
1.57484
1.51738
1.44949
1.57776
1.86423
2.01178
1.88344
1.51861
1.71579
1.51962
1.58783
1.48401
1.71199
1.52135
1.62717
1.82549
1.71906
1.60105
1.70656
1.46118
2.17962
1.496
1.95532
1.65098
1.57069
1.76314
1.47384
1.76117
1.58738
1.67324
1.64835
1.61841
1.60279
1.67489
1.55841
1.9195
1.68698
1.71235
1.62232
1.61363
1.53528
1.80832
1.63284
1.60992
1.48571
1.50989
1.97215
1.64521
1.69366
1.59962
1.69839
1.79433
1.48533
1.43445
1.43238
1.56983
1.66842
1.95151
1.86854
1.6637
1.73952
1.56494
1.92285
1.75538
1.76194
1.51293
1.53485
1.65577
1.99805
1.55234
1.51685
1.49817
1.40806
1.50437
1.48136
1.5226
1.63842
2.10507
1.52133
1.64123
1.68138
1.46001
1.81756
1.56315
1.96281
1.49226
1.86193
1.68686
1.62931
1.5777
1.63672
1.58282
1.62696
1.53981
1.72511
1.98048
1.66706
1.77004
1.629
1.60547
1.52063
1.70908
1.63419
1.57819
1.67022
1.86595
1.74156
1.6145
1.7197
1.7221
1.52853
1.77348
1.61356
1.43195
1.82182
1.43859
1.67761
1.59445
1.6083
1.65131
1.63098
1.65682
1.58646
1.37725
1.54358
1.63614
1.56093
1.69084
2.03538
1.60075
1.52978
1.67982
1.7516
1.57961
2.08159
1.71019
1.70846
1.59528
1.83324
1.67114
1.51737
1.34274
1.69722
1.54389
1.8305
1.56899
1.59223
1.77179
1.61658
1.69499
1.34751
1.55997
1.67586
1.63451
1.53726
1.61363
1.74563
1.71714
1.5572
1.65064
1.4307
1.56586
1.8292
1.47458
1.66004
1.50592
1.66261
1.54755
1.46293
1.62195
1.61014
1.41195
1.79535
1.565
1.58119
1.79739
1.48513
1.58855
1.74273
1.48543
1.77253
1.80613
1.55097
1.46779
1.72818
1.64324
1.32702
1.79533
1.56705
1.71295
1.97265
1.49569
1.56548
1.39071
1.49682
1.56528
1.66079
1.59444
1.62203
1.42981
1.61303
1.7487
1.64579
1.73528
1.52174
2.0559
1.80366
1.59508
1.51581
1.48711
1.65216
1.55612
1.68538
1.62131
1.78078
1.80707
1.75503
1.74055
1.48899
1.58213
1.60368
1.4062
1.49458
1.40467
1.52937
1.6899
1.82344
1.53379
1.73837
1.9813
1.62809
1.5394
1.74845
1.47174
1.74893
1.52411
1.76468
1.84167
2.10382
1.58649
1.61672
1.6781
1.51236
1.46746
1.55656
1.62009
1.56856
1.51191
1.67822
1.69808
1.60915
1.74632
1.68504
1.65117
1.51113
1.78609
1.56983
1.43232
1.6578
1.65605
1.5032
1.65924
1.72401
1.53121
1.78298
1.795
1.48103
1.31634
1.64271
1.44282
1.91601
1.42709
1.67508
1.67578
1.42863
1.55565
1.7522
1.6435
1.49756
1.42736
1.42454
1.52806
1.54815
1.45491
2.03713
1.59551
1.53537
1.80274
1.65236
1.73188
1.59846
1.63782
1.82347
1.54488
1.69254
1.50147
1.61584
1.72329
1.59415
1.62194
1.74691
1.80017
1.69253
1.57155
1.58424
1.57915
1.88604
1.46722
1.8052
1.68893
1.65839
1.63538
1.59968
1.548
1.48965
1.82817
1.48761
1.68145
1.62331
1.71301
1.40932
1.3751
1.8893
1.67367
1.61224
1.67882
1.70719
1.82262
1.53039
1.27313
1.56379
1.577
1.81478
1.5997
1.49493
1.60881
1.68969
1.63882
1.71729
1.56934
1.51559
1.66787
1.71771
1.58912
1.64639
1.39936
1.49243
1.38282
1.61643
1.65641
1.6466
1.73171
1.48355
1.46109
1.74716
1.5618
1.72703
1.75904
1.6146
1.71891
1.63831
1.704
1.82582
1.56861
1.65785
1.47449
1.70173
1.66726
1.72539
1.66773
1.70853
1.79023
1.72502
1.45529
1.93314
1.59194
1.48894
1.57758
1.46403
1.46061
1.65191
1.60323
1.7417
1.60112
1.4397
1.54105
1.64533
1.58737
1.56554
1.65335
1.61326
2.04679
1.58869
1.85348
1.80248
1.43567
1.64989
1.62389
1.88964
1.63441
1.43762
1.52102
1.47816
1.46004
1.63083
1.81829
1.71184
1.40401
1.56697
1.49526
1.76648
1.4981
1.52731
1.49132
1.65942
1.50411
1.74425
1.68227
1.82302
1.70718
1.44303
1.45672
1.59331
1.70276
1.56127
1.46996
1.49635
1.4769
2.03775
1.76467
1.60394
1.94579
1.50481
1.60424
1.59774
1.76362
1.60273
1.48555
1.77786
1.50003
1.64787
1.7158
2.17858
1.57003
1.87699
1.42521
1.74667
1.72111
1.4939
1.92263
1.73147
1.39223
1.72315
1.58254
1.70746
1.58176
1.44638
1.63426
1.49342
1.7226
1.44514
1.63492
1.53034
1.77686
1.56803
1.54371
1.88432
1.72154
1.78032
1.69539
1.33152
1.52531
1.67846
1.87671
1.76624
2.20032
1.65703
1.56998
1.55195
1.64266
1.80979
1.48597
1.86121
1.82492
1.48257
1.77059
1.48844
1.49714
1.51999
1.58627
1.60527
1.65709
1.61789
1.60173
1.62309
1.95477
1.67941
1.69534
1.61054
1.65635
1.95213
1.6459
1.34621
1.98938
1.54154
1.93935
1.66594
1.88306
1.39768
1.51944
1.71559
1.50429
1.69041
1.62235
1.81018
1.72269
1.7294
1.55219
1.67963
1.66132
1.81129
1.55534
1.56036
1.55371
1.56136
1.67266
1.65943
1.72729
1.74467
1.51271
1.85309
1.62453
1.60548
1.69357
1.68816
1.71597
1.5289
1.55314
1.67009
1.55726
1.47769
1.5492
1.37394
1.84671
1.7677
1.51781
1.49329
1.58152
1.53964
1.88304
1.67161
1.51827
1.53708
1.35681
1.62041
1.52411
1.5088
1.65705
1.53844
1.54105
1.58338
1.46527
1.41793
1.50307
1.53206
1.52332
1.72716
1.5113
1.56786
1.50782
1.70957
1.72216
1.60171
1.56763
1.83768
1.64985
2.11354
1.72517
1.95027
1.63089
1.89877
1.90065
1.66374
1.52003
1.70787
1.67607
1.66347
1.3855
1.59366
1.46572
2.18308
1.70989
1.54331
1.46819
1.41407
1.64467
1.56783
2.15902
1.80156
1.58868
1.85974
1.52164
1.5785
1.96899
1.44928
1.46315
1.65796
1.48663
1.74327
1.77131
1.71874
1.72883
1.54069
1.52871
1.82401
1.53301
1.6198
1.50903
1.99272
1.61131
1.90568
1.42401
1.80032
1.94972
1.65322
1.71253
1.94131
1.60994
1.60758
1.66388
1.62961
1.73248
1.8623
1.69727
1.55379
1.70732
1.64114
1.50491
1.53596
1.23829
1.50445
1.69218
1.21464
1.16202
1.37541
1.21714
1.2375
