404
208
256
312
241
162
273
321
267
298
285
257
251
333
254
294
275
259
174
320
295
300
332
230
221
130
245
285
272
321
279
168
236
264
257
275
287
200
213
278
247
181
246
340
366
303
184
298
266
389
176
330
352
343
288
257
283
294
211
285
311
229
362
194
339
343
227
237
306
305
239
361
260
322
213
340
301
298
353
250
279
376
211
264
314
277
228
209
301
204
271
275
421
251
325
197
369
290
374
208
236
269
300
194
339
274
381
267
257
283
299
292
319
178
261
190
298
226
275
265
293
276
300
252
279
295
197
363
316
307
246
250
293
281
282
184
180
360
212
224
258
278
310
289
317
388
271
227
275
368
267
243
353
243
358
292
235
236
279
293
322
304
273
262
227
285
229
306
305
207
221
294
274
305
258
173
342
303
314
328
220
280
193
251
360
329
235
325
236
255
313
198
281
335
296
290
320
265
211
347
252
310
324
348
240
282
332
283
352
317
189
251
241
242
385
355
331
217
315
214
236
325
268
165
328
274
308
299
245
360
202
217
223
206
261
207
322
357
359
308
244
360
265
261
199
254
238
279
231
244
284
250
268
261
362
195
330
286
340
203
257
382
307
323
350
278
382
268
344
229
357
207
199
271
276
182
248
331
425
253
245
289
350
345
237
306
217
310
369
169
398
292
349
303
219
355
378
313
195
294
229
313
214
218
314
214
445
310
328
207
360
228
368
245
238
310
325
340
254
221
313
238
305
332
353
307
292
326
342
227
331
289
314
316
288
280
223
355
276
265
267
285
237
207
256
341
282
315
323
262
326
265
254
316
220
227
267
223
185
354
245
272
183
329
287
344
265
307
224
304
312
306
320
145
230
247
309
322
290
364
295
336
182
229
292
348
285
203
290
255
231
285
236
243
352
279
298
331
261
289
240
261
239
160
228
342
235
337
177
296
282
299
383
293
248
382
326
339
294
337
314
161
243
267
238
278
269
381
284
343
355
251
332
273
271
214
341
249
227
265
296
333
345
292
214
250
311
290
227
372
242
301
328
276
244
323
292
279
283
267
283
314
201
262
278
198
212
367
294
288
260
251
354
329
322
338
301
179
282
272
278
199
358
267
209
251
276
260
374
268
296
201
244
211
273
360
209
285
360
278
284
301
231
291
295
221
310
299
317
265
272
211
355
331
283
289
293
279
256
312
222
221
150
301
268
258
257
248
228
264
249
262
312
244
257
239
158
243
289
303
215
384
276
280
244
296
255
279
298
216
222
268
276
224
309
357
284
289
264
255
38
266
319
285
208
198
274
319
301
283
233
290
275
170
259
291
257
245
205
210
209
241
231
225
220
284
294
328
174
289
150
283
253
354
291
269
212
306
298
260
310
261
241
220
224
278
254
368
348
273
198
284
282
320
221
212
263
373
359
238
272
429
358
276
228
221
298
219
317
320
281
319
213
339
163
242
262
218
274
231
343
340
254
280
244
221
218
251
305
269
272
270
215
255
350
343
202
325
426
231
162
235
248
270
243
285
270
225
335
254
202
242
292
317
354
254
218
323
267
301
224
284
325
255
319
181
284
253
329
185
303
419
186
327
242
178
228
259
244
275
210
245
343
263
276
236
235
275
237
228
295
291
175
339
237
242
212
334
254
350
279
242
365
283
192
263
352
240
257
278
349
220
249
234
315
286
231
248
286
236
246
306
276
298
276
427
354
304
257
208
237
233
337
240
382
223
246
194
300
332
252
328
234
299
299
233
323
303
218
215
255
189
262
346
286
250
319
343
368
213
290
261
338
222
209
249
353
383
261
257
218
259
257
293
269
348
313
154
290
221
232
307
272
277
253
367
263
246
260
237
319
190
217
282
326
313
307
347
262
347
341
285
184
238
326
255
214
240
330
352
234
204
310
243
262
319
216
258
294
198
333
224
279
189
241
222
314
263
256
280
249
294
246
279
274
350
244
314
271
320
233
305
277
321
251
306
331
302
328
231
286
265
383
319
308
247
288
252
292
273
219
274
270
291
254
298
343
300
290
192
265
370
264
328
250
222
297
298
245
335
355
245
223
363
375
324
292
295
295
241
272
327
268
326
299
250
221
220
256
331
289
325
293
228
267
262
268
346
209
209
259
300
254
246
242
341
241
252
267
250
210
362
210
288
277
263
278
176
272
308
306
289
399
273
214
258
250
184
210
261
332
391
305
153
185
264
263
274
326
355
219
300
275
200
304
384
327
404
159
253
245
209
312
278
291
343
366
231
245
361
422
215
279
200
231
261
358
410
309
222
104
80
85
130
91
79
89
111
83
106
92
83
83
89
110
86
71
77
73
89
107
113
107
121
85
84
77
110
111
83
142
89
107
81
94
94
108
72
97
115
87
64
57
118
120
80
76
102
106
107
91
131
118
92
77
104
125
77
99
110
83
85
104
94
112
110
105
71
139
120
112
83
108
103
86
101
105
100
114
106
85
115
109
120
116
88
77
59
141
90
108
96
65
70
73
94
110
130
129
89
84
95
72
94
96
132
124
80
125
99
116
102
109
82
86
68
89
119
112
102
94
121
47
71
106
87
80
115
101
126
84
95
97
110
78
72
96
110
109
89
74
93
116
108
105
89
114
64
87
83
90
95
95
98
123
103
109
107
138
82
84
106
76
110
105
110
74
89
123
82
116
97
100
110
93
63
108
109
84
111
74
100
81
98
134
122
107
103
103
90
91
82
103
112
93
121
106
133
73
110
111
116
107
134
98
126
81
110
103
118
85
104
125
98
123
110
126
111
103
47
113
129
108
57
102
87
102
103
87
82
89
84
106
105
123
86
89
96
89
78
92
65
120
110
89
81
120
110
73
120
99
70
114
95
78
92
95
74
86
83
98
77
92
116
139
96
91
77
106
73
107
76
73
71
89
108
136
78
98
90
113
101
108
108
77
98
102
118
111
59
96
101
103
103
101
108
83
99
47
104
102
104
122
86
97
111
80
115
86
51
75
87
86
92
86
94
78
89
126
77
84
75
89
114
86
56
102
153
108
117
85
95
135
98
89
116
137
67
71
143
90
93
97
114
98
121
71
59
98
98
108
93
68
123
111
114
101
93
59
105
89
109
60
81
103
96
108
105
127
77
94
128
97
101
113
82
75
133
119
92
102
132
94
105
81
122
132
48
83
107
84
65
62
83
84
129
123
79
92
113
95
96
88
50
89
93
95
121
68
86
55
105
141
98
92
105
117
93
119
95
95
62
99
109
82
117
82
115
128
98
115
125
105
93
138
100
107
111
101
102
109
101
92
96
86
79
98
117
102
104
97
140
111
91
99
122
101
100
106
56
93
99
102
109
93
53
89
99
98
115
114
88
124
118
102
90
97
64
91
104
108
104
107
117
109
105
90
100
116
77
102
68
101
95
63
121
81
110
117
114
92
83
109
130
87
103
121
101
121
94
67
77
105
87
62
96
98
89
85
92
96
92
76
92
113
84
99
89
115
77
95
71
84
84
111
123
72
112
86
103
62
128
94
127
122
123
60
96
71
123
113
115
87
76
104
117
103
122
53
125
23
75
114
102
85
101
93
84
138
124
96
98
83
100
117
123
112
104
83
83
90
68
107
82
70
109
98
105
68
84
64
78
125
133
91
64
98
95
141
92
114
115
119
113
114
79
79
83
83
87
74
80
80
83
100
68
83
108
76
56
115
83
107
111
94
65
107
77
51
82
108
99
55
83
72
90
84
112
101
83
125
124
89
101
101
108
106
65
118
83
87
76
91
49
126
77
74
85
110
84
74
121
94
100
102
97
133
75
77
90
86
120
114
126
114
123
75
110
98
130
104
113
109
112
105
77
74
95
142
116
110
107
85
89
101
94
117
94
65
89
78
117
76
80
75
101
86
102
79
101
92
69
89
92
115
110
94
110
98
103
86
60
86
119
91
66
124
56
101
105
96
85
83
99
70
130
64
94
105
121
99
80
87
93
66
104
80
86
111
90
102
62
82
91
128
82
91
81
105
74
125
121
68
107
104
66
74
124
92
89
106
106
67
89
80
102
116
107
97
96
109
92
125
75
95
79
124
93
115
86
88
101
139
78
74
112
94
55
93
114
91
104
111
83
96
102
99
80
76
83
68
99
80
86
101
58
90
127
60
127
73
67
113
110
104
59
111
79
103
126
65
52
124
87
93
102
64
107
97
82
111
102
95
82
117
92
95
63
77
87
69
120
65
117
77
107
75
101
74
122
98
98
86
68
62
71
119
114
126
114
117
82
118
73
106
89
102
86
110
95
50
122
83
66
89
107
85
95
124
134
107
117
87
113
129
67
113
117
96
97
105
110
70
86
98
109
95
103
127
101
86
104
142
74
123
82
99
95
90
85
89
85
108
95
114
99
102
77
59
92
98
110
59
103
84
95
118
105
101
95
121
112
93
112
101
114
66
59
77
103
87
98
110
59
94
71
118
104
82
92
99
65
82
52
46
99
125
81
119
122
64
105
83
71
83
99
89
121
95
104
71
94
82
68
106
68
92
127
123
92
105
115
108
61
101
107
68
117
110
94
635
657
728
701
811
657
811
789
701
745
747
767
811
747
769
701
701
767
701
723
723
723
855
657
705
789
701
789
767
723
701
767
679
745
767
750
723
701
767
701
703
701
723
747
745
679
701
745
789
791
723
679
767
637
767
657
704
794
679
723
745
679
811
701
679
701
833
789
745
747
725
723
745
679
723
767
747
679
745
723
725
703
723
767
723
679
701
767
701
789
723
816
701
835
725
789
745
811
701
723
679
745
657
657
701
701
701
745
701
701
767
745
745
767
635
679
767
745
679
657
747
635
745
723
767
767
723
657
679
679
811
679
789
703
811
745
767
725
723
701
679
789
745
767
701
745
701
701
767
679
723
723
723
701
613
723
811
745
745
767
723
745
789
813
745
679
833
833
767
769
745
701
767
701
723
723
745
681
789
745
792
767
789
855
679
745
767
657
789
745
723
723
748
745
635
679
701
813
833
723
723
723
723
723
657
767
745
745
811
657
701
747
701
767
725
745
657
789
745
745
723
723
701
723
701
745
748
701
723
657
789
789
767
723
833
789
657
659
789
789
745
657
745
745
789
789
723
833
701
723
657
745
723
723
701
679
791
789
745
789
679
767
745
725
789
701
679
767
769
723
745
789
767
745
855
723
745
701
767
701
701
723
725
767
701
723
745
723
657
767
745
811
723
723
789
811
745
767
789
745
723
767
767
723
613
769
701
723
745
701
745
767
659
811
811
767
745
701
811
855
723
745
767
745
613
679
657
767
789
747
701
657
813
723
723
701
789
855
701
679
811
723
789
747
701
767
767
767
767
701
635
657
701
767
789
701
770
701
701
723
701
701
767
904
701
767
789
613
701
791
723
745
745
723
767
747
833
822
789
701
723
789
747
679
745
745
833
745
745
679
789
657
723
723
701
723
726
723
767
613
767
855
723
657
789
789
745
745
635
635
789
637
701
767
789
657
745
833
767
745
811
811
811
723
723
723
745
789
745
657
789
811
679
767
723
745
767
811
745
745
811
745
747
701
679
789
789
747
745
811
767
767
723
723
657
701
767
745
745
767
703
789
767
723
767
745
701
767
811
745
773
769
767
767
833
811
745
789
723
767
745
987
723
789
745
767
855
701
789
767
723
767
701
701
745
679
789
745
701
767
723
789
767
767
767
789
789
789
745
679
789
789
789
591
701
723
767
835
657
767
811
723
811
767
745
789
789
745
789
723
767
745
745
789
789
723
769
679
745
635
745
657
745
679
745
657
789
745
767
723
701
701
745
723
745
701
811
701
701
767
701
701
657
789
813
679
723
813
789
701
701
789
701
767
679
745
855
679
767
767
833
745
657
723
791
833
811
613
723
811
701
679
701
657
867
789
833
701
701
657
679
833
723
701
745
767
767
679
767
723
723
789
745
745
767
723
811
723
789
679
701
745
723
789
789
679
723
789
767
701
835
745
811
789
635
769
701
789
789
745
701
701
747
723
701
745
701
723
767
767
701
745
723
723
745
767
789
789
701
745
657
835
811
723
745
745
723
679
681
811
723
723
811
767
723
745
745
745
723
745
745
723
679
679
679
745
745
767
635
789
767
767
679
789
723
745
635
811
701
745
679
657
745
811
811
745
767
747
811
811
789
767
679
701
811
767
701
745
745
635
767
767
681
745
789
723
679
745
811
723
725
723
723
723
635
811
701
679
701
723
767
767
789
701
681
701
745
679
701
701
748
723
789
899
657
811
745
725
723
723
793
725
811
747
723
835
745
767
747
789
591
767
747
745
701
767
657
679
701
811
679
701
679
723
701
745
767
745
789
745
723
789
723
723
723
767
723
811
725
723
833
767
635
789
723
657
769
745
723
635
701
767
789
679
789
789
745
789
789
701
679
800
767
745
701
703
725
723
767
723
749
769
811
745
659
701
745
767
789
767
723
701
613
657
723
789
745
723
789
701
745
723
789
767
723
745
701
789
745
745
747
701
745
767
657
789
767
767
701
723
811
659
701
791
723
811
723
745
701
811
789
701
767
679
745
833
723
726
745
723
789
767
857
767
789
767
701
701
767
835
745
767
701
679
725
701
701
789
745
701
789
745
767
657
679
767
657
789
723
679
703
657
723
767
745
789
701
747
745
767
635
767
615
745
657
723
767
659
745
767
767
679
767
745
767
745
701
745
701
751
767
723
789
767
833
811
745
789
745
657
679
745
723
767
769
723
701
789
767
723
725
745
767
767
767
723
635
767
703
789
789
789
657
789
657
789
789
723
811
723
701
745
769
745
767
723
701
745
701
657
404
208
256
312
241
162
273
321
267
298
285
257
251
333
254
294
275
259
174
320
295
300
332
230
221
130
245
285
272
321
279
168
236
264
257
275
287
200
213
278
247
181
246
340
366
303
184
298
266
389
176
330
352
343
288
257
283
294
211
285
311
229
362
194
339
343
227
237
306
305
239
361
260
322
213
340
301
298
353
250
279
376
211
264
314
277
228
209
301
204
271
275
421
251
325
197
369
290
374
208
236
269
300
194
339
274
381
267
257
283
299
292
319
178
261
190
298
226
275
265
293
276
300
252
279
295
197
363
316
307
246
250
293
281
282
184
180
360
212
224
258
278
310
289
317
388
271
227
275
368
267
243
353
243
358
292
235
236
279
293
322
304
273
262
227
285
229
306
305
207
221
294
274
305
258
173
342
303
314
328
220
280
193
251
360
329
235
325
236
255
313
198
281
335
296
290
320
265
211
347
252
310
324
348
240
282
332
283
352
317
189
251
241
242
385
355
331
217
315
214
236
325
268
165
328
274
308
299
245
360
202
217
223
206
261
207
322
357
359
308
244
360
265
261
199
254
238
279
231
244
284
250
268
261
362
195
330
286
340
203
257
382
307
323
350
278
382
268
344
229
357
207
199
271
276
182
248
331
425
253
245
289
350
345
237
306
217
310
369
169
398
292
349
303
219
355
378
313
195
294
229
313
214
218
314
214
445
310
328
207
360
228
368
245
238
310
325
340
254
221
313
238
305
332
353
307
292
326
342
227
331
289
314
316
288
280
223
355
276
265
267
285
237
207
256
341
282
315
323
262
326
265
254
316
220
227
267
223
185
354
245
272
183
329
287
344
265
307
224
304
312
306
320
145
230
247
309
322
290
364
295
336
182
229
292
348
285
203
290
255
231
285
236
243
352
279
298
331
261
289
240
261
239
160
228
342
235
337
177
296
282
299
383
293
248
382
326
339
294
337
314
161
243
267
238
278
269
381
284
343
355
251
332
273
271
214
341
249
227
265
296
333
345
292
214
250
311
290
227
372
242
301
328
276
244
323
292
279
283
267
283
314
201
262
278
198
212
367
294
288
260
251
354
329
322
338
301
179
282
272
278
199
358
267
209
251
276
260
374
268
296
201
244
211
273
360
209
285
360
278
284
301
231
291
295
221
310
299
317
265
272
211
355
331
283
289
293
279
256
312
222
221
150
301
268
258
257
248
228
264
249
262
312
244
257
239
158
243
289
303
215
384
276
280
244
296
255
279
298
216
222
268
276
224
309
357
284
289
264
255
38
266
319
285
208
198
274
319
301
283
233
290
275
170
259
291
257
245
205
210
209
241
231
225
220
284
294
328
174
289
150
283
253
354
291
269
212
306
298
260
310
261
241
220
224
278
254
368
348
273
198
284
282
320
221
212
263
373
359
238
272
429
358
276
228
221
298
219
317
320
281
319
213
339
163
242
262
218
274
231
343
340
254
280
244
221
218
251
305
269
272
270
215
255
350
343
202
325
426
231
162
235
248
270
243
285
270
225
335
254
202
242
292
317
354
254
218
323
267
301
224
284
325
255
319
181
284
253
329
185
303
419
186
327
242
178
228
259
244
275
210
245
343
263
276
236
235
275
237
228
295
291
175
339
237
242
212
334
254
350
279
242
365
283
192
263
352
240
257
278
349
220
249
234
315
286
231
248
286
236
246
306
276
298
276
427
354
304
257
208
237
233
337
240
382
223
246
194
300
332
252
328
234
299
299
233
323
303
218
215
255
189
262
346
286
250
319
343
368
213
290
261
338
222
209
249
353
383
261
257
218
259
257
293
269
348
313
154
290
221
232
307
272
277
253
367
263
246
260
237
319
190
217
282
326
313
307
347
262
347
341
285
184
238
326
255
214
240
330
352
234
204
310
243
262
319
216
258
294
198
333
224
279
189
241
222
314
263
256
280
249
294
246
279
274
350
244
314
271
320
233
305
277
321
251
306
331
302
328
231
286
265
383
319
308
247
288
252
292
273
219
274
270
291
254
298
343
300
290
192
265
370
264
328
250
222
297
298
245
335
355
245
223
363
375
324
292
295
295
241
272
327
268
326
299
250
221
220
256
331
289
325
293
228
267
262
268
346
209
209
259
300
254
246
242
341
241
252
267
250
210
362
210
288
277
263
278
176
272
308
306
289
399
273
214
258
250
184
210
261
332
391
305
153
185
264
263
274
326
355
219
300
275
200
304
384
327
404
159
253
245
209
312
278
291
343
366
231
245
361
422
215
279
200
231
261
358
410
309
222
104
80
85
130
91
79
89
111
83
106
92
83
83
89
110
86
71
77
73
89
107
113
107
121
85
84
77
110
111
83
142
89
107
81
94
94
108
72
97
115
87
64
57
118
120
80
76
102
106
107
91
131
118
92
77
104
125
77
99
110
83
85
104
94
112
110
105
71
139
120
112
83
108
103
86
101
105
100
114
106
85
115
109
120
116
88
77
59
141
90
108
96
65
70
73
94
110
130
129
89
84
95
72
94
96
132
124
80
125
99
116
102
109
82
86
68
89
119
112
102
94
121
47
71
106
87
80
115
101
126
84
95
97
110
78
72
96
110
109
89
74
93
116
108
105
89
114
64
87
83
90
95
95
98
123
103
109
107
138
82
84
106
76
110
105
110
74
89
123
82
116
97
100
110
93
63
108
109
84
111
74
100
81
98
134
122
107
103
103
90
91
82
103
112
93
121
106
133
73
110
111
116
107
134
98
126
81
110
103
118
85
104
125
98
123
110
126
111
103
47
113
129
108
57
102
87
102
103
87
82
89
84
106
105
123
86
89
96
89
78
92
65
120
110
89
81
120
110
73
120
99
70
114
95
78
92
95
74
86
83
98
77
92
116
139
96
91
77
106
73
107
76
73
71
89
108
136
78
98
90
113
101
108
108
77
98
102
118
111
59
96
101
103
103
101
108
83
99
47
104
102
104
122
86
97
111
80
115
86
51
75
87
86
92
86
94
78
89
126
77
84
75
89
114
86
56
102
153
108
117
85
95
135
98
89
116
137
67
71
143
90
93
97
114
98
121
71
59
98
98
108
93
68
123
111
114
101
93
59
105
89
109
60
81
103
96
108
105
127
77
94
128
97
101
113
82
75
133
119
92
102
132
94
105
81
122
132
48
83
107
84
65
62
83
84
129
123
79
92
113
95
96
88
50
89
93
95
121
68
86
55
105
141
98
92
105
117
93
119
95
95
62
99
109
82
117
82
115
128
98
115
125
105
93
138
100
107
111
101
102
109
101
92
96
86
79
98
117
102
104
97
140
111
91
99
122
101
100
106
56
93
99
102
109
93
53
89
99
98
115
114
88
124
118
102
90
97
64
91
104
108
104
107
117
109
105
90
100
116
77
102
68
101
95
63
121
81
110
117
114
92
83
109
130
87
103
121
101
121
94
67
77
105
87
62
96
98
89
85
92
96
92
76
92
113
84
99
89
115
77
95
71
84
84
111
123
72
112
86
103
62
128
94
127
122
123
60
96
71
123
113
115
87
76
104
117
103
122
53
125
23
75
114
102
85
101
93
84
138
124
96
98
83
100
117
123
112
104
83
83
90
68
107
82
70
109
98
105
68
84
64
78
125
133
91
64
98
95
141
92
114
115
119
113
114
79
79
83
83
87
74
80
80
83
100
68
83
108
76
56
115
83
107
111
94
65
107
77
51
82
108
99
55
83
72
90
84
112
101
83
125
124
89
101
101
108
106
65
118
83
87
76
91
49
126
77
74
85
110
84
74
121
94
100
102
97
133
75
77
90
86
120
114
126
114
123
75
110
98
130
104
113
109
112
105
77
74
95
142
116
110
107
85
89
101
94
117
94
65
89
78
117
76
80
75
101
86
102
79
101
92
69
89
92
115
110
94
110
98
103
86
60
86
119
91
66
124
56
101
105
96
85
83
99
70
130
64
94
105
121
99
80
87
93
66
104
80
86
111
90
102
62
82
91
128
82
91
81
105
74
125
121
68
107
104
66
74
124
92
89
106
106
67
89
80
102
116
107
97
96
109
92
125
75
95
79
124
93
115
86
88
101
139
78
74
112
94
55
93
114
91
104
111
83
96
102
99
80
76
83
68
99
80
86
101
58
90
127
60
127
73
67
113
110
104
59
111
79
103
126
65
52
124
87
93
102
64
107
97
82
111
102
95
82
117
92
95
63
77
87
69
120
65
117
77
107
75
101
74
122
98
98
86
68
62
71
119
114
126
114
117
82
118
73
106
89
102
86
110
95
50
122
83
66
89
107
85
95
124
134
107
117
87
113
129
67
113
117
96
97
105
110
70
86
98
109
95
103
127
101
86
104
142
74
123
82
99
95
90
85
89
85
108
95
114
99
102
77
59
92
98
110
59
103
84
95
118
105
101
95
121
112
93
112
101
114
66
59
77
103
87
98
110
59
94
71
118
104
82
92
99
65
82
52
46
99
125
81
119
122
64
105
83
71
83
99
89
121
95
104
71
94
82
68
106
68
92
127
123
92
105
115
108
61
101
107
68
117
110
94
635
657
725
701
811
657
811
789
701
745
747
767
811
747
769
701
701
767
701
723
723
723
855
657
705
789
701
789
767
723
701
767
679
745
767
750
723
701
767
701
703
701
723
747
745
679
701
745
789
791
723
679
767
637
767
657
704
794
679
723
745
679
811
701
679
701
833
789
745
747
725
723
745
679
723
767
747
679
745
723
725
703
723
767
723
679
701
767
701
789
723
816
701
835
725
789
745
811
701
723
679
745
657
657
701
701
701
745
701
701
767
745
745
767
635
679
767
745
679
657
747
635
745
723
767
767
723
657
679
679
811
679
789
703
811
745
767
725
723
701
679
789
745
767
701
745
701
701
767
679
723
723
723
703
613
723
811
745
745
767
723
745
789
813
745
679
833
833
767
769
745
701
767
701
723
723
745
681
789
745
792
767
789
855
657
745
767
657
789
745
723
723
749
745
635
679
701
813
833
723
723
723
723
723
657
767
745
745
811
657
701
747
701
767
725
745
657
789
745
745
723
723
701
723
701
745
748
701
723
657
789
789
767
723
833
789
657
659
789
789
745
657
745
745
789
789
723
833
701
723
657
745
723
723
701
679
791
789
745
789
679
767
745
725
789
701
679
767
769
723
745
789
767
745
767
723
745
701
767
701
701
723
725
767
701
723
745
723
657
767
745
767
723
723
789
811
745
767
789
745
723
767
745
723
613
769
701
723
745
701
745
767
659
811
811
767
745
701
811
855
723
745
767
745
613
679
657
767
789
747
701
657
813
723
723
701
789
877
701
679
811
723
789
747
701
767
767
767
767
701
635
657
701
767
789
701
770
701
701
723
701
701
767
902
701
767
789
613
701
791
723
745
745
723
767
747
833
823
789
701
723
789
747
679
745
745
833
745
745
679
789
657
723
723
701
723
726
723
767
613
767
855
723
657
789
789
745
745
635
635
789
637
701
767
789
657
745
833
767
745
811
811
811
723
723
723
745
789
745
657
789
811
679
767
723
745
767
811
745
745
811
745
747
701
679
789
789
747
745
811
767
767
723
723
657
701
767
745
745
767
703
789
767
723
767
745
701
767
811
745
773
769
767
767
833
811
745
789
723
767
745
987
723
789
745
767
855
701
789
767
723
767
701
701
745
679
789
745
701
767
723
789
767
767
767
789
789
789
745
679
789
789
789
591
701
723
767
833
657
767
811
723
811
767
745
789
789
745
789
723
767
745
745
789
789
723
769
679
745
635
745
657
745
679
745
657
789
745
767
723
701
701
745
723
745
701
811
701
701
767
701
701
657
789
813
679
723
813
789
701
701
789
701
767
679
745
855
679
767
767
833
745
657
723
791
833
811
613
723
811
701
679
701
657
867
789
833
701
701
657
679
833
723
701
745
767
767
679
767
723
723
789
745
745
745
723
811
723
789
679
701
745
723
789
789
679
723
789
767
701
835
745
811
789
635
769
701
789
789
745
701
701
747
723
701
745
701
723
767
767
701
745
723
723
745
767
789
789
701
745
657
835
811
723
745
745
723
679
681
811
723
723
811
767
723
745
745
745
723
745
745
723
679
679
679
745
745
767
635
789
767
767
679
789
723
745
635
811
701
745
679
657
745
811
811
745
767
747
811
811
789
767
679
701
811
767
701
745
745
635
767
767
681
745
789
723
679
745
811
723
725
723
723
723
635
811
701
679
701
723
767
767
789
701
681
701
745
679
701
701
748
723
789
855
657
811
745
725
723
723
793
725
811
747
723
835
745
767
747
789
591
767
747
745
701
767
657
679
701
811
679
701
679
723
701
745
767
745
789
745
723
789
723
723
723
767
723
811
725
723
833
767
635
789
723
657
769
745
723
635
703
767
789
679
789
789
745
789
789
701
679
797
767
745
701
703
725
723
767
723
749
769
811
745
659
701
745
767
789
767
723
701
613
657
723
789
745
723
789
701
745
723
789
767
723
745
701
789
745
745
747
701
745
767
657
789
767
767
701
723
811
659
701
791
723
811
723
745
701
811
789
701
767
679
745
833
723
726
745
701
789
767
857
767
789
767
701
701
769
833
745
767
701
679
725
701
701
789
745
701
789
745
767
657
679
767
657
789
723
679
703
657
723
767
745
789
701
747
745
767
635
767
615
745
657
723
767
659
745
767
767
679
767
745
767
745
701
745
701
751
767
723
789
767
833
811
745
789
745
657
679
745
723
767
769
723
701
789
767
723
725
745
767
767
767
723
635
767
703
789
789
789
657
789
657
789
789
723
811
723
701
745
769
745
767
723
701
745
701
657
