288
375
422
280
233
300
272
374
222
313
316
248
242
267
205
258
273
271
217
244
302
255
250
268
340
246
243
315
258
342
244
283
368
244
424
378
238
248
274
387
274
399
312
422
272
231
380
260
275
282
295
349
346
230
264
254
300
303
250
168
299
261
311
257
353
328
252
190
258
405
307
321
322
298
330
375
264
330
272
399
328
277
253
282
382
347
322
320
246
234
349
257
229
281
422
316
294
338
270
314
247
333
314
298
364
266
265
247
196
240
296
213
258
359
279
283
401
302
274
308
409
289
305
288
393
239
271
269
244
245
289
356
391
364
205
382
210
403
270
313
245
190
220
191
284
343
434
355
318
352
306
262
250
285
379
286
271
224
360
262
239
340
286
308
370
251
285
177
247
343
329
317
270
227
331
307
261
358
339
229
308
204
301
316
235
258
253
231
375
253
361
240
357
268
258
311
360
382
229
271
226
342
342
269
233
298
332
263
261
296
200
268
277
217
186
225
331
280
338
268
252
340
318
337
277
321
328
347
297
327
301
280
270
304
261
337
242
321
319
260
301
221
313
282
350
348
339
258
228
279
282
356
256
237
271
218
260
308
261
227
276
280
221
314
354
232
292
276
317
275
309
305
269
379
290
269
356
395
293
311
335
303
268
363
303
320
337
307
273
245
263
220
278
236
202
296
321
281
286
288
256
377
259
330
328
188
249
328
291
241
324
298
291
152
382
221
232
175
269
379
344
216
328
294
238
302
336
270
352
240
274
297
345
361
295
225
367
196
389
230
330
265
270
265
370
251
247
321
307
262
357
450
365
279
255
391
267
296
268
302
318
244
276
208
124
233
236
326
293
274
305
393
332
356
264
346
376
373
265
260
318
353
285
302
256
238
368
241
374
339
239
351
280
218
212
203
293
298
277
275
306
216
317
286
249
241
263
323
325
271
217
279
385
348
236
235
332
308
221
293
356
233
297
325
399
234
266
296
322
210
238
375
373
275
293
315
256
269
245
384
332
414
279
326
249
281
294
319
210
310
245
272
394
193
252
227
318
334
392
228
172
260
354
286
315
270
270
278
283
280
270
232
267
385
347
338
264
279
229
250
258
178
247
232
309
256
265
287
267
203
344
287
284
241
314
287
172
282
326
294
293
207
273
415
252
215
331
279
275
244
289
379
259
199
438
239
304
307
292
205
313
394
274
267
346
267
274
244
277
307
355
245
317
301
315
260
314
320
287
273
250
279
297
267
249
247
347
233
329
281
237
339
273
312
182
256
249
318
239
249
256
303
334
315
339
339
258
277
260
290
288
211
288
331
320
314
379
229
309
276
240
274
238
256
249
290
234
326
250
252
273
221
317
226
278
236
254
326
320
268
308
255
272
248
321
275
345
270
295
264
220
312
231
390
296
344
297
255
289
359
261
288
272
315
252
378
331
298
428
299
286
209
351
356
244
352
324
281
350
328
287
325
312
236
211
319
305
313
373
304
326
311
415
311
239
271
249
305
317
240
347
230
327
366
226
458
305
226
319
386
289
289
284
287
334
331
221
277
269
241
346
204
291
249
204
319
302
226
321
422
325
281
293
266
332
342
305
280
274
96
313
302
317
370
369
252
234
283
248
365
216
262
335
317
259
233
381
260
280
265
249
272
338
262
167
328
268
273
194
346
226
282
333
236
308
339
284
304
298
382
277
296
166
220
269
181
305
328
242
251
257
308
479
186
380
237
286
296
313
331
246
337
229
201
250
238
264
234
288
369
350
229
411
243
242
239
299
299
227
276
205
348
246
311
297
217
350
437
201
234
340
289
387
233
357
214
283
395
171
229
237
372
317
286
285
240
381
270
300
258
268
337
388
301
237
314
305
302
270
328
353
379
280
305
331
255
369
350
248
275
385
263
354
297
293
280
297
294
355
334
363
265
352
388
214
194
275
256
360
282
302
287
218
289
197
275
204
330
264
291
249
390
182
226
250
296
386
333
256
376
294
183
251
293
352
299
279
384
333
260
363
305
284
230
307
379
267
286
280
320
358
205
212
367
356
349
310
259
372
366
278
309
293
324
236
340
299
181
327
271
225
239
259
260
260
338
284
359
412
319
327
333
245
214
330
141
298
239
255
141
256
348
230
322
332
237
261
271
390
287
280
269
284
258
226
299
345
312
326
309
400
278
323
280
284
242
326
383
260
259
249
274
289
305
240
298
312
249
200
306
253
240
249
281
211
276
312
254
260
297
320
303
327
348
208
224
228
264
403
320
277
318
277
350
346
244
193
300
259
326
95
101
87
98
63
91
90
99
85
96
108
114
105
84
93
117
88
88
87
109
88
103
115
102
93
107
113
122
90
79
114
117
149
73
121
120
102
107
116
111
141
124
132
155
107
90
78
100
72
121
127
99
102
117
96
142
129
91
97
73
97
105
88
97
122
97
109
89
80
94
88
114
67
91
95
93
93
100
88
129
119
113
124
74
102
78
84
87
80
74
111
77
79
122
126
134
109
64
106
113
75
111
103
82
64
121
133
103
58
104
108
106
119
76
91
115
112
81
76
95
140
100
80
114
126
91
100
81
116
94
105
94
97
87
105
100
103
76
96
88
87
104
111
109
112
137
112
97
110
99
93
122
72
83
118
79
96
105
82
115
136
102
96
73
115
76
64
90
102
127
74
61
102
122
78
91
82
129
93
104
118
64
102
79
98
100
131
92
104
93
98
78
114
116
67
97
129
114
81
79
115
102
73
103
97
106
69
87
116
106
75
114
100
78
78
75
80
111
118
100
105
84
107
91
96
128
108
99
91
115
112
132
102
122
90
96
60
134
120
108
120
78
121
128
121
114
82
111
90
85
64
99
93
86
114
114
130
117
86
113
96
116
109
114
82
78
60
111
73
118
102
85
102
83
94
84
114
104
118
117
69
76
105
114
87
125
97
136
91
94
106
72
67
101
65
91
112
107
73
116
107
98
72
74
111
59
106
120
95
99
149
91
82
78
120
108
97
94
102
93
97
92
112
97
81
117
54
115
121
91
85
70
102
104
140
133
86
75
120
69
135
103
72
114
72
132
82
116
94
77
82
109
141
110
111
84
84
113
115
93
99
81
119
114
60
133
83
117
86
101
79
105
58
121
69
104
91
113
84
78
79
123
113
141
109
95
113
70
137
108
98
95
86
69
101
104
105
103
78
98
114
87
123
108
78
84
117
116
119
149
90
131
111
107
142
60
54
118
108
81
80
91
103
120
143
109
85
101
116
78
97
145
133
104
88
129
64
72
88
88
125
106
90
90
102
52
110
85
58
91
108
83
138
116
102
95
75
114
109
117
50
122
107
64
122
93
99
137
109
108
88
94
79
109
136
92
130
96
95
88
60
68
105
100
97
100
98
81
87
101
126
61
102
85
118
89
95
116
130
94
108
81
97
108
108
111
107
125
88
78
121
113
77
118
117
77
87
90
122
77
107
141
78
107
100
103
114
79
92
100
129
128
71
138
121
111
117
99
97
87
74
90
126
136
120
84
105
89
135
108
103
120
69
101
104
91
115
112
111
116
122
76
110
89
96
120
112
102
86
114
58
74
93
113
61
140
144
95
138
91
99
89
101
143
103
131
111
117
93
93
93
62
101
88
91
82
120
82
99
100
103
81
107
106
85
121
110
107
98
101
102
68
76
105
75
128
95
122
103
80
130
145
112
106
90
89
120
118
64
68
110
62
120
78
77
123
104
129
97
99
129
67
137
58
103
100
85
68
100
96
115
107
99
86
54
102
110
122
110
58
118
97
99
108
91
106
105
96
124
97
114
89
123
87
112
128
82
97
65
120
112
98
74
123
111
136
68
101
58
110
114
76
94
132
112
115
104
76
139
59
96
104
102
61
99
100
76
94
102
70
94
74
103
109
104
99
135
75
95
101
122
123
94
118
57
101
117
103
73
147
94
111
76
86
108
96
94
108
67
112
99
79
70
104
109
102
134
85
105
92
94
109
111
107
136
75
85
98
85
110
102
137
81
107
127
87
101
90
98
111
82
115
104
110
93
106
100
88
102
134
82
72
103
111
85
131
119
106
72
99
117
119
114
115
98
72
112
107
64
111
101
121
133
126
88
105
82
91
67
140
106
88
124
107
82
82
127
87
109
116
129
106
123
103
105
78
97
109
81
85
104
84
110
96
102
115
99
82
124
129
127
108
152
125
84
65
96
75
133
98
118
91
96
94
106
89
89
122
73
121
79
93
87
75
80
132
94
70
100
143
94
88
63
128
105
134
91
85
132
81
106
117
117
101
77
70
66
129
66
100
97
70
102
91
105
114
99
94
101
113
110
101
70
113
87
121
90
87
100
98
96
83
67
102
92
86
98
137
125
110
108
108
110
113
114
48
119
114
70
57
118
105
78
91
127
111
97
90
103
67
60
98
133
102
98
111
94
101
111
93
112
90
102
71
137
95
114
96
89
99
119
74
105
75
85
125
116
91
81
91
127
113
82
106
87
94
83
83
76
108
131
93
102
94
83
91
92
90
93
79
102
84
113
105
77
122
81
106
91
112
789
739
859
718
835
837
859
763
835
787
813
811
739
811
811
859
907
883
811
859
811
835
787
789
811
811
835
883
811
931
789
861
883
883
883
789
811
811
811
883
763
763
763
811
763
907
811
763
859
811
787
835
789
835
883
835
763
837
861
739
907
787
835
811
835
859
787
811
787
835
811
835
883
883
787
811
813
835
787
813
763
811
789
835
883
1085
763
859
763
859
859
763
835
715
691
787
811
885
859
811
811
787
859
811
741
811
1003
814
835
787
859
861
787
811
835
885
883
811
811
859
814
865
763
811
811
883
883
859
859
859
763
835
862
883
741
815
883
787
907
885
811
837
859
811
811
811
811
883
765
837
811
907
811
859
693
787
787
859
859
787
717
811
835
885
835
835
907
739
787
739
837
859
811
787
835
907
883
859
859
835
811
787
739
787
814
859
787
811
859
787
763
883
883
859
931
718
715
883
859
859
835
859
883
787
835
835
835
835
787
811
835
859
813
883
763
835
739
835
787
739
763
763
811
835
835
789
859
859
859
859
811
787
811
811
883
837
883
862
811
835
787
811
787
883
811
955
787
883
835
811
835
835
861
859
859
811
835
859
787
763
787
859
787
883
811
811
859
811
739
787
811
835
835
835
765
859
835
859
835
787
811
859
835
883
907
815
811
811
787
859
715
883
811
835
859
742
763
861
859
811
787
787
883
739
811
715
931
811
859
835
787
859
835
811
835
787
763
789
811
811
739
763
763
811
787
718
811
835
885
931
835
859
907
787
835
883
787
883
811
763
787
883
811
811
787
859
859
883
787
787
883
835
787
811
907
813
835
811
787
859
763
859
739
811
837
883
835
862
861
811
787
811
811
883
835
835
907
835
859
907
811
859
907
835
883
955
811
835
835
883
883
739
835
811
811
859
835
787
763
763
837
787
859
835
835
811
787
859
883
691
909
835
883
811
859
811
787
763
811
859
861
835
837
859
739
739
859
931
859
883
859
715
763
861
835
739
859
859
811
859
835
859
787
787
859
907
835
835
837
835
861
859
763
739
811
739
787
883
859
811
859
883
811
811
835
883
811
811
787
837
859
813
859
811
811
859
787
835
763
859
787
811
835
931
979
835
811
813
835
787
813
763
859
811
811
763
883
787
835
792
787
787
883
763
835
811
885
787
835
811
837
859
763
787
787
859
787
811
763
811
787
835
859
835
763
811
912
907
787
907
787
787
835
787
811
835
859
787
933
739
811
787
859
787
835
835
811
811
883
789
787
835
835
811
859
763
787
811
787
859
859
835
763
859
835
835
787
765
883
835
907
811
861
763
811
789
763
835
763
835
739
811
787
763
811
811
859
907
835
835
883
787
811
883
835
835
907
883
835
763
835
763
811
763
811
859
763
715
835
715
787
787
787
787
835
787
907
840
811
789
787
787
907
835
835
811
811
907
811
787
861
883
883
811
859
789
859
787
763
835
787
835
835
715
859
811
859
835
811
835
811
859
787
859
811
883
859
787
811
859
811
907
811
837
763
813
859
814
811
835
787
715
979
787
787
739
835
859
835
789
763
813
859
931
739
859
765
811
859
742
835
859
811
739
835
1003
763
859
811
955
814
811
787
811
811
907
817
835
883
763
859
859
859
763
931
811
811
717
835
715
813
835
883
811
859
816
907
861
859
787
883
811
835
813
787
859
859
859
787
763
787
811
763
859
811
715
715
883
787
739
811
811
859
787
835
835
739
835
811
787
859
739
787
787
811
859
859
907
763
811
955
739
835
787
763
789
835
859
811
763
883
813
907
835
787
739
835
811
811
859
717
763
741
739
859
886
859
787
835
883
787
835
835
811
787
763
789
811
835
811
955
789
787
787
715
907
787
739
789
859
883
859
835
835
787
787
835
835
859
835
859
739
861
883
787
715
859
811
859
715
739
835
911
787
787
883
787
837
907
861
835
811
789
787
859
835
787
859
907
859
787
763
883
883
835
811
907
763
859
811
811
907
907
835
835
763
811
811
691
835
859
811
811
741
859
835
811
859
811
859
835
835
811
811
859
835
907
811
955
765
859
787
763
859
907
837
883
835
811
859
835
811
787
835
909
811
837
859
835
811
763
859
787
859
811
859
739
835
835
691
859
859
789
835
763
763
787
739
883
787
787
883
885
835
787
811
835
787
931
859
715
859
787
811
717
888
883
763
838
787
787
883
811
835
907
763
813
787
907
787
835
811
763
835
787
859
811
787
811
811
835
715
859
883
885
811
811
811
739
883
763
811
907
813
763
739
811
787
787
691
