345
439
313
290
153
328
302
243
337
296
259
297
381
392
442
377
377
344
235
291
315
297
358
297
247
309
273
424
401
406
277
376
447
370
291
368
305
316
375
287
330
353
207
312
406
328
299
449
442
327
291
273
321
289
296
290
345
271
343
343
366
358
410
479
276
314
363
231
256
256
205
312
227
295
282
426
328
317
408
343
296
292
404
279
404
353
284
291
360
323
314
331
298
195
356
259
339
339
312
266
255
395
254
308
301
496
382
297
348
426
327
366
387
200
272
259
332
262
257
314
400
356
328
290
245
355
377
296
243
273
413
499
306
310
326
324
322
352
301
392
391
234
331
331
283
279
402
402
355
319
296
248
359
272
321
334
279
347
332
311
294
319
213
360
336
333
223
332
282
262
395
343
237
358
266
284
374
313
244
338
214
282
256
248
272
232
302
357
391
287
305
216
394
349
377
304
312
240
365
248
260
316
338
218
309
367
264
237
322
238
290
318
236
289
348
298
335
366
394
254
265
354
283
347
459
346
291
358
319
281
351
253
321
421
271
267
265
275
304
314
311
259
272
351
229
293
324
336
271
289
255
365
263
367
326
315
338
263
377
245
393
329
344
329
283
329
213
258
234
358
245
348
382
263
242
340
234
268
439
339
361
245
426
247
275
282
300
267
317
291
287
327
293
306
289
355
285
247
287
398
322
231
319
379
305
352
334
320
229
300
182
329
345
379
284
265
337
266
359
366
286
377
353
324
241
274
202
328
236
318
247
282
342
376
401
341
254
355
312
240
271
355
335
431
211
382
275
300
302
316
274
277
304
348
226
365
355
295
291
313
310
373
433
274
372
271
392
259
342
408
294
316
288
322
215
318
246
392
371
304
287
438
266
346
327
269
360
309
278
199
368
349
296
418
276
249
318
261
381
214
219
254
270
293
429
248
245
271
378
360
238
399
340
233
292
315
299
293
354
263
251
303
299
282
247
320
275
292
437
304
450
250
240
252
332
421
391
326
208
304
364
376
278
283
287
355
259
404
151
215
261
329
300
353
327
203
224
313
268
407
279
268
238
281
401
352
265
315
366
297
278
292
302
208
438
327
243
298
409
335
335
296
217
302
285
242
250
316
290
301
326
273
298
303
271
321
382
317
346
280
373
326
351
316
258
287
328
373
353
379
246
380
296
253
345
447
379
412
288
379
211
235
433
287
387
312
317
189
216
342
320
262
330
459
283
185
232
266
286
348
262
307
268
369
306
287
370
347
320
308
217
287
406
247
279
378
239
337
264
212
240
266
271
251
332
327
281
379
420
246
247
256
486
327
323
279
316
308
297
282
308
379
325
398
261
271
291
378
286
389
398
251
316
407
348
274
351
273
345
241
353
348
315
321
248
354
406
289
230
323
207
354
357
400
280
358
356
305
278
241
267
362
286
343
297
336
312
244
413
287
326
378
241
341
255
326
319
327
324
276
326
331
357
284
229
309
318
271
344
318
369
278
232
300
275
279
316
355
255
370
200
350
333
290
329
284
458
347
364
281
288
319
321
285
309
204
294
302
201
308
291
326
287
227
282
277
266
265
349
318
317
259
247
276
329
302
306
271
227
274
307
252
249
253
267
412
362
386
240
342
418
243
305
361
396
339
397
321
277
343
297
394
301
283
416
344
249
435
341
300
352
277
364
315
358
310
413
336
310
314
317
309
239
202
304
240
311
369
207
261
223
238
333
228
410
275
382
407
332
284
269
335
363
426
389
97
396
405
257
292
313
309
382
377
249
339
352
384
361
346
281
243
204
179
304
322
359
280
272
249
280
308
214
319
250
342
257
298
234
402
329
306
374
345
389
364
274
315
257
344
242
387
252
231
226
417
284
417
403
302
201
448
338
297
312
328
386
394
393
315
220
191
248
253
340
265
264
257
209
359
273
271
310
255
256
245
359
266
397
384
254
250
397
310
311
376
251
196
305
409
378
253
231
259
371
409
286
313
411
338
241
321
352
240
288
291
236
256
359
424
305
334
291
335
301
318
304
451
365
266
271
292
267
326
335
253
237
352
298
248
288
247
213
323
341
218
367
328
270
303
245
284
281
412
352
302
279
267
263
279
393
273
230
301
216
254
337
302
289
263
325
236
234
278
328
349
256
345
384
391
272
263
374
280
326
291
477
304
318
276
356
249
370
242
325
319
253
382
248
261
309
259
270
263
339
312
299
291
295
322
301
380
331
329
209
385
263
349
408
245
359
309
421
313
367
367
356
306
284
334
364
327
317
249
318
393
345
280
298
270
56
120
98
113
89
109
100
92
105
125
94
120
92
123
81
115
133
72
91
99
114
114
81
131
80
120
129
149
150
96
126
122
128
108
82
103
99
119
114
111
102
87
141
90
125
93
132
161
105
102
111
62
109
107
109
105
105
122
113
113
81
110
120
118
124
84
82
100
105
97
66
99
72
89
108
102
95
79
114
84
137
114
122
127
136
96
130
115
88
126
116
135
133
97
118
129
111
81
115
131
111
139
124
115
84
102
75
90
124
81
146
108
122
109
111
119
108
113
133
94
63
83
119
100
83
70
98
117
87
126
111
114
90
134
142
92
98
133
105
101
114
84
128
74
105
118
105
114
132
107
102
114
93
114
84
113
84
115
93
57
92
123
88
120
86
126
113
78
87
90
146
130
90
123
140
69
118
101
123
119
82
107
80
90
104
61
100
91
105
111
135
76
111
127
106
124
99
125
112
78
86
123
141
94
90
113
96
61
92
54
101
108
97
92
102
102
108
86
79
99
115
111
107
101
107
126
146
128
108
98
72
108
93
129
87
111
119
118
111
77
99
95
125
89
70
107
117
135
66
111
93
136
125
131
87
128
116
95
135
111
149
119
106
108
53
117
67
118
83
68
71
92
153
98
98
126
78
105
86
105
105
103
101
73
109
120
86
101
110
116
102
102
110
99
117
144
106
134
79
123
153
61
128
121
128
113
80
107
81
108
98
119
128
114
112
122
77
87
98
67
90
92
93
108
84
132
91
87
99
116
120
109
120
128
146
106
95
117
131
93
105
114
120
96
107
124
89
107
111
126
135
91
96
90
97
75
96
131
112
68
107
105
109
89
105
123
151
110
117
129
117
97
74
100
91
110
79
124
105
95
123
107
98
114
111
102
110
101
122
72
123
89
107
99
83
60
99
75
108
104
87
97
120
98
126
119
133
89
99
92
99
126
73
138
92
69
88
99
109
59
114
118
129
136
74
90
97
115
144
132
113
106
86
105
99
111
99
132
63
110
96
117
113
102
84
99
64
85
55
116
118
95
150
117
113
119
62
118
103
96
117
94
142
77
105
94
129
110
101
128
92
130
113
94
108
65
126
97
108
117
92
96
143
102
83
97
101
116
126
125
88
99
112
108
101
120
107
98
130
104
104
114
137
123
111
89
130
92
113
125
98
140
93
74
127
105
133
105
109
120
93
93
134
111
96
98
87
85
105
126
119
105
124
123
95
65
86
73
75
93
115
86
84
114
90
105
99
102
84
125
133
128
113
70
153
63
94
87
78
78
107
122
100
103
96
107
64
115
97
90
84
96
118
96
126
129
119
120
95
100
105
134
86
107
122
92
99
112
110
140
91
102
113
101
96
92
86
59
107
59
108
65
136
86
75
124
129
63
93
98
81
111
123
92
113
129
91
83
102
78
95
83
98
91
93
121
84
99
125
93
90
113
133
123
112
121
98
110
57
92
153
110
114
85
103
80
108
74
147
105
95
123
81
119
123
109
96
116
115
102
128
98
129
66
72
74
110
111
63
98
84
93
105
90
98
74
45
84
71
90
105
132
98
109
78
146
123
111
108
142
111
82
118
109
72
140
93
106
138
113
120
110
84
129
106
81
123
123
93
108
125
66
114
96
122
113
72
69
93
114
90
104
117
83
60
97
80
121
117
135
114
87
117
99
75
96
91
125
95
146
105
125
85
87
72
76
90
90
98
135
84
132
135
71
75
92
148
105
77
132
103
93
111
111
90
60
68
93
88
122
107
105
77
120
73
108
105
108
89
127
90
90
124
78
62
155
96
91
120
116
134
79
125
117
129
105
104
106
108
105
140
96
98
132
114
108
142
114
88
90
104
96
137
121
74
76
118
110
113
102
94
96
114
108
114
95
128
104
107
90
67
80
123
143
138
97
98
122
72
87
125
120
116
105
116
116
113
109
118
101
83
104
89
122
105
123
99
99
117
92
104
115
137
121
104
113
83
93
115
106
94
87
144
109
118
128
85
96
111
104
96
117
92
135
119
85
69
98
95
115
75
136
113
97
153
93
133
104
92
103
109
105
101
129
62
71
120
160
95
98
81
66
99
129
127
117
97
68
69
152
95
108
95
114
77
105
119
143
102
96
68
78
78
98
111
93
84
93
130
132
90
111
133
134
90
111
92
105
71
105
134
117
96
92
97
95
95
78
96
87
105
131
99
124
86
118
104
69
108
103
134
126
108
74
103
153
73
95
117
114
96
107
96
96
141
123
108
78
92
136
92
99
123
81
78
84
108
91
116
146
929
929
857
981
929
1007
929
825
905
1111
825
799
903
825
825
877
903
981
929
929
877
983
799
851
929
955
1085
983
929
903
929
851
851
955
903
1063
929
827
799
929
1007
877
825
981
955
929
903
929
877
903
957
880
903
877
825
955
851
877
825
981
877
877
799
825
851
877
877
903
903
877
1007
903
929
903
1033
903
1059
903
851
877
903
955
825
903
955
1010
854
929
825
877
877
929
955
929
981
825
851
825
851
903
929
825
851
799
929
929
955
877
877
877
955
877
929
877
955
931
853
929
929
877
903
981
981
799
981
955
877
1007
851
853
903
903
877
981
929
955
903
929
929
877
877
1007
929
851
853
1059
955
929
905
877
955
1007
773
1033
877
929
1007
955
955
1007
955
957
903
825
903
877
929
877
903
799
851
929
929
1007
851
955
1007
877
957
955
877
955
1111
929
906
903
929
955
932
851
955
1033
981
877
903
903
981
929
825
877
981
877
877
799
955
903
903
955
799
903
851
903
877
825
955
929
851
905
955
851
929
877
830
903
851
747
877
929
955
851
877
929
903
799
929
851
929
981
877
957
851
851
877
903
957
981
905
981
851
955
929
721
929
851
929
955
1007
851
877
851
903
903
825
909
981
877
851
903
825
877
929
721
929
955
903
903
799
851
851
877
877
825
851
937
851
851
929
931
851
773
929
905
955
903
799
929
825
851
903
903
851
929
853
879
851
877
851
877
903
981
929
903
905
955
955
851
851
955
877
929
981
931
903
877
851
851
1033
877
955
851
929
981
931
929
903
851
799
851
879
981
825
851
879
929
929
773
929
851
957
955
929
929
929
825
903
1009
981
851
929
877
877
877
882
981
903
903
851
879
851
929
877
903
877
905
981
851
955
955
879
929
981
903
853
955
981
903
981
955
929
825
903
879
955
851
877
851
903
903
877
981
799
929
877
932
931
957
799
929
825
799
931
877
877
775
955
955
851
929
851
929
929
929
929
879
1250
877
825
877
851
929
981
955
905
903
929
981
929
929
929
851
903
1007
929
903
851
877
903
903
929
957
877
929
801
851
929
877
1007
929
851
929
877
929
929
1059
877
929
905
877
851
851
903
801
799
929
851
955
877
955
903
955
877
903
825
903
877
903
903
825
903
877
955
903
903
877
983
851
877
981
877
929
825
903
851
955
877
981
955
877
877
903
1007
853
929
825
877
877
851
955
877
825
929
929
905
905
825
877
955
825
799
931
903
825
1256
929
955
799
1033
955
929
877
905
825
929
1035
773
903
929
955
929
851
929
929
929
929
981
905
905
903
903
825
984
851
955
851
929
903
957
1033
879
1007
929
854
903
877
981
825
877
903
981
877
929
903
929
931
721
955
929
877
877
851
851
877
851
877
903
929
877
851
957
1007
955
853
877
851
851
903
905
929
903
851
981
1059
879
851
903
851
929
958
981
1111
825
929
955
723
825
903
1007
955
929
877
929
955
955
929
851
903
825
851
879
903
903
929
851
903
1007
903
747
903
983
851
903
955
879
877
929
799
929
929
1007
851
877
931
983
903
825
825
877
935
825
851
981
903
981
877
853
929
955
827
929
903
929
877
932
929
929
799
851
877
929
903
931
877
825
903
957
929
721
929
851
801
903
851
955
879
929
955
981
929
903
955
905
1007
905
853
879
903
903
981
929
955
903
981
903
981
853
877
929
955
877
903
877
877
903
955
825
955
825
877
929
1007
903
825
903
877
1033
851
851
981
877
955
799
929
799
877
929
929
825
877
955
981
1007
929
879
903
879
799
955
903
827
1033
903
905
981
851
957
877
877
981
981
929
955
851
877
955
854
825
981
981
1007
903
981
903
877
981
981
903
903
931
929
903
877
903
851
903
929
877
773
906
877
929
877
903
981
903
905
851
905
905
747
851
929
877
955
877
929
825
955
929
825
877
851
799
877
903
1085
877
851
825
903
799
801
903
877
825
877
851
1033
929
903
851
877
877
955
983
877
981
903
903
877
825
773
908
929
903
881
877
955
955
931
851
903
825
955
877
877
877
877
903
799
931
929
825
903
877
851
903
981
851
929
929
877
903
903
877
903
877
955
903
851
929
929
955
877
985
957
929
851
825
799
825
799
903
903
825
877
825
1033
981
955
853
903
851
955
903
903
877
981
825
903
981
851
929
903
957
981
851
981
906
877
877
903
955
955
929
1033
929
955
903
955
929
799
929
929
929
825
929
929
957
903
929
960
903
1035
955
877
929
929
825
903
905
903
879
877
851
799
1007
747
877
1007
929
981
905
903
929
851
877
955
955
929
903
903
903
955
747
1007
825
955
1039
877
877
