274
298
377
322
351
363
215
381
331
271
273
292
444
313
253
305
278
319
234
433
324
374
292
303
350
278
391
396
362
308
381
388
282
283
425
223
391
477
399
323
288
398
290
318
396
312
397
384
392
363
293
358
187
414
323
348
538
269
357
286
415
303
300
332
302
341
317
309
373
349
288
236
266
246
272
260
275
352
281
275
318
347
319
337
273
323
333
294
288
419
426
278
286
305
418
335
323
373
288
385
352
277
321
391
332
249
273
347
266
416
329
342
324
299
281
273
257
252
301
312
301
218
340
279
363
335
328
273
334
321
342
306
280
340
456
257
333
201
329
238
361
365
310
215
302
370
261
354
271
393
287
283
404
400
304
339
329
352
275
386
289
301
239
306
229
297
254
247
345
277
276
317
287
369
369
260
345
292
305
291
313
286
346
243
405
273
327
219
356
338
295
424
289
272
333
215
348
223
260
281
318
319
238
288
269
415
297
324
279
266
273
385
287
311
366
346
382
394
269
263
400
260
370
374
241
391
263
376
325
311
350
270
357
338
293
370
303
286
228
277
362
312
353
342
265
294
285
391
289
306
294
236
374
434
353
393
383
313
315
317
330
372
411
286
370
283
423
240
414
325
308
286
347
223
420
259
402
459
311
336
318
263
270
339
310
272
340
314
332
346
296
318
440
269
338
222
344
407
413
484
333
430
316
329
258
416
372
261
266
626
301
351
302
351
267
317
320
340
245
339
438
310
319
344
383
401
397
351
378
416
332
260
418
326
382
299
293
339
272
424
389
387
325
310
362
420
289
366
246
280
410
334
369
281
250
304
327
314
374
504
289
276
324
300
245
281
280
323
267
361
450
268
355
312
264
290
309
303
391
330
266
352
276
317
308
268
323
387
386
364
311
258
297
302
299
330
373
284
332
396
338
220
334
382
304
331
302
397
328
280
359
266
313
443
254
251
220
290
333
311
404
366
271
318
288
263
308
431
378
264
381
370
296
317
332
389
291
375
301
287
252
302
356
310
358
377
294
247
278
338
371
316
262
396
338
273
403
287
332
398
366
352
351
293
327
298
370
283
327
212
277
220
294
288
301
355
233
345
258
409
371
415
450
265
291
429
363
314
293
291
269
346
268
283
273
418
271
293
348
325
249
317
361
475
273
482
414
256
401
290
277
401
471
298
256
208
264
342
298
321
369
312
348
289
344
303
222
343
334
427
307
305
406
308
296
274
276
338
456
256
390
394
396
323
325
335
244
309
401
377
370
277
315
405
242
318
273
426
330
328
355
347
240
348
273
289
323
393
250
311
398
411
277
396
315
406
318
304
341
253
292
296
288
378
236
338
199
392
350
234
420
296
482
305
320
328
321
442
465
349
286
344
283
261
369
372
318
391
274
463
297
227
229
322
260
249
343
328
292
350
272
295
268
356
286
312
317
328
264
364
280
303
392
442
332
371
274
322
380
425
383
407
331
371
224
274
233
337
266
329
228
303
264
375
281
282
293
300
228
305
362
283
291
339
430
290
405
351
272
314
236
310
401
186
451
350
261
398
355
304
208
279
229
344
281
387
342
270
361
333
277
255
314
385
273
328
319
370
290
224
322
303
369
363
276
400
314
314
324
247
245
343
225
400
237
343
422
270
352
344
296
341
370
357
347
349
273
293
296
264
382
309
278
401
269
286
227
290
362
369
307
269
427
321
367
403
331
391
342
236
369
321
297
264
327
306
260
394
264
261
250
290
276
379
442
296
330
275
310
342
401
309
249
304
321
334
214
379
384
371
350
465
272
246
365
392
342
282
352
413
316
277
376
264
303
394
366
320
319
316
267
301
348
268
327
265
238
245
280
331
360
307
253
332
296
344
416
438
304
291
388
235
315
208
329
391
379
348
287
395
346
409
283
302
414
315
457
258
340
373
406
335
301
435
338
246
316
363
279
254
281
251
401
210
337
362
345
279
280
333
319
319
285
305
341
340
227
401
328
359
324
348
339
322
223
360
358
231
327
232
261
293
252
313
337
348
367
393
198
338
350
292
397
323
306
380
316
363
310
362
271
254
247
367
278
336
432
318
242
414
272
261
365
229
372
357
332
393
382
311
257
323
324
267
354
362
312
482
370
290
281
264
363
345
311
297
298
329
279
325
305
265
365
293
276
257
327
269
273
367
332
340
239
271
459
265
324
261
281
308
327
268
304
352
358
366
409
299
292
399
428
410
195
465
300
277
347
333
345
330
239
329
259
304
390
351
400
233
229
296
319
303
330
293
400
216
269
346
301
397
103
90
114
84
100
134
71
115
98
107
86
86
92
125
102
95
95
115
87
104
103
124
126
133
118
98
95
112
121
100
106
97
119
129
101
90
125
110
89
142
90
125
98
140
82
119
98
123
125
96
126
126
83
108
114
127
111
97
102
119
133
142
133
114
116
76
113
137
148
111
86
121
92
66
102
68
92
77
96
126
97
107
114
139
96
108
136
79
98
96
106
98
135
81
135
125
135
121
114
116
59
100
113
131
107
119
97
86
85
108
98
118
127
115
118
85
102
126
86
85
130
73
98
105
122
96
126
86
135
76
100
173
85
54
97
98
117
102
128
69
122
140
94
106
131
77
89
143
107
115
77
160
129
96
100
141
82
129
120
113
102
138
111
120
71
108
104
161
132
126
105
133
134
117
108
138
126
91
119
123
104
119
120
70
123
126
130
137
89
125
75
83
116
121
122
88
133
86
96
79
95
98
78
123
91
118
124
99
109
106
117
117
136
85
109
125
102
114
118
116
123
111
145
103
94
108
118
116
118
125
104
109
127
83
156
146
83
140
104
90
122
122
131
77
84
79
108
95
140
92
107
166
95
104
112
150
142
83
79
129
120
138
94
75
161
129
98
122
137
118
121
84
120
89
108
139
93
138
105
106
101
93
115
85
113
113
107
87
104
114
113
123
146
74
99
108
93
114
145
124
115
115
124
107
132
124
79
107
137
135
89
133
116
117
83
108
119
95
99
147
107
130
119
102
109
89
132
93
91
131
105
105
92
130
111
105
96
92
108
111
143
123
151
117
132
126
110
113
87
97
127
118
144
133
116
90
94
118
133
137
123
156
141
113
66
90
79
109
94
112
89
71
73
106
93
130
123
132
98
116
130
125
155
100
84
143
65
117
117
93
93
116
113
136
81
83
108
133
104
96
121
117
131
139
111
101
141
92
111
57
95
62
133
125
148
109
110
120
77
96
114
115
105
91
125
143
111
127
123
94
137
101
117
115
141
113
107
111
124
138
110
124
77
113
110
96
84
157
82
129
136
141
149
86
71
93
126
124
103
96
99
150
70
84
126
129
139
123
89
82
95
106
129
89
75
107
85
120
138
148
107
133
147
110
83
135
118
107
137
111
107
92
138
81
83
117
153
100
105
102
100
144
79
109
89
98
105
102
93
74
99
74
119
95
98
90
117
138
158
135
74
120
120
136
104
119
116
83
99
113
101
135
133
129
111
75
107
152
116
149
135
118
113
148
104
114
120
87
124
107
87
138
96
116
80
127
78
144
83
67
101
80
93
97
75
101
138
120
71
113
98
136
116
98
124
117
98
110
125
138
130
99
91
113
101
111
108
146
112
105
142
127
90
111
98
119
124
100
81
105
93
101
109
97
102
120
114
102
121
129
100
93
108
99
111
64
87
71
95
119
107
115
78
117
130
113
134
102
151
110
86
80
119
105
112
106
102
135
136
99
94
117
121
114
113
108
66
128
133
101
80
121
88
96
139
55
124
135
76
116
105
109
105
86
148
102
112
88
149
119
111
152
89
102
139
110
73
117
109
134
109
121
71
92
133
117
136
122
80
129
102
130
106
86
101
80
133
122
107
89
106
113
121
106
84
101
145
125
118
101
42
104
141
88
93
126
124
70
101
115
90
95
102
119
126
132
109
153
107
124
120
87
77
141
131
90
74
130
156
118
127
105
125
117
89
119
130
89
70
89
89
101
136
107
102
143
134
150
129
71
98
73
134
93
101
149
104
122
105
102
119
123
96
103
165
100
90
145
110
114
105
104
105
76
122
136
83
84
117
104
95
90
112
128
128
99
157
91
108
117
100
83
119
100
159
121
80
99
133
95
113
88
116
135
148
135
114
132
112
70
96
65
132
88
145
115
162
121
71
122
132
127
121
121
109
98
113
107
117
141
136
132
141
100
129
83
98
117
91
100
88
109
135
106
100
107
115
97
129
105
117
122
66
128
110
126
112
90
130
132
105
130
130
117
92
128
125
106
114
83
120
135
125
102
146
76
125
98
117
165
85
123
135
81
120
155
79
107
120
129
87
76
125
89
118
116
158
112
115
124
142
117
99
86
93
107
137
101
130
71
109
66
115
111
131
110
123
114
116
115
92
122
114
114
95
67
109
115
111
102
99
81
67
136
66
80
86
141
178
139
114
126
147
131
135
147
106
89
109
78
108
79
129
131
100
120
107
122
83
135
126
99
57
116
103
74
104
114
98
83
120
142
104
74
106
98
112
106
126
111
71
74
108
69
108
107
100
97
130
139
1083
971
861
943
1027
1027
971
971
1055
1055
1027
887
859
971
1027
945
1055
915
1027
999
1055
1027
1083
971
999
1055
943
1027
943
971
999
1029
915
915
859
1027
1027
943
943
999
1055
971
943
999
971
971
973
915
943
999
999
1055
971
1027
999
915
999
1055
1083
1111
1027
915
1027
943
999
971
971
971
1027
1001
1083
1083
973
971
1027
915
999
1055
1027
999
999
999
1111
1055
915
1027
973
999
943
1029
943
1055
999
915
943
999
971
999
999
943
1027
1027
943
971
971
1055
943
915
971
943
971
943
915
999
1055
999
1085
971
971
1001
971
1027
971
1083
943
1027
1055
971
889
1027
971
999
971
915
971
1027
999
943
1057
915
1027
1055
887
971
1001
943
887
943
971
859
1055
915
1055
999
943
1027
999
971
999
943
943
971
915
943
1055
915
1027
971
971
1055
943
1027
887
1029
915
915
971
999
971
915
1027
971
999
999
1027
973
943
943
1055
943
1057
999
1055
943
915
915
943
1055
1055
943
1027
948
1055
943
971
915
1027
999
887
943
1057
915
999
1083
1167
915
971
971
943
1027
945
859
1139
887
915
859
971
915
971
831
943
1083
971
999
999
1027
1027
1085
1083
971
915
887
1027
1055
1027
1027
1055
999
1027
1085
915
915
971
943
1027
945
971
999
999
971
999
943
775
999
1001
971
831
971
945
971
889
859
943
999
999
999
943
1027
999
915
859
943
1027
999
1027
943
1027
1083
915
943
915
1027
971
999
1027
999
971
1027
943
915
999
973
1027
1083
999
971
1055
915
999
999
971
1027
887
999
943
1027
1111
999
971
1055
863
1027
971
945
999
859
887
1055
971
943
887
1055
971
1027
999
999
1055
915
915
859
999
971
999
1055
971
887
999
915
1027
999
971
971
1027
999
999
971
945
915
915
943
943
971
1001
971
1027
889
915
887
1111
1001
915
915
1027
887
1083
971
943
1055
1055
971
971
1027
1027
1027
1027
1083
999
943
1003
943
999
1055
1083
1055
1055
887
887
943
971
999
915
1027
999
943
1055
999
1027
999
971
999
915
943
971
971
971
999
971
999
999
1027
971
943
971
1167
943
1055
1055
943
887
887
999
915
943
915
915
1111
943
915
1027
887
999
915
943
943
1027
887
943
915
1083
1083
971
971
943
915
1085
999
999
887
915
915
1083
887
999
915
915
999
943
943
999
1027
971
971
1027
1027
971
917
1083
943
971
999
999
1027
1027
943
915
915
1027
1027
999
1055
999
971
859
1055
1141
915
999
971
1055
943
971
999
887
915
943
999
999
1139
915
943
1001
973
971
943
971
971
943
943
999
1055
999
943
999
971
1083
999
999
915
1083
1001
971
803
971
915
999
1027
1027
859
971
943
1027
1055
943
915
943
971
1027
887
889
971
971
1027
1027
1029
971
915
1055
999
887
943
971
943
1027
859
1055
973
915
971
943
1083
971
1027
999
999
1055
943
1027
915
943
999
999
945
999
915
943
971
999
887
971
943
1027
973
973
971
943
1027
1027
915
999
971
1055
971
1113
1027
1055
971
887
943
1001
1083
971
1027
999
915
971
915
1027
887
999
971
918
971
971
999
943
999
1055
943
971
971
999
1055
1055
1027
1139
999
971
861
943
1029
999
999
971
1055
1027
999
943
943
1027
1055
1027
1055
1027
971
1001
943
999
943
1027
915
1027
971
1027
1030
999
1111
1055
1111
999
1029
971
971
999
999
859
1055
971
971
887
1055
1111
1027
999
887
1055
1057
999
971
1083
973
999
999
971
943
971
999
943
973
1111
943
943
1027
999
999
971
943
1083
943
1027
1111
1027
1027
943
887
971
915
971
1027
1027
915
999
999
943
999
999
999
999
1027
887
1027
1055
999
1027
999
971
1055
999
915
946
943
1027
1111
999
915
915
1027
887
971
999
1027
915
999
943
1083
1027
971
1027
999
943
1167
1001
943
1055
971
999
1027
1055
915
915
943
887
1027
1083
1027
943
1055
1029
971
1029
999
943
915
999
999
943
1027
999
915
1001
973
915
1167
971
915
943
999
862
971
999
915
943
1027
999
999
945
1083
915
1027
943
999
915
943
1111
1027
999
1083
915
973
887
943
999
943
971
999
887
999
971
999
1027
943
971
971
887
1027
859
1027
999
999
999
887
971
999
1027
971
973
943
915
831
1001
1027
999
1027
1027
1083
999
915
1027
943
971
1003
999
1055
887
971
999
1027
1027
943
999
943
887
1027
973
1027
943
943
917
943
1055
999
1057
1060
1111
999
999
943
915
973
971
943
1055
1055
1057
887
1139
831
999
971
971
971
1027
1055
1027
999
971
943
971
971
971
859
945
971
1083
1055
915
943
999
971
1055
1083
1027
943
1027
999
1055
999
915
1055
943
859
1055
943
1027
971
999
971
1111
945
999
943
1027
1139
971
999
915
1055
999
999
803
971
1027
915
887
943
999
1027
971
1055
1055
1058
1083
1027
1083
971
971
999
971
915
971
887
999
999
1027
999
1055
943
1027
999
971
1002
999
971
1027
971
971
999
915
1083
971
971
999
1027
1057
1027
1027
943
943
1055
915
1027
