370
478
419
241
463
344
315
374
318
289
331
445
336
275
245
379
291
338
268
244
336
498
299
279
382
351
394
364
337
298
267
334
438
379
318
482
325
452
334
438
342
339
412
410
338
453
343
331
327
360
355
343
417
332
424
368
377
377
318
344
362
420
333
298
383
267
402
246
362
376
300
310
230
376
365
414
294
353
296
291
294
382
411
347
362
350
262
462
373
310
300
397
387
276
461
285
348
392
389
296
515
284
459
317
576
256
377
258
281
324
342
337
264
343
340
302
286
355
308
348
432
305
460
362
222
324
235
231
363
339
273
303
391
350
327
348
372
298
362
296
301
392
381
388
445
390
409
293
283
313
282
306
449
349
331
367
315
273
363
358
386
394
323
315
412
265
320
352
312
238
376
270
428
368
264
329
247
329
283
363
352
356
446
334
312
311
306
280
330
256
350
361
373
456
324
321
293
454
343
290
416
341
279
265
427
320
308
365
386
429
385
394
327
314
389
401
317
359
286
411
403
403
301
456
383
262
203
343
347
279
277
368
344
300
365
272
343
351
336
415
284
397
430
421
331
268
264
361
239
316
402
441
458
315
297
269
242
215
353
383
364
307
307
289
445
481
389
305
304
388
344
435
350
278
310
406
430
382
251
381
359
370
434
413
287
359
290
330
382
373
207
393
325
261
337
414
349
422
364
226
410
471
298
284
324
327
381
286
356
306
420
308
349
279
386
318
315
378
252
215
336
276
350
286
276
356
512
343
379
275
236
322
411
331
328
272
295
319
365
301
331
320
228
276
382
429
408
238
366
338
418
318
285
396
323
353
337
339
330
469
296
318
242
392
287
378
315
388
301
359
331
398
277
304
345
349
401
361
245
469
290
361
332
268
390
384
329
358
290
257
426
433
322
297
360
327
355
336
338
290
275
286
362
362
300
262
333
486
332
282
355
359
356
272
353
291
232
304
294
342
410
347
361
359
372
394
310
258
440
411
278
384
258
356
347
415
476
222
336
341
293
314
313
339
264
493
297
365
295
414
404
378
343
389
339
266
336
267
313
424
290
354
374
372
331
342
459
259
401
326
262
415
278
334
410
305
402
278
344
482
314
319
364
355
292
262
410
311
406
250
303
436
438
315
301
313
323
265
258
315
255
260
299
353
300
274
263
305
405
342
435
404
276
384
346
449
295
283
297
414
303
293
327
291
428
273
295
207
292
295
453
249
415
410
318
297
376
340
295
329
233
320
295
335
299
383
290
277
293
290
299
359
364
319
297
399
210
240
309
264
518
336
392
272
421
335
327
348
378
352
305
319
328
295
244
393
331
294
395
370
303
347
439
330
465
279
335
266
320
295
348
286
405
339
291
332
394
386
433
335
405
291
287
334
338
360
431
385
347
445
286
263
296
249
331
344
261
354
254
370
316
352
366
293
310
249
292
309
368
303
415
330
340
307
332
380
429
330
293
322
228
250
295
447
281
421
286
346
314
330
373
360
369
320
313
349
279
388
397
334
363
308
299
447
350
313
310
327
322
397
298
313
347
339
307
369
290
426
259
273
356
353
457
334
322
334
373
422
471
406
349
331
313
364
309
401
284
294
261
345
280
292
359
283
348
289
347
330
323
284
373
321
362
365
303
294
391
235
344
339
333
271
353
313
317
287
346
283
284
248
390
226
232
309
401
251
333
350
435
301
372
313
228
259
330
341
400
393
296
299
317
420
420
346
243
248
377
329
327
350
428
386
255
212
292
240
430
328
347
316
369
360
276
378
293
298
413
311
343
299
390
489
290
335
329
290
294
383
312
424
309
333
477
378
269
234
335
270
297
384
298
385
404
440
317
289
295
324
306
436
379
309
321
260
394
308
306
350
349
331
389
448
426
366
369
424
325
377
247
441
337
255
376
415
404
312
193
417
282
226
289
443
363
295
377
465
345
289
272
254
439
513
262
345
335
303
376
374
333
376
297
298
281
490
391
393
369
309
280
386
310
353
348
474
375
378
281
376
366
410
378
354
492
324
353
333
331
375
306
425
323
267
412
323
502
335
317
364
424
300
326
301
378
267
375
361
362
317
271
377
242
292
343
345
391
459
301
263
519
317
227
443
316
311
288
350
399
279
356
267
376
298
236
293
261
306
338
338
382
199
317
411
344
414
223
356
284
298
388
348
391
295
339
350
271
420
378
255
276
296
233
243
284
402
293
372
334
355
269
310
319
241
427
231
306
227
397
281
302
259
266
409
366
282
348
354
275
269
387
270
401
397
509
463
331
334
373
336
360
364
146
143
98
83
108
126
142
138
154
115
92
143
119
92
104
111
81
143
134
111
133
129
109
95
136
134
152
117
103
115
107
106
134
103
93
73
102
120
111
88
108
129
162
99
128
113
142
130
90
122
112
114
106
136
132
144
135
89
101
112
129
108
115
122
131
101
114
82
102
123
117
135
70
123
140
109
114
110
125
132
114
144
148
130
124
133
136
106
161
85
126
78
114
51
115
133
150
130
143
88
135
95
88
112
102
136
130
107
116
105
92
105
98
94
140
102
99
137
129
99
152
131
99
97
85
136
104
127
134
136
94
75
103
113
98
139
96
88
162
129
88
129
101
100
93
109
162
101
112
108
95
92
143
86
99
118
95
75
129
150
120
132
155
76
158
73
141
108
160
122
120
116
99
99
84
136
118
122
67
102
95
118
131
79
96
131
75
73
141
162
85
122
99
100
96
113
109
124
132
128
107
120
134
130
135
89
150
116
152
94
132
110
109
118
85
139
118
111
99
136
149
81
93
114
139
91
105
129
82
120
162
93
112
106
142
105
137
71
97
111
127
137
130
92
164
77
82
107
105
91
129
110
138
121
124
118
84
107
132
118
94
110
110
101
144
143
120
105
132
115
89
130
128
125
93
143
85
114
105
146
75
103
77
134
81
134
98
114
106
147
60
130
107
137
118
117
88
145
141
105
128
111
95
84
123
102
134
100
100
132
85
131
111
119
112
99
114
159
100
118
123
86
152
126
109
123
85
127
97
67
95
118
138
84
87
99
131
153
107
85
122
148
128
125
147
122
128
102
134
128
116
78
117
111
98
75
124
106
99
146
113
87
117
104
116
122
117
94
80
164
110
113
102
143
91
88
105
122
120
106
125
106
105
137
88
89
93
149
81
90
118
133
101
154
114
87
122
126
118
96
96
100
152
135
81
106
82
124
121
109
136
129
149
144
94
114
111
100
93
131
107
114
157
115
109
80
99
119
132
139
109
103
85
135
95
101
113
82
124
148
148
67
87
100
88
117
133
82
105
130
141
106
99
113
149
80
112
86
72
147
125
153
123
132
104
146
117
138
113
139
105
159
108
61
116
150
105
140
135
89
131
92
117
109
126
121
126
98
106
74
122
77
134
116
106
122
121
108
115
118
135
128
119
151
130
121
98
116
114
102
89
126
119
105
125
132
114
96
151
120
108
134
104
111
100
135
101
101
124
145
84
121
134
102
122
111
144
124
108
127
82
136
135
130
148
95
119
92
114
109
127
141
87
90
103
112
63
114
88
109
117
158
109
140
120
99
70
124
106
100
95
118
112
92
105
120
72
91
127
113
102
94
123
137
98
114
135
141
113
100
124
121
112
139
137
126
94
103
134
85
139
101
98
134
110
112
115
151
99
158
89
101
129
124
121
107
107
99
70
121
94
99
91
118
111
89
125
142
111
123
141
119
75
95
84
149
150
103
84
118
126
82
109
98
121
123
96
99
122
114
112
94
98
111
104
115
99
77
125
118
121
118
97
132
123
115
89
127
148
142
126
94
165
114
115
100
112
97
105
97
80
112
99
127
108
88
111
104
133
131
106
126
119
114
162
96
116
116
79
120
105
72
122
139
109
105
139
113
72
124
140
128
141
128
75
79
112
91
128
136
113
139
84
118
108
79
122
128
97
92
118
94
105
125
125
110
110
117
110
117
94
130
142
120
105
115
96
162
97
110
136
127
110
79
140
112
122
113
127
143
126
99
66
113
133
160
150
121
125
135
74
145
90
120
87
123
102
147
99
135
100
83
156
114
96
85
90
121
122
121
85
139
119
129
104
111
139
73
94
116
102
125
131
103
125
130
107
78
123
140
97
114
99
98
120
95
94
124
149
143
146
76
76
95
81
104
89
147
106
118
136
131
100
126
111
107
71
107
139
97
122
158
86
88
136
109
125
121
101
123
132
140
126
120
114
83
139
109
107
122
142
118
109
117
104
121
123
101
123
128
115
122
141
144
76
103
60
139
102
126
135
95
136
132
112
105
81
120
111
148
128
117
115
102
125
122
107
104
143
108
158
125
140
105
140
101
110
96
122
99
132
154
129
113
165
90
116
79
132
102
103
127
139
84
100
99
129
127
71
122
103
89
122
88
94
131
72
119
121
110
129
97
124
128
117
123
119
113
134
121
132
116
114
146
99
142
121
108
105
128
127
111
115
60
99
103
122
84
101
176
136
89
168
100
101
77
133
111
107
141
96
97
119
119
134
90
90
68
117
123
110
127
146
88
121
131
102
73
120
95
1099
1099
1069
1249
1131
1009
1069
1099
889
1039
1069
1159
1069
1099
1099
1129
1069
1099
1009
1039
1069
1039
1009
949
1159
1069
1039
1129
1101
1069
1129
1099
1043
1039
1069
1069
1069
1131
1159
1099
1069
1099
1009
1099
1041
1069
1129
1039
1039
1009
1099
1069
1189
1099
1039
1039
1069
979
1039
1009
1069
1099
1159
1129
1009
1009
1041
1099
1131
1129
1099
1159
949
1069
1039
1189
1129
1129
1069
1009
979
1129
1039
1129
1099
1189
1039
1039
1069
1009
1101
1099
1129
1069
1009
1189
1159
1159
1069
979
1069
1009
1039
1009
979
1009
1159
1039
1159
1159
979
1009
1069
919
1011
1009
1099
1039
1039
1039
1069
1009
1011
1131
1039
979
1041
1189
1009
1099
1369
1009
1039
1099
1069
979
979
1069
1009
1189
1129
1099
1071
1069
1129
1099
1099
1159
1099
1099
1009
1099
1129
979
1309
1039
1039
1039
1039
1099
1039
1069
1189
1039
889
1159
1009
1009
1069
1129
1099
1009
1009
1069
1009
1012
979
1099
1069
1101
1129
1009
1009
1039
1129
1099
1069
1099
1039
1039
1159
1069
1039
1069
1069
1159
949
1039
1009
1099
979
1159
1099
1069
1009
1071
979
1069
1039
1069
1099
1099
1011
1009
1099
1069
1099
1069
1039
979
919
1069
979
1009
1069
1009
1099
1069
1099
1009
1129
1129
1069
1069
1009
1009
1131
1071
1131
1129
1069
1069
1039
979
1039
1129
1099
1099
1069
1099
1129
1099
1009
1099
1069
1069
1129
1039
1099
1039
1009
1009
1069
1129
1129
1069
1099
1009
1041
1009
1039
1009
1099
1129
1099
1099
1099
1009
1129
1069
1099
1039
1009
1009
1039
1069
1069
1099
1069
1009
1069
1159
919
1039
1069
1099
1069
919
1039
1159
1071
1009
1069
1099
1099
1099
1009
1129
1071
1009
1099
1159
1099
1189
1039
949
1039
1131
1069
1039
1129
1039
1129
1011
1189
1009
1069
1099
1129
1039
1069
1069
1069
1009
1069
1099
949
1099
1071
1129
1069
1099
1069
1099
1099
919
1039
1131
1099
949
1069
1129
1009
1069
1009
1099
1039
1189
1129
1039
1129
1069
1039
1069
1069
1099
1039
1069
1099
1069
1039
1159
1189
1099
1099
1039
1009
1039
1069
1071
1099
1039
1039
1099
1159
979
1069
1069
1069
919
1105
1099
1009
919
1039
1069
1191
1069
1009
1099
1159
1159
1099
1069
1104
1159
1069
1009
1069
1039
1099
1129
1069
1069
1009
1099
1099
1099
1159
1099
1069
1069
1099
1009
1041
979
1099
1129
1069
1099
1009
1009
1069
1009
1069
1039
1129
1099
1129
1129
1129
1099
1099
1069
1129
1129
979
1159
1129
1159
1099
1009
1069
979
1009
1039
1129
1069
1009
1075
949
1099
1099
1039
1159
1039
949
1098
1069
949
1069
1099
1069
1039
979
1009
951
949
1099
1069
1069
1099
1069
919
1069
979
1071
1069
1131
1189
1099
1159
1039
979
1069
1099
1129
1129
1101
1189
1129
1069
1189
1159
1159
1129
1129
1099
1071
1069
1129
1129
1009
1219
981
1041
1069
1009
1099
1039
1039
1129
979
1039
1099
1159
1099
1159
1069
1009
1249
979
949
1099
1039
1039
1039
1129
1102
949
979
1039
1129
1189
1129
1099
1129
1099
1099
1099
1069
1069
1071
1011
1009
979
1039
1069
1009
1039
979
1099
1129
1039
1101
979
1129
1159
1071
1039
979
1009
1224
949
1099
1219
1039
1099
1099
1099
1099
1129
1009
949
1159
1039
1069
1069
1041
1129
979
1071
1069
1039
1039
1039
1009
1069
1009
1099
1159
1009
1129
1099
1129
1039
1104
979
1159
1099
1189
1129
949
1099
1039
1131
1069
1069
1069
949
1069
1039
1129
1099
1039
1069
1069
1099
1099
1189
1129
1159
1099
1219
1009
1069
1099
1159
1099
1069
1159
1011
1101
1131
1099
979
1069
1009
1039
1099
1069
1129
919
1039
1129
1099
1159
1189
1159
1131
1009
1009
1099
1069
1189
1039
1129
1099
1039
1069
949
1159
1009
1189
1069
1069
1159
979
1159
1099
1129
1042
1101
1071
1069
1099
1069
1069
1039
1039
1159
979
1069
1039
1039
1131
1069
1069
1099
1039
1099
1009
979
979
1099
1129
1069
1129
1101
949
1009
1129
1069
1099
1039
1129
979
1009
1099
1069
979
1099
1039
1039
1009
1099
1039
1069
1129
1069
1131
1129
1129
949
1039
1101
1069
1129
1069
1129
1039
1069
1071
1069
1129
1129
1069
1069
979
1041
1129
949
1039
979
1069
1069
1041
1099
979
1069
1069
1039
1009
1099
919
949
1219
1159
1039
1101
1129
1099
1039
1099
1099
1069
1159
1159
1039
1129
1069
1129
1009
1099
1164
1009
1099
1099
1009
949
1039
1039
953
1159
1069
1129
1009
1189
1099
1101
1009
1069
889
1131
1069
1039
1069
1069
1099
1039
1009
1099
1069
1129
1069
1069
1069
1069
951
1039
1039
1069
1129
1159
1009
1069
1129
1069
1069
919
1129
949
1039
1099
1101
1129
1159
1009
1039
949
1069
979
1009
1099
1104
1099
1069
1069
1189
1069
1039
1039
1159
1099
1159
1101
1071
1039
1189
1159
1039
949
1041
1099
1069
1129
949
949
979
982
1009
979
1069
1069
1131
1102
1099
1161
983
1041
1039
1069
1009
1159
1129
1011
1069
1039
1129
1129
1101
979
1041
1069
1009
1072
1129
1101
1129
1039
1105
1131
1099
1071
1041
1039
1069
1069
1129
1159
1069
1009
1009
979
1069
1009
1039
1099
1099
1161
1069
1069
1009
1069
1099
1069
1069
1129
1099
1069
1309
1099
1219
1159
1129
979
1039
1099
1099
1009
1099
1069
1069
1069
889
1069
1159
1129
1129
1069
1011
1159
1129
1159
1041
889
1069
1129
1099
1189
1009
1069
1132
1099
1069
1069
1069
919
1129
1159
1099
1099
1069
1129
1069
1069
1011
1189
1069
979
1099
1249
1129
979
1039
1099
1039
949
1099
1129
1069
1069
1099
1159
1099
1219
1159
1009
1099
1069
