318
358
395
359
293
317
303
345
326
405
315
359
435
433
399
316
280
278
342
405
402
376
275
356
311
447
258
460
396
352
452
339
351
291
324
348
442
344
299
383
354
367
383
338
372
430
389
311
386
411
382
264
361
489
286
401
275
265
417
393
385
403
304
308
344
558
349
268
485
504
271
352
359
348
411
290
273
446
351
178
373
437
414
300
353
366
416
322
404
259
402
247
292
288
396
321
367
305
401
313
328
414
274
302
317
253
347
326
433
331
321
390
269
384
377
264
442
257
386
331
370
417
384
413
355
437
373
331
414
322
375
309
382
451
339
347
377
311
346
473
410
450
272
499
382
437
299
410
267
361
388
327
346
268
268
305
379
391
310
507
395
323
438
322
388
415
334
257
400
373
304
420
451
350
329
349
402
332
369
267
355
287
397
297
335
328
382
411
363
318
269
318
370
363
319
262
346
387
430
464
303
236
354
326
344
345
328
409
303
243
447
359
358
385
220
380
406
420
391
372
378
407
353
445
382
356
332
372
343
324
310
450
360
273
344
414
411
322
375
363
401
275
514
294
368
383
241
349
191
285
361
374
291
375
499
300
450
353
358
310
542
466
436
384
360
376
263
299
326
377
352
341
313
427
236
442
306
322
324
460
378
235
288
332
365
347
299
297
294
373
385
345
351
362
431
296
349
347
257
423
338
310
370
326
337
421
347
327
409
343
499
282
379
421
381
393
452
418
429
369
398
332
311
324
434
336
439
361
269
400
312
339
330
376
482
295
331
372
472
386
372
313
303
417
288
374
298
303
401
356
305
263
412
307
304
303
375
437
381
378
428
464
301
329
330
441
307
311
417
300
351
360
308
416
338
274
431
356
315
347
343
362
341
260
314
443
295
460
284
418
317
322
280
405
430
403
339
409
431
341
310
334
278
485
327
409
281
285
411
378
263
314
296
377
349
393
262
362
294
292
334
330
283
302
362
331
465
325
442
359
324
341
368
481
350
314
327
298
347
363
384
361
458
315
349
368
294
311
401
411
415
428
386
285
405
348
303
282
303
292
345
400
411
324
336
279
333
250
295
298
289
258
283
346
302
257
342
392
422
314
351
420
342
300
388
293
298
373
259
288
415
331
333
303
324
416
267
326
243
365
318
297
456
470
449
444
249
331
467
364
468
343
428
273
347
373
307
382
398
382
460
340
524
301
352
369
323
394
468
336
279
343
301
310
279
269
351
377
345
366
359
293
516
351
336
418
282
604
306
408
437
469
315
286
328
293
302
385
467
438
306
286
299
422
451
327
281
272
328
340
405
415
368
392
369
436
359
253
329
374
395
386
331
348
296
258
371
373
325
345
388
311
336
379
345
329
428
368
388
326
366
440
378
389
409
346
438
242
410
336
367
305
417
422
257
431
430
325
371
364
314
356
298
243
325
229
407
367
439
461
495
404
469
227
314
307
351
405
406
330
343
397
347
347
277
338
560
453
247
356
302
355
301
299
319
350
367
379
483
429
362
340
299
391
380
348
436
316
326
401
236
384
287
403
398
340
353
239
452
200
348
300
338
334
354
343
327
382
333
276
282
290
241
318
433
331
418
327
307
352
481
337
311
322
329
334
356
295
354
318
287
451
315
351
314
427
390
499
404
338
332
289
364
293
272
242
313
328
361
350
344
270
327
476
349
362
407
351
333
359
427
293
324
414
458
367
379
544
314
288
324
331
448
460
290
275
395
435
253
288
363
425
420
302
477
319
297
402
419
345
333
339
325
319
321
402
353
288
438
364
400
281
305
303
264
340
460
289
349
519
432
275
338
346
353
361
302
360
373
325
389
419
383
337
288
298
322
272
377
365
316
272
261
415
305
334
301
371
323
337
328
372
245
333
303
391
356
469
382
397
388
351
429
299
273
510
276
407
378
316
400
355
270
337
487
361
296
371
316
311
369
278
329
312
390
357
268
276
445
257
401
422
392
380
401
270
422
397
262
391
262
430
365
301
360
408
423
371
317
324
457
346
342
305
348
332
292
328
325
418
370
311
245
273
308
362
306
285
353
347
316
390
373
273
373
358
281
344
413
390
384
392
393
448
361
356
431
258
297
443
508
374
385
383
352
347
324
410
386
380
436
341
403
277
356
352
474
335
375
477
397
401
524
358
308
267
364
427
335
410
376
353
285
409
404
300
263
394
257
432
326
251
428
338
385
429
386
335
269
291
568
397
376
341
238
454
275
261
359
271
402
438
397
312
429
372
392
326
513
305
350
303
325
459
316
251
345
300
348
408
99
96
169
128
111
111
107
101
87
96
120
109
87
135
107
125
106
111
121
75
116
150
135
170
128
129
71
105
126
94
114
143
117
107
87
148
158
126
139
150
117
148
134
117
103
131
146
128
140
102
123
111
118
96
133
139
131
100
107
105
126
119
103
127
128
117
141
69
159
119
112
108
161
95
168
109
160
153
133
88
111
143
119
126
94
117
114
123
130
172
102
129
153
122
111
123
114
123
99
112
148
122
153
110
129
111
150
121
117
128
142
105
84
140
138
117
107
131
73
148
108
119
139
138
141
133
134
135
165
120
139
131
89
164
93
66
156
121
119
98
152
129
117
93
128
117
77
108
148
91
112
143
115
140
82
165
166
144
114
109
132
141
105
141
137
132
134
114
108
129
137
107
114
142
101
128
125
126
102
130
139
94
114
81
90
89
92
114
106
111
111
132
75
93
124
116
76
116
110
93
118
112
104
77
129
132
136
125
123
100
126
127
99
151
110
140
100
81
159
138
135
125
154
132
137
129
130
86
111
134
103
99
131
119
123
142
100
113
100
141
116
136
137
149
99
143
106
129
57
134
134
131
139
149
107
83
150
123
151
131
107
114
126
107
110
84
118
122
63
141
87
108
109
155
140
132
136
108
163
141
146
124
120
104
150
88
96
110
107
170
114
97
138
105
95
105
116
100
83
117
127
164
113
71
91
140
159
78
112
155
131
144
102
129
94
134
123
136
109
135
86
77
128
111
76
96
102
90
111
105
110
120
117
145
111
90
86
123
134
112
87
137
99
114
133
149
132
121
143
91
81
113
107
103
116
150
114
105
92
106
92
108
134
146
119
90
130
156
126
118
163
88
122
104
138
137
124
163
125
148
120
137
140
78
116
137
125
133
128
118
152
95
107
107
152
85
165
176
128
130
174
146
122
131
143
98
124
151
99
152
94
99
151
87
146
135
146
131
155
117
141
108
109
114
133
165
140
129
128
172
114
117
123
126
148
146
112
102
110
104
93
124
102
119
169
144
110
57
131
113
105
179
117
129
118
123
143
126
99
157
143
150
66
93
129
122
125
101
118
94
117
92
147
74
102
149
126
117
99
126
105
167
98
132
81
131
101
120
133
76
154
133
116
137
167
117
90
123
80
125
116
102
144
135
152
155
100
133
95
135
164
105
113
138
127
143
135
99
114
135
98
83
118
157
117
117
101
119
111
132
104
116
108
124
141
95
111
123
132
127
146
124
138
81
142
141
112
137
87
96
119
125
109
129
96
120
145
101
144
116
82
121
135
117
96
117
89
111
105
99
99
132
80
132
108
118
167
118
114
144
123
84
144
122
94
71
119
102
163
113
95
131
132
114
159
117
124
140
110
125
105
125
123
135
110
117
123
129
168
117
152
139
96
98
128
129
118
129
137
133
124
115
129
102
147
106
144
129
123
153
126
136
144
90
138
133
169
108
128
93
106
125
135
119
74
138
146
113
86
114
142
123
130
109
140
97
101
117
98
96
118
139
115
114
112
131
149
135
147
146
66
105
132
81
111
91
154
47
120
77
120
98
105
98
105
90
102
128
117
113
129
87
108
81
99
155
118
125
158
125
126
111
182
123
116
125
138
89
125
129
112
154
127
96
86
131
84
141
110
151
78
112
81
153
89
149
133
113
122
103
102
152
96
157
101
143
113
102
131
134
71
102
127
119
118
154
109
124
152
96
112
90
145
145
119
141
152
111
120
127
141
137
144
90
87
108
142
138
99
132
105
105
129
106
112
115
105
147
117
173
156
66
109
101
114
113
135
145
92
102
129
121
120
119
163
134
103
153
109
125
119
117
133
145
91
165
140
87
102
104
131
88
145
87
120
138
93
108
113
108
145
142
84
141
127
111
116
113
158
90
99
60
130
94
124
137
78
130
124
75
87
169
164
115
101
126
116
153
117
130
123
81
104
140
125
93
106
74
77
141
120
110
152
103
102
129
129
122
147
109
117
110
124
118
136
129
135
126
151
155
119
148
123
124
138
134
140
153
92
111
132
101
75
112
93
131
105
172
134
81
122
110
114
114
126
78
119
109
127
129
153
129
132
126
102
130
111
116
156
128
120
118
104
124
134
122
131
113
123
99
106
122
141
115
108
142
129
173
144
129
123
113
117
112
68
95
117
135
112
95
106
92
121
125
123
108
130
128
102
108
142
136
136
101
117
92
158
165
88
121
141
121
83
114
140
162
131
64
82
124
136
119
98
138
120
129
146
111
99
126
141
150
126
160
112
76
141
123
148
162
1173
1043
1203
1171
1171
1203
1171
1043
1203
1139
1043
1139
1171
1139
1139
1203
1043
1139
1171
1235
1107
1139
1203
1235
1139
1203
1043
1109
1171
1107
979
1205
1203
1107
1203
1171
1171
1043
1173
1235
1075
1203
1139
1107
1171
1107
1139
1235
1043
1203
1171
1203
1203
1171
1203
1107
1397
1171
1139
1171
1171
1043
1171
1173
1301
1107
1203
1331
1139
1107
1235
1139
1107
1235
1043
1235
1139
1107
1011
1205
1267
1139
1139
1267
1171
1107
1171
1267
1075
1043
1139
1203
1139
1235
1203
1171
1107
1203
1235
1075
1139
1203
1043
1171
1237
1235
1107
1139
1171
1235
1107
1107
1141
1141
1139
1075
1171
1075
1203
1237
1107
1171
1075
1171
1171
1203
1139
1075
1043
1203
1139
1171
1107
1011
1171
1269
1107
1203
1139
1203
1043
1171
1075
1267
1107
1237
1203
1043
1139
1267
1267
1203
1075
1045
1267
1107
1075
1139
1043
1107
1205
1139
1235
1203
1107
1107
1075
1203
1075
1139
1139
1043
1171
1139
1139
1203
1235
1075
1075
1203
1107
1171
1043
1267
1171
1107
1043
1331
1107
1203
1331
1237
1203
1107
1107
1109
1043
1203
1107
1139
1075
1203
1139
1267
1203
1173
1203
1043
1139
1171
1011
1139
1203
1107
1171
1171
1203
1171
1171
1203
1107
1107
1107
1177
1205
1139
1235
1011
1107
1075
1107
1267
1107
1075
1171
1237
1235
1139
1235
1107
1171
1075
1203
1139
1043
1107
1075
1139
1075
1107
1203
1171
1107
1075
1139
1107
1075
1237
1107
1267
1107
1139
1107
1107
1107
1203
1043
1107
1109
1139
1235
1139
1235
1173
1237
1171
1203
1203
1139
1139
1107
1107
1139
1173
1075
1235
1045
1174
1139
1139
1173
1203
1171
1171
1011
1235
1109
1075
1107
1043
1139
1109
1171
1235
1203
1235
1077
1171
1043
1171
1107
1171
1043
1043
1107
1139
1107
1139
1171
1075
1171
1109
1267
1107
1235
1075
1171
1139
1107
1267
1237
1107
1141
1139
1171
1594
1331
1107
1043
1171
1171
1171
1173
1171
1171
1107
1171
1235
1011
1139
1171
1365
1171
1107
1171
1107
1043
1075
1203
1171
1141
1139
1139
1171
1235
1107
1109
1267
1139
1075
1171
1171
1203
1171
1107
1203
1139
1109
1011
1139
1171
1107
1205
1107
1075
1171
1203
1075
1139
1043
1203
1043
1011
1075
1139
1171
1075
1107
979
1171
1235
1107
1203
1171
1139
1203
1203
1171
1171
1107
1011
1109
1203
1171
1267
1139
1235
1139
1171
1075
1107
1174
1171
1139
1171
1139
1235
1139
1139
1205
1141
1203
1043
1107
1203
1107
1203
1075
1011
1171
1203
1139
1365
1139
1139
1107
1237
1075
1075
1075
1107
1075
1171
1203
1203
1299
1139
1043
1203
1107
1075
1107
1139
1174
1107
1043
1043
1139
1267
1171
1107
1171
1075
1078
1171
1075
1203
1011
1173
1171
1075
1235
1139
1171
1174
1107
1075
1203
1235
1139
1075
1139
1205
1203
1075
1267
1235
1235
1139
1235
1139
1139
1139
1171
1107
1235
1171
1299
1107
1171
1107
1139
1043
1075
1075
1171
1139
1043
1109
1235
1107
1139
1139
1077
1139
1235
1203
1299
918
1107
1267
1139
1203
1171
1173
1139
1171
1107
1178
1107
1235
1107
1171
1171
1139
1107
1107
1107
1075
1139
1171
1139
1139
1171
1075
1267
1139
1011
1075
1203
1235
1171
1203
1237
1139
1299
1267
1043
1299
1269
1203
1171
1043
1107
1173
1077
1075
1107
1139
1075
1203
1107
1235
1011
1171
1107
1075
1141
1205
1267
1139
1139
1139
1139
1301
1205
1171
1203
1203
1171
1043
1011
1171
1171
1171
1267
1139
1171
1171
1171
1209
1107
1139
1171
1203
1331
1203
1075
1171
1203
1139
1173
1203
1171
1235
1107
1267
1171
1171
1139
1139
1235
979
1139
1205
1107
1139
1171
1075
1141
1203
1110
1075
1139
1949
1203
1203
1075
1203
1203
1171
1171
1139
1011
1139
1171
1171
1107
1235
1109
1043
1139
1107
1043
1107
1075
1171
1173
1203
1075
1043
1109
1139
1171
1171
1299
1078
1139
1171
1139
1011
1203
1139
1171
1139
1203
1235
1235
1139
1139
1107
1267
1203
1203
1107
1301
1203
1171
1203
1107
1171
1203
1139
1235
1171
1171
1235
1107
1077
1107
1139
1203
1203
1203
1139
1171
1107
1107
1171
1107
1235
1203
1075
1107
1141
1171
1235
1235
1139
1267
1203
1171
1203
1107
1139
1139
1235
1139
1139
1171
1235
1203
1171
1107
1139
851
1171
1141
1107
1107
1171
1107
1107
1075
1075
1171
1139
1171
1139
1139
1139
1139
1107
1171
1107
1075
1171
1077
1267
1171
1043
1171
1331
1173
1139
1173
1171
1077
1171
1173
1075
1107
1171
1203
1235
1235
1107
1139
1235
1205
1075
1075
1203
1011
1205
1171
1395
1139
1203
1107
1203
1139
1107
1171
1203
1363
1075
1235
1075
1171
1139
1235
1139
1139
1171
1235
1139
1139
1077
1139
1171
1075
1075
1235
1171
1075
1203
1203
1139
1203
1203
1139
1139
1139
1203
1139
1107
1139
1107
1139
1109
1237
1075
1141
1235
1139
1139
1139
1139
1077
1171
1043
1203
1237
1171
1107
1142
1171
1171
1043
1173
1075
1139
1267
1235
1173
1171
1203
1043
1011
1107
1139
1043
1203
1139
1203
1139
1171
1235
1043
1171
1107
1235
1235
1235
1139
1139
1075
1235
1075
1171
1139
1203
1107
1139
1139
1173
1267
1171
1107
1171
1107
1427
1141
1171
1203
1171
1075
1269
1203
1205
1267
1112
1043
1075
1107
1045
1203
1107
1171
1171
1267
1235
1267
1267
1139
1206
1013
1171
1139
1203
1203
1107
1171
1075
1139
1139
1107
1203
1237
1203
1171
1139
1107
1203
1203
1235
1011
1141
1107
1107
1075
1205
1075
1171
1203
1171
1267
1107
1205
1139
1267
1235
1109
1235
1075
1107
1139
1171
1139
1139
1075
1203
1267
1171
1139
1011
1171
1139
1267
1043
1107
1043
1139
1139
1075
1107
1171
1171
1109
1139
1203
1107
1267
1139
1173
1171
1139
1075
1139
