383
326
331
285
393
387
432
383
352
418
345
362
364
386
239
377
372
382
426
387
416
334
383
279
341
534
312
276
259
406
322
304
283
364
398
257
330
309
270
349
321
356
340
397
341
395
305
338
276
478
498
363
343
374
371
324
365
361
364
225
382
415
442
510
256
293
324
409
347
393
371
380
383
285
508
324
389
388
381
411
378
412
442
347
500
439
333
441
417
366
399
326
241
324
395
301
402
353
420
305
298
264
296
439
266
375
408
354
518
473
334
365
372
428
346
377
413
351
402
417
447
369
320
374
397
283
354
307
246
388
347
349
316
394
314
322
341
366
313
414
390
300
408
447
353
386
330
282
311
341
465
279
381
433
327
303
410
349
421
275
345
338
291
315
395
339
475
357
436
332
383
488
324
552
374
417
397
334
403
354
369
391
360
340
415
369
357
339
394
395
346
395
391
319
478
357
435
403
310
345
378
388
606
375
348
490
433
449
333
326
393
405
387
387
364
309
407
355
354
476
320
401
515
489
366
379
371
382
439
383
364
279
349
318
449
424
294
373
430
295
402
413
433
337
303
409
337
478
398
323
394
362
295
289
313
281
400
376
396
399
271
369
452
289
453
284
361
288
300
432
362
321
314
359
256
352
382
418
414
309
415
308
368
340
396
354
323
371
335
417
379
295
415
331
306
328
398
342
357
255
385
296
314
334
402
391
392
393
323
365
422
313
391
287
395
326
285
428
419
310
264
415
307
323
260
394
345
390
353
325
329
317
383
353
401
304
397
342
404
453
379
297
342
412
263
289
370
307
368
316
338
468
302
360
389
308
353
350
306
307
369
351
270
279
350
420
332
355
390
294
360
308
377
249
409
499
356
416
460
440
410
319
272
371
383
313
370
296
337
361
356
363
250
400
359
403
424
466
386
308
378
453
370
566
352
341
298
345
422
349
392
344
292
368
421
335
459
470
296
407
492
378
334
420
295
360
315
315
300
409
373
422
425
329
404
301
336
469
436
456
313
370
335
378
398
350
412
344
494
368
354
341
438
356
322
344
347
308
386
324
350
420
315
384
343
434
395
321
339
384
314
373
311
371
208
361
435
449
344
308
329
360
346
331
465
320
338
347
397
443
401
244
395
346
313
404
399
320
405
259
297
366
400
388
378
445
382
394
366
471
336
323
299
360
415
290
362
382
492
301
485
378
427
321
393
459
399
439
403
306
326
370
342
322
365
325
285
512
222
313
478
320
265
472
376
273
396
378
452
372
362
254
349
334
279
470
357
391
338
410
367
471
378
285
369
354
333
315
321
362
462
311
279
364
357
330
279
361
316
371
500
472
469
375
370
304
475
378
305
293
508
516
362
359
376
357
437
341
415
277
384
454
402
355
416
335
317
322
400
419
375
346
425
332
504
327
425
333
455
427
456
300
452
357
387
380
423
359
297
341
471
365
311
433
412
497
395
322
371
363
280
314
378
510
376
313
356
378
385
290
271
358
400
390
487
333
392
390
404
385
300
445
414
344
344
463
449
281
294
438
373
361
531
410
420
312
365
330
419
372
444
403
450
316
420
407
559
353
441
428
384
450
326
440
357
312
335
408
359
269
277
295
391
453
385
360
367
330
434
420
314
309
364
366
339
412
239
376
454
282
366
406
330
416
355
257
404
380
319
361
346
364
396
301
314
403
410
429
275
408
353
408
309
305
327
344
329
330
369
308
347
412
422
349
403
331
484
323
255
332
316
386
313
429
365
425
313
343
423
350
415
387
272
307
330
505
294
379
345
392
324
418
373
334
392
452
309
389
424
277
317
388
302
485
329
282
423
501
374
352
355
466
330
451
270
366
226
350
390
463
305
303
311
313
378
312
506
326
405
353
324
371
311
379
479
315
353
421
479
400
283
359
267
324
368
274
422
478
409
364
305
355
483
394
333
329
359
411
357
359
345
469
394
361
333
327
461
298
323
373
317
340
341
319
358
392
465
428
343
413
449
436
527
303
356
307
398
405
391
343
412
331
486
355
358
347
385
421
276
342
318
335
378
389
314
436
372
427
298
298
253
412
419
338
344
421
356
366
338
311
399
351
388
412
343
378
311
492
319
394
525
342
373
397
273
472
505
266
380
357
369
298
224
354
319
295
350
341
473
422
298
493
311
383
349
274
334
399
449
391
360
464
326
349
417
333
356
428
410
364
391
419
324
346
369
265
355
279
297
186
344
456
332
402
349
335
366
430
357
397
407
369
328
312
404
337
341
396
268
328
360
376
245
313
458
383
342
391
370
339
103
164
86
126
133
136
126
139
158
118
146
100
119
108
127
150
135
162
121
157
137
113
133
119
135
113
158
115
101
143
125
94
85
112
130
120
146
152
145
113
82
91
129
139
86
116
181
136
133
91
105
181
117
138
123
125
157
156
118
171
120
122
166
135
148
149
100
138
158
103
139
110
93
113
141
110
123
126
175
74
124
124
124
110
109
116
108
100
150
105
166
114
111
155
131
97
133
118
123
135
122
155
124
92
120
129
140
129
142
124
136
98
112
114
75
118
103
101
120
148
77
111
122
160
133
155
120
147
138
118
102
146
149
138
98
98
111
109
83
74
146
150
136
138
121
122
153
99
114
174
139
98
98
157
89
108
136
173
130
148
114
104
125
89
139
80
126
131
125
126
97
136
159
150
111
140
119
142
130
120
104
143
129
143
122
141
109
111
106
125
107
143
163
97
132
148
135
80
111
130
129
158
138
129
122
141
122
157
148
156
124
155
102
127
114
96
74
126
107
112
154
97
89
135
102
116
129
151
109
120
151
129
132
89
139
165
141
101
163
124
123
113
133
149
117
137
107
138
145
59
137
141
88
117
156
132
80
138
120
121
142
141
105
84
115
102
148
134
111
128
117
147
129
120
105
123
114
137
151
115
85
148
129
113
129
139
127
116
92
105
104
161
147
102
136
95
110
151
155
115
145
153
117
132
97
120
105
94
128
139
142
135
110
135
131
100
114
116
133
154
98
128
135
135
124
108
89
119
111
115
120
123
164
135
84
166
162
84
141
157
154
140
152
171
100
131
96
132
130
95
112
145
139
147
138
113
89
115
95
137
114
117
157
123
135
170
102
126
132
121
112
110
96
103
136
137
119
126
110
156
147
122
148
153
111
148
129
109
122
136
125
168
164
86
112
132
86
98
188
154
138
123
79
144
127
95
136
175
117
124
115
136
101
90
112
165
129
128
123
141
119
107
130
120
143
140
143
103
100
114
142
128
117
126
115
149
135
107
160
148
151
163
79
132
105
143
132
123
126
120
150
116
169
137
153
161
159
162
137
83
86
122
104
132
116
95
107
89
140
76
104
169
94
117
57
114
142
99
108
140
118
146
120
141
122
87
149
150
117
104
111
130
97
96
120
132
190
106
96
130
115
128
101
119
110
102
157
167
154
99
103
142
101
134
79
161
145
132
153
93
148
121
133
118
124
117
127
136
132
125
141
156
135
119
103
114
74
99
144
126
139
134
123
126
139
98
95
115
98
159
142
125
96
149
144
123
76
160
98
110
129
91
139
88
118
155
162
140
92
98
125
111
142
138
161
158
150
92
125
104
138
129
118
111
148
121
74
107
90
138
93
112
98
132
99
128
98
105
155
83
140
124
143
185
85
102
116
129
143
156
138
90
153
138
133
111
168
102
110
136
128
139
124
144
153
100
139
108
119
107
139
137
108
71
135
144
135
166
125
152
115
128
163
120
143
117
159
146
86
91
112
114
148
108
144
103
140
136
137
117
148
125
146
179
88
151
130
134
142
114
96
133
115
107
142
125
131
124
127
129
105
111
113
157
154
138
165
132
116
106
102
149
132
141
148
147
137
166
120
114
154
106
102
162
117
135
151
150
150
144
132
127
91
112
105
157
116
116
161
99
127
131
174
80
92
104
88
116
138
95
129
143
140
74
151
136
121
124
98
130
133
132
106
115
145
123
139
148
99
107
147
123
150
113
116
126
124
61
127
108
132
107
118
139
117
149
153
125
115
100
120
138
127
123
130
123
108
94
113
121
159
161
126
131
147
144
146
65
156
102
102
109
185
65
108
120
150
144
134
86
145
126
132
143
146
129
133
98
130
122
109
113
127
156
158
145
139
127
130
109
147
105
124
96
114
155
119
163
134
145
81
133
128
143
144
87
141
96
161
104
99
169
125
108
166
132
103
148
110
59
144
101
151
86
115
135
133
183
143
108
111
135
105
128
94
113
98
150
114
111
131
120
93
110
161
128
108
159
156
132
161
89
127
150
119
155
121
147
53
62
96
124
121
114
140
98
158
104
121
113
151
123
146
110
120
110
75
123
126
122
134
137
87
150
113
92
113
138
155
98
114
78
113
99
84
143
151
143
121
136
127
124
123
164
147
74
151
122
151
160
141
107
133
120
157
100
123
165
127
128
144
153
141
102
101
117
98
110
110
149
162
141
119
130
113
143
109
98
125
62
104
126
158
138
132
111
113
143
140
117
117
101
125
104
121
150
123
141
132
142
117
113
88
142
102
138
148
127
110
98
1481
1175
1209
1311
1209
1277
1209
1277
1175
1277
1277
1175
1175
1175
1243
1175
1175
1209
1143
1243
1141
1345
1209
1277
1209
1243
1209
1313
1209
1243
1175
1243
1073
1347
1141
1175
1143
1243
1243
1209
1175
1175
1209
1211
1141
1209
1209
1209
1107
1311
1314
1141
1243
1277
1311
1107
1245
1107
1311
1109
1144
1243
1209
1209
1311
1311
1243
1243
1311
1313
1345
1209
1347
1345
1277
1243
1277
1141
1243
1345
1107
1311
1141
1243
1175
1211
1311
1311
1311
1277
1175
1175
1175
1277
1175
1243
1175
1209
1243
1141
1209
1141
1277
1277
1209
1141
1177
1277
1073
1141
1243
1277
1311
1277
1379
1141
1277
1277
1243
1347
1141
1209
1517
1141
1243
1175
1279
1311
1277
1311
1175
1209
1345
1243
1175
1243
1277
1243
1347
1243
1243
1277
1277
1175
1345
1209
1209
1311
1311
1141
1243
1311
1277
1107
1211
1345
1311
1209
1243
1379
1313
1379
1243
1311
1141
1345
1277
1248
1209
1277
1243
1277
1175
1243
1243
1141
1209
1175
1277
1209
1209
1209
1211
1245
1211
1175
1141
1243
1243
1245
1311
1209
1243
1209
1245
1107
1243
1243
1209
1243
1311
1209
1175
1311
1277
1209
1109
1175
1209
1175
1175
1311
1243
1243
1277
1243
1175
1277
1243
1073
1209
1311
1277
1243
1109
1277
1243
1277
1209
1209
1175
1243
1243
1141
1277
1243
1209
1243
1107
1209
1311
1209
1107
1243
1311
1277
1277
1209
1277
1209
1141
1209
1209
1345
1345
1209
1277
1243
1209
1277
1175
1209
1175
1209
1379
1279
1107
1243
1314
1277
1277
1209
1141
1141
1345
1311
1311
1141
1243
1143
1175
1311
1379
1243
1175
1175
1277
1209
1311
1311
1141
1243
1277
1243
1243
1311
1277
1311
1243
1175
1277
1107
1345
1311
1141
1243
1245
1243
1175
1243
1243
1175
1277
1243
1311
1175
1243
1345
1175
1141
1209
1175
1209
1141
1209
1243
1311
1277
1345
1175
1209
1277
1107
1243
1209
1243
1141
1209
1277
1277
1209
1243
1177
1311
1243
1311
1345
1345
1243
1243
1243
1211
1175
1345
1277
1209
1277
1277
1209
1243
1209
1345
1141
1311
1243
1175
1178
1243
1243
1311
1243
1243
1143
1277
1311
1209
1311
1243
1311
1209
1107
1311
1243
1311
1379
1212
1141
1243
1379
1175
1345
1175
1243
1175
1107
1243
1209
1209
1073
1345
1245
1209
1311
1175
1209
1107
1379
1243
1209
1243
1277
1243
1277
1175
1243
1209
1245
1243
1243
1277
1243
1209
1209
1243
1209
1243
1175
1175
1311
1277
1209
1243
1175
1107
1175
1277
1311
1311
1277
1243
1345
1277
1209
1379
1209
1243
1243
1209
1277
1345
1311
1277
1107
1209
1107
1073
1243
1175
1245
1277
1277
1141
1277
1243
1141
1209
1209
1175
1277
1311
1209
1209
1209
1243
1277
1311
1175
1209
1243
1209
1175
1311
1243
1141
1143
1345
1175
1143
1209
1177
1209
1313
1177
1209
1211
1175
1177
1277
1243
1379
1209
1311
1345
1175
1209
1209
1311
1209
1209
1209
1277
1277
1277
1141
1311
1141
1141
1277
1243
1345
1243
1209
1209
1311
1175
1243
1209
1245
1311
1209
1209
1243
1345
1209
1209
1243
1515
1107
1243
1175
1347
1311
1348
1277
1209
1141
1243
1345
1277
1211
1280
1243
1277
1209
1107
1175
1175
1277
1277
1245
1345
1277
1311
1381
1107
1345
1209
1243
1141
1243
1279
1107
1175
1243
1209
1141
1243
1347
1209
1243
1175
1175
1211
1175
1175
1175
1175
1141
1175
1107
903
1311
1243
1277
1209
1209
1175
1175
1209
1243
1243
1209
1209
1243
1073
1175
1243
1277
1073
1345
1175
1141
1175
1243
1209
1311
1141
1209
1243
1311
1209
1243
1141
1175
1311
1311
1209
1345
1245
1345
1447
1243
1107
1277
1277
1277
1243
1277
1277
1243
1279
1347
1178
1277
1243
1243
1209
1277
1209
1313
1345
1243
1311
1243
1209
1311
1073
1311
1345
1277
1413
1277
1243
1209
1243
1277
1175
1175
1243
1209
1311
1209
1243
1209
1345
1311
1141
1277
1243
1107
1209
1243
1209
1243
1243
1141
1209
1311
1277
1209
1243
1175
1243
1212
1277
1141
1243
1279
1311
1277
1141
1209
1073
1447
1209
1243
1073
1039
1175
1515
1175
1209
1311
1245
1073
1243
1311
1311
1209
1277
1243
1345
1277
1209
1277
1209
1243
1277
1515
1141
1481
1209
1243
1280
1345
1311
1175
1277
1209
1175
1209
1345
1175
1243
1177
1209
1243
1209
1277
1345
1345
1243
1177
1243
1277
1379
1209
1243
1243
1277
1175
1107
1243
1175
1277
1277
1243
1311
1277
1311
1209
1209
1243
1277
1311
1209
1175
1345
1277
1311
1314
1175
1345
1277
1175
1175
1277
1209
1209
1209
1243
1209
1141
1243
1277
1073
1243
1209
1243
1175
1243
1277
1277
1243
1175
1345
1311
1313
1175
1279
1209
1243
1209
1311
1379
1277
1175
1175
1243
1073
1141
1107
1209
1243
1175
1277
1311
1311
1175
1209
1277
1279
1141
1175
1277
1209
1243
1209
1141
1209
1413
1243
1345
1141
1379
1243
1209
1311
1243
1243
1141
1141
1243
1141
1209
1243
1243
1175
1277
1243
1277
1209
1345
1175
1277
1311
1039
1243
1243
1279
1141
1311
1177
1177
1243
1279
1277
1313
1311
1277
1209
1209
1209
1277
1345
1243
1277
1209
1209
1243
1211
1243
1243
1209
1311
1211
1209
1209
1141
1243
1245
1345
1178
1175
1175
1209
1311
1311
1311
1209
1277
1413
1277
1243
1277
1039
1209
1243
1209
1277
1175
1277
1243
1175
1141
1243
1277
1311
1209
1175
1243
1243
1313
1277
1243
1311
1277
1311
1311
1209
1141
1277
1481
1209
1209
1311
1243
1311
1243
1175
1175
1177
1243
1379
1209
1141
1209
1277
1243
1175
1243
1209
1277
1041
1175
1481
1277
1277
1311
1209
1243
1209
1107
1243
1277
1277
1277
1141
1209
1175
1243
1379
1243
1211
1277
1345
1209
1243
1279
1243
1277
1279
1277
1311
1175
1277
1243
1243
1209
1277
