317
390
520
526
536
301
346
328
413
448
489
300
333
317
328
375
496
427
394
327
313
290
346
443
405
325
457
321
306
330
379
383
476
426
324
466
457
271
358
384
450
345
435
511
358
394
468
287
399
337
460
464
372
464
295
307
416
376
421
414
345
381
379
429
383
316
495
434
475
336
312
363
466
392
352
322
378
439
315
336
407
443
490
427
423
407
463
368
327
395
397
371
515
373
304
514
489
366
377
371
305
405
282
340
363
407
390
327
370
334
386
619
366
400
449
440
467
366
355
556
391
411
373
379
483
404
278
393
369
319
446
404
498
433
387
447
366
536
366
426
334
298
435
405
319
356
324
376
301
334
488
363
357
467
360
326
345
431
369
471
319
370
431
482
363
475
362
385
432
375
344
311
390
355
361
453
405
356
492
454
300
379
374
372
402
547
352
376
336
323
304
346
423
477
305
394
453
370
355
484
338
421
466
380
440
367
417
480
480
327
372
389
399
312
553
276
339
372
417
319
485
243
382
295
276
519
452
421
382
352
409
370
388
524
342
358
304
294
480
449
408
308
441
468
431
317
318
324
317
451
372
293
493
397
346
391
356
482
388
312
381
319
492
446
378
277
432
398
509
357
365
427
322
365
318
379
433
367
374
451
352
354
276
344
488
391
386
381
493
340
460
387
449
348
501
395
341
479
353
298
359
300
285
319
388
292
420
393
384
292
359
349
368
341
505
462
444
400
413
299
444
397
432
373
344
389
313
362
364
365
500
375
415
307
405
472
405
288
489
376
347
393
411
442
306
389
315
301
374
436
542
278
439
379
254
380
350
379
395
284
400
418
321
277
302
290
357
375
423
339
328
366
384
437
390
410
374
373
327
502
344
302
402
351
532
366
332
180
328
356
404
391
369
368
374
447
380
418
324
308
450
471
422
347
443
378
359
353
299
319
361
454
448
408
310
339
337
379
452
319
293
418
279
314
469
338
309
361
403
284
455
448
360
357
409
366
297
373
393
286
325
387
375
383
453
441
420
443
350
261
336
384
320
451
419
508
464
384
467
321
331
415
312
404
293
400
352
486
475
408
350
552
269
321
439
411
270
227
332
323
377
379
389
408
347
545
496
406
353
347
298
352
400
462
333
387
411
460
383
326
418
400
493
404
415
307
398
273
325
273
431
311
354
429
359
452
425
357
397
488
318
358
299
275
315
468
309
420
425
443
262
543
471
400
342
330
348
446
369
443
295
302
417
413
398
360
335
303
306
407
385
346
315
431
320
427
392
338
387
314
316
400
490
404
408
380
397
406
407
323
313
307
349
342
336
562
404
457
363
378
399
315
325
370
276
447
405
382
460
473
433
306
365
321
477
400
353
505
357
371
541
240
364
339
459
420
326
350
433
367
459
446
298
266
410
499
340
365
437
312
364
291
353
447
314
360
422
448
406
326
382
393
472
381
386
323
345
350
325
466
478
293
325
422
428
348
473
419
466
286
447
341
439
456
442
360
304
355
279
398
331
327
448
421
257
601
419
500
326
347
433
288
414
343
380
361
391
364
335
443
440
349
460
536
357
321
371
308
313
327
332
423
456
355
321
343
364
505
396
427
296
479
366
310
550
335
393
327
414
343
368
474
458
299
406
497
437
333
350
344
427
421
325
330
259
325
418
509
286
422
327
288
533
274
392
306
431
383
467
404
400
323
343
325
299
377
454
374
402
445
431
246
467
462
338
342
444
485
416
409
337
371
529
280
397
405
330
295
478
367
359
312
401
377
317
467
376
396
412
305
340
393
317
467
285
362
430
402
383
425
302
350
423
322
439
458
315
256
385
397
306
488
378
465
410
383
328
490
455
324
386
338
373
371
332
445
415
391
342
295
434
467
300
318
329
370
330
359
312
316
276
369
325
396
350
399
393
423
371
369
448
404
382
499
332
479
295
436
333
389
315
415
326
361
423
281
442
425
361
461
312
373
355
345
412
448
366
368
413
353
400
409
403
422
317
421
344
305
240
491
422
418
338
360
550
312
330
367
395
429
358
528
343
510
482
231
464
346
387
264
461
399
377
340
324
443
461
381
405
450
355
449
329
386
358
369
430
345
450
460
349
523
329
370
342
336
293
397
536
301
361
334
401
317
332
325
326
369
457
510
300
315
322
289
415
267
407
478
299
335
332
355
379
435
383
472
353
305
495
318
380
563
435
331
305
314
472
485
455
258
469
440
362
377
312
512
454
400
373
342
440
310
377
415
362
465
340
281
314
403
343
298
425
471
388
411
322
344
403
408
154
162
114
118
138
75
113
110
140
165
150
148
143
157
99
123
128
112
131
117
121
118
147
174
91
117
150
136
116
142
132
126
125
169
96
90
138
99
145
180
105
126
161
175
169
133
114
143
132
153
148
142
123
122
140
128
157
103
163
109
134
137
84
122
143
124
107
128
163
107
135
132
113
119
138
127
139
161
146
125
169
106
149
154
118
86
98
136
116
115
172
141
124
126
134
154
76
154
152
168
158
109
142
134
94
151
136
78
212
151
146
135
124
127
145
109
115
134
124
112
112
142
134
127
139
158
138
117
139
141
144
144
132
147
107
99
141
87
93
121
90
115
111
113
107
132
111
164
138
109
85
123
126
112
122
158
105
97
124
117
145
85
99
97
153
147
106
152
115
151
118
110
133
169
124
138
154
93
139
134
126
130
134
130
147
133
117
148
129
133
150
113
127
130
145
149
137
169
139
119
126
165
140
134
159
67
114
119
125
131
164
109
112
129
144
151
105
132
125
158
164
85
137
123
131
123
104
144
141
159
165
115
74
150
113
104
91
152
103
131
176
171
143
126
111
169
134
158
125
142
114
143
152
130
118
135
173
141
177
119
104
116
153
143
130
113
117
130
137
161
117
141
164
112
107
158
168
144
122
159
149
100
133
124
116
163
139
122
123
102
156
132
126
167
135
125
121
134
173
107
151
126
129
134
92
104
87
130
127
125
81
120
79
108
106
116
128
127
132
106
103
146
154
131
134
152
91
119
151
133
156
155
134
135
139
116
125
137
111
145
112
106
119
91
98
127
131
89
168
88
171
92
101
105
134
87
155
111
109
115
137
119
136
116
118
165
155
99
114
85
161
134
125
119
112
104
164
130
108
173
105
153
170
107
120
168
133
55
148
137
111
120
133
129
150
135
121
123
138
121
120
104
125
107
172
132
93
127
135
111
133
105
123
132
72
117
108
138
114
145
113
153
101
138
185
166
148
109
113
68
143
110
96
120
159
136
116
147
128
150
145
104
91
115
114
114
116
99
121
98
126
117
125
109
123
76
111
117
137
155
121
163
174
130
118
82
125
106
112
141
107
88
172
139
129
153
129
119
138
142
143
120
136
130
116
124
116
156
86
146
161
96
165
149
106
167
159
155
131
104
107
109
92
154
173
135
118
131
87
138
91
132
128
114
179
158
114
136
101
133
137
106
147
131
160
130
106
139
140
126
79
123
150
146
140
121
167
121
133
124
117
137
153
142
145
143
139
138
151
143
146
103
122
125
148
113
145
105
142
161
138
124
128
117
154
146
108
129
116
144
133
122
116
132
150
137
189
133
163
145
107
167
163
100
106
119
83
102
144
124
163
148
168
152
113
111
95
124
134
108
70
137
129
132
75
146
167
107
136
118
183
99
106
114
166
122
137
116
157
111
155
143
139
137
114
158
99
118
111
122
124
111
149
144
131
163
129
152
145
129
147
87
175
138
143
108
143
158
149
125
148
118
131
147
120
136
110
140
85
145
99
151
125
135
123
127
138
120
110
127
139
135
120
132
86
100
160
108
126
109
131
166
132
148
125
88
151
142
121
144
175
172
134
109
88
113
145
137
139
107
78
136
152
122
125
111
110
146
131
164
95
129
143
56
125
148
161
136
132
144
168
158
131
125
133
149
122
71
142
98
156
178
112
130
112
132
115
114
131
96
131
155
173
105
146
121
146
137
114
151
117
157
79
126
167
139
113
121
143
135
136
134
151
110
150
101
135
139
144
132
129
84
144
162
93
97
92
137
141
146
116
158
103
134
152
144
88
119
74
110
159
149
118
145
111
123
154
137
138
131
148
131
94
81
133
154
127
148
94
189
116
113
93
149
148
116
178
139
139
114
139
145
130
148
92
139
85
142
139
135
98
136
125
105
109
126
98
106
111
104
146
114
112
176
113
146
137
145
90
156
146
113
107
185
126
114
140
123
99
147
125
125
126
85
100
93
119
122
125
129
159
138
149
113
140
149
107
106
62
156
145
114
109
136
125
130
163
169
119
132
79
105
112
115
135
156
165
146
143
85
126
108
86
131
102
142
175
101
129
129
106
123
142
144
125
99
150
109
141
94
74
141
131
127
115
135
167
117
107
138
124
135
135
132
137
133
113
142
128
143
117
148
146
132
145
101
107
131
134
117
142
108
94
169
164
173
115
111
123
152
109
91
164
150
96
125
144
109
111
72
109
103
115
95
131
91
136
88
118
167
108
121
141
123
140
144
134
145
160
153
142
151
143
115
149
144
127
109
171
119
1326
1353
1317
1171
1279
1389
1315
1387
1279
1351
1387
1315
1353
1279
1351
1315
1207
1279
1279
1279
1387
1281
1351
1207
1459
1423
1317
1279
1351
1315
1423
1315
1279
1315
1315
1243
1207
1459
1315
1353
1423
1279
1315
1207
1243
1387
1279
1387
1387
1387
1387
1243
1461
1279
1567
1315
1315
1387
1171
1495
1281
1317
1387
1243
1279
1315
1315
1279
1279
1279
1279
1279
1279
1387
1279
1387
1351
1315
1351
1459
1315
1389
1315
1351
1279
1279
1351
1207
1351
1459
1281
1387
1243
1423
1351
1207
1315
1279
1531
1387
1245
1245
1207
1207
1207
1459
1387
1319
1351
1423
1387
1461
1351
1279
1135
1459
1387
1279
1351
1351
1567
1387
1315
1387
1351
1243
1315
1353
1389
1171
1351
1209
1315
1279
1279
1423
1243
1317
1351
1171
1423
1243
1279
1279
1387
1353
1387
1315
1315
1207
1279
1351
1243
1315
1279
1315
1353
1279
1387
1387
1243
1351
1459
1315
1387
1102
1243
1279
1315
1279
1351
1387
1351
1351
1351
1351
1282
1351
1459
1315
1243
1387
1387
1315
1315
1315
1315
1279
1387
1279
1279
1351
1279
1351
1387
1387
1387
1387
1387
1207
1171
1351
1243
1315
1315
1351
1279
1351
1207
1315
1354
1315
1351
1207
1171
1207
1315
1245
1351
1207
1351
1315
1315
1462
1243
1351
1315
1243
1315
1459
1279
1243
1351
1387
1279
1387
1315
1243
1351
1279
1351
1243
1315
1495
1351
1279
1279
1317
1243
1279
1387
1279
1099
1243
1351
1279
1351
1279
1387
1279
1315
1423
1387
1351
1315
1351
1281
1243
1315
1243
1243
1387
1351
1279
1279
1387
1351
1315
1207
1387
1387
1315
1315
1207
1243
1351
1315
1171
1279
1459
1315
1243
1315
1279
1351
1425
1387
1315
1315
1207
1243
1243
1279
1315
1315
1387
1387
1243
1135
1351
1315
1315
1315
1243
1279
1279
1351
1315
1351
1318
1459
1387
1171
1317
1279
1351
1531
1315
1317
1387
1279
1351
1279
1459
1315
1351
1243
1315
1387
1315
1243
1459
1315
1279
1459
1315
1351
1387
1243
1279
1387
1387
1279
1279
1423
1423
1315
1279
1279
1387
1315
1351
1279
1387
1279
1207
1423
1425
1351
1315
1315
1315
1533
1246
1243
1423
1279
1171
1351
1317
1317
1243
1423
1423
1207
1351
1387
1351
1387
1315
1279
1315
1207
1317
1387
1320
1315
1279
1423
1351
1243
1243
1315
1207
1279
1423
1279
1135
1387
1315
1351
1389
1351
1315
1315
1387
1423
1243
1279
1423
1387
1243
1243
1495
1423
1315
1387
1387
1423
1747
1243
1353
1459
1351
1389
1387
1315
1279
1351
1315
1351
1351
1351
1351
1353
1137
1279
1423
1315
1387
1279
1315
1315
1387
1315
1279
1351
1315
1389
1207
1353
1279
1171
1425
1425
1315
1387
1317
1281
1315
1315
1423
1279
1315
1387
1279
1171
1351
1387
1351
1281
1315
1243
1279
1279
1279
1387
1354
1243
1243
1317
1351
1315
1315
1351
1279
1351
1317
1315
1387
1315
1351
1427
1387
1171
1387
1315
1459
1387
1315
1315
1315
1351
1243
1387
1279
1207
1351
1387
1356
1351
1353
1387
1315
1207
1459
1459
1315
1351
1315
1171
1243
1461
1351
1279
1423
1351
1351
1387
1279
1315
1387
1423
1423
1279
1351
1315
1423
1315
1351
1351
1315
1279
1389
1389
1315
1243
1315
1207
1207
1351
1243
1315
1207
1281
1423
1387
1387
1315
1423
1351
1351
1279
1315
1243
1387
1387
1171
1351
1318
1279
1351
1315
1351
1387
1387
1387
1351
1351
1315
1387
1315
1351
1243
1315
1351
1279
1387
1423
1387
1243
1351
1351
1387
1207
1351
1243
1351
1459
1279
1315
1207
1351
1351
1279
1171
1279
1243
1207
1351
1351
1351
1351
1279
1387
1135
1317
1351
1353
1387
1279
1315
1243
1279
1315
1315
1351
1387
1315
1351
1423
1351
1353
1315
1387
1351
1317
1351
1315
1315
1315
1315
1387
1279
1461
1351
1351
1351
1279
1243
1315
1353
1279
1243
1495
1243
1279
1279
1353
1351
1423
1351
1351
1459
1243
1497
1315
1279
1351
1423
1279
1389
1353
1281
1463
1351
1171
1243
1207
1423
1243
1351
1315
1353
1315
1279
1207
1351
1459
1387
1351
1351
1351
1315
1243
1351
1459
1459
1099
1387
1315
1279
1279
1315
1315
1279
1315
1387
1315
1279
1315
1353
1243
1351
1315
1423
1353
1099
1243
1423
1315
1279
1243
1351
1351
1315
1279
1351
1243
1279
1351
1353
1171
1387
1171
1351
1279
1423
1351
1243
1243
1567
1459
1423
1243
1387
1391
1387
1351
1387
1425
1315
1387
1351
1315
1387
1533
1315
1243
1387
1279
1315
1315
1315
1423
1389
1459
1315
1387
1351
1353
1315
1315
1387
1351
1353
1243
1279
1351
1243
1318
1351
1317
1315
1315
1315
1243
1243
1315
1207
1461
1243
1351
1351
1351
1315
1387
1279
1279
1423
1351
1387
1243
1423
1387
1351
1171
1387
1423
1423
1315
1243
1351
1423
1315
1207
1243
1351
1243
1279
1315
1207
1387
1351
1387
1387
1353
1279
1387
1351
1207
1389
1387
1425
1459
1315
1387
1279
1243
1207
1317
1387
1351
1243
1387
1315
1243
1387
1315
1243
1351
1423
1243
1423
1279
1207
1279
1423
1243
1351
1207
1279
1351
1207
1351
1207
1245
1389
1423
1279
1315
1315
1279
1279
1207
1279
1315
1423
1243
1207
1279
1279
1279
1387
1351
1387
1245
1387
1279
1207
1315
1315
1351
1315
1207
1243
1387
1279
1351
1315
1387
1245
1389
1315
1279
1351
1243
1387
1464
1351
1423
1279
1425
1351
1351
1387
1351
1315
1243
1461
1351
1351
1315
1315
1495
1459
1351
1351
1279
1459
1387
1423
1315
1351
1351
1351
1351
1317
1315
1315
1315
1315
1351
1243
1101
1173
1315
1387
1207
1207
1315
1207
1135
1387
1351
1387
1351
1207
1387
1315
1281
1279
1315
1315
1387
1315
1063
1351
1389
1351
1351
1315
1315
1351
1315
1351
1351
1243
1567
1207
1387
1315
1243
1351
1315
1243
1243
1387
1315
1351
