412
433
344
328
425
258
446
424
450
301
320
357
438
349
335
419
371
425
472
287
483
385
317
394
406
355
429
544
459
508
448
413
410
334
392
338
609
389
383
479
535
412
501
393
397
385
417
411
398
355
356
402
323
464
320
337
497
449
525
370
318
334
353
256
389
386
372
427
642
451
99
394
416
405
350
351
343
424
370
431
396
324
479
272
423
468
439
382
359
383
372
413
340
405
391
372
424
445
365
407
417
367
334
319
358
460
404
425
415
377
413
277
326
369
367
249
394
424
352
371
292
367
376
492
305
382
406
392
458
474
495
392
390
387
362
353
310
416
302
323
379
543
407
437
362
362
338
416
301
440
365
456
473
411
417
345
399
507
439
272
329
488
408
383
339
497
368
366
353
403
361
446
397
436
407
462
389
392
307
536
351
328
386
299
496
485
365
348
464
331
602
274
322
287
376
420
506
389
441
330
319
459
369
314
410
329
293
381
382
350
447
454
431
336
410
474
367
388
364
406
426
397
424
380
361
289
293
461
361
343
348
324
551
357
403
360
368
426
260
406
322
322
372
416
341
452
387
340
425
510
458
293
317
477
356
502
375
422
304
402
462
320
397
410
318
336
371
412
369
347
388
415
458
341
611
321
247
335
545
340
566
320
344
498
371
369
382
365
355
371
373
320
407
369
452
360
554
472
417
342
334
323
383
370
310
350
432
409
396
439
372
389
408
479
472
396
477
330
291
328
437
364
396
461
564
381
465
474
427
461
447
296
246
350
420
509
422
424
351
401
294
459
436
357
362
282
354
384
479
431
488
354
341
551
375
290
415
369
372
459
320
482
310
363
443
372
374
460
354
310
465
435
402
343
367
416
296
336
501
506
334
312
304
389
403
345
446
322
366
359
513
475
351
440
304
381
350
343
290
314
338
450
446
422
373
324
277
386
436
419
346
367
343
372
355
326
448
498
422
394
357
360
354
403
423
339
398
400
359
429
431
323
379
368
405
411
423
288
358
470
504
469
380
478
437
419
260
286
443
408
395
389
355
419
322
410
380
347
332
370
465
269
529
411
391
405
507
336
404
487
371
458
296
390
404
409
384
553
404
354
417
369
588
315
496
440
457
405
326
482
396
402
416
365
501
366
466
436
446
376
387
319
362
484
314
387
297
409
404
364
403
498
467
332
442
422
340
449
382
680
353
520
408
430
311
469
356
396
415
466
440
388
422
378
356
353
348
407
433
393
281
396
458
396
376
492
334
322
496
358
478
427
360
496
355
457
465
409
458
532
464
354
315
394
411
420
354
370
358
403
464
428
423
328
523
532
381
421
365
335
471
343
447
483
474
356
578
376
327
347
419
485
388
356
464
480
327
297
458
335
331
388
394
327
399
352
447
315
407
537
371
330
445
476
389
326
520
390
366
381
370
349
334
386
353
457
406
374
412
477
491
404
345
394
431
337
360
276
352
317
352
412
367
435
423
422
399
474
425
411
413
373
322
415
397
573
404
235
352
377
499
326
470
437
357
372
316
355
420
518
441
305
382
351
472
352
422
466
393
382
495
640
435
365
338
375
357
419
372
399
323
380
392
323
481
352
532
471
369
480
355
437
280
435
299
474
450
354
401
439
455
376
438
359
351
415
323
414
455
345
474
372
473
351
316
368
297
507
425
350
566
284
380
396
419
365
554
569
512
447
379
385
370
518
283
507
414
309
444
404
401
447
493
364
386
395
490
445
376
389
284
373
338
349
366
427
355
281
365
345
466
447
403
532
333
508
362
412
379
341
367
496
308
492
295
419
480
293
561
390
386
308
425
383
532
363
429
321
355
308
376
476
470
396
312
560
405
451
350
330
463
403
307
436
479
399
403
464
381
482
492
438
358
477
474
411
390
426
356
455
316
425
469
342
353
405
285
289
498
503
346
335
288
359
387
343
382
272
281
524
383
614
423
381
443
493
471
489
448
361
382
352
405
326
346
411
409
422
402
406
445
480
543
399
301
496
381
375
432
478
385
379
361
353
376
306
475
387
402
442
529
431
342
569
357
447
545
378
469
341
411
288
346
449
555
484
336
360
399
285
447
425
501
445
382
566
404
230
345
421
282
487
372
454
469
462
299
361
436
521
328
399
301
420
307
553
414
343
356
354
350
420
477
441
492
414
434
512
349
440
283
411
335
393
334
458
478
474
398
471
369
373
423
580
353
468
404
434
351
473
424
512
348
381
503
284
441
513
510
443
329
443
346
472
393
445
496
331
360
431
410
355
346
378
396
472
344
327
356
397
117
123
132
105
90
113
150
151
163
144
129
125
192
130
150
129
176
168
153
135
144
153
128
133
132
176
163
110
82
91
117
128
125
186
124
110
93
158
108
161
100
148
139
133
117
110
108
84
138
109
156
137
132
144
112
141
129
129
112
125
151
99
152
138
132
165
140
168
144
119
50
171
111
109
176
84
109
141
106
150
135
155
136
129
114
165
114
158
168
126
114
148
174
135
165
152
98
115
125
148
163
135
138
175
141
145
124
163
102
167
98
143
121
155
159
122
132
174
173
149
88
104
97
139
120
146
152
122
144
161
156
147
94
157
170
156
98
109
125
184
168
176
133
155
120
150
84
159
151
168
140
141
122
177
153
142
138
147
142
167
166
142
131
131
153
171
108
102
171
164
138
123
155
168
80
93
150
159
123
130
114
128
165
101
150
159
116
99
132
171
124
130
114
139
171
102
173
140
119
164
161
157
168
146
127
89
93
120
170
158
118
117
132
60
134
142
96
182
136
110
145
196
177
138
93
119
138
176
138
136
110
141
132
137
142
128
107
151
85
186
125
91
121
172
141
131
158
76
102
148
150
153
82
137
151
165
91
187
141
129
146
114
173
123
166
174
129
150
157
129
130
149
101
138
111
119
135
147
139
134
141
158
176
160
130
74
150
155
132
82
126
167
177
127
124
144
144
112
131
158
103
100
111
144
157
140
153
132
83
119
128
163
154
180
141
192
134
148
163
105
155
161
173
131
120
143
144
141
110
105
132
106
151
113
143
117
130
185
114
96
115
97
159
142
80
128
162
138
136
155
111
165
155
115
163
125
138
122
166
192
134
132
192
84
165
148
108
93
158
114
120
132
151
164
147
126
170
173
154
166
89
134
146
143
135
128
129
155
71
81
119
175
82
143
129
158
105
195
95
144
161
164
111
166
118
159
122
145
129
161
156
120
150
148
142
162
151
146
138
162
96
168
102
113
167
102
142
116
105
99
128
164
117
132
160
156
147
131
157
110
173
137
159
153
129
167
137
115
143
167
129
90
119
170
137
128
98
146
93
120
154
159
104
156
138
142
140
72
123
92
94
111
98
149
160
126
143
157
129
135
147
140
114
117
132
156
123
142
129
172
120
115
150
136
96
126
134
171
132
155
159
139
124
128
152
130
120
186
114
163
55
138
148
146
149
130
162
129
172
147
95
156
111
141
89
160
129
104
117
159
119
117
124
125
136
83
75
87
146
132
110
184
115
197
170
108
143
135
105
120
147
179
153
134
137
78
116
119
155
96
160
117
141
148
135
110
129
120
158
138
142
131
159
148
153
132
115
168
140
111
117
135
171
96
99
111
92
188
148
105
137
138
139
127
126
117
127
174
117
137
139
108
177
90
107
126
140
178
106
107
123
156
75
104
106
117
125
136
111
127
131
133
108
99
113
108
117
115
146
117
96
141
168
129
141
106
86
119
137
174
134
141
84
145
129
177
163
118
144
133
110
179
131
140
120
145
151
73
96
128
129
89
108
118
165
146
146
144
150
147
144
156
183
146
120
160
139
100
160
148
103
108
126
125
127
148
141
145
148
122
126
115
90
109
98
131
136
115
147
170
168
126
148
126
124
141
156
156
78
134
153
99
138
148
117
171
164
120
135
148
201
146
136
121
144
141
130
152
159
111
89
106
192
127
141
129
113
149
151
147
135
114
119
126
143
175
114
126
157
108
129
158
164
101
110
122
111
154
127
159
117
150
157
136
117
111
148
129
134
150
168
120
145
111
120
114
131
126
169
144
138
102
107
132
150
155
147
166
152
159
174
106
115
147
72
165
147
101
141
124
77
165
140
102
146
148
124
111
146
120
153
146
113
125
179
178
164
131
147
143
149
88
148
122
128
140
129
183
135
93
151
125
145
126
86
129
123
141
139
133
103
136
98
90
153
150
157
163
111
129
111
129
144
102
122
101
152
173
129
102
137
144
127
141
123
156
172
121
153
115
114
137
142
120
89
107
138
125
159
184
162
148
143
135
115
163
129
141
140
137
120
141
111
105
136
153
131
80
172
105
132
84
137
92
138
153
135
159
190
147
163
146
153
108
136
114
135
80
103
108
153
129
163
140
97
150
82
98
139
138
123
150
153
149
178
116
194
120
114
119
136
117
144
156
84
153
131
135
99
134
150
99
109
112
110
133
140
145
131
147
126
118
141
138
146
92
138
105
128
162
172
120
176
175
106
143
123
146
161
153
136
150
139
128
140
136
167
139
134
156
140
89
69
149
116
151
128
118
141
128
1425
1389
1501
1539
1311
1577
1387
1387
1387
1311
1311
1349
1273
1425
1425
1463
1311
1311
1311
1387
1273
1387
1425
1387
1425
1387
1387
1389
1577
1349
1349
1387
1501
1349
1463
1539
1463
1425
1463
1539
1425
1463
1501
1387
1501
1349
1577
1273
1463
1503
1349
1389
1501
1387
1351
1425
1235
1539
1349
1349
1349
1387
1387
1273
1349
1425
1387
1349
1389
1501
1425
1273
1387
1349
1387
1311
1425
1349
1349
1501
1311
1349
1425
1311
1311
1501
1349
1387
1273
1539
1463
1463
1425
1387
1349
1501
1349
1463
1691
1387
1273
1463
1577
1425
1427
1387
1387
1387
1501
1463
1387
1387
1501
1235
1463
1311
1387
1349
1425
1387
1349
1389
1463
1465
1425
1349
1503
1349
1353
1311
1501
1387
1311
1311
1387
1617
1463
1349
1425
1349
1425
1425
1615
1463
1349
1539
1349
1427
1311
1463
1349
1349
1349
1425
1349
1387
1425
1425
1463
1349
1501
1615
1387
1503
1387
1349
1501
1463
1425
1615
1349
1387
1463
1389
1349
1351
1389
1425
1349
1501
1463
1349
1387
1427
1387
1425
1349
1387
1463
1387
1349
1463
1311
1425
1235
1349
1349
1387
1387
1349
1313
1349
1387
1387
1463
1427
1425
1349
1425
1539
1767
1501
1501
1273
1501
1539
1463
1501
1539
1463
1349
1311
1463
1311
1387
1387
1387
1465
1235
1387
1539
1501
1501
1235
1349
1390
1503
1425
1577
1463
1463
1463
1463
1425
1311
1349
1615
1311
1425
1425
1387
1501
1501
1463
1349
1463
1273
1501
1425
1389
1387
1387
1273
1501
1349
1463
1501
1351
1428
1387
1349
1465
1349
1273
1501
1425
1541
1349
1387
1425
1425
1425
1425
1387
1425
1653
1349
1463
1501
1425
1387
1387
1273
1387
1387
1311
1425
1425
1349
1463
1501
1463
1387
1349
1463
1387
1349
1425
1577
1425
1463
1387
1311
1387
1311
1351
1387
1539
1387
1539
1501
1387
1311
1277
1425
1465
1425
1311
1501
1615
1387
1387
1197
1463
1425
1463
1425
1273
1349
1463
1387
1387
1349
1539
1387
1539
1387
1463
1311
1387
1235
1390
1387
1349
1349
1431
1387
1349
1349
1389
1425
1311
1387
1501
1387
1387
1349
1387
1273
1427
1501
1311
1501
1425
1425
1425
1425
1659
1349
1387
1387
1273
1463
1425
1463
1501
1387
1463
1349
1391
1463
1425
1501
1463
1463
1425
1425
1387
1311
1387
1539
1387
1577
1349
1387
1425
1427
1463
1425
1273
1425
1501
1387
1463
1463
1577
1425
1273
1425
1349
1349
1273
1501
1501
1387
1425
1235
1425
1387
1539
1425
1463
1273
1349
1427
1501
1503
1463
1273
1387
1349
1387
1389
1311
1311
1387
1387
1664
1197
1463
1349
1311
1349
1349
1463
1463
1311
1463
1463
1539
1235
1349
1235
1539
1427
1425
1387
1387
1273
1235
1463
1425
1463
1463
1501
1539
1425
1463
1387
1425
1349
1539
1275
1349
1311
1387
1387
1311
1273
1503
1387
1425
1387
1425
1425
1349
1311
1425
1501
1387
1349
1235
1501
1465
1349
1349
1425
1387
1425
1311
1425
1501
1387
1425
1349
1387
1387
1425
1539
1311
1313
1387
1387
1577
1425
1425
1425
1349
1349
1427
1501
1349
1425
1311
1311
1387
1463
1349
1501
1387
1425
1425
1273
1387
1429
1311
1653
1501
1425
1387
1425
1387
1425
1349
1463
1463
1501
1387
1387
1387
1197
1463
1387
1463
1425
1425
1387
1501
1387
1463
1349
1387
1311
1463
1425
1425
1197
1235
1501
1577
1425
1463
1349
1463
1313
1425
1463
1349
1425
1387
1349
1463
1425
1463
1539
1387
1427
1349
1311
1349
1387
1425
1311
1387
1387
1425
1463
1349
1425
1389
1425
1349
1235
1349
1389
1501
1501
1387
1463
1387
1501
1425
1501
1425
1349
1273
1425
1425
1389
1655
1425
1387
1577
1311
1427
1463
1463
1501
1349
1430
1387
1349
1463
1349
1311
1311
1503
1387
1425
1425
1311
1463
1387
1501
1465
1349
1387
1349
1463
1425
1463
1349
1463
1425
1273
1387
1425
1501
1501
1425
1349
1311
1387
1577
1463
1463
1349
1463
1425
1349
1387
1463
1501
1387
1349
1463
1615
1425
1428
1349
1425
1463
1463
1463
1311
1501
1389
1425
1463
1387
1273
1427
1387
1425
1425
1349
1387
1387
1425
1311
1501
1463
1311
1615
1349
1387
1313
1311
1235
1463
1273
1387
1387
1387
1311
1425
1425
1387
1463
1501
1427
1311
1501
1387
1313
1311
1390
1311
1387
1349
1425
1389
1501
1387
1577
1425
1501
1501
1387
1503
1425
1425
1387
1349
1349
1465
1463
1159
1463
1311
1463
1463
1463
1387
1463
1463
1463
1387
1463
1425
1387
1425
1349
1349
1425
1349
1387
1389
1425
1387
1501
1503
1501
1501
1311
1387
1463
1539
1235
1577
1425
1311
1391
1273
1463
1539
1387
1387
1387
1541
1351
1311
1427
1159
1427
1197
1349
1501
1463
1463
1425
1425
1349
1273
1311
1577
1465
1311
1463
1387
1349
1465
1425
1463
1349
1311
1425
1425
1273
1425
1273
1425
1463
1425
1387
1501
1273
1387
1387
1349
1311
1273
1425
1387
1349
1539
1387
1387
1539
1501
1465
1425
1349
1273
1349
1501
1425
1463
1463
1539
1425
1387
1425
1387
1425
1425
1273
1349
1425
1273
1425
1425
1425
1235
1425
1425
1425
1387
1387
1197
1463
1425
1387
1349
1501
1425
1463
1389
1387
1387
1387
1427
1351
1387
1311
1387
1427
1539
1501
1539
1577
1425
1463
1425
1311
1387
1425
1387
1425
1311
1501
1387
1349
1463
1425
1349
1349
1389
1389
1501
1311
1237
1463
1468
1387
1159
1463
1349
1501
1425
1501
1311
1463
1311
1311
1387
1349
1463
1539
1387
1425
1273
1539
1501
1577
1349
1387
1501
1541
1273
1425
1425
1539
1539
1387
1425
1387
1387
1425
1463
1425
1387
1425
1425
1387
1389
1311
1349
1463
1387
1387
1427
1273
1387
1311
1349
1349
1273
1121
1349
1463
1425
1425
1349
1387
1425
1349
1387
1463
1349
1463
1539
1387
1501
1311
1349
1273
1425
1463
1463
