352
389
502
317
305
448
415
478
440
462
350
426
351
415
336
402
445
351
385
373
348
628
393
354
374
479
447
400
396
397
561
448
402
426
316
417
307
356
504
412
381
311
428
341
415
438
450
355
480
327
375
352
516
372
491
557
458
344
322
442
350
382
381
412
424
422
364
312
344
486
308
460
463
438
459
539
371
540
382
487
313
462
311
527
501
434
508
474
513
573
519
537
325
495
513
474
439
311
434
511
457
327
393
464
368
628
351
393
293
365
461
506
428
496
391
335
317
336
348
270
405
351
312
315
335
458
461
344
410
309
310
467
394
514
387
542
247
360
309
348
566
354
442
351
489
351
319
423
380
295
431
458
466
316
532
421
340
505
445
384
407
479
449
365
444
436
436
386
511
518
476
528
530
370
415
372
409
399
403
389
453
523
528
458
378
418
442
432
376
355
458
498
365
379
461
460
449
362
388
464
420
456
559
426
421
487
434
428
487
374
305
421
381
376
487
358
431
379
423
442
383
393
538
380
408
331
417
315
444
351
528
397
472
341
423
400
452
447
415
445
452
567
348
438
391
536
405
296
450
428
381
274
314
455
354
472
382
403
427
420
400
400
417
424
394
425
390
527
436
437
364
434
373
349
444
376
359
428
371
461
443
309
352
455
434
359
441
355
416
547
417
421
347
440
455
498
356
413
445
406
443
558
364
399
488
533
364
492
462
346
485
462
432
424
430
382
465
399
395
334
301
409
390
365
371
446
320
414
388
553
459
349
426
394
349
460
506
519
504
358
382
429
469
269
405
344
421
457
414
400
386
384
399
378
364
439
407
498
475
518
402
426
404
362
327
359
524
380
364
340
415
285
481
437
365
435
420
416
378
526
490
325
495
408
429
367
441
310
495
453
352
326
526
366
421
454
463
441
317
408
494
355
379
399
503
354
430
358
306
490
328
533
456
414
299
462
423
483
387
406
364
474
396
416
450
374
397
414
421
349
395
420
467
527
513
288
403
505
307
341
357
313
456
347
450
453
344
344
416
388
327
518
311
487
478
427
528
429
437
388
359
413
347
467
301
512
439
377
345
445
364
434
355
452
404
458
409
351
292
375
381
334
382
348
487
366
351
366
387
407
404
503
414
584
358
499
418
338
484
330
473
546
436
392
449
431
331
350
557
534
420
545
362
483
457
442
454
497
259
486
495
416
490
370
370
351
301
360
329
517
411
353
360
427
367
423
331
460
384
361
422
276
392
296
419
522
451
426
438
496
430
441
431
351
354
435
419
498
354
485
411
361
339
395
496
453
431
334
363
409
386
406
354
442
385
344
539
484
419
523
513
303
359
400
384
381
333
471
352
447
423
385
406
309
415
387
397
417
349
369
519
331
311
364
390
375
288
345
330
386
302
404
382
337
418
357
322
446
379
392
437
398
411
319
405
455
333
367
296
398
365
375
403
345
450
381
401
473
432
426
497
532
367
406
388
408
449
317
349
324
341
415
330
519
380
394
596
389
359
378
427
424
344
376
446
379
338
504
515
446
325
380
350
546
384
483
415
342
451
399
452
434
391
493
386
476
426
429
362
331
378
523
413
419
397
498
384
477
430
387
343
367
436
511
310
575
348
453
343
570
461
390
448
369
434
397
321
443
445
455
387
361
425
428
510
499
413
364
502
394
350
456
396
410
482
321
381
391
417
400
324
392
415
410
341
351
351
438
356
335
299
386
394
350
372
406
314
381
335
427
369
335
365
395
395
313
399
423
411
384
447
422
389
445
360
483
477
341
379
349
410
470
432
442
314
429
348
328
491
514
444
355
404
553
453
385
461
516
442
321
597
392
389
467
300
394
482
388
431
273
397
406
383
438
361
318
451
520
476
481
367
414
595
418
382
412
457
377
396
386
353
491
432
369
437
419
407
449
497
337
518
516
375
435
423
452
383
460
499
416
473
426
512
329
547
371
446
301
377
372
532
391
489
427
343
394
423
406
408
481
434
347
328
449
491
385
382
405
550
462
527
415
519
523
443
432
531
314
385
472
346
364
418
429
401
305
398
332
373
383
420
434
352
380
395
286
298
391
404
416
431
362
444
480
343
412
363
422
337
475
391
427
370
375
451
306
472
359
354
374
325
360
438
638
288
355
345
502
467
326
404
424
394
381
338
416
431
471
498
408
413
320
419
388
349
400
371
365
426
397
366
338
413
325
433
386
399
455
354
327
522
401
390
330
379
338
441
334
484
392
376
472
303
342
350
416
491
353
405
393
385
534
481
395
395
331
410
519
489
385
147
160
98
137
162
165
94
152
133
142
78
93
119
95
107
129
140
125
173
142
131
126
95
152
142
147
103
152
122
141
108
146
119
127
134
114
143
147
154
178
104
118
122
136
165
138
160
122
123
175
98
155
145
119
154
116
103
178
149
119
176
179
139
162
150
187
148
157
201
127
161
134
152
127
101
172
152
155
95
122
171
146
158
104
115
189
148
188
172
104
138
136
157
151
164
145
154
125
162
147
171
157
122
92
120
166
162
100
143
92
134
114
181
183
148
164
92
151
96
179
145
153
136
128
184
142
133
143
151
159
138
143
178
135
112
153
130
172
161
114
168
162
91
101
156
154
92
137
102
162
108
148
123
140
89
125
150
188
140
118
183
152
128
111
149
188
160
127
135
125
171
134
101
74
157
123
193
137
170
148
107
122
100
127
128
138
149
139
109
174
138
144
111
90
161
98
164
159
147
158
150
112
138
96
137
130
107
110
151
185
163
147
138
168
170
114
163
152
153
116
199
146
96
172
114
152
109
144
111
116
133
147
119
125
92
143
105
160
163
119
161
115
111
118
143
184
165
161
125
132
154
122
139
150
171
113
86
122
191
143
151
148
185
137
127
136
127
107
145
111
123
159
172
126
121
146
98
157
193
148
188
107
153
147
121
164
142
143
125
106
129
141
141
127
154
133
138
139
133
175
90
148
175
111
153
126
133
156
150
152
144
144
159
135
149
157
146
168
137
173
136
117
151
131
141
154
163
171
146
175
137
169
144
118
131
115
145
89
120
128
133
126
135
116
121
100
134
138
134
131
129
173
165
182
148
193
189
138
159
147
172
157
146
140
155
130
136
138
174
170
193
135
152
107
146
161
127
160
131
136
140
174
120
147
101
129
159
154
118
165
148
128
137
151
103
152
100
130
124
147
120
133
165
164
152
151
120
183
164
151
152
92
110
142
153
90
156
163
147
130
131
149
181
158
107
171
118
175
157
129
175
173
159
144
133
120
153
131
183
153
86
113
154
154
140
141
141
176
180
152
161
172
124
98
131
108
126
157
109
159
129
150
168
151
150
123
176
143
119
139
116
70
128
148
145
120
154
172
136
82
110
136
135
108
163
149
154
121
136
110
93
140
146
98
133
153
120
175
159
163
107
128
139
161
171
161
148
142
142
94
120
119
148
143
144
150
145
126
81
131
132
155
140
168
178
152
135
179
129
142
119
82
96
142
118
115
114
166
157
102
159
128
160
151
187
156
138
96
150
164
155
143
114
132
173
142
138
120
179
104
96
111
145
122
136
157
124
173
129
147
153
132
172
136
177
127
134
170
182
102
138
112
113
114
121
164
118
155
161
178
134
77
166
188
128
127
115
160
109
155
129
143
140
126
156
140
168
156
167
139
103
140
140
106
145
126
155
74
148
154
178
136
148
116
158
159
117
116
132
133
102
162
168
143
169
132
170
145
128
108
141
119
142
141
111
172
126
123
169
164
107
116
188
110
91
127
128
172
123
127
131
157
147
123
147
157
134
146
142
124
154
154
131
141
83
117
164
82
163
159
118
90
122
147
138
83
150
147
153
162
134
114
160
142
116
117
139
105
119
153
150
135
122
150
147
151
127
168
157
193
177
132
116
139
203
184
118
134
172
169
157
127
125
169
121
116
145
144
152
177
132
136
138
106
162
174
175
144
130
136
130
161
169
165
113
160
137
185
86
137
136
165
145
147
145
164
143
150
109
116
184
127
173
172
144
157
107
114
160
161
138
142
136
163
154
133
115
99
118
157
187
100
125
164
132
135
144
165
152
79
121
140
85
150
116
147
161
157
133
126
122
108
145
129
140
104
113
161
157
168
157
158
162
138
143
143
160
118
139
141
158
181
136
153
159
163
169
140
135
140
131
125
156
183
86
173
157
129
160
104
175
108
155
167
174
142
95
152
92
170
168
150
160
155
123
142
159
161
122
157
173
160
116
160
150
136
147
125
137
160
179
111
87
132
153
144
120
173
114
165
141
120
133
123
107
125
135
152
134
112
126
156
135
170
175
175
115
136
174
140
167
182
109
169
131
129
99
141
109
141
110
102
178
141
135
191
119
111
160
147
159
155
170
133
153
150
145
85
170
138
113
116
60
135
112
139
137
148
140
162
118
172
134
106
111
178
146
132
120
151
173
138
106
194
192
138
177
142
125
118
138
149
157
130
192
117
116
154
136
152
144
139
138
169
150
151
170
135
162
107
145
146
97
135
105
159
156
114
133
119
157
162
166
159
153
94
92
128
133
172
1499
1579
1499
1461
1419
1539
1499
1579
1421
1421
1581
1539
1579
1459
1619
1499
1459
1499
1419
1539
1579
1459
1499
1539
1539
1459
1501
1459
1499
1579
1501
1579
1619
1499
1339
1499
1579
1659
1579
1499
1539
1459
1459
1539
1499
1499
1379
1501
1459
1499
1379
1459
1379
1419
1539
1619
1579
1539
1419
1499
1459
1699
1379
1499
1459
1539
1579
1981
1379
1381
1459
1499
1379
1499
1499
1459
1579
1539
1539
1619
1579
1419
1419
1539
1779
1379
1499
1659
1379
1379
1299
1499
1459
1539
1499
1499
1539
1419
1299
1659
1499
1421
1619
1539
1539
1419
1419
1501
1419
1539
1499
1499
1619
1339
1459
1739
1301
1539
1539
1339
1459
1539
1459
1379
1579
1619
1499
1579
1499
1339
1499
1539
1499
1501
1499
1499
1381
1459
1459
1539
1503
1579
1419
1379
1419
1581
1459
1539
1539
1419
1459
1379
1379
1459
1461
1459
1459
1421
1539
1499
1579
1419
1419
1379
1419
1459
1581
1499
1539
1381
1499
1499
1659
1459
1419
1619
1419
1539
1499
1499
1499
1419
1459
1502
1539
1539
1499
1579
1579
1459
1379
1421
1659
1379
1459
1539
1499
1499
1539
1462
1459
1579
1419
1459
1499
1459
1459
1499
1499
1459
1499
1579
1459
1459
1501
1499
1779
1339
1539
1459
1419
1539
1579
1419
1499
1539
1499
1419
1581
1499
1259
1619
1339
1539
1539
1499
1499
1419
1539
1504
1419
1459
1579
1499
1499
1539
1619
1339
1539
1619
1339
1419
1539
1539
1459
1579
1381
1459
1499
1499
1419
1459
1419
1459
1339
1459
1621
1379
1499
1459
1539
1499
1499
1579
1419
1379
1259
1539
1499
1419
1379
1579
1419
1499
1539
1339
1459
1539
1499
1659
1461
1499
1539
1419
1379
1541
1539
1579
1501
1379
1579
1499
1379
1499
1499
1539
1379
1539
1419
1539
1539
1499
1579
1379
1459
1539
1459
1501
1619
1421
1459
1419
1459
1459
1625
1539
1539
1421
1459
1421
1459
1579
1579
1339
1459
1539
1379
1579
1419
1419
1459
1539
1499
1379
1579
1459
1579
1539
1459
1379
1379
1499
1419
1459
1579
1302
1539
1379
1581
1459
1499
1499
1499
1501
1579
1499
1459
1461
1459
1499
1459
1539
1459
1419
1419
1459
1419
1419
1699
1499
1339
1459
1419
1499
1619
1501
1499
1299
1539
1659
1459
1619
1499
1541
1379
1459
1459
1419
1539
1501
1539
1499
1379
1579
1539
1579
1499
1499
1539
1419
1459
1499
1419
1459
1539
1421
1539
1579
1581
1379
1619
1659
1499
1499
1539
1619
1459
1459
1419
1539
1499
1459
1539
1501
1619
1619
1539
1579
1539
1459
1539
1419
1499
1539
1499
1499
1499
1459
1379
1499
1459
1539
1459
1499
1499
1499
1459
1539
1459
1419
1539
1539
1539
1381
1379
1461
1379
1499
1459
1459
1461
1459
1539
1379
1739
1499
1541
1539
1659
1499
1419
1459
1579
1419
1419
1579
1619
1499
1539
1579
1459
1501
1539
1539
1619
1419
1539
1499
1499
1499
1499
1459
1459
1459
1499
1499
1499
1659
1459
1459
1699
1459
1459
1539
1259
1539
1421
1499
1379
1379
1501
1499
1459
1539
1459
1381
1339
1579
1499
1579
1539
1501
1419
1419
1459
1539
1459
1499
1619
1579
1619
1579
1499
1659
1499
1459
1499
1539
1419
1579
1499
1459
1539
1379
1539
1581
1539
1579
1539
1301
1459
1499
1459
1459
1459
1379
1459
1499
1659
1459
1539
1419
1419
1419
1659
1619
1539
1459
1379
1499
1459
1459
1499
1539
1539
1579
1539
1459
1539
1419
1459
1259
1539
1459
1539
1619
1459
1461
1539
1459
1501
1621
1499
1539
1701
1619
1459
1579
1619
1579
1459
1459
1499
1501
1339
1499
1459
1579
1541
1539
1539
1421
1539
1539
1579
1379
1259
1699
1459
1339
1539
1499
1539
1539
1619
1421
1539
1459
1459
1419
1459
1579
1986
1539
1459
1539
1419
1419
1619
1419
1461
1459
1499
1499
1419
1299
1539
1259
1499
1539
1459
1579
1541
1459
1459
1459
1459
1499
1499
1499
1619
1619
1499
1501
1499
1459
1299
1459
1299
1499
1339
1419
1619
1501
1419
1579
1539
1459
1459
1499
1459
1379
1299
1499
1499
1659
1579
1379
1499
1539
1659
1419
1499
1579
1459
1499
1459
1459
1499
1461
1499
1419
1579
1579
1499
1419
1659
1579
1459
1459
1419
1619
1499
1379
1499
1579
1579
1579
1341
1499
1779
1659
1339
1461
1499
1459
1499
1421
1381
1579
1539
1459
1501
1619
1259
1419
1539
1539
1499
1339
1499
1499
1499
1539
1419
1499
1379
1499
1499
1579
1339
1459
1499
1459
1499
1579
1499
1499
1459
1501
1419
1419
1539
1499
1379
1499
1541
1419
1459
1459
1499
1419
1461
1619
1499
1539
1459
1499
1541
1419
1339
1539
1579
1539
1461
1499
1499
1499
1579
1379
1499
1539
1459
1419
1459
1619
1219
1499
1339
1539
1539
1579
1579
1459
1339
1499
1539
1381
1501
1539
1539
1539
1539
1459
1499
1339
1499
1421
1459
1499
1579
1579
1539
1459
1539
1499
1419
1539
1421
1459
1579
1539
1459
1499
1419
1459
1541
1419
1219
1459
1499
1539
1459
1459
1379
1459
1419
1499
1379
1539
1419
1419
1499
1379
1499
1499
1619
1339
1499
1539
1499
1579
1539
1499
1339
1619
1419
1499
1459
1423
1419
1619
1539
1579
1579
1659
1579
1499
1339
1539
1579
1499
1541
1499
1581
1659
1539
1461
1539
1379
1459
1539
3138
1539
1579
1499
1499
1419
1499
1579
1543
1539
1459
1579
1499
1619
1379
1499
1339
1539
1459
1339
1459
1459
1419
1539
1539
1619
1379
1419
1459
1619
1579
1419
1339
1339
1419
1339
1579
1459
1499
1499
1579
1459
1579
1299
1619
1459
1539
1579
1619
1499
1499
1619
1499
1539
1539
1539
1499
1539
1419
1339
1339
1539
1419
1379
1619
1419
1499
1499
1419
1379
1379
1541
1379
1539
1421
1499
1419
1579
1539
1459
1459
1539
1419
1539
1379
1339
1579
1539
1499
1459
1499
1579
1459
1419
1539
1459
2699
1539
