474
437
438
347
466
561
397
423
428
412
492
442
505
397
374
348
441
385
359
575
414
504
472
296
402
423
387
548
324
610
480
497
421
354
332
406
470
327
390
431
384
403
586
439
380
462
359
550
584
430
451
396
490
338
440
396
404
339
411
427
438
429
424
491
368
440
474
561
370
350
432
403
503
437
344
356
479
339
334
427
419
443
398
530
368
577
386
579
483
370
492
352
404
531
374
375
478
347
360
330
373
431
345
601
446
370
476
430
345
491
373
330
408
369
429
440
429
516
383
438
364
442
488
470
326
417
303
292
364
418
363
387
479
370
418
379
353
386
387
498
388
389
407
392
458
398
440
365
368
341
449
400
385
435
337
381
294
400
488
463
476
589
412
407
465
350
442
458
408
490
397
382
467
478
469
342
346
499
479
334
552
436
349
436
351
436
361
385
422
365
486
448
351
426
336
379
427
399
411
522
427
410
496
343
382
439
468
309
432
334
347
476
476
341
390
476
519
352
419
473
447
451
351
317
498
308
400
507
440
341
463
428
341
419
592
410
400
431
492
401
381
515
381
393
426
422
501
460
434
331
397
452
409
352
364
387
392
348
403
547
364
448
531
448
371
422
404
439
351
349
328
384
446
395
524
426
362
411
372
448
341
415
417
365
447
418
346
405
341
444
261
637
347
418
470
363
485
322
380
431
550
301
427
498
336
358
551
465
632
476
359
351
418
464
299
488
506
315
432
533
337
446
448
437
432
397
341
547
579
375
469
356
480
384
596
406
404
476
396
472
345
470
295
402
522
479
409
388
563
512
413
464
381
328
428
467
360
396
469
512
475
463
378
500
355
351
552
419
439
370
391
378
425
328
419
341
413
421
390
453
310
460
370
368
356
460
491
380
431
393
391
294
415
492
513
427
375
425
410
361
383
465
508
421
319
337
475
422
392
522
436
449
395
505
381
296
525
427
392
386
493
389
542
490
489
364
422
530
421
374
357
396
349
314
478
414
440
498
381
427
464
342
464
365
606
412
345
401
517
426
454
459
479
410
376
657
465
444
510
433
427
421
466
607
337
450
466
479
429
397
476
380
507
329
272
430
330
541
405
370
355
308
415
480
291
448
565
411
334
354
512
500
336
441
466
357
448
547
456
522
365
540
455
441
594
513
436
369
478
438
414
565
320
453
434
401
427
448
418
475
500
328
585
358
355
442
356
440
484
587
457
376
469
443
333
415
487
467
427
379
417
480
395
535
304
398
487
510
347
396
353
443
431
540
403
375
342
479
368
386
375
309
529
441
472
357
486
393
524
495
319
499
519
400
396
604
431
405
498
372
435
479
373
337
370
397
419
487
376
451
418
336
393
391
402
404
422
449
366
401
512
442
449
290
464
451
483
468
315
410
362
532
396
409
468
375
469
457
354
369
397
475
654
524
376
548
448
401
337
382
321
464
484
393
516
439
423
418
329
472
367
385
425
526
362
383
552
421
489
408
362
396
404
463
282
433
420
472
336
295
396
393
426
324
435
460
395
370
429
402
485
376
454
477
393
431
487
407
516
502
461
387
482
535
550
324
418
328
506
387
512
375
347
482
414
601
286
452
366
429
359
435
480
690
313
464
590
357
443
435
363
392
372
481
400
404
526
429
359
340
344
327
516
450
430
476
332
484
524
343
384
400
320
467
451
336
355
335
376
480
350
436
298
328
511
456
405
410
496
379
407
388
454
553
450
408
439
313
396
532
552
338
382
436
411
477
326
419
338
429
390
560
456
398
557
543
343
363
390
451
371
443
349
550
356
334
396
409
370
362
378
384
487
374
332
432
237
312
382
395
355
481
292
420
417
498
451
351
401
363
410
478
413
387
307
427
531
446
475
453
517
316
374
398
398
520
392
467
428
466
482
337
500
366
363
432
336
431
351
431
425
392
374
279
459
520
391
330
327
378
425
416
399
302
417
442
445
382
404
507
401
472
462
349
326
378
438
383
421
418
406
481
300
364
386
403
438
427
464
422
404
379
377
464
461
468
457
383
405
355
388
404
385
414
443
453
491
466
458
501
485
438
516
399
458
452
360
433
360
463
481
377
440
562
337
337
368
432
340
406
469
512
376
324
430
433
374
447
304
490
447
346
452
469
336
485
427
290
367
377
346
383
462
411
339
395
483
361
405
406
328
423
409
375
371
302
475
520
358
333
324
376
397
461
469
283
401
417
440
569
301
507
253
493
389
457
385
379
461
388
327
515
366
325
402
313
419
442
570
278
528
546
527
459
349
381
388
436
393
416
178
163
152
181
106
93
157
115
141
145
102
164
176
125
130
137
175
159
164
170
169
182
140
127
118
167
112
144
92
131
128
175
129
130
168
133
105
125
93
128
138
148
191
150
131
166
168
178
149
166
144
172
181
151
162
174
174
172
136
161
122
219
167
181
82
165
164
128
127
158
124
155
122
126
174
117
161
184
99
121
119
135
166
165
102
141
186
138
177
165
173
137
111
124
140
121
178
99
179
125
145
137
167
146
170
187
158
161
158
150
138
154
129
166
170
136
172
171
138
185
181
130
134
132
102
159
155
82
140
185
114
162
175
172
131
143
105
140
168
122
127
146
136
111
148
175
142
180
165
120
183
173
164
125
172
141
150
141
130
159
200
179
160
144
183
134
170
194
139
120
88
113
198
135
132
180
149
180
168
158
166
177
98
174
142
163
168
133
143
143
119
164
151
150
124
159
158
153
152
147
146
92
143
177
136
119
96
181
140
113
101
198
198
181
125
145
182
174
141
155
121
183
140
134
145
114
145
133
147
176
122
82
90
153
100
167
141
145
142
149
188
129
159
141
143
144
144
153
133
167
167
129
125
155
186
149
117
91
169
153
172
177
151
168
140
151
147
197
162
166
114
171
107
125
179
146
156
109
149
151
146
140
143
141
120
137
164
167
137
163
151
185
120
155
157
121
126
153
161
132
151
205
123
156
169
98
165
126
132
140
115
164
131
191
116
154
76
200
160
144
170
147
158
187
153
160
116
176
137
125
85
121
155
167
144
161
160
165
128
160
137
124
167
159
110
165
128
126
156
97
111
168
163
161
117
156
149
173
180
150
129
163
160
207
163
175
112
124
106
143
184
169
131
169
134
137
183
110
141
123
171
175
164
159
166
143
132
183
136
166
141
108
129
138
125
186
173
169
163
120
117
171
126
129
122
176
140
145
180
111
138
157
121
156
169
143
164
173
111
155
187
140
130
128
188
179
123
132
173
112
137
157
128
108
125
157
111
149
134
182
161
146
159
133
166
99
141
168
111
204
144
151
146
163
123
162
111
187
117
118
133
118
143
109
178
166
171
184
139
172
127
176
158
203
160
85
163
178
168
138
180
93
134
148
85
101
121
151
148
173
154
179
119
139
161
113
166
161
130
190
160
163
157
161
143
155
189
178
119
164
166
149
138
133
169
129
170
137
109
127
147
217
195
122
178
170
93
159
151
113
165
129
182
129
158
166
97
127
153
140
181
143
173
173
160
167
179
164
106
139
202
136
182
110
167
145
176
84
125
139
104
170
164
168
161
180
134
168
166
152
117
144
138
162
96
159
148
129
199
113
149
174
127
159
152
148
174
129
152
171
130
146
161
114
130
119
148
151
166
155
183
125
142
171
130
138
165
150
153
132
123
161
96
189
180
182
145
149
200
166
140
184
143
152
157
170
134
113
109
154
105
162
129
159
122
81
183
136
152
137
174
154
164
134
122
145
147
150
177
181
133
101
106
146
132
141
153
129
96
75
118
134
118
161
167
123
191
103
176
163
131
119
193
137
143
179
119
105
178
126
174
129
137
118
162
177
76
128
132
162
124
137
158
82
85
123
153
178
132
160
103
171
131
166
171
108
176
159
156
105
126
127
162
85
126
154
175
162
141
87
144
151
169
171
164
166
122
137
125
164
199
172
179
136
135
163
132
169
158
146
150
178
115
150
130
136
136
146
194
165
124
99
82
166
128
166
206
156
142
131
132
130
144
172
141
142
165
173
158
185
134
179
128
166
152
143
108
171
118
109
134
148
145
161
162
143
173
112
150
150
91
114
160
153
110
100
155
124
160
129
117
146
133
128
107
130
163
110
159
138
215
177
154
143
119
136
109
157
160
131
173
135
132
135
165
143
143
169
112
141
163
159
163
132
165
149
74
129
156
166
98
189
113
157
175
119
136
108
72
155
145
105
140
147
125
131
160
112
163
107
114
169
124
92
101
145
151
170
159
180
133
173
137
140
115
156
137
155
143
155
152
141
181
180
124
148
165
160
163
156
125
171
150
146
127
169
140
142
150
130
171
164
113
134
124
148
167
161
157
146
125
164
136
164
80
130
159
132
174
102
141
169
103
142
172
141
172
158
138
138
173
119
154
166
175
165
172
131
141
123
163
171
112
143
202
91
151
149
135
94
165
130
158
182
145
146
114
162
118
121
163
159
163
124
185
141
162
166
166
163
150
138
124
202
155
135
200
92
163
144
100
151
173
144
154
188
144
175
171
133
156
109
173
181
154
163
131
153
172
148
1491
1615
1657
1615
1615
1573
1531
1615
1531
1615
1615
1573
1531
1531
1615
1657
1492
1699
1573
1447
1575
1615
1701
1573
1699
1615
1741
1573
1573
1615
1533
1573
1573
1531
1405
1615
1615
1615
1741
1741
1825
1489
1531
1405
1615
1617
1531
1573
1447
1531
1531
1575
1489
1531
1405
1825
1531
1405
1489
1489
1699
1489
1531
1657
1573
1447
1657
1657
1489
1615
1447
1615
1573
1615
1617
1783
1615
1531
1615
1615
1531
1447
1615
1657
1615
1615
1657
1489
1533
1531
1615
1617
1657
1657
1615
1489
1657
1659
1615
1531
1531
1741
1405
1533
1533
1615
1657
1699
1573
1701
1617
1615
1531
1531
1615
1531
1699
1741
1573
1573
1615
1531
1489
1573
1615
1531
1615
1531
1491
1531
1573
1363
1741
1533
1657
1531
1699
1657
1531
1657
1573
1699
1657
1573
1531
1447
1533
1531
1405
1447
1531
1573
1615
1699
1657
1531
1447
1573
1489
1531
1363
1699
1447
1573
1405
1489
1447
1573
1531
1489
1531
1573
1531
1573
1615
1615
1660
1573
1615
1741
1573
1657
1573
1615
1405
1657
1405
1573
1489
1573
1615
1615
1447
1531
1573
1489
1615
1447
1615
1573
1657
1699
1531
1741
1578
1489
1615
1489
1489
1657
1615
1573
1615
1531
1405
1657
1405
1741
1489
1531
1447
1657
1531
1573
1489
1573
1489
1531
1531
1531
1489
1615
1573
1489
1573
1615
1615
1449
1447
1615
1615
1489
1615
1573
1573
1573
1531
1405
1531
1657
1575
1489
1489
1615
1573
1615
1615
1741
1615
1489
1489
1573
1615
1489
1573
1741
1531
1489
1657
1657
1615
1615
1783
1783
1573
1573
1573
1573
1657
1363
1405
1701
1447
1573
1619
1573
1573
1615
1657
1657
1533
1489
1573
1531
1447
1573
1447
1657
1615
1573
1531
1533
1447
1573
1573
1573
1447
1531
1491
1575
1615
1615
1657
1531
1489
1657
1573
1321
1573
1825
1615
1573
1531
1615
1741
1573
1321
1573
1447
1783
1615
1617
1531
1699
1615
1615
1447
1489
1573
1573
1615
1615
1531
1825
1489
1657
1535
1531
1575
1531
1743
1531
1657
1531
1531
1699
1573
1531
1657
1531
1489
1531
1783
1489
1615
1615
1573
1783
1447
1657
1699
1575
1657
1573
1531
1741
1489
1657
1531
1531
1489
1615
1531
1531
1573
1573
1573
1573
1447
1615
1699
1573
1531
1657
1741
1699
1531
1657
1657
1657
1531
1573
1657
1657
1573
1699
1615
1657
1617
1573
1657
1573
1615
1657
1659
1489
1365
1699
1657
1489
1573
1573
1573
1573
1531
1531
1573
1447
1657
1615
1531
1657
1575
1615
1746
1531
1573
1699
1615
1573
1573
1657
1699
1615
1531
1531
1657
1489
1576
1531
1531
1615
1615
1489
1615
1573
1405
1657
1531
1489
1531
1447
1573
1489
1615
1531
1447
1615
1489
1615
1531
1867
1657
1573
1405
1783
1573
1615
1489
1573
1573
1531
1531
1531
1657
1575
1573
1573
1489
1577
1615
1489
1657
1620
1615
1657
1699
1447
1657
1405
1657
1657
1615
1825
1531
1533
1489
1531
1657
1699
1531
1573
1657
1615
1491
1489
1489
1615
1573
1615
1573
1615
1489
1363
1573
1657
1573
1489
1699
1531
1615
1489
1531
1699
1363
1573
1489
1489
1573
1615
1531
1699
1489
1573
1657
1699
1491
1447
1657
1615
1531
1615
1363
1573
1531
1531
1573
1573
1531
1785
1615
1615
1447
1489
1363
1657
1615
1657
1531
1405
1615
1447
1531
1615
1615
1699
1531
1533
1699
1617
1615
1531
1657
1699
1573
1573
1615
1657
1449
1657
1727
1615
1533
1615
1615
1531
1615
1615
1531
1783
1615
1531
1489
1743
1491
1741
1657
1615
1615
1573
1657
1447
1657
1491
1489
1531
1489
1447
1573
1489
1615
1531
1531
1531
1657
1615
1531
1657
1657
1573
1531
1573
1741
1491
1447
1615
1531
1531
1615
1657
1657
1825
1575
1489
1615
1573
1573
1531
1573
1573
1573
1783
1615
1447
1657
1489
1741
1407
1575
1573
1489
1531
1573
1489
1657
1699
1615
1615
1657
1531
1489
1657
1615
1489
1573
1447
1657
1531
1657
1489
1531
1741
1615
1615
1531
1447
1573
1615
1657
1657
1699
1617
1657
1531
1699
1657
1573
1573
1615
1489
1531
1489
1531
1489
1489
1573
1573
1699
1699
1573
1657
1699
1699
1657
1657
1447
1531
1447
1489
1615
1573
1489
1489
1489
1489
1657
1531
1405
1702
1573
1615
1405
1489
1573
1615
1576
1657
1489
1615
1575
1657
1573
1615
1573
1531
1447
1785
1573
1573
1573
1657
1573
1657
1489
1699
1447
1533
1657
1573
1531
1531
1531
1701
1531
1699
1615
1531
1489
1489
1531
1489
1657
1489
1657
1489
1405
1657
1489
1534
1657
1573
1531
1575
1449
1491
1531
1531
1573
1657
1951
1531
1699
1449
1659
1783
1615
1531
1615
1657
1531
1573
1618
1573
1531
1321
1662
1657
1825
1405
1489
1615
1489
1531
1573
1531
1533
1531
1825
1531
1573
1405
1489
1575
1573
1615
1489
1659
1531
1615
1573
1447
1615
1489
1615
1531
1531
1617
1657
1573
1573
1615
1575
1531
1489
1573
1615
1657
1447
1783
1573
1573
1531
1701
1489
1531
1531
1615
1531
1657
1489
1659
1615
1575
1531
1699
1531
1573
1699
1321
1615
1573
1531
1489
1533
1615
1489
1531
1489
1489
1573
1531
1573
1615
1615
1699
1573
1531
1531
1573
1657
1573
1489
1573
1615
1573
1615
1531
1531
1491
1657
1573
1531
1531
1531
1573
1573
1531
1573
1489
1617
1615
1573
1615
1615
1657
1657
1615
1573
1741
1531
1825
1617
1449
1615
1657
1447
1489
1489
1533
1531
1489
1615
1531
1531
1615
1531
1699
1573
1699
1531
1825
1657
1659
1615
1363
1573
1659
1531
1531
1617
1699
1657
1573
1573
1657
1531
1615
1615
1615
1531
1615
1657
1405
1531
1531
1699
1531
1573
1531
1573
1365
1573
1575
1615
1447
1491
1489
1615
1575
1615
1489
1489
1531
1615
1575
1573
1701
1405
1531
1741
1489
1615
1407
1531
1615
1489
1615
1531
1489
1615
