359
386
439
430
460
401
377
366
391
489
448
431
442
487
629
416
455
567
421
396
493
344
429
347
369
506
395
452
338
599
321
525
478
423
537
412
342
455
423
417
491
471
514
577
473
392
284
469
539
358
469
330
403
439
319
411
561
420
430
476
400
464
340
541
391
401
471
379
366
543
428
476
389
415
433
388
330
397
477
458
509
310
392
343
619
454
474
407
505
482
452
537
423
403
354
390
499
356
444
486
376
384
442
458
518
431
430
359
339
453
416
360
425
497
419
485
544
475
644
469
419
491
331
434
380
301
478
511
393
317
446
540
483
342
379
346
325
445
332
464
432
530
493
476
400
485
355
328
591
385
414
402
372
452
451
618
493
554
533
588
386
373
396
510
492
551
372
552
411
509
483
398
326
510
477
424
408
401
507
426
476
418
465
389
400
436
293
408
418
422
382
313
539
396
445
427
412
512
359
427
374
413
469
424
418
575
371
444
621
475
369
500
493
415
360
388
429
389
433
423
521
351
358
369
474
508
472
482
449
415
358
438
408
378
440
335
517
433
587
500
418
399
471
368
442
378
509
444
380
377
400
357
583
444
418
515
381
558
409
479
357
426
462
628
395
416
464
514
436
529
524
370
457
312
389
471
382
402
486
371
498
355
435
536
480
505
364
446
489
520
445
458
483
406
381
402
430
533
517
708
413
355
324
348
417
396
497
388
403
345
513
387
466
487
399
355
577
366
322
412
425
376
413
443
431
460
355
485
348
365
509
417
330
418
345
456
343
337
508
394
520
345
454
497
563
497
500
386
394
451
445
360
359
476
361
495
424
385
386
434
361
468
463
358
436
495
453
334
404
456
431
384
463
524
426
399
377
558
398
335
416
411
480
382
515
581
399
423
418
436
556
317
469
368
508
435
478
426
469
521
461
555
362
377
462
373
464
506
517
450
511
519
533
370
454
531
477
409
374
463
434
568
423
429
542
521
432
378
566
379
541
368
401
507
476
423
402
364
407
447
423
361
348
388
413
345
461
393
383
325
501
345
565
444
573
297
567
353
375
572
478
326
318
453
337
639
435
400
376
380
485
429
368
492
405
468
380
454
661
384
517
376
438
475
413
358
360
433
463
358
466
455
357
507
410
404
369
343
367
481
585
414
324
482
411
421
451
371
404
472
508
401
360
430
351
390
496
403
401
466
582
514
422
493
332
509
397
452
410
517
364
452
472
364
368
376
351
525
468
461
374
410
355
383
323
516
316
409
388
429
500
458
406
387
486
556
394
369
445
466
451
399
514
412
423
349
557
471
399
479
510
348
510
560
553
355
453
421
299
434
407
399
416
464
427
335
409
466
474
459
409
416
553
471
417
300
431
326
320
478
442
431
536
359
407
368
585
439
502
381
376
433
488
476
408
430
450
329
388
428
447
416
457
386
444
540
518
370
419
357
513
523
494
438
403
482
649
422
520
511
394
343
386
456
415
619
431
469
441
533
508
291
517
388
456
355
400
373
485
383
335
535
416
429
389
450
464
481
399
394
445
382
463
436
479
520
435
430
426
388
413
532
312
407
424
533
361
340
515
587
397
384
400
380
430
437
421
374
510
407
427
365
460
357
365
319
413
418
333
464
378
398
335
500
343
450
372
413
430
380
365
385
394
437
468
445
397
432
462
437
398
486
411
512
456
472
399
409
366
406
403
461
341
387
447
404
703
425
368
390
406
367
408
476
422
424
392
409
426
472
473
526
387
353
494
463
443
438
366
466
367
447
411
536
447
599
445
338
549
410
427
460
495
406
350
410
371
477
507
369
387
486
461
452
435
557
449
474
341
427
574
424
528
368
431
500
576
387
397
495
483
293
445
362
407
346
597
454
470
632
441
519
523
427
575
449
431
471
521
373
460
460
469
389
628
478
511
436
415
621
462
375
381
399
328
408
350
389
590
408
425
462
458
475
440
281
313
336
351
455
462
474
422
527
513
452
281
487
469
571
518
353
358
383
326
451
375
417
458
464
494
537
396
392
327
395
380
387
449
410
376
350
511
369
426
544
497
364
503
432
477
435
448
400
548
428
496
302
453
402
337
366
615
471
589
451
479
313
444
489
394
299
420
467
420
341
409
493
406
465
457
455
480
458
399
530
480
482
425
414
381
498
425
442
563
474
415
380
413
490
461
467
445
494
443
443
421
388
404
478
406
437
337
462
382
353
440
497
437
389
466
429
518
535
442
374
358
511
419
405
431
477
633
430
463
388
487
406
449
417
538
426
326
403
515
379
429
421
386
351
164
152
191
140
184
137
133
133
134
196
191
148
172
168
128
151
138
140
164
163
171
125
96
166
170
144
104
131
177
147
184
123
174
131
154
102
151
164
152
185
179
184
162
129
98
165
119
152
170
153
170
145
123
165
102
159
175
174
144
171
146
137
218
160
151
198
161
146
163
180
167
138
150
175
150
159
105
152
108
146
160
147
147
136
171
167
171
57
161
158
196
190
183
163
213
171
111
181
155
129
123
161
120
149
147
182
180
155
185
178
141
138
151
128
151
152
208
156
146
144
132
170
176
153
182
162
105
158
151
108
96
181
153
155
153
149
166
174
170
143
145
113
128
178
168
179
147
165
146
136
110
165
143
172
123
129
135
184
159
231
159
153
158
109
139
120
149
126
161
145
162
146
110
186
155
166
144
117
159
164
186
173
128
175
112
139
167
113
136
160
169
120
167
92
178
156
103
162
174
158
128
146
121
116
169
153
95
155
137
176
155
142
148
151
169
150
139
164
144
160
159
134
170
160
148
150
137
133
120
126
148
186
164
188
179
86
106
178
181
169
172
148
156
113
179
177
129
183
138
160
213
144
150
102
171
122
169
149
164
135
177
133
225
155
166
101
114
165
105
78
153
146
127
128
122
153
169
114
144
175
153
83
138
202
141
126
157
186
141
125
140
189
147
203
80
143
187
108
151
152
152
122
163
183
143
206
146
126
130
197
173
183
167
193
126
148
120
144
132
92
139
155
149
142
112
174
154
151
137
189
149
141
130
183
152
179
171
166
145
182
204
150
140
153
196
149
129
157
125
169
171
126
184
125
181
161
168
141
142
133
136
140
163
171
158
150
197
116
127
154
167
146
192
186
185
186
170
140
203
145
175
132
143
172
186
176
129
177
175
138
171
151
162
178
156
185
164
127
144
141
145
187
159
183
174
133
171
126
157
149
142
144
132
153
178
105
149
125
107
96
97
179
179
160
142
130
161
178
183
151
129
182
162
151
159
167
195
183
180
159
173
111
123
170
157
177
115
117
155
134
132
122
149
140
165
158
126
117
173
126
142
124
140
171
149
131
164
169
162
170
137
155
158
126
124
84
173
157
156
114
180
168
151
189
162
140
102
200
126
127
182
191
142
159
197
147
142
174
179
156
180
141
149
120
145
195
167
164
156
212
198
187
167
158
168
188
114
150
149
134
114
152
139
105
180
120
140
156
188
164
189
142
162
182
136
139
133
170
122
170
125
162
155
168
131
154
127
139
145
139
188
118
116
153
160
156
200
142
144
162
141
170
156
160
145
126
183
137
146
147
142
154
120
161
167
185
129
160
151
156
142
158
113
163
121
169
179
170
140
130
144
142
160
131
167
163
132
174
144
161
100
183
152
144
173
108
158
144
159
135
169
165
196
168
141
87
158
163
155
139
123
183
130
168
159
131
132
160
129
159
110
117
159
173
180
141
165
155
127
135
189
161
140
162
150
155
152
178
152
149
161
124
119
148
171
154
162
204
141
183
124
172
154
162
146
122
163
153
171
146
151
136
102
180
169
170
195
132
126
154
148
167
125
88
156
186
152
185
113
198
185
157
147
182
146
120
111
177
123
220
137
162
160
131
139
173
99
145
115
126
191
163
151
137
122
114
171
114
200
132
170
150
149
144
162
128
195
195
172
109
103
170
78
146
112
159
155
168
164
146
127
109
136
137
163
158
131
190
128
203
156
188
174
156
169
171
167
118
167
141
169
138
176
129
192
162
141
119
181
199
179
134
145
168
158
150
191
151
152
150
191
168
183
172
130
149
169
164
139
170
136
156
161
156
163
141
134
190
172
190
93
144
185
182
153
191
128
148
143
169
141
143
165
202
159
186
177
173
155
121
128
141
153
147
144
200
108
120
72
144
147
187
157
190
147
114
177
186
179
138
155
145
142
131
111
133
171
153
189
195
173
191
125
168
152
138
129
142
175
125
194
116
118
132
117
154
121
128
111
129
212
149
177
169
141
186
113
138
139
168
169
131
141
150
157
186
139
171
166
161
175
156
138
162
153
183
147
179
185
102
148
136
174
151
152
165
128
76
109
146
129
177
149
119
140
128
154
169
125
132
159
114
152
117
129
191
160
112
166
145
158
114
183
201
168
135
110
143
147
186
176
99
135
135
173
151
129
132
128
158
146
166
186
144
160
143
198
110
165
147
137
160
168
110
183
154
159
161
154
152
141
187
159
126
177
149
129
177
162
201
129
95
169
149
152
123
132
154
174
180
153
151
176
181
101
141
213
139
194
182
1647
1691
1691
1559
1559
1691
1737
1647
1691
1515
1603
1911
1603
1647
1691
1562
1647
1691
1471
1647
1647
1779
1559
1647
1691
1647
1737
1735
1603
1691
1647
1430
1647
1559
1515
1647
1647
1735
1735
1427
1735
1691
1691
1603
1603
1515
1559
1691
1515
1559
1559
1603
1561
1603
1779
1691
1691
1647
1649
1691
1559
1647
1647
1735
1823
1605
1603
1603
1691
1603
1691
1735
1735
1647
1603
1737
1735
1735
1735
1691
1471
1691
1559
1647
1515
1691
1603
1735
1779
1823
1559
1779
1647
1603
1559
1779
1603
1691
1603
1691
1471
1647
1779
1559
1693
1691
1559
1735
1779
1515
1779
1603
1603
1823
1515
1471
1605
1735
1603
1691
1691
1647
1647
1823
1735
1559
1737
1735
1603
1647
1691
1647
1647
1779
1647
1647
1649
1691
1691
1647
1823
1691
1647
1693
1911
1559
1823
1779
1691
1603
1691
1779
1603
1691
1735
1647
1779
1735
1603
1383
1471
1779
1779
1603
1647
1735
1603
1691
1691
1735
1691
1691
1647
1691
1605
1647
1779
1603
1559
1647
1471
1735
1735
1515
1735
1691
1603
1691
1691
1735
1735
1693
1691
1603
1603
1559
1913
1515
1647
1694
1823
1515
1691
1647
1735
1559
1735
1603
1559
1735
1735
1473
1515
1605
1603
1647
1649
1691
1691
1471
1647
1603
1559
1691
1471
1779
1647
1735
1647
1779
1647
1691
1694
1603
1559
1691
1779
1559
1647
1691
1603
1647
1603
1691
1647
1603
1559
1693
1605
1647
1603
1603
1691
1735
1779
1737
1647
1691
1691
1691
1779
1650
1691
1735
1647
1559
1691
1693
1559
1691
1693
1647
1647
1779
1779
1735
1647
1339
1823
1735
1691
1691
1647
1515
1647
1559
1647
1559
1471
1691
1603
1735
1559
1647
1735
1559
1691
1603
1603
1691
1603
1691
1647
1559
1603
1515
1515
1647
1735
1647
1691
1515
1823
1735
1691
1823
1517
1825
1779
1691
1779
1735
1471
1691
1605
1559
1559
1779
1647
1735
1603
1691
1779
1735
1603
1647
1603
1735
1823
1603
1737
1515
1559
1823
1691
1603
1603
1603
1647
1647
1647
1647
1603
1735
1647
1559
1647
1779
1647
1823
1691
1559
1647
1603
1691
1647
1603
1691
1647
1647
1694
1559
1647
1515
1647
1603
1603
1473
1693
1691
1737
1559
1737
1647
1647
1603
1823
1559
1603
1691
1647
1515
1603
1735
1559
1735
1651
1691
1691
1823
1779
1823
1559
1693
1605
1691
1691
1691
1691
1515
1559
1559
1825
1647
1691
1735
1779
1603
1603
1823
1823
1779
1515
1647
1603
1779
1779
1647
1647
1779
1603
1999
1823
1603
1693
1691
1647
1647
1779
1779
1603
1647
1647
1823
1603
1427
1603
1779
1647
1603
1693
1823
1735
1691
1609
1603
1559
1603
1647
1691
1647
1691
1693
1691
1647
1651
1515
1691
1649
1603
1735
1779
1603
1647
1867
1647
1735
1735
1603
1647
1647
1647
1735
1515
1691
1867
1691
1691
1691
1823
1559
1603
1735
1691
1559
1603
1647
1691
1691
1603
1515
1647
1603
1779
1911
1735
1647
1647
1603
1471
1647
1779
1691
1647
1779
1691
1779
1649
1691
1691
1653
1649
1471
1603
1911
1647
1647
1691
1781
1779
1647
1779
1735
1691
1647
1955
1647
1869
1823
1647
1515
1691
1603
1735
1735
1691
1735
1691
1559
1603
1649
1735
1691
1647
1515
1559
1738
1735
1691
1823
1603
1779
1647
1647
1471
1691
1691
1647
1471
1647
1735
1735
1691
1737
1603
1603
1647
1647
1691
1647
1691
1691
1779
1691
1691
1691
1649
1647
1603
1561
1691
1647
1779
1735
1735
1603
1647
1647
1691
1647
1647
1735
1559
1691
1691
1471
1779
1647
1691
1603
1647
1559
1559
1471
1647
1691
1647
1999
1427
1608
1779
1515
1647
1559
1647
1735
1603
1691
1603
1647
1779
1471
1691
1693
1735
1691
1605
1603
1603
1647
1559
1559
1559
1515
1779
1735
1735
1606
1691
1515
1691
1515
1691
1647
1603
1515
1647
1647
1735
1649
1691
1691
1559
1603
1515
1735
1605
1867
1603
1647
1471
1691
1603
1693
1559
1691
1693
1647
1559
1429
1691
1647
1735
1691
1647
1559
1603
1691
1647
1559
1647
1779
1693
1559
1647
1691
1647
1693
1781
1691
1735
1647
1515
1735
1735
1515
1691
1779
1603
1603
1559
1515
1649
1823
1647
1649
1603
1647
1647
1735
1735
1735
1823
1691
1647
1647
1647
1691
1735
1603
1823
1515
1823
1603
1647
1647
1823
1559
1649
1603
1515
1735
1647
1471
1647
1779
1735
1735
1735
1691
1649
1647
1647
1737
1647
1647
1559
1691
1779
1691
1691
1647
1647
1691
1691
1647
1823
1779
1603
1559
1603
1559
1691
1691
1603
1735
1691
1603
1471
1559
1517
1603
1691
1779
1559
1559
1867
1559
1693
1603
1647
1647
1515
1735
1691
1559
1779
1735
1647
1562
1603
1647
1735
1605
1515
1559
1779
1779
1823
1779
1735
1691
1691
1823
1603
1647
1515
1691
1603
1647
1735
1647
1737
1867
1647
1647
1691
1647
1649
1647
1603
1691
1603
1559
1603
1559
1603
1735
1603
1559
1647
1515
1779
1603
1515
1691
1735
1735
1515
1647
1647
1647
1647
1647
1559
1559
1735
1691
1691
1867
1515
1779
1603
1691
1515
1647
1735
1647
1603
1652
1691
1691
1647
1647
1647
1603
1691
1691
1693
1779
1647
1779
1515
1647
1779
1603
1867
1779
1647
1735
1647
1647
1735
1779
1515
1735
1691
1779
1647
1559
1647
1559
1779
1735
1603
1647
1647
1735
1735
1515
1823
1603
1691
1515
1735
1647
1691
1605
1735
1647
1647
1911
1691
1691
1603
1603
1647
1603
1649
1647
1515
1779
1647
1691
1603
1735
1691
1515
1647
1779
1515
1691
1647
1647
1603
1515
1691
1647
1603
1691
1603
1647
1605
1647
1647
1647
1471
1515
1647
1647
1647
1779
1647
1737
1603
1471
1515
1647
1691
1603
1735
1603
1515
1779
1559
1823
1691
1647
1781
1647
1559
1735
1647
1647
1647
1605
1471
1603
1647
1691
1691
1779
1647
1691
1735
1735
1603
1647
1691
1603
