452
567
439
420
420
366
349
357
422
386
362
529
430
451
443
417
515
357
427
386
359
347
652
591
424
566
493
476
343
399
469
376
598
348
613
368
426
423
567
440
536
399
349
461
295
532
482
481
399
415
480
357
382
380
443
548
583
380
437
530
584
522
496
339
360
479
488
498
372
616
374
487
401
417
365
429
416
394
489
370
457
429
385
535
470
531
371
440
425
398
456
386
357
482
375
461
451
392
356
492
395
496
449
383
505
475
402
497
614
410
553
561
451
369
518
345
417
463
393
502
445
520
445
447
410
353
452
502
445
540
514
386
402
364
457
446
431
502
471
456
468
445
283
414
505
496
390
378
429
490
375
619
439
421
411
369
455
407
346
452
620
501
437
435
361
436
400
374
559
540
393
395
409
478
441
429
396
428
410
345
441
396
385
400
390
529
323
463
551
418
522
573
417
509
386
382
706
449
445
454
459
417
543
445
492
405
427
473
509
505
491
368
316
406
482
416
407
444
444
531
455
463
653
543
465
354
433
409
539
383
444
370
384
355
429
434
422
495
592
414
442
524
514
464
452
452
373
473
402
394
413
369
386
459
474
518
514
517
516
588
374
413
454
494
412
490
493
527
513
372
374
560
501
353
493
522
464
568
414
405
437
355
419
440
346
478
635
672
543
374
358
451
511
392
429
442
381
560
403
582
609
485
455
495
389
395
404
473
430
332
495
466
416
503
385
444
414
462
432
563
400
508
439
468
420
370
467
462
434
397
528
479
399
577
521
577
436
477
452
514
401
357
398
438
404
453
368
441
530
485
450
466
479
421
418
467
465
436
401
472
431
431
302
497
346
376
395
359
490
481
420
428
426
415
522
441
434
429
545
425
412
472
448
508
521
594
479
557
505
427
430
686
355
640
436
460
590
411
501
395
412
389
456
298
405
420
476
378
419
356
471
382
438
466
400
418
399
377
386
392
397
349
538
536
413
510
475
435
451
417
379
533
405
548
384
412
463
450
340
528
476
442
389
442
327
426
404
497
384
479
421
390
497
418
415
426
571
440
504
328
555
512
532
500
437
425
392
351
366
668
459
495
471
442
437
398
356
527
367
459
408
340
407
357
478
615
431
451
535
495
464
405
511
427
577
395
403
418
531
584
503
447
397
325
387
428
501
404
345
407
475
404
528
401
473
554
377
328
434
466
488
400
423
469
431
443
457
517
400
701
404
385
434
498
438
348
452
382
389
494
412
471
485
609
503
521
413
375
412
443
346
416
403
535
485
454
394
538
461
556
431
431
506
406
426
431
473
554
461
430
422
561
331
452
507
400
474
398
505
422
452
395
469
355
408
614
381
387
453
445
479
409
473
424
399
458
528
441
449
433
539
380
402
388
401
435
472
394
389
377
495
380
472
445
376
587
444
418
395
528
434
450
357
450
503
434
439
477
456
383
424
472
373
373
454
414
532
375
503
402
509
429
488
458
446
421
423
340
478
353
413
414
496
452
471
440
400
400
562
383
313
401
592
405
478
371
517
419
414
567
417
430
349
386
433
423
503
427
435
429
470
525
412
435
494
429
604
422
393
546
522
385
446
575
415
453
329
378
372
356
338
438
460
467
324
391
513
454
434
380
584
341
419
544
521
398
438
361
486
418
429
402
565
418
479
479
330
566
463
461
429
494
308
379
484
445
439
456
333
329
430
368
492
481
467
389
437
355
466
451
456
404
380
429
389
340
461
574
558
451
439
461
405
530
398
398
409
583
413
396
480
495
424
330
378
427
478
474
443
503
473
531
566
313
495
491
491
620
397
377
442
318
473
591
534
353
398
362
381
461
388
416
417
480
416
376
506
463
419
435
480
349
388
421
468
464
458
472
511
522
451
418
421
393
369
562
385
415
477
571
391
430
367
545
398
519
424
427
451
423
449
355
406
527
616
548
365
493
509
444
426
496
432
348
430
357
330
457
589
360
551
435
363
454
459
467
460
399
421
545
467
640
425
595
514
519
396
366
496
451
490
483
429
467
473
433
362
507
549
590
377
429
402
341
412
497
422
315
458
458
468
543
477
295
345
428
467
495
456
578
419
399
523
405
472
436
462
408
439
380
388
478
452
424
544
410
401
384
340
501
394
500
295
443
567
503
348
491
404
452
398
395
456
418
526
396
481
457
357
387
402
447
484
367
481
395
532
475
306
501
377
483
474
550
508
388
409
422
522
314
350
538
417
413
512
379
495
411
653
519
378
463
470
485
430
398
435
333
320
438
526
494
543
486
525
363
406
491
542
312
143
149
168
131
144
107
135
213
147
136
163
185
189
164
115
172
170
135
180
200
158
177
187
120
166
196
195
199
138
126
136
128
141
132
112
183
118
168
134
134
196
187
156
186
125
106
170
158
144
138
163
143
187
132
112
170
168
158
161
138
113
132
174
181
121
172
116
116
147
166
127
136
212
150
167
150
80
133
135
170
201
210
222
137
89
140
189
165
154
154
218
166
165
209
191
201
151
157
173
187
162
117
184
150
134
202
207
164
173
179
124
206
115
176
149
182
142
155
148
149
146
138
105
158
119
164
137
173
142
159
201
174
199
126
187
182
173
140
175
191
160
160
179
194
113
157
109
185
173
159
128
117
125
185
166
178
158
165
166
160
128
181
179
190
128
167
137
186
128
188
169
146
157
157
142
193
184
96
104
189
218
190
160
156
178
168
172
160
122
240
94
141
99
140
198
171
191
139
152
153
100
139
191
204
183
170
173
187
183
172
130
172
175
169
177
154
175
140
150
131
147
194
117
150
104
173
206
168
178
99
174
175
188
131
162
167
177
170
110
178
194
201
177
152
128
118
187
152
160
163
170
88
131
193
187
168
196
127
170
185
168
121
175
177
148
132
143
159
160
184
147
136
169
176
125
193
150
160
146
190
178
160
165
168
157
173
137
139
158
149
128
174
175
181
124
121
137
144
156
178
185
150
173
128
169
142
170
143
200
147
166
177
122
208
181
191
141
141
178
156
171
189
147
197
181
209
184
114
149
195
151
153
181
158
161
120
197
185
181
169
199
98
141
151
116
144
208
212
176
152
159
132
196
170
204
142
166
179
204
120
116
192
151
183
124
143
167
116
166
236
155
168
149
123
156
201
146
146
147
152
180
131
180
176
138
144
167
196
180
117
107
141
130
190
84
134
129
158
123
122
133
159
176
151
77
217
160
202
183
166
151
178
142
145
202
192
142
156
192
144
160
71
170
175
124
137
183
184
108
157
179
166
175
171
99
164
183
161
143
150
150
179
206
179
177
166
172
199
178
157
159
152
177
175
203
204
157
145
151
151
119
183
139
162
176
115
188
163
173
159
179
162
160
154
197
196
148
143
151
117
140
194
116
169
197
168
171
100
172
132
186
129
149
159
138
159
176
171
179
168
139
154
129
180
206
105
160
168
206
170
109
188
122
177
149
177
132
142
103
186
143
155
184
138
173
166
170
172
180
153
143
118
203
165
143
146
107
143
123
125
115
122
119
181
151
115
144
186
161
166
154
126
176
152
185
148
112
182
165
162
160
185
150
166
138
134
207
169
180
172
136
185
176
153
163
159
208
186
181
189
226
111
190
194
185
185
146
170
185
135
127
123
171
167
176
184
112
151
183
158
156
170
193
183
110
156
129
173
165
166
124
189
181
185
176
148
156
183
176
135
147
149
220
124
160
162
157
195
146
129
153
178
168
151
146
158
155
116
169
180
107
162
104
161
184
86
154
145
151
178
185
156
198
197
135
118
173
200
101
152
177
171
151
186
174
181
165
154
197
162
132
196
163
192
176
144
148
156
174
169
180
162
174
176
175
206
149
156
189
172
129
144
180
165
142
148
149
117
148
114
167
120
64
154
167
156
160
183
134
179
169
155
180
169
175
165
188
137
159
177
159
165
148
183
170
138
142
142
120
149
191
171
147
131
141
151
113
187
176
145
177
207
133
110
168
181
122
65
178
184
162
136
157
163
185
179
95
145
149
165
161
174
158
108
139
131
190
102
150
165
129
141
189
127
164
163
110
195
169
177
205
141
151
138
123
180
83
134
161
161
153
175
159
114
169
181
137
145
177
211
194
147
176
132
167
133
156
166
153
187
167
164
112
178
192
172
159
150
128
166
126
204
186
143
210
182
159
148
172
154
108
149
179
169
172
205
153
183
113
193
169
180
179
156
156
148
161
126
120
147
169
194
135
113
111
193
146
162
172
155
172
151
135
166
150
108
170
131
170
115
172
187
200
119
165
176
244
187
143
187
206
144
165
140
157
129
218
174
155
184
150
170
159
193
112
164
171
164
147
182
141
142
160
150
162
163
177
140
98
142
186
153
152
157
143
138
136
154
138
145
199
180
147
140
160
150
178
129
157
138
153
170
150
73
200
163
168
174
156
167
149
167
162
186
172
167
135
153
96
95
177
173
162
177
146
119
166
188
189
140
166
154
125
181
165
182
188
125
129
196
169
166
163
131
151
186
168
161
153
137
179
113
189
188
181
138
213
155
200
170
93
127
132
129
149
182
121
147
111
163
1721
1629
1813
1767
1859
1997
1629
1675
1905
1675
1721
1721
1813
1767
1767
1767
1859
1721
1859
1813
1629
1675
1859
1721
1767
1721
1767
1859
1767
1491
1629
1767
1767
1859
1767
1629
1721
1813
1675
1675
1721
1675
1767
1629
1675
1721
1721
1675
1767
1813
1813
1767
1630
2182
1767
1767
1583
1813
1815
1721
1859
1721
1813
1721
1861
1583
1769
1767
1767
1675
1675
1978
1675
1721
1770
1767
1675
1675
1767
1813
1721
1813
1721
1721
1767
1721
1721
1859
1773
1813
1767
1583
1675
1675
1767
1767
1721
1813
1721
1767
1813
1905
1675
1767
1813
1537
1629
1721
1721
1721
1767
1721
1721
1813
1721
1767
1678
1629
1721
1675
1859
1767
1675
1767
1951
1813
1859
1721
1445
1721
1675
1767
1675
1767
1859
1721
1859
1813
1631
1675
1675
1721
3693
1721
1813
1629
1675
1772
1859
1721
1905
1583
1767
1767
1813
1813
1723
1813
1859
1583
1675
1677
1859
1675
1767
1721
1675
1767
1629
1721
1813
1767
1813
1721
1813
1767
1721
1721
1767
1721
1721
1859
1905
1583
1767
1537
1767
1629
1629
1583
1675
1723
1721
1721
1675
1767
1629
1629
1951
1905
1767
1813
1675
1675
1675
1721
1721
1859
1583
1583
1723
1629
1905
1631
1767
1721
1767
1583
1399
1767
1769
1767
1813
1721
1721
1767
1675
1721
1723
1721
1675
1629
1721
1675
1767
1767
1721
1721
1767
1813
1721
1721
1675
1815
1859
1721
1815
1583
1675
1767
1721
1767
1905
1721
1583
1813
1675
1813
1767
1629
1767
1815
1629
1721
1675
1721
1629
1723
1675
1537
1767
1767
1675
1631
1629
1675
1721
1859
1859
1583
1675
1721
1675
1767
1813
1675
1767
1721
1583
1813
1951
1815
1723
1910
1721
1859
1859
1905
1767
1721
1767
1859
1767
1905
1721
1721
1767
1767
1629
1767
1721
1723
1629
1721
1767
1813
1675
1721
1675
1721
1905
1675
1629
1721
1721
1767
1583
1767
1815
1721
1859
1723
1905
2089
1813
1723
1721
1721
1859
1815
1721
1721
1721
1859
1905
1861
1951
1629
1493
1721
1583
1721
1537
1721
1721
1721
1813
1721
1721
1675
1629
1905
1675
1813
1629
1629
1769
1905
1721
1586
1721
1815
1859
1767
1721
1583
1677
1723
1583
1813
1813
1767
1629
1767
1859
1721
1675
1859
1815
1905
1813
1675
1629
1905
1767
1629
1721
1905
1813
1951
1631
1629
1583
1675
1721
1675
1721
1675
1767
1721
1767
1767
1997
1813
1859
1675
1813
1675
1583
1813
1770
1861
1629
1767
1951
1859
1677
1491
1997
1583
1675
1677
1721
1721
1767
1767
1813
1721
1767
1767
1629
1583
1813
1721
1583
1951
1721
1675
1813
1951
1813
1675
1721
1767
1675
1721
1767
1767
1767
1905
1767
1907
1813
1905
1767
1905
1721
1813
1721
1813
1769
1859
1721
1721
1769
1905
1677
1815
1675
1859
1767
1905
1721
1767
1721
1675
1721
1721
1767
1721
1675
1905
1721
1767
1721
1631
1675
1813
1583
1859
1583
1951
1583
1859
1721
1721
1767
1813
1769
1767
1813
1859
1629
1951
1491
1767
1767
1629
1767
1629
1767
1813
1767
1767
1905
1721
1721
1721
1721
1631
1721
1767
1675
1721
1859
1859
1813
1767
1859
1629
1859
1721
1677
1813
1675
1675
1721
1629
1905
1629
1767
1675
1629
1723
1675
1675
1675
1813
1997
1721
1721
1675
1723
1675
1675
2089
1813
1583
1767
1859
1629
1721
1723
1629
1721
1767
1767
1721
1724
1767
1813
1721
1629
1813
1583
1675
1583
1813
1629
1859
1675
1767
1905
1629
1813
1767
1813
1767
1629
1813
1770
1861
1675
1721
1767
1813
1813
1905
1721
1905
1813
1721
1767
1723
1813
1629
1767
1767
1769
1859
1721
1767
1721
1813
1907
1675
1905
1767
1721
1721
1721
1767
1767
1675
1767
1537
1721
1767
1675
1813
1675
1675
1813
1675
1629
1813
1815
1813
1721
1767
1583
1585
1675
1675
1723
1721
1907
1675
1767
1859
1721
1675
1859
1770
1721
1721
1675
1767
1767
1629
1675
1721
1675
1629
1629
1629
1721
1537
1813
1859
1583
1537
1491
1721
1813
1767
1815
1767
1721
1675
1815
1721
1675
1767
1859
1721
1813
1721
1675
1813
1721
1629
1537
2043
1629
1767
1859
1813
1813
1767
1721
1675
1859
1813
1813
1859
1721
1767
1859
1632
1721
1813
1629
1813
1859
1767
1813
1767
1767
1767
1583
1721
1767
1813
1721
1537
1767
1767
1951
1629
1583
1859
1767
1769
1859
1905
1767
1767
1813
1767
1813
1723
1767
1675
1767
1813
1767
1859
1675
1675
1813
1675
1951
1721
1770
1813
1677
1819
1859
1721
1675
1629
1813
1813
1813
1723
1813
1767
1859
1769
1859
1767
1769
1767
1813
1723
1859
1721
1721
1721
1675
1767
1629
1721
1767
1682
1813
1767
1675
1675
1721
1721
1721
1675
1585
1767
1721
1997
1815
1675
1767
1629
1537
1675
1767
1813
1767
1769
1767
1767
1815
1675
1675
1859
1675
1675
1675
1675
1724
1813
1721
1767
1813
1675
1767
1859
1813
1586
1767
1675
1721
1629
1583
1721
1767
1721
1675
1861
1583
1859
1767
1583
1767
1859
1859
1813
1859
1767
1583
1859
1859
1629
1767
1767
1675
1767
1905
1905
1721
1675
1815
1905
1721
1583
1721
1767
1537
1815
1721
1813
1583
1721
1721
2024
1675
1675
1723
1723
1815
1721
1859
1721
1767
1675
1859
1721
1675
1813
1813
1675
1721
1813
1675
1629
1721
1905
1721
1675
1813
1770
1675
1767
1537
1859
1675
1675
1813
1675
1907
1813
1675
1721
1721
1721
1675
1767
1721
1813
1721
1721
1721
1721
1859
1721
1629
1629
1813
1721
1905
1813
1767
1537
1631
1721
1767
1951
1767
1675
1767
1767
1813
1675
1675
1951
1767
1675
1721
1537
1859
1675
1813
1813
1721
1629
1675
1767
2135
1723
1675
1721
1859
1815
1629
1675
1813
1767
1675
1537
1859
1721
1859
1675
1813
1721
1721
1905
1721
1583
1675
1537
1629
1859
1813
1675
1861
1537
1767
1813
1675
1629
