464
452
441
400
440
497
463
501
521
441
549
504
351
412
337
370
488
556
367
413
513
430
393
470
408
369
555
452
368
475
482
436
479
420
422
419
433
406
402
492
479
385
388
479
498
399
353
482
429
472
482
369
469
485
385
515
567
460
439
498
548
528
487
478
426
427
387
606
504
352
420
463
459
602
483
360
422
381
431
397
468
542
465
589
607
343
456
473
594
548
687
560
508
471
422
501
400
412
432
470
570
441
613
456
466
553
552
474
428
213
501
386
523
491
366
408
365
454
511
435
478
466
485
434
503
361
516
514
448
367
657
522
373
382
660
446
462
386
465
375
456
359
335
453
605
474
414
392
467
590
412
405
639
376
374
542
533
514
570
477
486
330
478
399
361
454
454
421
486
412
370
447
350
557
440
446
453
441
527
376
530
487
486
510
483
450
580
444
482
479
311
475
469
444
672
354
406
501
386
480
720
351
427
381
481
500
465
485
515
547
580
383
432
437
482
394
407
361
379
615
420
450
469
418
455
373
455
351
457
691
424
460
320
465
447
452
445
595
443
398
427
505
371
584
599
366
389
467
501
382
411
387
435
392
467
673
470
464
295
445
525
405
669
407
402
505
455
355
373
430
548
627
412
405
359
364
488
419
424
528
538
661
394
565
379
421
381
508
551
342
325
542
567
484
492
470
388
438
431
382
396
424
401
362
476
360
373
483
542
523
439
539
389
418
361
553
368
405
483
433
350
579
434
379
534
452
533
613
360
555
338
485
442
441
354
441
382
435
498
510
626
356
524
366
416
485
511
490
536
412
412
443
413
544
304
424
496
525
478
488
411
374
465
432
450
431
376
424
471
410
523
413
445
440
445
646
661
507
428
408
577
437
475
552
481
503
446
424
609
495
414
503
456
503
535
451
581
443
476
368
627
696
575
397
399
430
469
458
472
475
550
369
555
459
429
489
435
523
471
458
453
578
368
440
364
500
507
349
403
655
525
500
403
490
337
569
492
337
396
418
537
604
292
433
526
516
435
412
561
368
571
499
468
538
414
413
341
391
438
490
589
375
508
417
444
481
590
469
419
423
432
588
536
527
486
407
467
365
368
529
604
424
505
509
558
512
393
512
382
307
498
481
572
346
501
481
523
666
433
419
475
513
449
602
347
374
527
496
454
491
461
541
397
521
406
480
386
369
414
451
568
431
350
548
565
426
497
529
587
367
419
660
558
419
436
426
404
406
368
506
424
359
563
415
453
373
805
447
450
357
535
414
487
459
536
365
422
492
472
431
479
470
608
404
407
463
385
481
409
396
435
449
526
524
487
496
382
474
644
571
493
416
385
361
541
537
372
437
440
442
388
415
497
456
564
463
510
447
541
454
437
536
401
429
509
386
556
377
509
442
581
588
396
461
563
403
443
451
559
405
411
431
448
472
532
604
447
363
428
465
367
439
436
486
383
404
576
648
523
327
448
359
445
366
461
461
379
409
492
423
523
407
487
380
482
387
501
457
510
328
495
440
468
553
335
454
477
434
587
401
444
410
420
418
378
404
388
419
511
430
466
504
370
395
366
405
461
423
391
436
528
441
484
483
575
485
537
475
444
516
535
475
586
453
414
539
369
417
392
413
353
398
612
559
443
450
541
559
665
511
477
581
489
390
455
466
420
474
379
442
551
323
395
485
547
513
426
493
501
347
426
618
465
458
392
502
390
379
466
453
487
548
461
588
441
456
417
552
475
468
416
784
527
411
486
342
547
492
469
415
341
416
625
418
410
506
358
776
457
522
396
613
568
510
403
478
494
400
441
407
415
466
439
429
454
350
414
471
581
424
486
503
443
407
499
417
521
422
523
352
515
529
387
543
581
494
419
351
480
540
521
565
542
557
512
439
507
564
482
484
399
459
589
532
491
420
523
564
425
440
607
429
539
421
501
370
552
501
500
439
502
388
446
394
317
534
520
344
536
343
461
463
370
522
425
425
464
447
375
336
570
498
445
422
443
471
468
541
467
448
516
450
579
403
414
440
509
604
673
527
391
408
479
326
439
485
434
432
390
516
447
626
429
502
426
525
440
351
475
463
515
561
491
420
354
507
455
406
500
559
412
435
424
464
346
407
480
498
423
628
377
507
335
452
458
462
613
521
393
499
429
441
445
499
347
471
420
690
538
508
532
471
494
403
399
548
527
519
605
527
532
617
493
452
419
553
475
414
379
538
326
405
547
434
426
537
390
488
344
609
483
554
401
408
485
474
461
531
331
368
404
453
383
522
422
408
507
403
446
374
187
155
163
160
157
164
188
174
135
145
173
168
176
150
144
173
180
166
144
219
152
162
181
175
156
156
175
188
187
165
124
221
187
190
118
148
170
82
115
194
172
170
216
165
207
210
134
194
193
128
160
122
114
135
176
94
193
169
169
126
117
131
127
130
199
139
179
200
195
168
178
168
131
220
147
134
152
194
153
152
213
191
129
144
172
179
154
165
160
174
178
173
158
174
176
129
176
122
158
196
182
152
196
145
160
140
161
152
141
61
199
203
206
167
197
82
131
159
207
147
128
165
135
172
192
160
109
169
163
167
179
171
182
181
156
212
137
135
135
144
165
142
199
203
160
197
153
133
110
148
210
144
183
188
156
199
154
184
155
161
201
175
203
162
177
179
201
145
161
204
210
139
178
162
167
168
165
146
132
151
202
156
166
191
210
156
130
167
112
151
153
172
194
116
122
180
148
156
146
185
131
192
181
149
175
145
131
156
171
160
186
170
143
168
150
187
192
168
161
110
170
152
163
214
168
184
127
142
159
147
167
147
137
148
166
188
175
141
172
182
174
157
164
120
147
154
237
142
163
158
185
169
161
168
155
145
165
112
111
191
151
188
109
193
163
124
162
184
203
161
174
162
116
119
204
200
162
174
185
167
155
162
141
222
122
196
168
138
154
173
150
127
185
127
178
108
169
178
184
155
152
144
158
139
132
196
179
145
166
182
174
166
151
131
167
190
171
193
130
182
168
133
117
133
129
88
109
162
176
146
182
170
163
85
170
213
164
145
188
195
146
149
181
188
181
148
166
174
138
196
149
178
201
139
122
141
164
157
145
158
176
201
173
179
247
159
151
175
168
202
158
151
155
191
173
155
195
159
131
153
182
149
201
178
176
170
190
192
157
160
145
173
192
193
189
192
97
164
193
141
101
133
178
123
190
190
179
145
220
175
135
183
160
124
166
175
155
117
167
212
177
140
187
160
183
183
201
180
165
157
170
176
158
168
167
186
107
185
161
186
136
159
134
129
160
143
140
174
169
182
186
150
125
171
119
152
160
167
183
117
160
165
126
177
149
174
153
156
176
158
135
159
124
155
189
143
154
198
169
171
223
179
124
109
107
179
128
157
165
163
158
158
154
195
145
149
149
98
151
162
198
199
120
212
161
141
147
175
100
136
227
136
169
179
195
127
206
185
175
169
108
198
154
155
137
113
176
148
171
202
149
132
156
175
153
171
153
134
175
184
204
98
132
102
151
133
146
124
152
170
149
123
164
138
138
137
143
206
169
150
175
224
132
173
150
179
185
130
149
159
126
148
176
159
163
194
182
150
151
126
168
192
140
127
184
157
194
132
170
134
135
182
151
184
187
216
138
143
109
170
157
170
161
142
112
163
174
195
149
183
106
196
166
144
108
190
166
174
171
238
171
171
187
156
157
123
186
162
160
186
149
202
174
176
161
190
216
131
147
137
175
178
180
189
163
211
200
174
198
193
181
162
179
131
154
160
162
172
180
181
163
150
143
137
161
132
201
120
162
156
119
186
121
145
152
181
200
207
176
179
164
164
200
161
177
154
187
91
139
155
206
85
173
203
154
180
132
152
154
184
145
193
200
123
174
154
175
181
171
143
187
159
139
161
173
141
158
138
167
184
196
170
159
196
170
168
147
166
200
185
138
154
171
143
193
171
177
233
132
125
216
190
159
160
186
206
164
193
123
164
202
144
140
137
158
202
157
184
153
182
159
141
204
194
133
209
120
182
201
184
159
130
131
160
145
134
175
162
179
186
201
243
139
179
144
148
160
158
146
183
197
194
163
152
108
187
176
180
186
156
141
182
194
175
106
169
120
170
145
175
128
132
176
210
162
162
165
97
180
172
194
153
138
164
155
172
142
192
208
169
158
174
191
165
196
184
170
166
121
193
161
154
180
199
180
187
158
148
182
174
162
159
183
119
199
150
202
175
167
138
207
186
168
160
156
184
168
110
167
165
138
184
197
159
172
204
103
140
170
195
153
164
154
163
182
134
150
177
171
173
201
197
222
153
179
174
159
90
161
186
177
190
158
147
120
121
153
179
187
137
178
191
190
169
170
194
103
170
195
106
196
178
155
196
159
183
182
170
182
214
179
179
127
188
135
178
116
168
138
150
170
108
181
171
150
188
128
183
173
182
169
205
186
164
112
166
201
167
186
136
155
190
172
164
181
144
143
188
107
203
175
145
193
151
125
144
147
178
174
194
149
202
178
151
157
145
181
173
174
224
182
129
183
184
202
207
78
166
153
149
1893
1795
1939
1843
1987
1939
1749
1845
1795
1747
1747
1843
1939
1795
1891
1699
1843
1987
1699
1795
1797
1891
1795
2137
1699
1845
1843
1699
1843
1795
1939
1843
1795
1747
1891
1699
1843
1795
2085
1843
1891
1699
1795
1795
1699
1603
1891
1891
1699
1893
1557
2083
1843
1891
1891
1845
1747
1747
1747
1795
1795
1891
1891
1939
1795
1939
1987
1891
1845
1845
1747
1845
1939
1795
1891
1747
1795
1795
1891
1747
1749
2083
2136
1891
1795
1603
1987
1747
1701
1893
1699
1891
1843
1843
1795
1845
1795
2035
1891
1795
1891
2074
1843
1747
1747
1699
1747
1843
1795
1795
1699
1747
1747
1891
1987
1987
1747
1795
1891
1747
1843
1843
1893
1797
1795
1843
1843
1795
1795
1747
1843
1843
1843
1939
1747
1843
1939
1843
1795
1843
1795
1843
1795
1795
1845
1747
1845
1795
1747
1843
1939
1795
1843
1699
1939
1939
1795
1891
2083
1795
1795
1891
1795
1699
1795
1939
1797
1701
1651
1843
1843
1843
1747
1747
1891
1891
1843
1795
1843
1749
1987
1893
1750
1701
1843
1893
1795
1795
2088
1843
1795
1843
1603
1795
1893
1651
2035
1603
1843
1795
1891
1846
1795
2035
2371
1747
1987
1845
1747
1843
1699
1843
1747
1795
2035
1939
1699
1891
1843
1795
1891
1987
1747
1893
1843
1987
1843
1891
1987
1651
1845
1747
1891
1891
1795
1939
1699
1651
1747
1747
1891
1747
1843
1747
1939
1843
1795
1795
1843
1795
1987
1843
1699
1747
1795
1843
1843
1795
1795
1749
1795
1843
1797
1795
1891
1845
1891
1843
1699
1843
1747
1843
1747
1795
1747
1699
1843
1795
1795
1939
1795
1795
2083
1747
1559
1843
2037
1891
1651
1845
1651
1747
1843
1845
2083
1987
1891
1797
1747
1795
2275
1939
1795
1891
1795
1795
1795
1843
1747
1795
1699
1939
1939
1747
1843
1843
1797
1843
1843
1843
1603
1747
1939
1747
1845
1699
1891
1799
1795
1699
1603
1894
1699
1939
1747
1747
1987
1651
1795
1795
1891
1987
1603
1891
1891
1795
1747
1843
1939
1939
1843
1603
1891
1845
1989
1987
1843
1987
1845
2035
1795
1891
1939
1843
1795
1843
1603
1749
1896
1939
1795
1939
1795
1843
1843
1699
1749
1845
1843
1699
1843
1795
1843
1891
1939
2037
1747
1747
1891
1747
1699
1747
1843
1651
1699
1651
1891
1891
1795
1795
1987
1795
1795
1891
1891
1843
1895
1891
1795
1699
1891
1699
1894
1795
1843
1795
1891
1987
1891
1891
1891
1942
1893
1843
1795
2035
1843
1747
1795
1747
1941
1891
1795
2323
1843
1651
1843
1987
1795
1747
1843
1747
1651
1891
1891
1843
1843
1797
1843
1843
1747
1795
1891
1891
1891
1747
1891
1795
1795
1699
1795
1939
1939
1891
1891
1795
1651
1795
1891
1699
1795
1939
1797
1843
1891
1795
1891
1843
1891
1843
1939
1891
1843
1747
1699
1795
1795
1987
1747
1843
1795
1795
1747
1795
1843
1891
1939
1747
1747
1891
1939
1891
2035
1555
1795
1795
2131
1795
1987
1939
1795
1795
1891
1795
1795
1843
1843
1701
1939
1749
1747
1699
1699
1845
1939
1795
1843
1747
1795
1795
1939
1747
1747
1795
1891
1891
1747
1939
1750
1843
1747
1795
1987
1795
1891
1651
1795
1795
1795
1843
1939
1843
1939
1891
1891
1987
1795
1795
1699
1747
1795
1795
1699
1891
1795
1795
1795
1939
1747
1939
2035
1843
1699
1891
1843
1795
1795
1893
1939
1747
1699
1799
1891
1749
1795
1843
1747
1747
1749
1747
1843
1843
1893
2035
1651
1747
2089
1747
1891
1699
1699
2035
1987
1939
1747
1891
1843
1843
1891
1843
1891
1747
1843
1843
1795
3521
1891
1843
1795
1843
1747
1795
1747
2035
1795
1699
2035
1747
1747
1795
1891
1891
1795
1891
1843
1891
1699
1843
1891
1747
1795
1795
1893
1843
1795
1843
1843
1987
1747
1843
1891
1939
1987
2035
1891
1747
1843
1843
1987
1843
1747
1795
1843
1795
1699
1843
1795
2035
1891
1843
1747
1795
1987
1795
1843
1699
1939
1747
1891
1795
1747
1843
1843
1795
1939
1795
1843
1843
1939
1797
1843
1795
1843
1701
1747
1891
1843
1699
1750
1747
1891
1795
1798
1747
1797
1939
1891
1843
1939
1891
1603
1843
1893
1987
1891
1747
1651
1939
1795
1699
2035
1795
1843
1797
1795
1939
1891
1987
1795
1843
1747
2323
1843
1891
1747
1795
1795
1891
2083
1891
1843
1843
1651
1843
1795
1843
1987
1747
1749
1891
1797
1651
1699
1843
1747
1843
1891
1699
1653
1699
1795
1891
1891
1891
1843
1795
1939
1891
1747
1699
1843
1843
1555
1939
1795
1795
1843
1699
1845
1795
1795
1843
2035
1939
1891
1747
1843
1747
1795
1797
1843
1843
1891
1747
1747
1795
1699
1891
1939
1843
1843
1939
1699
1891
1747
1795
1891
1653
2181
1699
1939
1939
1795
1699
1699
1699
1699
1747
1843
1747
1795
1843
1891
1795
1795
1845
1747
1795
1843
1845
1795
1891
1747
1795
1795
1843
1747
1795
2131
1843
1891
1891
1507
1795
1603
1843
1747
1893
1843
1795
1939
1939
1939
1843
1843
1747
1798
1891
1891
1751
1747
1939
1939
1843
2035
1699
1795
1747
1939
1939
1891
1843
1795
1749
1795
1987
1843
1795
1603
1795
1891
1891
1795
1843
1795
1795
1795
1843
1747
1891
1891
1699
1891
1747
1891
1795
1845
1893
2095
1795
1795
1795
1699
1843
1843
1699
1747
1795
1747
1843
1699
1845
1891
1843
1843
1891
1747
1891
1891
1939
1747
1891
1891
1939
1603
1843
1795
1891
1651
1891
2035
1843
1891
1843
1895
1795
1795
1699
1939
1987
1795
1939
1795
1747
1603
1747
1939
1603
1795
1747
1795
1843
1843
1939
1747
1891
1843
1843
1795
1939
1651
1747
1843
1749
1795
1843
1939
1603
1699
2063
1747
1797
1891
1699
1939
1893
1747
1699
1843
1845
1891
1699
1843
1699
1843
1843
1699
1795
1747
1843
1891
1843
1699
1843
1845
1843
1891
1939
2035
1843
