399
449
426
408
502
456
599
444
382
477
357
457
443
445
612
534
474
450
402
330
421
442
430
464
607
554
455
408
482
423
495
486
544
576
490
444
435
435
570
414
364
371
382
430
381
476
453
612
320
414
444
479
510
515
411
448
561
553
487
478
445
388
448
485
448
397
539
449
457
548
402
463
406
357
474
492
412
478
468
435
443
394
476
442
535
441
585
465
402
410
346
508
401
502
334
385
505
318
700
408
362
447
443
499
431
396
303
413
499
473
582
388
404
332
479
416
492
515
602
515
506
512
392
454
445
588
478
505
524
565
636
362
538
495
526
399
362
482
487
450
512
437
533
355
407
505
380
403
499
445
450
481
451
472
417
426
630
457
423
458
366
501
424
455
496
462
396
434
506
519
430
557
427
447
432
524
533
481
448
388
558
494
467
498
422
597
530
600
376
464
547
501
371
443
406
418
526
436
394
436
471
420
462
568
492
421
586
435
477
451
516
476
436
423
470
474
601
386
441
438
411
530
471
443
542
471
415
464
430
377
460
487
720
505
439
543
381
437
569
511
497
523
480
397
432
439
547
471
439
440
523
477
437
362
549
505
456
685
466
433
449
350
506
540
451
424
436
420
544
470
652
435
323
623
467
404
421
458
696
443
484
582
421
376
534
324
452
460
410
543
392
462
528
455
431
451
626
504
559
435
396
456
455
380
512
403
495
467
434
539
379
497
410
492
574
413
420
390
466
564
386
645
577
531
564
434
477
460
427
421
523
511
454
429
401
352
395
385
565
366
519
463
554
485
410
352
363
505
482
475
510
417
560
494
531
405
430
455
444
385
597
496
390
507
447
414
478
413
406
484
481
465
479
534
601
498
400
463
418
471
483
567
602
478
379
490
750
445
535
423
396
539
483
450
462
536
628
682
359
440
538
468
372
344
437
679
641
341
414
457
371
454
433
290
351
558
471
689
505
547
551
334
428
430
523
564
571
416
513
427
413
459
376
453
423
445
410
398
401
471
392
435
383
432
557
592
439
602
375
512
543
432
465
456
378
514
581
518
612
541
635
474
573
463
390
320
520
427
396
498
500
472
471
415
477
513
359
568
367
578
384
520
386
507
460
492
431
459
583
371
432
470
368
433
495
506
540
388
427
410
499
465
527
531
574
522
529
464
539
376
432
521
373
416
609
376
424
385
458
448
424
545
612
404
462
502
502
480
452
480
477
519
508
519
569
468
533
507
447
522
487
392
505
422
429
603
543
419
459
396
413
690
714
424
439
410
514
422
426
471
525
494
519
466
421
571
404
428
389
394
659
444
386
455
477
528
463
519
400
552
412
420
594
420
563
512
556
439
378
503
529
356
572
473
321
518
429
389
381
377
686
410
426
453
517
475
494
560
392
513
602
544
433
446
450
556
353
530
439
412
642
445
526
467
435
475
379
560
471
435
324
516
410
441
516
473
497
390
400
619
401
425
469
482
494
570
386
445
369
447
558
549
565
472
525
323
468
440
482
483
348
593
633
503
440
353
516
555
419
492
433
456
458
438
402
456
451
478
542
369
373
443
521
459
555
442
407
454
526
511
691
591
467
631
432
481
483
508
653
420
556
566
481
387
579
506
487
495
520
443
405
315
407
527
561
427
541
439
391
595
493
355
611
457
464
368
405
456
456
401
514
459
519
365
484
468
505
470
503
388
367
480
482
575
508
470
426
616
428
435
587
516
434
508
414
477
612
488
398
542
419
383
452
449
542
398
410
431
667
431
460
398
372
494
454
435
377
488
452
416
472
486
472
386
501
496
315
439
479
484
391
425
475
554
468
436
367
459
532
462
503
524
383
455
542
407
485
407
538
536
454
476
387
435
400
428
593
403
387
381
421
408
500
365
484
379
467
448
474
515
468
455
451
428
508
445
438
505
448
411
426
500
474
465
420
411
475
474
496
422
485
590
464
476
599
423
431
561
446
384
355
649
506
512
398
429
500
383
616
556
534
448
528
447
414
393
569
545
474
383
389
520
414
469
540
547
428
498
448
410
540
422
444
410
400
395
490
406
436
522
530
388
407
642
451
667
527
558
453
507
576
423
419
359
505
438
407
447
413
503
446
379
405
433
462
502
396
510
410
412
482
417
473
452
440
323
489
355
377
518
529
638
422
499
541
441
503
542
516
399
435
406
521
522
398
415
636
514
420
471
428
465
468
482
495
420
538
566
458
445
388
466
465
541
537
438
483
438
468
536
395
544
416
472
578
532
433
578
490
541
504
462
489
541
419
583
483
543
473
449
234
196
149
181
153
194
149
201
182
173
199
185
187
177
191
123
173
174
167
146
176
182
193
189
113
176
211
204
210
172
106
170
210
192
197
183
172
183
181
78
183
181
171
189
170
159
179
123
166
207
163
173
126
164
189
129
225
152
126
206
200
163
195
150
181
159
167
164
137
150
201
184
147
139
189
133
173
110
135
187
208
173
167
177
132
158
159
162
191
117
165
201
233
164
139
159
182
163
224
109
189
229
206
149
186
197
138
213
170
160
244
163
169
192
151
170
180
175
131
117
203
185
192
189
144
180
188
171
102
162
175
201
141
186
172
119
165
169
153
163
150
208
184
196
102
165
201
137
165
145
151
159
98
199
184
177
193
215
141
175
155
158
191
165
191
150
164
166
98
156
112
185
183
152
187
206
180
158
135
218
215
137
177
207
195
171
243
176
177
162
175
181
120
145
160
174
187
148
208
150
183
157
143
198
169
174
157
172
197
126
163
201
146
177
165
122
147
174
158
163
214
198
191
169
150
160
191
191
150
181
201
152
156
180
179
178
108
154
130
198
141
165
156
120
162
152
191
174
125
152
167
170
191
162
239
137
176
158
110
179
153
179
175
170
178
177
159
165
190
168
113
180
162
189
216
190
182
139
207
186
203
146
202
222
177
190
221
224
164
144
165
153
203
235
140
213
207
157
164
195
143
201
162
191
150
190
197
157
151
138
138
177
162
194
140
216
152
207
219
140
180
221
105
147
110
200
202
164
148
158
139
212
204
170
171
160
233
174
127
156
148
191
172
202
151
200
113
68
165
176
166
158
198
185
161
232
135
151
164
92
140
164
123
171
186
181
176
194
170
207
151
187
165
99
200
170
184
196
212
197
191
146
147
190
117
191
129
191
189
222
200
169
172
126
204
198
120
156
191
186
159
152
190
219
223
129
194
215
126
198
152
169
201
170
166
158
176
141
165
178
165
196
170
157
173
217
181
167
192
176
159
178
191
240
117
169
172
157
127
168
189
185
170
175
214
157
161
202
146
171
171
184
170
178
170
191
175
175
191
196
181
162
93
122
182
178
176
162
219
161
218
184
181
165
195
111
175
173
194
150
164
138
81
191
171
200
152
181
168
138
229
141
197
147
131
109
194
137
167
202
123
188
131
138
165
147
204
207
161
176
190
174
159
186
159
151
158
176
160
148
183
163
186
210
168
146
214
137
168
206
194
149
158
179
186
159
132
135
188
182
149
168
162
175
161
150
186
214
202
150
209
201
186
191
156
185
179
154
144
180
231
157
155
176
176
141
153
162
216
185
154
117
163
162
137
164
202
154
198
164
168
161
159
188
119
192
224
144
182
177
192
183
180
103
177
168
173
134
120
160
144
187
174
196
172
196
168
149
199
136
163
102
161
154
160
171
170
165
136
193
186
182
215
144
172
198
126
128
199
151
191
210
178
190
201
183
126
134
162
225
180
180
148
181
213
186
163
186
188
223
193
165
158
143
205
155
181
202
155
179
208
122
211
179
150
187
114
152
188
169
198
150
179
189
220
163
211
162
162
161
175
194
164
185
147
157
161
234
186
126
177
179
218
111
141
174
172
188
216
120
105
194
202
132
137
114
157
181
153
166
138
116
223
183
138
194
141
172
180
186
190
198
192
182
146
176
117
168
165
176
150
152
173
175
163
151
189
195
177
194
185
191
149
208
169
179
152
162
162
181
202
186
204
108
140
155
147
182
172
165
199
159
151
107
185
198
186
189
104
203
128
168
182
117
148
189
197
163
165
124
162
150
144
192
151
135
178
198
154
170
183
213
195
147
126
166
174
123
166
152
174
176
215
162
129
194
191
163
130
127
142
126
164
159
194
179
165
173
193
198
216
142
170
196
143
194
137
207
155
179
163
96
192
118
146
205
179
132
182
183
182
165
188
174
188
107
175
210
139
180
114
135
126
184
126
161
199
207
157
174
167
171
132
168
156
168
153
155
214
149
117
181
131
104
192
159
203
150
176
153
184
159
155
184
148
170
162
194
151
199
164
145
177
171
188
163
233
226
160
145
138
162
177
192
157
156
159
198
202
190
197
195
145
186
166
168
92
177
197
174
112
160
197
175
207
125
186
200
156
172
166
124
176
152
208
148
159
182
166
191
124
115
202
178
182
102
174
147
167
126
171
183
162
142
166
177
200
207
186
196
222
173
158
191
188
169
186
110
169
133
201
172
189
199
207
184
210
200
169
124
135
182
177
168
158
159
223
129
181
148
143
214
118
129
195
204
126
188
195
176
1619
1669
1969
1969
1919
1869
1869
1869
1869
2021
1919
2019
1969
1969
1969
1869
1969
1869
1969
2119
1969
1819
1869
1969
2019
1869
1869
1669
2021
1919
1919
1919
1919
1869
1969
1969
1919
1869
1969
2019
1869
2069
1919
1969
1969
1919
1819
1869
1969
1869
2019
1919
2119
1719
2219
2019
1869
1969
1919
2119
1969
1769
1919
1969
1969
1969
1919
1969
1919
1971
1969
1869
2069
2121
1819
1969
1969
1969
1919
2019
1869
1869
1969
1919
1869
1819
1919
2019
2019
1869
1919
1969
1769
1969
1971
1921
1819
1869
1769
1819
1869
1769
2019
1919
1871
1919
1969
2019
1869
1969
1919
1769
1969
1819
1819
1769
1819
1769
1819
2019
1819
1969
1869
2073
1919
1819
2019
1919
1871
1969
1819
2019
1819
1769
1719
1969
1919
1969
1869
1919
1969
1819
1869
1819
1719
1919
2069
2069
2069
1919
1869
1869
1919
1919
1969
1769
1869
1819
1919
1769
1921
1819
1819
2025
2019
1869
1969
1919
1769
1919
1969
2069
1869
2019
1869
1869
2019
1919
2069
1919
1619
2119
1871
1969
1969
1769
1771
1969
2019
1619
1969
1869
1919
2019
1919
1919
1969
1969
1822
1819
1969
1769
1919
1869
1969
1869
2019
1769
1969
1819
1969
1869
1969
1869
1719
1919
1919
2019
1969
1919
1969
1922
1671
2019
1769
1869
1969
1921
1819
1669
1819
1719
1869
2069
1869
1919
1919
1869
2019
1969
1919
1919
1971
1969
1969
2169
1919
1919
2169
1869
1869
2019
1869
2019
1669
2019
1919
2019
1969
1969
1969
2069
1969
1669
1669
1969
1819
1769
1972
2069
1921
1819
1869
1919
2069
1919
1919
1819
1819
1869
1869
1819
1969
1969
1719
1869
1969
1819
2019
1869
1669
1869
1769
1819
1869
1769
1819
2019
1769
1869
1919
1869
1719
1969
1919
1969
1769
1919
1919
1919
1871
1969
1919
1919
1819
1769
1919
1919
1869
1919
1969
1771
1719
1769
1969
1969
1871
2019
1919
1919
1969
1919
1919
1919
2019
1869
1869
2019
1819
1969
1869
1972
1869
1821
2019
1971
1971
1919
2069
1871
1819
1919
1819
1969
1971
1769
1969
1919
1869
1919
1969
1719
2069
2119
1869
2169
1919
1919
1919
1869
1919
2169
2069
1969
1771
1919
1869
1769
1769
1919
1769
1919
1919
1769
1871
1869
1719
1969
1819
1819
1771
1819
1969
1871
1819
2119
1969
1919
2019
1969
1769
1819
1869
2019
1919
1869
1819
2019
1869
1969
1819
1869
2074
1919
1819
1819
1969
1819
1819
1969
1919
1969
2071
1919
1921
1919
1919
1869
2119
1719
1869
1769
2119
1869
2169
1919
1869
1969
1969
1969
2119
1869
1869
1869
1719
1919
1869
2119
1919
2019
1769
2119
2019
1969
2019
1919
1819
1969
1769
1969
1969
1819
1919
1969
1969
1871
1769
1919
1869
2019
1719
1919
2069
1919
1969
1919
1921
1919
1869
2069
1969
2019
1869
1969
1869
1719
1869
1869
1869
2319
1819
1669
1869
1869
1919
2119
1921
1871
1869
1921
2069
1869
1969
1919
1919
1869
1819
1819
2119
1869
1969
2071
1869
2069
1969
1869
1869
1919
1719
1869
1869
1871
1919
2019
1919
1969
1869
2019
1919
1869
2069
1869
2069
1819
1869
1969
1869
1919
1919
2119
2119
1819
1869
1969
1769
1869
1819
1969
1919
2069
1872
1869
1821
1869
1869
1869
2019
1919
1971
1869
1769
1919
1969
2019
1969
2069
1969
1919
1969
1769
1869
1919
1919
1919
1969
1869
1919
2019
1869
2019
2069
1919
1819
1871
1869
1919
1921
1969
1719
1869
1969
2019
1769
1969
1819
1819
2119
1919
1969
1869
1869
1719
1819
1819
1869
1769
1919
2019
1919
1919
1669
2019
1769
1871
2019
1669
1819
1869
1969
1921
1919
1919
1919
1869
1921
2119
2019
2069
1919
1869
1919
1869
1669
1719
1869
1969
1921
1919
2019
1969
1919
1969
1869
2019
1819
1919
1769
1969
1919
1919
1719
1869
1719
1971
1919
2119
1769
1919
1869
1919
1919
1869
1919
1969
1869
1969
1669
1969
1969
1869
1969
1969
1919
1969
1819
1869
1871
2125
1969
1869
2019
1969
1971
1819
1819
1569
2069
2019
1919
1971
1769
1969
1869
1919
1869
1919
1869
1869
1919
1971
1919
1869
1919
1919
1771
2119
1969
1869
1869
1869
2069
2069
1869
1869
2019
1919
2019
1819
2069
1919
1869
2019
1719
1919
2069
1869
1919
1769
1919
1869
2069
1919
1919
1819
1969
1669
1919
2119
1919
1769
1869
1869
1869
1869
1969
1769
1769
1819
1869
1869
1869
1971
2071
2019
1969
1869
1969
2069
1969
1819
1769
1869
1819
2219
1919
1919
1723
1869
1719
1869
1869
2069
1919
2019
1919
2069
1819
1721
1969
1969
1869
1819
1819
1819
2019
2069
1919
1819
1919
1919
2019
1869
1969
1969
1919
1969
1819
1869
1869
1919
2069
1969
1869
1869
1919
2019
2019
1819
1819
2069
2219
2069
1919
1969
1769
1919
1919
1971
2019
2369
1719
1969
2019
2019
1921
1869
1719
1921
1819
1869
1919
1969
1869
1869
1819
1921
1919
1823
2019
1919
1769
1819
1869
2019
2169
2021
2069
1969
2172
1969
1869
1819
2019
1819
1719
2069
1821
1775
1919
1919
2019
1871
2269
1869
1819
1869
1969
1919
1869
1719
2019
1819
2019
1919
1969
1919
1869
2069
1769
1819
1919
1869
2119
1969
1969
1969
1919
1819
1769
1819
2019
1919
2019
2019
2173
1819
1719
1869
1869
1819
2019
1969
1971
1919
1969
1919
1819
1821
1769
1919
1869
1969
2069
1969
2019
1869
2019
1769
1819
1919
2069
1869
1969
1871
1969
1969
1669
1919
1719
1869
1769
1869
1819
1819
1969
2019
1971
1769
1969
1669
1919
1969
1969
1969
1969
1869
1969
1869
1869
1769
1869
2019
1819
1919
2019
1919
1971
1969
1872
1869
1871
2078
1869
1819
2019
1869
1869
1969
1919
1969
1921
1819
1919
1869
1869
1919
1869
1869
2069
2069
1969
1869
1869
1869
1919
1969
1869
1769
1719
1921
1969
1969
1919
1819
1869
2019
1969
1969
1869
2119
