425
488
494
347
449
480
624
447
366
464
594
552
501
555
583
465
522
694
478
487
496
488
478
540
484
588
430
446
464
499
485
424
547
421
449
370
384
469
445
486
507
495
633
428
376
598
466
554
596
456
460
425
553
606
402
427
618
485
414
459
549
590
489
395
457
466
502
470
513
572
558
530
497
390
408
618
523
518
416
432
603
454
476
407
529
424
329
445
554
377
565
565
460
448
631
328
489
468
610
448
548
560
474
491
492
629
423
643
582
553
394
438
490
452
491
467
410
531
466
520
699
515
421
470
421
442
568
660
440
475
440
538
475
415
504
634
586
547
441
464
406
505
504
422
456
606
550
534
636
481
589
466
369
552
359
488
542
538
509
428
555
404
516
396
416
422
458
505
368
475
454
428
482
447
514
527
334
619
486
449
456
510
436
472
354
460
456
485
648
515
521
591
478
691
367
587
424
448
468
563
606
382
653
410
365
568
499
427
429
738
474
532
501
371
397
487
657
464
413
443
528
525
391
538
512
514
562
476
428
632
553
502
589
452
461
527
406
713
484
480
472
424
617
481
489
443
523
627
454
474
568
440
585
494
464
535
630
680
408
411
553
412
530
551
416
446
656
448
609
394
417
414
560
390
579
437
472
488
558
447
479
532
506
692
401
499
548
517
512
490
438
412
446
609
426
516
437
458
477
446
535
451
440
584
405
584
358
501
473
472
309
550
465
471
630
377
458
382
565
536
508
421
383
531
409
546
388
518
548
485
682
551
611
455
462
490
463
517
428
502
484
398
388
499
432
374
473
433
387
429
400
430
469
496
490
490
579
531
486
496
631
558
617
441
489
499
409
480
402
371
577
431
518
438
445
571
497
498
465
585
537
531
526
567
415
477
497
411
450
767
509
443
346
475
417
498
450
543
647
595
441
335
489
490
517
458
504
552
516
410
400
459
496
351
452
436
343
537
480
511
690
518
415
493
493
407
491
409
452
701
441
564
512
390
673
447
454
540
499
588
444
493
448
577
536
470
428
489
420
533
557
442
389
497
644
537
508
377
491
561
609
614
533
452
423
502
506
379
373
450
436
534
537
408
494
467
464
375
558
454
501
642
482
566
445
670
409
401
507
431
467
467
460
566
482
455
620
563
527
477
501
610
414
498
475
575
622
567
512
483
467
476
483
483
478
342
367
525
498
466
427
489
464
491
409
405
401
551
408
427
689
555
534
424
635
530
414
507
388
468
547
527
421
477
486
556
538
383
426
553
439
530
508
416
414
490
438
417
509
515
473
467
383
431
422
409
682
391
483
453
484
639
420
393
440
549
518
505
468
342
476
582
552
599
410
497
483
439
494
558
552
533
456
525
480
443
569
526
553
437
448
487
395
457
484
522
413
483
347
456
589
448
532
481
440
530
533
557
498
407
372
643
589
408
506
480
445
636
437
479
525
361
438
539
515
600
597
555
441
474
481
475
618
587
379
470
454
715
462
387
545
595
447
452
361
386
508
616
650
361
506
538
412
641
488
374
596
348
506
430
506
512
438
389
573
423
395
485
424
552
382
529
301
511
446
362
460
516
647
538
437
562
624
519
558
421
452
516
296
491
452
412
493
386
439
613
397
498
677
508
479
641
688
463
390
505
464
422
672
445
535
454
510
418
420
443
478
369
386
464
531
550
422
437
469
484
527
563
454
575
451
450
538
424
564
529
521
415
374
526
554
396
402
433
506
467
427
457
497
398
579
393
534
354
390
448
385
475
374
507
472
393
787
405
502
469
468
450
567
447
522
465
572
476
462
523
464
744
456
485
556
629
527
509
497
480
423
350
420
593
551
507
468
526
500
468
527
484
452
474
519
533
409
476
518
521
506
515
509
570
411
407
470
561
443
568
439
596
555
613
489
554
585
414
402
506
452
485
600
434
744
483
574
446
340
462
428
561
503
456
396
424
418
487
653
564
512
384
422
467
441
516
414
464
466
539
492
429
394
490
401
486
509
410
458
473
435
469
494
395
503
510
445
548
415
502
490
513
428
479
510
467
485
596
507
509
523
463
515
531
526
552
484
457
554
475
466
553
558
428
528
478
388
471
560
465
438
453
471
377
513
374
402
443
439
671
493
622
536
615
458
352
342
501
438
510
565
537
476
315
633
454
502
578
448
355
524
508
402
485
651
441
442
548
549
579
399
482
471
479
602
496
445
475
514
431
467
451
481
423
573
464
575
439
390
376
547
558
415
436
451
582
454
418
411
549
549
574
390
429
454
375
405
523
600
547
546
422
533
527
146
191
182
156
212
155
160
203
89
182
143
217
183
187
120
188
150
154
187
126
157
189
191
186
186
146
160
169
192
166
197
231
174
148
191
170
135
177
180
125
211
129
224
177
127
173
135
156
206
109
157
165
162
159
218
188
164
170
181
196
186
160
136
164
189
190
240
199
177
182
208
222
189
214
207
215
209
173
172
179
213
129
157
173
204
132
161
193
184
173
172
194
199
142
193
168
145
208
172
163
186
236
182
225
212
228
180
176
182
158
211
175
196
177
182
150
170
187
156
175
170
188
163
192
166
189
191
144
181
184
194
165
172
163
175
152
180
182
200
206
203
170
150
189
189
142
226
196
180
181
172
183
175
138
192
157
174
215
150
164
133
135
215
145
188
240
105
193
203
191
208
124
161
197
190
148
176
194
172
206
219
174
136
175
167
129
182
223
162
184
179
178
180
186
151
183
187
181
205
180
190
209
151
155
182
177
215
193
172
175
226
205
177
183
185
133
122
159
168
177
163
196
119
171
146
172
198
143
160
182
134
185
157
173
188
166
157
199
178
212
181
177
121
187
209
186
174
187
183
208
182
212
187
169
175
169
215
126
168
144
126
157
119
184
220
229
116
200
183
197
194
186
169
185
222
193
203
120
192
237
190
219
197
128
106
216
167
178
200
152
156
241
200
191
174
189
193
190
174
191
238
173
142
198
159
161
178
151
147
216
119
176
170
207
205
195
205
167
197
175
203
199
120
236
155
198
226
148
209
189
175
182
172
169
146
152
167
168
116
182
135
142
240
209
200
197
219
188
201
143
232
126
166
168
182
201
196
178
200
207
131
208
157
151
110
178
154
168
218
175
159
203
158
200
213
162
217
153
199
178
199
165
150
182
214
150
184
242
122
218
155
171
153
169
177
174
151
200
177
178
162
74
155
191
203
137
190
165
183
188
195
197
187
159
251
238
117
169
160
119
182
179
143
212
155
173
205
210
200
194
134
144
158
206
159
176
161
222
177
178
193
182
213
137
160
180
218
217
106
153
172
185
189
183
206
120
232
192
155
193
236
178
199
162
143
161
170
194
146
132
151
178
168
206
202
212
197
97
164
176
166
188
131
110
210
226
170
204
173
164
175
125
183
173
161
175
202
196
199
160
193
193
214
182
163
178
135
185
179
144
166
190
174
153
209
182
201
194
183
185
181
209
131
213
205
172
203
132
167
190
164
200
174
179
192
214
135
162
176
187
185
188
237
172
191
188
131
157
192
161
189
207
192
199
213
151
166
189
212
168
165
186
201
218
165
78
134
209
157
166
161
194
219
166
183
197
128
187
162
200
193
180
163
134
166
182
101
155
221
237
230
188
119
163
148
116
165
148
147
187
159
183
109
236
143
187
194
164
135
229
178
221
160
120
154
118
149
113
180
179
190
192
269
164
159
104
177
117
194
193
167
158
139
135
208
172
163
203
191
169
157
180
165
191
212
161
177
258
191
230
189
119
176
213
161
157
185
204
172
174
131
138
192
200
149
179
180
176
197
167
177
129
161
159
163
200
173
178
198
215
139
160
105
181
191
182
181
147
170
160
184
156
163
190
132
156
177
176
176
143
183
110
171
191
213
151
153
111
176
167
217
202
132
169
136
215
197
220
174
153
184
168
187
132
176
165
182
219
218
181
205
186
171
198
165
175
126
181
198
163
192
161
204
203
209
140
168
159
190
199
167
160
209
216
197
125
140
180
178
203
191
200
147
164
129
214
110
146
189
101
148
194
196
222
197
176
230
172
159
172
140
89
127
174
185
136
162
196
208
197
209
117
194
206
169
178
189
197
150
200
133
194
184
189
160
184
189
187
195
176
195
241
185
168
151
189
226
156
189
170
131
205
195
107
199
175
193
180
114
176
159
153
135
232
143
189
195
137
124
217
152
150
234
178
197
178
160
175
177
156
212
208
194
148
187
202
175
207
148
197
177
221
175
176
204
220
176
137
138
113
232
176
159
174
190
181
194
189
192
156
173
178
184
218
142
164
205
187
190
166
216
171
207
166
71
208
179
171
141
176
160
192
230
118
110
180
170
180
231
180
205
206
176
113
171
164
224
156
169
208
187
178
213
136
198
176
168
206
162
142
149
144
150
167
197
148
185
172
185
195
212
170
234
162
184
165
190
138
157
109
184
184
175
200
133
168
176
229
187
200
204
227
225
195
200
169
209
199
236
159
160
170
129
226
206
220
136
184
198
227
212
220
157
133
121
108
153
208
153
177
206
167
183
189
187
197
114
199
190
187
1943
2047
1995
2151
2049
1943
1839
2099
2047
2151
1943
1839
1943
1839
1891
1943
2047
2047
1995
1943
2151
1995
2099
1995
2270
2047
2047
1891
2569
2151
2047
1891
1943
2203
2047
1943
2047
1995
1995
1995
2047
2099
2047
1891
2047
2047
1995
1946
1943
2151
2255
2047
1943
1891
1995
1995
2047
1997
2307
2047
1943
2099
2101
2047
1891
1943
2047
1891
1735
1943
1943
1995
1839
2047
2099
1943
1995
2047
2047
2151
2001
1943
1995
1995
1995
1995
1943
1995
1943
2101
2047
1995
1891
1943
1995
1995
1891
1787
1735
1839
1735
1995
1943
1891
1943
1995
1943
1995
1839
2047
2099
2049
2573
2047
1943
1945
1997
2203
1943
1943
1943
2203
1945
1995
1891
1943
1943
2099
1995
1943
1995
1995
1943
1995
2099
1891
1943
2047
1943
1995
2047
1943
2047
1943
2047
2151
1943
1891
1891
1995
2047
2047
1891
2099
2047
1839
2099
2047
1943
2151
2047
1995
1891
1995
1945
1995
2047
2047
1995
2047
1995
1995
1943
1995
1891
1995
2099
2047
1943
2047
1943
2099
1943
2047
1997
2049
1891
1891
1891
2047
1995
2047
1891
2099
1839
2047
1995
1943
1839
1945
2049
1943
1943
1997
2099
1891
2047
1735
1995
1995
1839
1891
2099
2049
2411
2047
2047
1995
2151
2203
1997
1995
1841
1839
1943
2047
1735
1995
1995
1995
1841
1891
2099
1995
2047
2151
2151
1841
1943
2047
1943
1997
2047
1995
1943
1943
2047
1891
1995
2307
2203
2101
2099
1943
2151
1893
1891
2099
2099
2359
2099
2047
1995
2047
1943
1995
1997
1943
1787
2099
1839
1891
1995
1995
2151
1995
1995
1943
2255
1995
3277
2047
2099
2151
1995
1943
2047
2047
1787
2307
2047
1839
1891
2047
2047
2151
1891
1839
1893
2050
1891
1995
2049
1789
1995
2099
1999
2099
1995
2099
1787
2203
2047
1995
1891
2047
1995
1995
2101
1943
1787
1891
2463
1995
1943
1995
1735
2099
1839
1839
2099
1995
1948
2047
2047
2411
2099
1995
2047
1995
2099
1997
2047
1995
2047
1995
1995
1943
1943
2099
2047
2255
2151
2047
1787
1945
1995
1839
1943
1891
1995
1943
1891
1943
1995
2415
2151
1995
2255
1995
2151
2151
1995
1943
1943
1995
2047
2047
1839
1943
1943
1995
2099
2151
1995
1943
2049
2047
2047
1943
1997
1943
2203
2047
1839
1891
2099
1995
2047
2203
2203
2151
2099
2049
2049
2047
1995
2151
1839
1891
1995
1995
1943
1995
2099
1787
2047
2099
2047
1943
1995
1943
2151
1995
1891
1995
1943
1995
2047
1943
2047
1893
2099
2101
1891
1891
1997
1943
2047
1787
2203
1995
1943
1787
1995
1839
1891
2099
1943
1943
2151
1891
2099
1943
1943
1943
2099
1839
2255
1943
1943
1995
2047
2047
1891
1789
1839
1943
1891
2255
1995
1995
2047
2047
2047
1995
1891
1995
2151
1995
1995
1891
1995
1891
1943
1943
1891
2103
2099
2151
1891
1943
2047
1787
1839
1995
1839
1894
1995
1943
1839
2151
1995
1995
2151
2047
1995
1891
2047
2099
1995
1891
2203
1995
2047
2151
2053
1995
1891
1995
2049
2047
1995
2047
1995
2151
1997
1943
2099
1995
1995
1891
1995
2047
1891
1995
2099
2047
1943
2099
1995
1893
2106
1943
2047
2099
1943
1943
2047
1839
1995
2099
1943
1943
2047
1943
2099
1787
2047
1995
2047
1943
2255
1995
1995
1943
1943
2047
1839
1995
2047
1943
1946
2047
1943
1787
2151
1891
1995
2099
1995
2151
1943
2099
2049
1943
2099
1943
1943
1943
1943
1943
1943
1891
2047
1943
1943
1995
1943
1995
2284
1891
2047
1995
2099
1943
1839
1995
2151
1787
2099
1995
1995
2047
1839
1995
2047
1891
2203
1891
2151
1839
1891
1995
1943
1995
1891
2047
2099
2099
1891
1839
1945
1995
2047
2203
2047
1943
2099
1995
2047
1943
1839
1735
2047
2047
1891
1943
1995
2099
1891
1943
2049
2099
1997
1995
2312
1891
1995
2047
1839
1995
1891
1787
1995
1995
2203
2151
1995
1943
1893
1995
2047
2047
2047
1943
2047
1995
2047
2047
1893
1995
2047
1891
1943
2151
1891
2203
2047
2047
2047
1995
1943
1995
1891
1943
1995
2099
1943
1943
1995
2203
2047
2153
2099
1943
1995
1839
2153
2047
1943
1891
1943
2047
1943
2047
2047
2099
1891
1995
1943
2151
1995
1891
2047
2101
1891
2231
2099
1995
1998
1943
1943
1891
2203
1943
1945
1891
1995
1839
2047
1997
2047
2099
1839
2047
2255
2151
1995
1839
1995
1995
1995
2099
1943
2099
1943
1787
2099
1995
1995
2047
1891
1839
2203
1891
1839
2099
2723
1943
2203
2101
1943
1943
1943
2099
1995
1943
2099
1891
1995
1995
2101
2047
1943
2099
1995
2047
2047
2099
2047
1995
2099
2151
1839
2099
2151
1943
1995
2047
1891
2047
2099
2047
1839
1839
1995
1943
1943
1943
1891
1787
2099
2099
1891
1943
1891
2047
1995
2047
2049
2047
1945
1839
1995
1995
2047
1839
1839
1995
1995
1891
1839
2047
2047
1891
1943
2047
2099
1995
2047
1943
1995
2047
2049
2099
2047
2099
1995
1943
1995
1995
1995
1891
2049
1891
2047
1945
1891
1995
2047
1891
1995
1995
1891
1995
1995
1943
1995
2099
1891
1943
1995
1995
2047
2047
2099
1943
1943
2257
1891
1999
2047
1997
1995
1995
1995
2047
2155
1995
1943
2099
2099
1891
2151
1943
1945
1995
2099
2047
1995
1995
1995
1945
1995
1943
2047
2049
2099
1995
1891
1943
2047
1995
1995
1995
1943
1893
2047
2047
1997
1891
1995
2151
1995
2099
1787
1943
1943
1839
1943
1995
2309
2151
1839
2047
2047
1841
2203
1787
1945
1943
2099
1943
1995
2047
2047
2463
1943
2255
2099
1943
1945
2099
1995
1893
2047
2047
2047
1893
1995
1995
1943
2151
1943
2203
2047
1839
1943
2047
2047
1891
2047
1943
1891
2151
1891
1995
1995
2151
1995
1891
2153
2153
1891
2047
2047
2099
2255
1943
2047
1943
2047
1735
1839
1839
2099
2099
1787
2099
