460
444
659
510
441
544
378
546
516
459
552
441
413
546
505
699
472
530
634
439
621
442
521
525
523
631
758
438
428
352
454
386
379
449
468
572
442
401
501
502
576
461
470
576
541
458
494
462
515
527
393
519
543
605
525
457
430
400
375
454
536
407
415
640
599
505
595
495
638
396
515
458
454
535
375
518
532
388
453
626
540
531
639
513
535
594
428
354
358
560
775
455
426
458
569
446
387
482
473
554
502
561
565
601
392
463
518
545
691
492
493
557
469
634
504
538
444
678
476
521
371
376
411
476
590
512
698
420
574
460
469
503
449
437
508
464
457
442
532
463
488
502
433
477
520
531
408
467
593
474
532
443
502
474
745
400
517
448
413
433
517
416
373
369
489
517
497
489
582
538
481
454
524
418
567
602
461
372
513
670
559
562
565
469
591
525
462
462
664
429
558
499
500
541
398
419
358
609
436
543
484
485
450
502
386
438
457
514
490
421
456
432
391
475
603
378
630
479
458
554
468
455
392
481
450
465
521
531
434
472
746
593
511
520
629
495
519
569
736
427
469
623
479
460
498
595
515
489
462
439
513
680
428
557
497
631
423
546
662
452
383
664
459
489
457
527
459
515
567
466
438
545
425
466
749
456
532
581
458
484
640
406
443
394
410
503
455
424
503
585
391
635
579
500
471
439
466
444
630
576
453
443
532
435
441
586
566
398
462
497
450
472
556
422
488
595
375
604
364
559
353
518
497
557
426
384
575
447
452
497
615
418
573
496
321
541
410
420
375
577
395
438
436
350
447
701
430
543
522
507
544
497
450
385
606
462
436
553
447
438
417
503
508
578
401
539
444
510
489
413
418
683
409
462
535
433
479
501
378
456
360
500
461
550
407
487
584
436
543
425
472
603
446
654
422
548
539
616
614
493
394
452
462
479
485
448
468
522
466
425
432
550
560
586
450
476
497
473
393
444
485
415
647
522
471
454
441
481
434
518
438
418
465
503
619
503
499
538
435
467
455
550
455
505
408
479
548
583
452
543
588
759
605
656
467
442
424
515
526
472
451
406
524
563
508
395
433
540
517
480
536
741
485
380
463
571
507
502
415
486
564
583
560
579
445
525
575
447
418
504
555
537
589
564
477
572
531
432
512
481
472
498
614
512
429
604
572
466
418
597
530
403
588
678
458
422
466
532
557
584
414
404
436
601
638
541
423
577
642
398
497
490
445
440
589
633
512
467
609
595
445
504
582
446
628
509
564
563
546
480
493
399
537
491
555
517
618
522
489
425
411
435
440
569
538
616
574
416
490
537
470
492
516
463
445
440
531
414
593
376
458
641
552
528
636
489
401
595
374
491
612
575
498
431
375
517
564
449
456
473
505
504
422
437
441
513
394
650
499
436
474
421
537
515
699
572
573
411
576
479
422
503
500
435
561
431
475
532
371
469
362
662
469
430
371
609
501
523
517
552
473
531
419
463
589
436
487
632
468
467
476
493
614
444
403
460
467
539
444
438
484
554
402
577
560
461
415
736
386
530
422
414
397
570
485
409
533
556
516
330
647
482
517
534
632
466
583
426
680
700
435
605
537
458
602
484
564
538
420
488
430
448
407
561
543
503
491
579
661
374
485
474
462
573
581
424
717
531
492
512
400
487
570
355
428
525
625
413
395
433
452
557
459
405
657
554
427
494
411
704
584
572
512
473
504
458
499
488
672
445
646
486
669
451
634
506
615
647
514
402
633
529
524
489
431
448
511
558
381
528
566
419
450
435
468
408
571
569
435
646
471
410
446
510
417
581
520
649
470
493
566
535
488
522
487
675
460
678
453
671
429
469
558
486
444
476
427
521
467
391
433
524
523
605
582
535
545
492
541
486
449
465
740
446
551
490
466
608
581
615
471
526
487
576
511
403
377
553
474
474
454
457
414
396
601
443
624
513
379
502
550
461
498
527
457
537
508
602
470
512
407
450
470
484
495
423
443
440
346
573
466
502
449
461
665
478
458
538
581
431
489
645
421
482
545
506
487
561
534
499
665
531
427
494
627
566
636
641
593
402
736
455
580
477
502
658
403
467
521
525
419
381
558
456
453
442
545
495
414
452
535
618
437
563
457
550
479
451
453
550
482
502
452
347
422
515
609
538
537
540
476
516
555
433
424
690
592
432
467
692
547
439
493
566
614
427
459
446
368
602
394
506
533
488
573
627
557
474
470
491
516
483
542
487
575
485
476
558
528
367
474
530
508
537
495
610
500
469
456
556
389
404
605
419
497
633
616
568
571
435
223
247
215
215
229
173
200
186
222
187
170
157
171
207
187
150
182
226
224
212
227
152
196
193
197
189
117
109
151
137
179
132
241
187
238
196
176
171
157
157
201
181
141
221
182
147
199
176
168
147
172
186
223
167
114
138
86
164
191
201
193
176
174
203
152
185
227
163
199
205
172
211
197
197
192
181
201
219
134
184
72
240
168
181
164
161
138
154
213
182
181
209
190
216
220
164
178
193
166
195
226
146
233
197
224
199
199
248
138
165
160
166
170
143
153
160
177
188
177
231
138
200
130
194
111
120
191
130
202
183
205
171
195
159
159
166
189
194
214
182
132
153
191
207
186
181
191
169
211
201
204
201
183
190
129
160
215
182
155
178
184
166
206
159
182
202
184
151
206
130
214
180
165
153
206
215
181
214
163
177
193
232
117
202
129
207
188
170
223
200
175
199
178
174
94
190
172
208
182
201
185
165
182
182
242
172
159
230
180
212
250
206
184
132
158
192
207
223
216
109
180
193
141
209
196
119
133
186
196
186
162
205
211
151
202
203
167
213
150
205
202
172
155
129
195
170
248
147
125
167
246
200
200
199
156
176
207
122
187
163
221
164
228
196
173
202
158
191
106
242
147
209
157
196
111
157
190
211
177
170
116
218
204
132
206
188
159
179
154
129
219
181
173
157
221
206
203
193
158
111
216
177
202
186
209
172
195
190
182
205
149
199
172
182
203
223
194
164
193
193
196
208
223
204
124
100
124
184
186
205
115
177
179
185
171
166
193
176
169
160
188
182
215
147
198
227
225
207
154
187
198
207
186
190
195
246
191
138
185
203
193
150
183
203
195
196
155
185
195
209
207
199
233
187
188
181
221
179
184
118
202
214
192
149
196
205
229
166
185
196
131
235
196
132
154
166
117
143
139
120
160
189
211
182
170
161
168
169
219
198
165
203
226
219
216
210
215
144
222
140
196
145
218
155
183
156
199
175
225
149
190
179
209
188
152
198
234
187
219
174
149
185
176
185
154
204
190
169
174
197
205
206
116
161
178
187
176
197
141
178
154
159
187
240
195
221
233
204
137
191
170
162
188
182
197
207
205
157
212
172
158
163
115
219
217
172
158
225
190
229
166
137
184
222
162
193
209
168
170
193
168
206
227
171
176
216
151
146
195
167
213
160
216
178
194
155
181
148
233
161
228
174
237
204
218
154
191
166
143
215
191
190
142
171
197
175
195
195
153
161
212
160
197
198
200
151
130
176
131
186
178
172
153
201
114
136
197
181
132
202
185
178
212
195
167
133
176
206
206
217
175
176
143
223
179
150
228
225
167
179
153
198
188
195
194
139
188
186
170
141
236
224
224
167
204
126
223
225
145
227
204
233
220
183
214
192
229
203
213
129
241
172
139
175
189
191
198
202
156
202
177
205
170
207
204
181
187
227
174
133
179
174
240
103
187
192
163
196
158
199
170
203
180
177
185
227
201
188
145
186
234
170
179
196
207
166
183
185
161
191
171
140
212
165
221
170
199
168
185
226
212
202
187
187
217
161
181
143
184
180
172
199
211
177
191
137
225
149
102
146
180
197
187
201
199
166
187
207
148
141
193
194
167
218
189
165
191
174
207
149
206
130
112
190
144
173
222
125
211
193
188
211
149
192
135
158
118
199
174
221
200
204
146
159
181
195
195
192
174
168
185
144
228
205
179
214
200
196
164
178
157
154
201
222
208
155
171
195
208
167
109
193
220
205
216
235
158
170
109
168
202
238
205
136
166
164
234
202
218
200
165
162
244
165
234
142
133
232
163
134
120
263
171
159
158
150
237
199
183
186
201
167
161
157
158
186
151
153
170
200
215
155
154
175
168
150
203
210
224
189
172
208
156
202
180
204
118
196
172
199
201
222
213
175
188
186
176
173
213
198
249
214
189
149
198
143
178
187
117
137
181
208
180
155
176
175
240
203
226
241
153
170
139
207
158
209
250
178
245
200
205
144
234
199
118
196
171
161
182
163
205
192
223
218
213
186
135
178
153
220
154
175
210
121
205
143
222
204
186
193
204
165
129
192
188
203
183
187
165
222
216
201
199
201
241
169
196
141
122
187
178
152
190
172
214
206
188
240
163
211
201
134
171
158
224
158
202
189
219
197
170
188
187
173
196
197
242
160
249
145
135
200
207
199
157
225
189
216
145
172
212
138
152
187
170
190
216
191
170
177
106
174
170
205
156
199
135
185
188
157
159
220
165
205
144
225
152
152
164
186
107
177
168
236
221
196
174
195
167
190
2071
2017
1963
2071
2017
2071
2179
2017
2073
2179
2125
2125
1856
1855
2017
2125
2125
1963
2017
2287
2181
2179
2071
2235
2287
2125
2071
2287
2071
2179
2017
2071
2017
2179
2235
2071
2179
2017
2071
1909
2125
2019
2071
2125
2017
2233
2017
2071
2125
2179
1963
2071
2071
2071
1909
2071
2125
2233
2017
2017
2233
2071
2125
2179
2125
2017
1909
2073
2071
2125
2233
2071
2076
2071
2071
1855
2071
2017
2287
1963
2017
2125
1963
2071
2017
1963
2071
2179
2125
2017
2017
1909
2125
2235
2017
2179
2287
2125
2179
2071
2071
2125
2125
1963
2179
2071
2233
2071
2071
2125
2181
2179
2017
1963
2233
2071
2071
2017
2179
2125
2017
2017
2017
2125
1963
2071
2127
2125
2071
2071
2233
2017
2071
2179
2073
2179
2179
2179
1801
2071
2341
2125
2071
2071
2179
2017
1963
2179
1963
2125
2179
2125
2125
2233
2125
2125
2125
2235
2125
2073
2017
1855
1909
2019
2017
2071
2233
2073
2071
2125
2179
2125
2017
2017
1965
2071
1909
1963
2179
2125
2071
2073
2071
2179
2019
2071
2071
1963
2233
2017
2235
2233
2179
2125
1909
2179
1963
1965
2125
2017
2017
2071
2233
1909
2017
2071
2179
1909
2071
2125
2071
2233
1963
2019
2017
1963
2071
1963
2125
2071
2017
1963
2179
2017
2179
2233
2125
2179
1963
2179
2071
2071
2071
2125
1963
2017
2125
2287
2071
2125
1963
2073
1963
2017
2073
2071
2071
2019
2185
2071
2017
2017
2179
2017
2071
2071
2017
2179
2125
2179
2017
2125
2179
1963
2017
2125
2071
1909
2017
2233
2017
1965
2071
2233
2449
2179
2071
2017
2125
2071
2235
1963
2017
2179
1963
2125
2233
2017
2125
2233
2179
2071
2071
2179
1855
2179
2179
2071
2125
2127
2125
2125
2179
2017
2125
2017
2289
2287
2125
2125
2125
2017
2125
2179
2125
1801
2287
2071
2181
2125
2233
2017
2017
2073
2130
1963
2125
2017
1855
2017
2179
2179
1747
2071
1909
2017
2179
2233
2125
2017
2179
1801
2071
2019
2287
2073
1963
1747
2071
2017
2071
2071
2235
2179
2017
2071
2017
2179
2233
1855
2395
1963
2017
2017
2183
2017
1963
2073
2071
2071
1963
2179
2181
2179
2017
2233
2071
2071
1909
2125
2179
2179
2179
2125
2179
1909
2071
2179
2233
2017
2071
1963
2075
2125
2179
2071
2233
2017
2289
2073
1963
2017
2179
2125
2071
1963
1909
2125
2125
2125
2238
2179
2179
1963
2019
2073
2017
2071
2179
2179
2071
2125
1963
1963
2071
2179
2125
2557
2125
2125
2233
2233
2017
2289
2017
1747
2071
1963
2233
2071
2179
1963
2071
1966
2075
2071
1855
2071
2071
1963
1855
1909
2179
2017
2125
2125
2071
2017
2233
2017
2073
2233
2182
1801
2017
2071
2071
2017
2017
2021
1963
2017
2233
2125
2179
2017
2071
2179
2071
2233
2071
2179
2287
2125
2071
2179
2017
2071
2017
2071
2235
2071
2017
2125
1963
2179
2017
1963
2017
2017
2071
2017
2071
2071
2179
2125
2233
2179
1909
2179
1963
1963
2017
2071
2071
2341
2125
1963
2017
1855
2071
2125
2071
1801
2125
2017
2125
2017
1963
1963
2071
1909
2179
2017
2181
2017
1909
2071
2233
2233
2179
1963
2020
1963
2179
1909
2179
1855
2125
2125
2233
2233
2185
2125
2017
2071
1963
2233
2017
2179
2179
2125
1963
2017
2127
2125
2125
2017
1963
2179
2071
1963
2017
2073
2179
2179
2071
2017
2179
2233
2125
2179
2017
2233
2071
2179
2287
2179
2451
2233
1910
1855
2017
1963
2017
2071
2071
1909
2127
2071
2125
2125
2125
1963
2073
2017
2071
2127
1909
2395
2071
2071
2287
2017
1909
2071
2071
2125
1965
2071
2071
1963
2125
2073
2017
1963
2019
1963
2071
2233
2071
1909
2125
2233
2127
2071
2179
2287
2125
2071
2071
2125
2125
2125
2125
2017
2125
2179
2071
2341
2017
2125
2125
1909
2071
2125
2179
2125
2179
2071
2017
2287
2127
2125
2125
2073
2179
2125
1963
2071
2017
2181
2127
2128
2073
2017
1855
2233
2071
2179
2125
2125
2017
1963
2287
2127
1963
2125
2071
2125
2071
2073
2125
2073
1965
2071
1963
2125
2125
1963
2179
2071
2071
2017
2017
2073
2071
2071
1963
2125
1963
2071
2017
2287
2235
2233
1912
2127
2071
2071
2071
2181
2071
2179
2287
2017
1855
2071
2125
2017
2179
1855
2179
2179
2125
1963
2341
1909
2017
2017
2179
2017
1963
1963
2179
2017
2071
2179
2017
2125
2233
2287
2071
2071
2341
2125
2233
1963
2017
1963
2071
2071
2179
2073
2071
1801
2071
1963
2233
2073
2182
2179
2071
2017
2179
2233
2289
1909
1963
2017
2127
2125
2128
2017
2179
1965
2071
2071
2125
2125
1963
2125
2071
1909
2179
2017
2071
2071
1963
2125
2181
2235
2179
2127
1963
1963
2071
2017
2181
1909
2071
2503
2233
2071
2017
2017
1963
2179
2125
2017
1963
2017
2128
1909
2071
2233
1801
2017
2125
2071
2233
2125
2127
2071
2287
2071
2017
2129
2017
2071
1909
2071
2017
2071
2071
2125
2019
1963
2287
2179
2125
2179
2127
2071
2125
2127
2073
2125
2125
2071
2071
2125
2181
2233
2071
2233
1855
2071
2017
2071
2125
2295
1963
1963
1857
2321
2127
1965
2019
2233
2125
2071
2071
2071
2287
2074
2233
2233
1963
2125
1855
2125
2179
2071
1963
2071
2017
1963
2019
2233
1963
2071
2017
2179
2181
2125
2179
1963
2125
2073
1801
2125
2017
2073
2179
2287
2181
2125
2125
2233
1963
2017
2233
2503
2287
2179
2071
2341
2127
2017
2017
2179
2179
2233
1963
1963
1909
2287
2127
2071
2125
2073
1909
2071
2125
1963
2125
2287
2071
2071
2179
2287
2071
2071
2073
2179
1909
1963
2233
2233
2127
2125
2235
2125
2125
2071
2017
2127
2233
2071
2017
2125
2017
2179
1963
2179
2181
1963
2125
2071
2017
2071
2017
2017
2125
1963
2341
2125
2125
2125
2287
1963
2071
2071
2017
1911
2071
1963
2071
2071
