495
645
579
481
537
617
499
505
560
498
389
466
420
475
518
617
647
471
667
615
504
424
465
437
507
649
507
499
468
493
394
555
438
531
424
475
477
435
511
536
473
444
438
508
594
553
461
775
490
662
560
423
574
566
564
549
520
559
565
450
597
553
595
504
606
507
469
544
760
505
477
514
568
580
521
384
750
423
541
484
504
436
492
502
760
461
551
391
801
562
572
575
622
462
476
495
522
401
515
456
578
581
557
446
853
591
644
550
448
473
549
502
529
463
523
545
472
468
572
751
565
531
469
359
366
484
556
550
501
456
563
531
488
509
373
565
475
461
434
533
505
569
608
546
438
611
534
508
453
447
633
501
560
628
414
560
465
453
573
496
470
638
446
434
509
508
370
579
489
500
535
437
436
575
678
503
518
523
416
535
483
561
504
391
482
459
482
475
563
571
549
472
560
545
378
495
519
534
557
611
411
711
573
445
625
469
579
673
482
575
574
519
535
460
475
459
538
549
524
592
565
444
507
467
543
498
570
498
422
468
499
598
578
563
439
535
634
407
412
485
425
451
435
474
534
541
457
722
427
517
456
603
500
402
574
501
465
518
500
407
465
458
566
445
471
531
573
588
396
657
529
633
471
549
568
723
444
542
541
395
499
566
522
576
578
454
513
603
395
491
633
464
508
476
600
412
386
710
526
454
436
438
595
491
512
446
673
504
474
528
467
647
587
452
464
445
423
472
596
408
390
386
565
482
584
451
575
633
538
515
511
474
571
398
414
461
588
899
492
494
543
523
383
520
552
468
528
408
543
434
444
457
431
510
426
497
423
580
619
397
515
478
441
527
397
595
572
467
574
443
595
496
499
525
512
520
565
611
542
594
467
445
415
500
457
439
462
514
484
410
529
421
502
547
600
549
517
500
538
482
531
589
438
549
387
448
607
389
530
428
476
479
437
587
575
599
566
499
543
388
587
455
567
390
518
554
554
553
535
606
526
417
457
526
421
576
506
519
572
691
425
497
464
566
426
583
662
451
473
422
577
575
480
491
441
549
457
571
393
489
418
538
534
479
573
454
388
430
442
480
426
628
448
503
422
499
486
738
542
490
464
505
527
590
676
544
527
393
685
567
420
476
568
449
570
529
595
439
569
537
509
542
467
529
577
529
493
535
469
487
570
511
432
601
528
672
444
488
569
448
632
474
479
458
614
513
495
443
481
538
604
467
444
424
476
599
454
604
455
593
716
488
611
550
548
417
550
546
524
658
414
448
399
509
461
387
379
448
536
608
502
466
556
632
429
692
418
557
440
491
544
442
513
484
415
425
383
500
505
510
545
528
460
476
464
452
432
505
558
398
435
455
590
444
598
588
451
419
469
434
574
525
564
415
502
588
473
495
425
547
425
637
544
500
414
560
457
531
403
567
390
671
319
482
394
422
404
521
548
486
483
413
499
691
407
592
526
446
431
649
492
562
421
587
511
349
424
419
487
591
474
595
489
550
420
578
514
570
515
387
644
550
544
603
437
351
469
491
436
481
579
484
593
608
502
493
500
432
554
745
502
517
595
438
484
425
352
503
585
587
491
493
451
485
476
488
568
406
500
624
491
541
417
539
565
394
468
586
428
505
437
644
647
484
512
521
622
655
385
643
581
555
439
513
399
460
563
451
511
472
461
588
512
454
484
514
624
501
477
658
504
486
589
598
467
511
502
589
431
432
646
553
592
603
597
606
475
384
464
448
538
525
760
485
636
439
723
521
701
612
454
634
396
463
389
556
437
517
710
534
435
439
462
581
391
488
560
496
463
395
503
353
381
397
537
494
532
457
550
523
545
590
480
465
513
594
381
495
518
513
587
653
435
409
665
567
541
473
530
504
467
477
381
463
461
425
479
443
470
561
526
556
613
413
591
631
460
560
428
476
381
624
485
507
467
490
487
474
551
577
534
582
463
535
437
582
434
471
577
504
521
542
618
545
506
480
443
604
529
545
511
596
615
569
491
465
600
469
524
398
495
634
640
737
546
630
602
405
520
448
495
608
508
606
506
587
456
461
614
419
561
563
522
542
492
629
544
433
537
488
497
491
508
562
587
515
491
420
354
483
631
500
649
460
460
501
518
506
587
493
547
492
490
462
509
629
636
636
396
568
560
493
543
626
423
532
455
585
413
532
452
674
407
513
497
478
567
557
409
478
433
628
424
656
477
674
467
423
463
483
601
372
535
519
459
418
445
582
489
566
475
510
459
484
458
506
577
530
392
656
594
561
488
489
573
590
531
484
542
401
202
218
173
162
200
242
195
201
195
226
170
202
217
147
255
190
202
159
159
156
214
194
177
226
215
175
192
174
194
187
184
191
176
171
155
170
183
163
206
162
216
199
209
198
204
186
194
186
165
112
222
207
208
156
136
207
203
218
240
156
228
191
203
191
184
141
202
235
193
195
232
159
216
178
187
196
123
204
205
172
231
198
200
181
197
231
167
207
167
186
177
144
217
179
193
188
157
210
200
179
143
167
216
220
228
195
164
187
232
180
186
193
152
228
210
185
151
199
222
192
209
197
196
197
208
201
192
222
198
180
174
202
183
208
200
240
171
198
206
187
209
180
221
215
249
168
193
165
213
199
210
172
225
192
188
168
155
189
195
180
209
144
214
177
144
156
192
231
183
224
219
234
212
168
173
231
135
230
161
174
183
187
246
199
162
243
216
168
147
212
184
207
216
220
153
165
151
223
212
225
202
147
180
150
173
215
162
228
199
202
146
224
191
187
169
173
178
126
229
217
214
255
179
210
165
207
117
183
188
214
228
233
203
147
168
195
186
206
206
215
181
175
201
197
203
188
179
181
288
218
212
212
195
182
168
168
192
230
189
228
171
198
180
212
145
206
191
171
183
109
202
177
195
171
147
210
170
202
186
240
145
179
130
230
173
195
179
172
158
144
218
156
194
201
190
202
193
201
214
177
227
214
205
173
260
197
227
162
193
178
195
204
207
230
201
156
206
175
161
208
214
178
221
212
153
153
232
189
190
240
224
179
198
130
172
157
212
204
213
178
126
206
221
166
183
200
155
187
218
192
164
185
169
168
193
171
217
190
173
188
172
173
185
203
211
180
226
194
185
213
225
147
188
139
175
186
132
127
176
196
194
156
222
184
183
219
213
165
207
212
195
247
222
164
143
150
171
254
205
180
184
201
126
147
190
194
196
219
185
192
163
124
221
226
190
179
194
193
166
172
142
160
168
200
192
161
185
193
177
167
201
242
206
182
183
192
160
150
171
228
237
246
145
201
161
183
171
176
123
230
196
205
157
168
182
192
215
187
232
217
248
185
190
165
176
202
160
84
210
185
210
127
173
214
159
173
212
202
197
155
230
208
146
213
175
177
180
193
150
192
245
215
181
216
141
229
189
152
237
195
218
241
193
208
186
199
225
159
177
255
190
134
171
213
237
161
235
186
230
184
192
183
107
182
221
218
197
162
208
216
191
220
217
234
176
111
183
138
206
211
216
191
213
143
230
164
236
161
204
182
209
158
204
217
172
164
184
170
203
172
216
185
216
208
158
227
175
176
192
227
131
196
221
213
269
179
206
137
186
218
158
180
185
174
182
161
194
190
138
202
229
198
188
128
151
220
129
167
216
189
216
172
171
173
211
171
253
197
210
205
210
191
187
184
233
153
209
236
157
222
174
192
158
201
221
208
233
230
235
208
208
203
175
172
189
174
261
241
163
217
215
123
188
174
220
223
222
247
230
99
161
176
161
216
218
158
207
195
198
205
147
218
176
226
212
178
240
192
207
208
206
238
192
219
222
223
191
228
179
180
227
201
220
223
209
207
166
198
187
168
229
111
222
174
249
196
143
199
204
138
213
225
264
172
175
214
222
232
95
168
160
139
213
159
164
189
172
150
203
117
211
273
154
242
175
165
189
204
178
232
187
221
219
196
191
173
162
205
232
145
161
247
211
220
163
186
213
122
223
241
221
205
131
219
165
187
114
182
220
211
213
146
220
222
174
180
187
179
215
177
220
187
127
210
187
213
210
237
204
257
169
215
193
208
193
208
192
174
172
227
203
208
224
202
247
232
160
196
218
193
220
212
189
140
228
122
236
219
247
186
207
135
214
223
113
171
198
171
200
223
183
206
215
151
182
205
145
230
153
170
203
172
227
198
250
221
229
208
160
159
201
222
207
115
180
126
171
197
184
192
155
141
162
189
191
232
242
221
159
238
160
149
217
195
206
213
168
105
200
197
174
142
176
217
137
193
194
217
209
174
212
210
172
225
124
197
136
183
208
228
200
214
175
196
93
162
211
187
98
202
182
228
179
202
174
166
214
222
213
147
200
215
195
192
222
193
150
186
186
202
211
192
182
210
226
179
204
183
183
210
184
163
182
180
192
211
96
134
218
146
170
156
153
167
182
186
159
194
189
216
180
182
180
198
162
189
150
196
223
123
199
192
214
171
180
141
189
194
178
200
199
193
225
127
122
234
177
137
150
203
254
117
225
175
215
231
189
182
149
196
105
238
218
222
181
218
217
250
170
201
2321
2205
2317
1979
2259
2093
2147
2091
2203
2091
2203
2203
2371
2147
2091
2203
2203
2147
2203
2147
2091
2147
2035
2315
2147
2147
2203
2147
2091
2205
2091
2093
2371
2035
2147
2259
2150
2147
2147
2203
1979
2483
2205
2147
2315
2203
2317
2205
2371
2035
2091
2091
2203
2035
2203
2315
2539
2203
2091
2203
2203
2147
2147
2259
2315
2004
2315
2035
2091
2091
2259
1979
1979
2091
2147
2259
2371
2091
2259
2091
2091
2149
2091
2147
2091
2259
2091
1979
2371
2147
2035
2427
2091
2091
2147
2147
2149
2147
2147
2371
2035
2035
2259
2091
2035
2035
2091
2093
2147
2203
2093
2315
2035
2091
2205
2035
2147
2035
2206
2091
2151
2203
2315
1979
2091
2147
2147
2147
2091
2091
2203
2091
2259
2203
1923
2259
2203
1923
2035
2147
2091
2315
1979
2259
2259
2147
2203
2259
2203
2091
2035
2147
2035
2317
2035
2091
2091
2203
2259
2147
1867
2203
2091
2035
2203
2259
2147
2205
2259
2147
2203
2259
2315
2035
1979
2147
2203
2203
2371
1979
2147
2315
1979
1979
2539
1979
2035
2091
2147
2091
2147
2483
2147
2427
2203
2091
2203
2091
2259
2147
2147
2259
1983
2203
2203
2315
2203
2035
2091
1979
2035
2093
2203
1979
2315
2147
2147
2147
2093
2203
2259
2035
2259
2147
2259
2035
2315
2203
2203
2147
2259
2203
2035
2203
2259
2035
2203
2205
2205
2035
2259
2147
2093
2093
2035
2147
2259
2091
2427
2147
2203
2035
2091
2091
2091
2203
2203
2259
2203
2707
2259
2147
2091
2259
2091
2203
2035
2091
2147
2147
2203
2147
2371
2371
2091
2091
2091
2091
2091
1979
1979
2035
2259
2259
1923
2203
2203
2153
2149
2259
2091
2371
2203
2259
2091
2035
1994
2259
1979
2035
2091
2259
2203
2483
2259
2315
2035
1979
2149
2427
2035
2203
2228
2147
2261
2035
2147
2259
2035
2147
2035
2261
2091
2091
2147
2091
2147
2091
2147
2147
2093
2203
2315
2035
2203
2152
2147
2037
2397
2315
2544
2203
2203
2259
1979
2259
2203
2147
2091
2259
2259
2091
2203
2371
2259
2203
2203
2147
1923
2968
2315
2147
2091
2091
2315
2203
2035
2203
2091
2203
2091
2147
2203
2203
2091
2091
2091
2147
2315
2091
2315
2203
2091
2147
2203
1979
2147
2149
2147
2203
2203
2203
2149
2149
2150
2315
2709
2203
2091
2371
1979
2203
2259
2259
2147
2259
2147
2091
2149
2093
2371
2091
2259
2259
2035
2147
2315
2147
2259
2035
2147
2091
2203
2259
1979
2035
2203
2091
2038
2147
2147
2259
2317
2427
2147
1979
2147
2149
2203
2091
2259
2091
2147
2259
2539
2259
2035
2203
2483
2091
2035
2035
1867
2147
2315
2091
2091
1923
2147
2037
2091
2147
2035
2203
2259
2035
2259
2259
1979
2035
2315
1867
2259
1923
2203
2147
2091
1867
2203
2259
2147
2264
2315
2259
2091
2371
2261
2093
2091
2091
2091
1979
2203
2259
2203
2091
2203
2259
2203
2035
2147
2259
2091
2147
2149
2259
2259
2259
2259
2091
2315
2203
2091
2147
2203
2091
2203
2205
2147
2147
2091
2091
2261
2371
2203
2371
2203
2315
2315
2315
2315
2203
2203
2147
2259
2091
2035
2203
2147
2315
2091
2091
2091
2203
2259
2147
2035
2091
2259
2315
2147
2205
2147
2315
2203
2091
2203
1923
2147
2259
2091
2315
2147
2149
2208
2315
2147
2315
2259
2035
2315
2149
2259
2035
2315
2595
2259
2259
2147
2091
2259
2203
2427
2259
2205
2147
2259
2539
2259
2091
2205
2147
2259
2203
2147
2203
2203
2091
2203
2259
2315
2147
2315
2203
2091
2091
2091
2035
2035
2261
2483
2091
2259
2147
2259
2091
2035
2035
2147
2203
2091
1923
2315
2091
2147
1981
2259
2147
2203
2203
2259
2203
2035
2091
2147
2091
2371
2147
2203
2091
2259
2315
2259
2259
2035
2095
2147
2203
2147
2091
2315
1979
1981
2035
2147
2259
2091
2259
2035
2371
2259
2035
2203
2147
2259
2371
2091
2203
2147
2149
2203
2259
1979
2203
2259
2035
2147
2147
2093
2259
2203
2147
2203
2259
2203
1979
2203
2147
2147
2259
2315
2315
2091
2259
2315
2203
2427
2203
2259
2091
2147
2147
2371
2203
1979
2035
2315
2147
2315
2147
2203
2259
2203
2147
2091
2259
2035
2485
2147
2091
2203
1979
2203
2147
2203
2147
2203
2147
2091
2035
2315
2091
2035
2091
2203
2315
2091
1979
2035
2147
2203
2091
2147
2035
2259
2147
2371
2203
2147
2147
2091
2035
2147
2035
1979
2203
2147
2147
2203
2091
2203
2259
2037
2203
2091
2091
2259
2315
2147
2259
2203
2091
2203
2091
2147
2203
2203
2091
2035
2149
2427
2315
2091
2259
2147
2093
2091
2539
2147
2315
2203
2259
2259
2147
1979
1923
2203
1979
2149
2259
2203
2035
2035
2371
2035
2091
2091
2147
2203
2147
2147
2091
2315
2315
2371
2203
2035
2427
2259
2147
2203
2265
2205
2147
2147
2427
2259
2315
2315
2035
2147
2147
2035
2203
2091
2091
2147
2094
1979
2315
2261
2147
2203
2147
2035
2259
2203
2035
2091
2203
2091
2147
2147
2037
2315
2091
2147
2315
2209
2035
2371
2147
1979
2261
2259
2091
2259
2091
2093
2205
2315
2261
2091
2091
2259
2259
2091
2091
2147
2427
2203
1979
2147
2035
2035
2091
2203
2315
2259
2035
2091
2259
2091
1979
2317
2091
2259
2093
2147
2147
2203
2035
2259
2203
2149
2203
2147
2259
2091
1923
2203
2147
2147
2203
2203
2147
2147
2205
2091
2203
2203
2315
2091
2091
2259
2261
2091
2091
2205
2203
2259
2035
2315
2203
2203
2035
1923
2147
1923
1979
1923
2091
2093
2147
2147
2203
2147
2259
2091
2427
2203
2091
2259
2259
2147
2259
2371
2147
2203
2147
2037
2091
2147
2315
2259
2035
2315
2203
2091
2203
2091
2091
2091
2259
2315
2035
1979
2259
2203
2315
2147
2203
2261
2091
1923
2707
2259
2315
2259
2203
2259
2203
2203
2259
2203
2259
2147
2317
2149
2035
