526
615
521
434
600
565
508
530
434
443
448
655
476
413
628
670
480
440
598
471
531
637
514
425
522
483
563
424
493
535
472
655
429
556
478
622
601
638
435
569
633
552
386
459
531
563
488
548
498
625
511
460
587
450
469
518
636
530
453
470
546
469
551
487
569
505
547
350
536
487
606
542
535
613
467
458
454
541
425
657
571
479
507
485
622
402
509
525
620
455
746
463
645
683
486
594
495
667
579
543
397
564
417
487
534
540
498
567
464
522
532
582
483
473
490
497
521
444
467
409
630
463
454
514
607
504
535
598
658
410
559
466
394
543
612
525
461
575
474
634
635
462
723
496
581
538
476
356
535
758
536
450
506
422
582
594
456
574
545
558
657
554
566
435
566
412
531
742
730
651
538
460
496
483
569
639
378
555
500
538
544
543
489
455
522
552
724
485
631
471
475
493
562
430
526
550
442
479
597
549
484
514
438
424
386
528
612
623
545
524
532
527
557
400
493
531
633
402
487
469
611
363
601
551
472
476
588
810
452
742
439
443
618
411
516
542
552
461
415
533
584
873
468
387
629
556
433
541
520
550
656
386
526
483
530
607
671
563
515
525
497
674
495
556
504
457
432
643
426
433
449
510
602
502
460
485
602
532
639
631
483
443
510
661
507
606
396
618
743
477
590
542
463
592
573
495
554
458
616
391
549
437
617
423
768
621
543
626
574
560
536
544
549
432
559
472
453
491
464
537
629
510
687
509
582
430
359
555
399
479
455
383
725
414
502
561
539
479
470
424
709
454
683
555
593
542
604
628
565
433
457
569
442
392
440
531
522
496
378
585
670
625
500
402
546
478
422
519
427
445
546
597
552
695
486
430
511
513
640
521
500
448
561
439
594
474
507
539
578
443
453
458
579
495
534
448
525
573
565
535
502
390
604
522
618
500
554
494
507
435
480
549
531
549
495
529
469
594
426
466
580
547
558
439
474
529
407
471
592
437
513
591
594
484
581
473
543
608
591
429
360
435
494
593
535
556
496
643
858
604
534
499
587
631
481
516
480
520
368
583
664
496
389
564
556
450
572
570
609
560
520
552
557
673
553
533
554
533
496
533
596
541
573
469
475
591
404
588
465
593
480
544
551
510
502
571
569
598
534
675
548
628
487
401
597
620
622
579
489
448
581
533
557
488
561
396
609
472
537
542
471
545
534
544
472
496
533
582
352
626
599
508
636
595
501
452
476
752
491
580
596
483
671
690
487
432
467
547
517
585
439
586
540
511
447
659
459
511
608
433
498
561
461
493
507
496
544
577
464
482
595
592
627
626
536
478
522
623
503
540
534
694
638
444
418
629
541
531
454
615
476
486
550
550
407
460
395
582
542
465
442
459
435
590
519
464
438
660
512
438
417
477
474
592
588
411
445
598
489
414
464
672
493
572
484
499
527
593
558
535
572
627
417
501
526
628
506
551
576
575
431
550
333
573
523
485
461
438
424
464
574
550
563
458
486
727
518
562
508
616
508
616
574
614
527
565
463
470
405
467
695
544
479
485
396
616
475
389
543
408
551
485
451
459
524
525
415
510
502
454
802
556
488
543
603
500
540
500
405
554
382
389
522
513
368
642
602
505
414
612
490
523
544
464
462
495
558
483
586
509
409
412
538
506
505
524
437
432
623
438
553
615
565
622
549
539
435
547
646
492
441
489
655
565
526
509
376
540
457
436
509
513
546
473
474
747
556
529
478
551
518
428
491
510
420
484
401
536
491
554
489
531
424
663
466
710
505
589
548
487
462
639
588
442
457
341
479
618
509
530
525
545
490
532
443
618
430
587
531
570
700
414
362
507
618
607
650
394
522
444
457
592
522
494
582
508
584
370
508
498
534
480
500
543
544
444
547
378
478
396
628
517
465
574
565
437
603
503
465
484
517
420
445
479
456
480
523
383
601
534
457
403
528
557
623
552
514
540
395
484
538
449
559
462
533
511
591
427
426
610
498
537
467
503
514
505
495
465
475
452
541
470
530
584
532
644
657
560
500
532
462
404
494
604
567
487
514
435
632
471
720
466
646
503
572
583
484
710
497
580
424
453
547
496
501
521
547
484
688
579
522
522
617
729
462
616
511
515
510
500
638
597
437
529
493
471
602
495
562
427
587
429
459
529
725
443
567
466
501
425
506
711
497
402
455
571
514
424
445
513
691
545
494
464
430
566
489
563
441
538
521
426
525
493
394
495
450
545
566
477
483
564
472
375
442
446
544
602
517
419
495
524
647
460
479
479
634
455
552
631
196
190
248
134
143
204
191
168
201
185
183
185
135
209
199
233
227
212
122
230
141
200
205
132
191
193
162
237
218
205
203
213
202
226
193
171
206
237
223
207
165
175
167
177
228
187
132
205
178
180
175
264
203
225
218
216
173
159
211
156
144
228
214
238
216
181
224
226
213
227
163
186
178
215
206
195
206
229
189
212
220
205
191
155
224
196
219
218
196
157
178
212
204
190
188
213
166
154
187
169
152
116
150
136
219
160
137
169
181
227
204
182
169
157
162
214
199
213
206
232
145
180
211
193
159
250
128
148
203
197
206
214
195
230
176
214
204
192
225
229
221
186
179
174
189
184
196
207
221
228
172
196
215
131
214
223
205
209
181
173
189
155
247
189
199
229
181
168
245
207
207
237
141
233
191
198
174
181
209
191
203
174
205
185
199
152
192
191
210
229
178
190
169
183
199
168
161
202
227
191
152
85
182
240
239
231
227
247
216
200
153
233
242
206
233
190
191
234
226
234
141
155
182
204
240
232
187
134
225
216
195
218
234
215
256
249
175
197
213
249
171
205
195
238
194
199
125
225
213
213
171
199
176
188
207
220
173
176
208
210
216
165
108
247
155
156
181
159
182
218
190
195
175
257
199
176
211
190
187
180
231
193
208
121
233
175
179
164
155
184
220
191
193
213
212
206
196
212
193
193
254
184
195
189
193
209
198
210
171
194
195
194
148
159
208
178
175
217
207
205
193
212
176
266
219
194
193
135
177
185
205
239
119
193
193
198
170
191
260
168
218
241
162
212
163
209
98
231
221
267
223
235
206
171
238
178
174
188
178
156
142
208
128
234
231
242
189
206
166
208
198
202
169
218
233
215
175
205
176
211
219
176
238
224
201
201
184
165
213
212
253
184
176
249
200
203
188
240
185
185
247
208
176
107
143
194
198
185
235
208
242
224
154
195
198
133
191
131
194
188
189
183
190
190
166
104
189
155
168
227
197
176
186
220
194
224
208
213
174
225
180
230
185
180
223
210
234
168
153
250
189
188
155
172
211
233
188
195
214
103
171
237
192
215
140
203
179
221
263
206
213
232
223
218
170
174
217
177
216
178
189
193
181
194
168
237
195
216
239
186
170
153
185
208
210
118
183
255
182
178
279
180
150
197
208
218
196
209
159
209
204
226
222
185
201
204
203
209
204
225
163
187
181
243
194
149
221
200
187
172
202
194
186
198
234
213
249
126
172
215
194
211
215
152
215
234
185
187
223
192
214
179
200
170
154
238
208
190
192
171
230
196
189
175
238
275
186
157
223
187
177
218
165
186
144
211
198
221
207
159
143
186
141
128
190
212
208
97
191
219
180
199
192
221
227
143
181
230
232
167
198
196
163
177
226
228
197
193
234
201
198
198
189
168
143
158
189
130
207
238
169
188
218
194
203
241
229
168
193
223
193
177
147
215
200
207
245
239
162
203
212
229
201
173
157
209
203
202
239
156
226
202
249
233
191
204
203
218
187
217
236
209
250
240
188
232
202
178
199
187
223
205
153
193
218
148
207
190
212
218
185
219
199
224
160
222
207
181
240
219
179
150
203
221
163
195
204
214
132
241
179
184
172
265
166
202
199
169
207
180
149
215
261
131
202
288
160
184
91
182
192
229
207
157
209
230
207
147
137
240
156
208
221
152
218
222
186
165
208
174
245
199
175
192
167
204
201
182
203
189
214
165
229
250
200
210
140
147
203
150
211
193
202
227
186
186
197
239
180
180
177
157
202
174
223
205
243
176
180
208
233
219
260
217
204
95
214
233
210
155
196
243
259
220
184
233
235
181
212
260
106
126
214
174
235
165
213
195
228
154
221
131
192
194
188
234
217
153
206
247
158
174
173
233
193
226
186
224
251
235
131
222
134
259
175
213
177
193
227
196
159
219
199
163
222
211
194
196
132
204
179
233
188
179
224
206
184
196
179
191
199
207
202
143
147
204
139
202
165
241
164
212
160
205
155
228
161
200
194
184
165
176
139
252
190
187
180
260
230
188
221
211
96
210
196
192
229
261
187
228
192
174
156
182
147
206
166
205
222
171
134
190
203
242
216
185
184
230
190
220
211
238
121
110
236
145
202
104
226
189
186
190
227
187
212
153
152
187
223
157
176
278
231
222
174
250
224
203
193
235
256
152
159
211
208
194
201
192
204
196
175
233
212
131
246
212
178
155
256
189
192
140
143
161
227
236
233
187
178
158
157
213
210
222
193
243
175
228
232
214
225
236
242
174
180
218
249
246
210
184
2223
2107
2107
2281
2223
2339
2223
2397
2281
2281
2223
2107
2339
1991
2225
2281
2107
2165
2165
2223
2281
2107
2223
2339
2339
2223
2455
2281
2281
2281
2281
1991
2281
2223
2165
2281
2281
2397
2281
2281
2281
2281
2455
2049
2107
2223
2223
1933
2165
2223
2049
2341
2165
2165
2107
2223
2281
2281
1991
2223
2284
2223
2223
2107
1991
2281
2107
2165
2281
2339
2107
2223
2339
2339
2165
2281
2223
2049
2397
2283
2281
2339
2165
2049
2225
2107
2107
2223
2223
2455
2165
2281
2281
2107
2281
2223
2281
2165
2223
2339
2455
2281
2631
2223
2223
2281
2339
2281
2281
2281
2223
2281
2281
2629
2281
2281
2281
2223
2165
2455
2223
2397
2339
2397
2281
2049
2165
2165
2107
2107
2339
2223
2455
2165
2339
2225
2339
2107
2339
2107
2339
2339
2107
2223
2339
2397
2281
2223
2223
2281
2223
2223
2165
2455
2223
2165
2281
2107
2281
2339
2281
2165
2397
2223
2455
2223
2397
2283
2339
2049
2223
2107
2397
2165
2223
2225
2397
2281
2397
2339
2341
2223
2049
2397
2399
2455
2397
2049
2397
2165
2397
2281
2223
2339
2049
2339
2223
2397
1991
2281
2281
2281
2397
2107
2165
2339
2223
2223
2402
2223
2339
2223
2223
2167
2223
2049
2165
2339
2165
2225
2455
2397
2281
2223
2397
2223
2339
2107
2165
2339
2339
2339
2281
2283
2281
2049
2281
2283
2223
2223
2223
2165
2165
2165
2483
2223
2457
2223
2223
2281
2281
2341
2107
2223
2225
2281
2165
2107
2281
2165
2223
2339
2513
2165
2109
2397
2339
2223
2397
2397
2397
2341
2339
2165
2165
2281
2049
2281
2223
2049
2281
2223
2223
2281
2339
2281
2223
2165
2515
2283
2281
2339
2165
2281
2165
2339
2165
2281
2165
2339
2165
2281
2223
2223
2223
2281
2223
2281
2107
2165
2339
2281
2165
2455
2455
2223
2339
2397
2339
2339
2339
2281
2165
2165
2165
2513
2223
2107
2165
2397
2107
2365
2455
2107
2397
2107
2223
2339
2223
2165
2167
2281
2223
2225
2223
2049
2107
2339
2281
2225
2107
2223
2165
2165
2165
2341
2281
2339
2397
2281
2397
2397
2165
2281
2223
2281
2339
2339
2339
2281
2281
2165
2339
2281
2397
2342
2281
2281
2223
2107
2281
2283
2223
2339
2223
2281
2225
2281
2339
2225
2513
2223
1993
2049
2107
2455
2513
2339
2397
2281
2283
2339
2107
2339
2397
2455
2223
2339
2339
2339
2107
2223
2165
2223
2223
2223
2281
2339
2107
2223
2223
2281
2107
2341
2281
2223
2339
2457
2281
2223
2165
2281
2455
2223
2339
2281
2339
2223
2223
2455
2074
2165
2281
2223
2339
2165
2223
2339
2107
2457
2281
2339
2281
2107
2165
2339
2281
2339
2281
2571
2223
2223
2165
2223
2397
2397
2223
2107
2281
2049
2397
2223
2049
2281
2339
2339
2165
2455
2107
2339
2165
2281
2513
2339
2107
2165
2455
2397
2284
2223
2629
2049
2223
2223
2165
2281
2397
2165
2281
2339
2223
2339
2283
2107
2283
2107
2223
2458
2281
2223
2223
2049
2107
2397
2223
2455
2107
2165
2165
2281
2339
2281
2049
2107
2223
2281
2397
2167
2165
2165
2107
2225
2165
2281
2223
2107
2223
2223
2281
2165
2165
2165
2339
2223
2165
2223
2165
2107
2455
2281
2223
2571
2165
2107
2281
2165
2339
2165
2049
2397
2339
2397
2339
2281
2283
2049
2339
2165
2339
2223
2107
2745
2397
2049
2339
2223
2281
2223
2049
1991
2223
1991
2399
2107
2400
2339
2167
2049
2283
2341
2339
2281
2049
2339
2281
2339
2339
2341
2281
2281
2165
2223
2397
2397
2281
2165
2455
2341
2223
2281
2281
2223
2223
2455
2165
2281
2223
2513
2281
2281
2223
2341
2049
2165
2223
2049
2339
2165
2223
2051
2455
2455
2339
2805
2223
2107
2107
2281
2165
2223
2455
2049
2281
2107
2281
2223
2281
2223
2107
2629
2223
2165
2455
2223
2455
2107
1991
2109
2223
2281
2223
2284
2165
2165
2339
2223
2339
2281
2223
2281
2049
2281
2513
2339
2165
2049
2397
2397
2223
2165
2281
2165
2165
2223
2223
2223
2281
2223
2339
2281
2339
2339
2223
2339
2165
2455
2339
2223
2281
2223
2223
2107
2165
2397
2455
2107
2281
2223
2341
2165
2339
2223
2339
2397
2455
2339
2165
2165
2339
2281
2225
2223
2107
2223
2397
2281
2339
2281
2455
2165
2281
2397
2513
2397
2165
2223
2107
2339
2399
2339
2397
2455
2629
2397
2281
2165
2107
2339
2049
2397
2223
2397
2223
2223
2107
2049
2455
2165
2455
2339
2397
2107
2165
2049
2283
2281
2397
2107
2281
2281
2397
2339
2165
2107
2397
2165
2281
2281
2223
2165
2281
2107
2223
2281
2397
2281
2339
1993
2339
2107
2281
2223
2165
2223
2339
2281
2223
2165
2223
2339
2225
2165
2339
2339
2107
2339
2397
2513
2223
2107
2397
2223
2281
2339
2107
2165
2107
2049
2223
2223
2281
2107
2397
2281
2455
2397
2397
2281
2107
2339
2281
2107
2281
2397
2165
2223
2223
2281
2225
2165
2283
2455
2921
2281
2165
2223
2223
2281
2165
2165
2165
2339
2165
2049
2107
2049
2455
2223
2165
2107
2339
2107
2223
2165
2341
2049
2397
2165
2339
2223
2339
2223
2455
2165
2339
2165
2281
2223
2107
2455
2339
2223
2223
2165
2281
2397
2339
2281
2107
2224
2049
2107
2223
2165
2397
2223
2341
2339
2223
2571
2107
2281
2281
2109
2339
2281
2223
1933
2165
2223
2339
2455
2339
2339
2165
2339
2281
2339
2223
2165
2455
2225
2165
2397
2397
2339
2339
2455
2165
2339
2107
2223
2339
2397
2283
2571
2165
2339
2165
2223
2397
2339
2455
2339
2281
2397
2223
2165
2281
2223
2165
2281
2513
2223
2339
2281
2339
2397
2107
2339
2165
2397
2049
2165
2225
2339
2339
2397
2281
2339
2223
2397
2339
2165
2165
2223
2223
2223
2167
2226
2397
2223
2223
2397
2223
2107
2223
1933
2223
2397
2339
2165
2223
2513
2223
2339
2167
2165
2107
2397
