676
495
625
603
467
671
520
584
596
539
630
534
549
480
587
455
545
581
621
549
519
534
458
568
598
541
527
543
528
479
523
513
493
393
596
549
454
494
501
579
445
504
517
592
402
533
575
515
578
499
524
656
590
559
558
516
580
581
604
661
476
495
468
380
595
558
556
451
635
435
570
411
486
506
639
466
676
475
510
510
531
532
699
615
430
444
651
487
428
511
573
519
530
462
489
467
548
663
468
545
521
598
578
533
594
611
499
582
617
540
630
559
488
504
531
574
533
567
466
480
467
568
432
580
475
501
578
697
571
538
406
531
472
536
670
624
548
414
578
635
570
475
483
622
517
564
575
509
475
557
483
628
558
537
587
439
530
491
576
561
517
659
515
587
449
478
463
712
514
454
535
439
725
647
572
493
579
560
598
780
531
510
529
523
503
710
525
664
554
663
573
578
447
614
449
510
619
533
442
584
432
689
498
597
419
492
532
423
592
581
442
513
417
538
568
517
558
503
447
534
594
545
475
509
795
519
644
491
552
506
544
546
415
511
536
615
473
409
447
484
442
438
582
492
608
546
552
592
510
625
437
601
524
611
590
600
456
505
638
519
557
695
496
473
491
420
534
594
623
517
555
526
439
620
513
485
530
514
436
558
558
558
591
568
519
476
498
509
450
558
510
502
686
554
504
485
487
496
505
527
623
521
570
579
539
607
672
508
445
498
496
710
495
437
595
661
499
613
606
536
441
770
578
623
452
445
753
413
517
495
677
545
501
614
556
678
447
534
434
493
462
514
577
512
703
501
705
419
576
682
536
486
590
613
543
537
394
444
591
442
525
427
545
501
445
519
476
651
491
583
555
574
407
370
520
443
460
480
539
512
556
464
441
492
538
371
743
421
641
595
563
485
434
586
478
502
522
582
484
677
620
536
555
620
574
528
539
399
584
514
560
527
644
514
438
423
397
443
665
603
607
660
600
452
488
735
642
608
450
399
505
607
733
467
559
500
837
546
562
486
604
459
540
506
457
678
528
460
496
513
462
436
583
461
577
550
514
548
687
544
540
462
520
466
569
559
656
648
488
499
785
481
447
721
491
575
448
412
673
501
778
490
576
577
437
406
477
626
519
507
531
511
541
492
533
586
535
425
569
472
479
497
530
551
561
404
457
526
443
625
583
425
595
359
613
566
460
538
415
508
625
572
555
538
836
579
432
592
574
708
567
439
432
661
514
522
462
577
593
542
503
428
549
560
436
602
427
501
571
518
424
441
539
612
465
639
667
458
470
589
542
549
421
488
481
780
606
456
508
501
587
533
548
681
544
491
478
582
588
607
589
437
606
576
406
540
642
590
431
384
539
513
451
484
496
479
601
506
505
499
549
691
523
663
492
563
597
614
568
517
491
519
693
458
434
577
443
710
413
550
427
544
575
406
635
418
586
547
567
425
484
575
642
542
622
742
629
635
375
604
754
421
545
475
430
476
422
488
452
541
560
441
576
572
559
629
441
669
509
596
516
504
449
514
578
524
560
568
496
354
467
469
605
666
476
629
586
566
421
405
581
598
487
542
430
521
571
480
498
470
601
608
456
566
576
490
553
512
511
570
497
509
426
481
490
560
697
546
487
546
530
356
531
619
481
427
418
424
544
517
530
427
432
526
589
513
521
408
452
555
607
538
510
473
412
539
502
463
459
579
636
511
605
606
648
524
466
466
574
651
606
618
457
583
436
558
412
442
509
529
536
560
566
482
691
493
530
558
597
430
730
597
486
692
517
495
538
421
532
610
428
658
449
489
807
463
619
585
501
472
502
495
462
696
450
520
465
553
476
587
535
463
399
606
408
447
593
455
584
682
476
565
560
516
544
398
542
496
487
479
722
535
559
516
479
539
505
505
492
593
556
451
484
451
657
467
551
421
498
554
677
491
642
543
554
572
539
568
560
488
543
575
473
463
478
570
494
396
564
482
528
701
427
477
653
590
521
466
516
540
460
603
583
452
555
410
425
462
622
678
546
501
573
700
556
459
601
602
605
525
567
631
470
585
561
488
460
596
626
569
503
613
446
403
555
515
490
530
518
523
536
586
571
567
601
505
535
515
479
514
597
507
714
594
443
465
777
553
462
579
565
501
543
551
564
451
627
627
575
528
501
755
534
479
539
580
672
664
632
660
659
497
663
747
446
433
642
545
528
553
696
589
634
446
480
607
431
512
579
564
448
358
519
549
498
538
477
457
386
537
473
610
506
482
481
555
587
394
412
626
414
554
472
481
540
544
461
586
446
605
141
187
213
203
198
216
229
162
222
242
186
226
207
145
193
227
198
224
180
241
204
197
257
251
200
192
206
220
176
171
158
230
187
207
240
183
206
208
240
235
166
197
177
190
182
214
226
238
176
239
196
162
269
165
223
255
165
217
253
216
164
229
230
204
199
184
234
199
194
165
206
210
181
112
208
211
231
175
156
170
225
211
177
230
211
184
228
211
222
243
238
140
186
162
216
196
173
221
217
243
209
223
194
240
217
183
247
213
200
160
158
247
216
206
164
248
179
182
208
168
217
232
194
204
205
207
256
189
179
196
203
198
213
173
224
152
207
235
106
199
209
202
227
183
215
169
184
210
197
192
251
176
209
271
202
266
253
179
213
180
182
164
165
213
240
146
170
230
217
174
228
223
216
226
210
173
213
233
231
197
229
221
181
147
165
196
235
229
222
121
204
256
164
186
163
208
194
233
97
202
198
229
233
194
232
165
203
193
189
208
159
260
225
232
193
233
172
199
183
217
190
201
221
184
239
162
157
215
203
211
190
207
195
167
196
181
224
216
191
191
219
245
224
187
215
233
191
210
204
179
221
205
220
106
194
186
246
204
126
209
138
220
203
230
183
199
201
206
238
135
190
258
260
171
205
203
133
263
229
208
168
191
181
232
204
205
255
202
206
165
186
147
106
118
194
220
235
251
239
213
185
206
170
109
212
240
237
239
160
201
239
238
184
222
164
218
148
240
196
197
104
263
202
256
203
252
221
248
209
181
239
207
220
187
162
225
220
203
221
232
188
195
261
117
169
179
238
203
175
248
242
187
156
180
232
167
158
244
222
188
201
225
257
220
240
211
187
212
195
198
187
165
233
186
234
221
180
217
217
216
208
220
244
211
189
214
172
214
172
238
225
211
214
209
199
204
199
223
250
249
231
211
218
159
215
216
157
231
215
205
209
201
176
240
229
245
203
225
180
110
218
158
227
234
193
161
181
148
226
162
200
288
119
224
176
206
167
232
144
250
208
211
217
228
219
193
271
249
201
190
230
159
244
155
203
209
204
225
214
195
217
219
228
220
224
199
200
179
231
247
156
254
209
139
212
194
221
238
156
230
212
211
194
223
209
213
212
176
191
226
190
213
142
217
192
134
204
198
166
230
164
222
196
244
183
187
238
184
202
177
168
217
180
164
185
217
186
266
202
210
192
227
161
211
184
224
263
175
218
237
234
189
214
185
230
227
174
213
217
219
215
246
210
199
225
243
220
190
210
207
212
236
224
165
225
193
187
217
219
146
218
186
172
220
199
194
191
117
138
220
187
214
193
214
218
163
223
132
183
219
167
248
147
127
203
209
205
185
174
241
240
140
240
179
224
201
132
190
206
207
199
173
136
103
181
193
165
236
167
224
221
257
195
233
203
166
214
181
229
155
183
176
191
185
184
248
178
199
188
192
229
133
108
265
200
176
219
202
194
211
213
208
203
150
197
255
254
206
231
191
185
220
194
191
238
234
201
227
184
223
187
179
205
248
212
222
223
191
216
180
204
231
182
158
205
209
126
221
254
76
185
218
198
217
245
203
233
239
206
245
239
142
243
193
184
222
210
209
186
197
229
206
221
244
214
223
213
203
193
207
230
214
185
185
223
194
212
129
188
199
179
222
195
202
152
243
196
178
235
151
209
264
220
195
199
183
167
183
208
211
177
211
217
197
230
249
183
128
185
196
223
127
222
216
226
219
191
204
209
212
229
252
242
211
228
165
173
228
225
193
225
186
191
216
232
151
207
169
195
199
228
150
221
213
235
185
239
229
185
246
171
259
195
216
243
218
172
229
224
187
221
98
223
219
203
170
225
198
187
178
224
226
118
224
183
251
149
191
235
176
179
232
176
204
269
168
196
200
217
240
197
247
279
192
205
221
256
200
205
233
164
178
178
221
219
214
263
211
185
240
209
177
252
245
199
190
224
209
168
268
190
153
126
230
182
201
217
218
200
230
254
191
234
250
194
219
176
205
170
170
199
237
191
202
212
184
154
247
215
254
224
194
216
217
237
252
228
188
200
233
159
207
232
213
208
209
178
197
158
163
136
188
223
179
222
195
193
189
251
194
211
197
156
172
220
245
207
266
227
204
218
150
161
195
232
206
237
195
234
92
200
196
232
249
128
225
209
182
195
165
189
179
137
130
255
219
187
192
213
223
156
216
173
212
196
233
298
187
244
167
241
182
225
182
180
257
211
243
242
213
277
202
206
267
159
213
206
171
225
217
179
256
220
241
166
236
237
239
212
214
2239
2299
2299
2299
2539
2179
2419
2659
2179
2299
2539
2359
2299
2299
2239
2481
2479
2361
2479
2599
2539
2479
2241
2359
2479
2423
2359
2299
2539
2419
2479
2479
2359
2539
2299
2239
2599
2479
2299
2119
2479
2179
2179
2479
2359
2419
2361
2061
2419
2299
2539
2419
2119
2359
2299
1879
2359
2359
2479
2299
2299
2179
2359
2361
2359
2479
2361
2299
2359
2419
2179
2539
2599
2419
1999
2359
2059
2419
2539
2419
2359
2419
2361
2359
2361
2479
2419
2419
2479
2539
2479
2659
2299
2479
2359
2359
2419
2419
2299
2359
2359
2241
2299
2359
2479
2421
2659
2359
2179
2239
2299
2301
2479
2419
2239
2299
2359
2419
2421
2299
2539
2479
2419
2419
2239
2359
2299
2359
2239
2239
2359
2359
2419
2419
2299
2239
2359
2479
2179
2359
2179
2359
2119
2599
2299
2421
2239
2419
2239
2359
2179
2179
2239
2239
2659
2239
2419
2481
2179
2419
2361
2479
2239
2179
2359
2479
2299
2359
2239
2179
2419
2299
2359
2299
2239
2419
2419
2239
2299
2299
2479
2479
2539
2239
2299
2359
2299
2179
2179
2299
2359
2299
2299
2119
2359
2299
2239
2419
2659
2059
2599
2239
2239
2539
2359
2599
2719
2419
2479
2361
2239
2239
2359
2239
2299
2479
2299
2959
2299
2419
2299
2119
2179
2239
2059
2301
2539
2419
2361
2239
2299
2359
2299
2419
2239
2421
2539
2299
2539
2419
2299
2239
2419
2359
2599
2419
2239
2179
2359
2419
2239
2419
2479
2479
2179
2419
2479
2419
2419
2301
2299
2299
2359
2419
2479
2419
2179
2299
2359
2605
2239
2179
2181
2179
2179
2479
2601
2419
2359
2419
2419
2059
2359
2299
2059
2179
2479
2419
2301
2479
2419
2419
2479
2419
2299
2479
2299
2419
2299
2359
2239
2419
2239
2419
2361
2179
2299
2299
2419
2419
2299
2320
2419
2359
2419
2479
2359
2299
2239
2181
2359
2419
2479
2299
2359
2179
2419
2299
2419
2359
2299
2299
2179
2239
2419
2239
2359
2419
2179
2299
2299
2299
2239
2359
2301
2299
2239
2299
2661
2359
2239
2359
2299
2239
2359
2299
2479
2239
2301
2299
2359
2179
2359
2419
2479
2599
2239
2541
2299
2299
2299
2481
2419
2359
2419
2119
2299
2241
2419
2419
2419
2479
2479
2299
2299
2299
2239
2299
2419
2301
2359
2299
2299
2419
2359
2419
2419
2179
2359
2419
2239
1999
2299
2299
2359
2239
2239
2299
2299
2119
2299
2361
2301
2359
2359
2539
2239
2299
2239
2359
2239
2539
2179
2719
2239
2119
2359
2362
1999
2299
2359
2299
2239
2299
2299
2359
2359
2421
2539
2359
2299
2299
2299
2299
2421
2299
2359
2299
2419
2299
2239
2299
2479
2359
2119
2179
2419
2359
2419
2539
2179
2359
2421
2359
2539
2299
2299
2481
1939
2119
2179
2419
2299
2239
2479
2359
2299
2359
2359
2359
2179
2299
2299
2419
2359
2299
2419
2419
2179
2479
2239
2479
2253
2359
2359
2299
2419
2299
2359
2479
2779
2179
2361
2239
2359
2119
2479
2299
2239
2419
2419
2539
2419
2301
2479
2419
2599
2299
2359
2299
2299
2301
2359
2119
2239
2239
2419
2479
2059
2239
2539
2119
2359
2299
2361
2299
2119
2359
2299
2359
2179
2119
2179
2361
2299
2239
2479
2419
2299
2241
2719
2239
2119
2419
2539
2059
2479
2479
2359
2179
2299
2479
2299
2479
2239
2179
2299
2179
2299
2539
2239
2359
2299
2179
2359
2359
2239
2239
2359
2299
2359
2059
2239
2299
2539
2119
2359
2239
2299
2419
2359
2479
2359
2361
2359
2299
2599
2419
2479
2239
2299
2539
2479
2479
2299
2359
2179
2419
2359
2479
2239
2359
2119
2239
2419
2539
2359
2179
2419
2539
2479
2419
2359
2239
2299
2421
2179
2299
2299
2299
2359
2481
2479
2179
2179
2359
2359
2179
2539
2359
2359
2299
2119
2479
2301
2359
2361
2239
2179
2419
2841
2419
2359
2479
2179
2539
2239
2119
2599
2239
2479
2239
2539
2359
2419
2301
2539
2179
2299
2299
2601
2239
2366
2299
2299
2239
2359
2299
2419
2359
2299
2299
2419
2539
2299
2479
2179
2659
2359
2239
2359
2359
2239
2299
2299
2419
2299
2239
2539
2179
2239
2359
2299
2179
2359
2179
2179
2362
2479
2359
2239
2359
2299
2301
2299
2539
2359
2539
2299
2359
2599
2359
2359
2419
2419
2419
2539
2179
2481
2481
2419
2299
2479
2299
2299
2419
2359
2539
2359
1999
2179
2359
2179
2419
2419
2419
2659
2359
2479
2239
2299
2421
2119
2299
2239
2299
2359
2299
2299
2299
2419
2239
2541
2539
2119
2779
2419
2299
2419
2239
2359
2239
2359
2119
2419
2359
2119
2059
2299
2359
2539
2479
2479
2659
2179
2359
2179
2359
2119
2359
2359
1999
2359
2059
2299
2299
2539
2421
2421
2301
2299
2359
2539
2299
2179
2359
2419
2719
2179
2239
2299
2359
2479
2299
2359
2479
2239
2299
2239
2479
2359
2179
2239
2359
2299
2419
2239
2419
2299
2359
2299
2479
2421
2299
2239
2239
2299
2299
2239
2241
2299
2299
2239
2239
2179
2239
2119
2179
2239
2239
2419
2419
2479
2119
2359
2419
1999
2239
2119
2359
2484
2419
2419
2299
2239
2362
2239
2061
2419
2299
2419
2119
2479
2359
2179
2359
2239
2359
2479
2239
2599
2479
2239
2059
2359
2299
2179
2479
2299
2239
2359
2479
2359
2421
2301
2479
2239
2479
2119
2299
2479
2359
2479
2179
2719
2299
2419
2419
2361
2239
2239
2179
2359
2479
2299
2479
2419
2239
2239
2539
2359
2359
2002
2239
2359
2419
2359
2299
2299
2239
2359
2299
2479
2179
2299
2359
2179
2239
2359
2539
2359
2359
2299
2359
2299
2359
2479
2479
2299
2419
2299
2239
2119
2119
2419
2359
2301
2359
2239
2359
2479
2359
2301
2419
2359
2359
2719
2359
2299
2239
2359
2359
2359
2479
2359
2299
2421
2421
2359
2539
2239
2059
2239
2179
2239
2239
2299
2599
2779
2239
2299
2302
2419
2239
2239
2299
2359
2359
2299
2239
