664
430
440
470
522
540
598
553
534
552
501
554
714
496
541
497
636
657
611
624
487
571
593
524
581
774
550
534
494
600
595
567
621
649
593
554
539
553
606
424
464
629
733
520
462
548
410
515
420
456
677
456
556
545
758
539
641
535
605
642
521
595
559
565
660
559
594
502
465
567
555
537
714
644
543
479
500
529
526
574
702
530
769
696
598
507
506
490
507
609
647
519
468
556
662
562
536
749
518
604
580
442
479
518
445
615
428
453
456
477
517
523
624
546
519
478
411
513
417
516
557
457
413
523
572
542
399
502
522
419
490
624
556
594
558
633
664
641
694
513
606
459
421
582
545
485
624
516
525
492
494
695
630
568
544
502
599
497
527
483
545
567
528
463
542
660
525
432
707
554
660
479
453
540
635
771
653
651
573
508
598
638
462
469
488
713
500
618
608
651
713
509
468
480
520
439
633
591
591
433
638
441
444
670
584
582
506
596
443
602
481
543
639
457
556
578
463
540
477
534
535
551
480
507
468
750
462
692
478
688
487
497
573
601
499
467
452
703
566
529
627
562
434
454
656
462
723
455
561
529
560
529
415
379
559
605
460
603
554
639
628
459
586
423
553
629
510
523
551
575
438
610
438
501
501
491
488
600
459
614
552
457
598
619
507
530
443
496
592
598
484
618
590
543
528
520
505
579
567
524
541
478
479
610
624
648
626
489
514
620
503
578
443
623
451
495
768
542
521
475
541
700
486
780
840
674
471
478
556
624
497
716
498
486
689
557
454
583
526
461
618
687
592
626
660
620
549
502
477
408
530
576
572
549
496
642
690
451
448
423
445
577
523
594
613
515
515
604
707
683
581
558
495
545
588
484
573
532
618
571
537
451
572
476
544
624
633
581
537
549
516
592
620
630
557
509
588
390
600
567
516
677
588
629
869
628
459
529
519
414
465
503
540
609
576
590
574
484
554
601
602
466
596
494
414
650
527
520
596
544
452
569
465
599
450
539
523
568
428
622
544
588
659
592
467
534
627
501
505
497
407
506
448
549
547
519
574
535
454
517
558
580
549
503
645
470
714
511
536
587
468
626
452
669
427
494
497
452
502
515
486
496
590
495
573
584
438
754
613
356
585
578
612
546
538
414
635
495
554
634
481
543
450
536
469
529
633
627
449
537
565
495
591
521
731
551
493
542
482
599
463
634
494
515
426
580
633
514
675
585
477
411
458
417
577
539
506
491
412
535
552
594
741
531
711
659
433
509
587
492
616
513
481
720
551
661
494
591
566
550
568
515
714
476
484
527
534
561
447
640
612
527
487
653
537
633
679
466
687
567
432
623
544
555
605
701
394
459
571
771
479
542
452
558
532
697
565
617
544
672
642
453
587
547
502
541
500
408
535
650
471
558
534
677
510
628
589
699
516
562
603
454
610
648
723
492
518
470
443
523
527
452
550
507
607
515
587
799
536
570
512
572
571
642
559
529
489
637
532
612
613
524
549
502
465
454
637
551
503
709
479
507
657
534
718
585
536
512
523
538
625
463
516
711
510
503
731
738
551
468
611
489
500
567
474
562
459
547
453
778
562
628
507
416
419
511
490
502
477
446
501
512
558
489
411
457
522
518
609
475
472
509
823
435
511
503
637
532
498
644
651
555
633
603
709
707
536
734
499
622
664
504
491
656
510
561
683
561
550
595
440
479
440
538
595
436
525
605
526
490
570
659
451
471
454
531
536
588
527
594
464
538
512
432
432
479
561
522
441
601
473
683
553
573
527
561
527
563
530
625
610
613
687
587
458
616
512
445
603
502
547
554
563
566
634
537
500
540
726
516
507
398
578
466
539
501
701
467
509
502
412
531
685
584
590
568
398
551
659
573
527
480
530
554
470
559
451
566
562
491
498
472
494
608
710
640
503
624
762
529
553
463
716
453
578
457
595
655
651
665
476
675
645
468
516
679
559
635
552
487
523
561
440
551
528
793
585
490
444
491
423
562
491
625
576
526
479
600
587
551
578
777
615
570
549
653
642
596
490
510
473
412
549
482
649
430
590
577
443
866
578
525
516
501
487
538
497
630
464
658
484
628
621
537
481
599
522
577
659
604
576
638
513
502
594
536
566
604
466
592
473
454
705
449
534
420
611
502
422
526
620
453
668
567
466
477
495
541
549
425
452
586
542
448
604
416
637
418
625
665
596
612
646
405
564
504
520
537
613
505
472
601
622
537
713
470
466
577
548
771
567
425
493
469
659
528
572
498
727
528
542
439
584
665
489
570
579
518
508
573
256
221
210
246
166
168
257
228
224
223
245
235
191
215
241
278
210
185
218
235
263
248
224
170
216
168
216
218
147
257
293
144
206
176
172
222
201
225
224
213
219
144
234
183
213
173
199
173
229
205
120
209
187
212
199
214
159
216
229
227
242
141
177
164
220
175
233
213
249
187
234
266
267
207
287
207
260
240
149
192
263
191
185
230
203
177
198
162
241
261
182
166
240
163
194
218
226
231
206
247
225
203
212
167
209
224
191
246
218
237
213
220
214
172
222
232
259
216
176
233
164
193
226
186
174
212
235
200
181
234
234
192
224
220
209
131
233
216
191
265
205
236
145
238
153
246
117
207
199
145
236
180
203
214
201
224
190
252
231
277
260
255
234
235
228
169
229
217
172
251
246
218
222
275
217
195
147
287
221
242
229
214
222
237
268
235
221
245
212
260
192
198
204
205
222
222
208
164
211
222
141
168
250
181
189
268
248
170
223
224
211
203
189
223
206
199
228
214
210
263
228
202
218
166
194
207
241
180
186
192
213
197
242
274
293
204
137
161
221
228
180
248
226
178
237
211
240
152
229
214
221
247
228
171
255
218
201
108
226
164
274
164
222
195
188
194
223
146
187
224
205
215
213
247
222
175
196
171
186
202
190
243
220
241
188
233
165
266
226
203
249
195
208
205
215
227
224
195
287
218
176
237
251
199
198
288
233
170
207
269
203
191
228
242
210
200
213
193
167
252
209
195
244
211
234
151
242
254
249
215
271
282
217
204
205
215
210
209
232
297
225
228
180
161
210
192
229
245
233
183
247
244
215
213
206
243
253
245
107
206
212
157
218
228
234
180
188
227
172
231
202
242
217
188
224
175
153
201
187
191
204
234
156
270
246
234
192
167
234
231
171
235
227
214
271
162
211
202
297
255
222
168
181
161
243
203
267
165
282
221
207
200
184
219
266
174
214
253
225
197
200
240
232
263
206
214
209
244
167
213
250
232
249
131
190
233
214
220
211
224
220
258
238
182
247
207
205
194
186
266
190
129
216
200
271
215
213
242
249
212
202
218
193
222
231
241
207
242
229
209
240
183
220
169
240
192
215
137
216
140
235
176
213
225
216
297
188
204
183
216
216
193
104
192
203
175
213
168
173
183
181
249
229
192
245
244
190
222
196
192
198
257
182
152
186
212
209
177
212
185
187
225
233
208
137
111
174
238
96
226
199
248
229
236
204
225
167
142
220
262
221
245
142
237
216
259
216
251
235
249
201
237
236
222
182
173
194
225
210
149
209
184
213
214
247
192
245
223
238
248
236
197
143
248
210
211
185
223
155
217
225
196
212
214
261
248
243
208
236
223
239
143
239
237
218
263
228
190
255
216
184
238
164
206
168
258
225
212
205
249
214
188
244
180
261
238
231
195
219
177
205
226
175
230
182
228
222
233
207
155
182
262
205
234
180
165
205
183
191
191
239
189
234
201
207
230
229
212
196
245
238
231
249
186
225
222
275
234
225
230
235
232
227
241
212
213
158
250
227
224
225
197
215
188
206
259
185
195
244
222
273
222
215
161
267
233
225
230
226
244
206
240
230
245
189
199
263
225
180
202
182
184
192
161
259
264
175
175
150
205
204
242
194
222
239
267
219
225
247
242
171
209
147
141
126
225
213
246
231
237
146
235
227
183
242
246
219
257
204
190
242
235
203
173
210
240
229
194
168
198
151
227
266
229
170
285
222
177
260
223
231
231
234
254
219
273
237
180
219
221
274
231
216
218
195
228
200
209
210
236
223
194
187
235
249
218
242
221
204
212
189
240
177
246
212
226
192
265
174
216
184
209
135
240
194
199
209
165
229
172
229
213
240
226
218
186
207
193
218
259
189
265
214
193
196
209
237
270
220
211
232
229
166
186
194
234
236
162
168
225
211
227
219
232
216
227
220
230
191
234
202
229
175
200
225
208
268
175
206
284
226
270
254
118
266
228
182
191
266
226
207
194
225
148
206
227
224
195
131
227
233
244
259
254
169
194
172
208
213
221
184
255
231
186
191
204
215
163
205
144
163
250
209
188
237
219
230
240
214
215
203
195
192
162
270
143
206
180
230
203
233
217
193
248
220
202
178
228
190
227
268
225
175
232
240
217
201
212
244
204
186
171
192
207
214
150
179
216
179
239
274
188
187
191
223
267
145
132
251
215
210
223
168
204
191
251
241
249
227
219
200
232
258
212
125
199
180
224
216
189
233
242
243
209
179
217
191
133
195
227
258
163
186
185
234
266
179
206
251
173
2191
2375
2437
2251
2561
2561
2439
2375
2499
2437
2375
2375
2375
2439
2437
2375
2375
2561
2313
2437
2437
2685
2313
2561
2375
2315
2313
2437
2437
2437
2499
2623
2437
2563
2623
2375
2563
2313
2499
2499
2747
2561
2313
2437
2437
2561
2313
2623
2561
2437
2437
2561
2313
2375
2375
2375
2747
2251
2189
2313
2499
2437
2437
2313
2251
2747
2499
2313
2375
2504
2313
2437
2313
2375
2375
2437
2375
2251
2499
2561
2315
2437
2561
2501
2623
2809
2437
2375
2375
2437
2437
2375
2313
2437
2437
2375
2561
2313
2561
2561
2623
2437
2377
2313
2313
2561
2561
2313
2375
2375
2251
2561
2437
2623
2499
2315
2375
2313
2623
2499
2995
2499
2437
2375
2437
2499
2437
2375
2192
2251
2375
2499
2439
2375
2375
2437
2437
2313
2623
2499
2437
2313
2313
2561
2375
2437
2499
2437
2499
2499
2628
2313
2499
2313
2313
2499
2313
2313
2375
2251
2375
2437
2251
2499
2437
2623
2499
2375
2127
2561
2437
2499
2251
2437
2189
2313
2189
2251
2499
2499
2437
2251
2437
2437
2437
2251
2375
2437
2561
2375
2375
2437
2313
2561
2561
2253
2561
2561
2499
2499
2437
2499
2499
2375
2313
2315
2189
2313
2623
2313
2375
2313
2499
2437
2251
2437
2313
2375
2623
2437
2499
2439
2375
2251
2561
2437
2439
2380
2561
2561
2375
2685
2315
2437
2189
2251
2437
2437
2375
2375
2375
2378
2315
2499
2251
2499
2313
2313
2313
2313
2439
2561
2313
2313
2375
2189
2375
2499
2378
2375
2437
2437
2437
2623
2561
2499
2375
2437
2623
2747
2375
2375
2251
2375
2437
2437
2315
2437
2561
2251
2313
2439
2375
2313
2375
2189
2313
2375
2251
2437
2375
2251
2437
2375
2499
2313
2499
2499
2437
2437
2189
2375
2499
2315
2313
2313
2313
2561
2437
2437
2375
2377
2439
2499
2437
2561
2499
2377
2561
2623
2189
2499
2251
2437
2251
2437
2251
2437
2375
2437
2313
2313
2623
2499
2313
2253
2313
2561
2437
2251
2499
2251
2871
2499
2313
2561
2253
2375
2189
2377
2561
2375
2251
2251
2647
2437
2189
2127
2561
2375
2437
2499
2437
2499
2191
2499
2499
2313
2561
2375
2563
2437
2375
2561
2437
2375
2437
2561
2561
2499
2563
2313
2437
2375
2561
2623
2623
2313
2440
2375
2313
2253
2375
2561
2251
2437
2561
2561
2253
2685
2375
2561
2437
2375
2375
2378
2375
2685
2313
2561
2375
2561
2501
2253
2375
2439
2313
2251
2375
2437
2439
2375
2499
2499
2437
2437
2375
2375
2375
2375
2375
2437
2561
2375
2251
2380
2251
2375
2375
2189
2623
2499
2499
2375
2375
2499
2313
2561
2129
2375
2437
2375
2623
2561
2375
2499
2251
2375
2251
2437
2375
2313
2499
2437
2375
2499
2313
2437
2561
2375
2629
2251
2127
2375
2375
2561
2501
2375
2561
2499
2561
2375
2499
2437
2499
2501
2437
2499
2377
2313
2313
2685
2437
2437
2561
2437
2623
2561
2437
2499
2561
2561
2501
2499
2313
2437
2437
2251
2313
2499
2313
2561
2561
2499
2437
2375
2561
2437
2437
2561
2313
2561
2499
2437
2561
2375
2747
2375
2313
2375
2563
2251
2375
2313
2375
2375
2437
2375
2375
2313
2375
2437
2499
2439
2313
2127
2561
2375
2375
2561
2561
2377
2623
2313
2377
2499
2499
2437
2251
2375
2437
2499
2375
2313
2251
2189
2561
2437
2747
2313
2251
2499
2685
2561
2623
2501
2251
2437
2251
2437
2375
2437
2375
2313
2251
2375
2561
2313
2375
2499
2378
2313
2375
2313
2623
2189
2499
2375
2561
2251
2313
2375
2375
2499
2375
2313
2499
2375
2437
2251
2316
2685
2437
2437
2313
2315
2501
2561
2375
2685
2499
2375
2623
2065
2437
2437
2437
2313
2375
2747
2375
2437
2313
2437
2437
2437
2437
2623
2877
2499
2375
2375
2437
2747
2375
2437
2499
2313
2499
2499
2313
2313
2191
2375
2315
2561
2499
2313
2561
2375
2499
2437
2189
2561
2561
2313
2437
2375
2561
2499
2189
2437
2623
2375
2561
2437
2375
2189
2375
2437
2437
2313
2251
2375
2375
2251
2499
2313
2561
2003
2501
2313
2499
2189
2313
2625
2623
2251
2437
2437
2375
2313
2501
2439
2313
2313
2437
2375
2437
2499
2499
2313
2499
2375
2375
2499
2499
2625
2189
2375
2499
2437
2437
2561
2375
2313
2313
2189
2437
2499
2499
2251
2375
2437
2437
2499
2313
2313
2437
2377
2437
2623
2313
2561
2685
2837
2375
2499
2499
2437
2375
2313
2313
2685
2375
2439
2375
2499
2437
2437
2439
2501
2375
2499
2623
2127
2499
2561
2623
2437
2313
2375
2375
2375
2561
2375
2439
2499
2313
2561
2313
2313
2561
2189
2499
2437
2375
2561
2375
2623
2499
2561
2313
2189
2437
2313
2437
2313
2375
2501
2189
2375
2501
2437
2437
2437
2251
2623
2375
2313
2623
2375
2437
2437
2561
2375
2127
2499
2191
2623
2499
2440
2437
2437
2437
2501
2501
2437
2375
2313
2499
2623
2437
2499
2377
2437
2561
2499
2375
2499
2375
2375
2313
2499
2375
2499
2251
2313
2437
2375
2313
2375
2375
2437
2437
2437
2189
2251
2313
2437
2065
2189
2499
2499
2313
2437
2437
2251
2561
2437
2375
2437
2375
2561
2375
2499
2499
2437
2375
2499
2377
2313
2439
2375
2623
2189
2313
2561
2561
2499
2437
2499
2561
2313
2561
2313
2623
2313
2561
2437
2313
2499
2127
2561
2499
2375
2375
2561
2251
2375
2251
2437
2375
2499
2561
2003
2313
2499
2499
2437
2499
2499
2499
2437
2313
2375
2313
2375
2437
2499
2561
2375
2375
2251
2313
2437
2437
2499
2561
2499
2251
2313
2375
2437
2375
2561
2313
2685
2251
2375
2313
2499
2437
2561
2439
2561
2189
2623
2251
2564
2375
2499
2499
2561
2499
2561
2437
2313
2313
2313
2313
2251
2499
2189
2313
2254
2499
2375
2561
2251
2505
2437
2499
2375
2375
2437
2437
2685
2839
2251
2437
2561
2499
2313
2685
2313
2561
2437
2251
2375
