193
185
232
167
168
166
261
160
141
94
197
151
158
134
142
115
138
186
194
268
179
212
153
220
130
122
132
132
204
165
139
139
142
212
245
149
182
143
198
218
155
99
190
183
117
147
160
174
159
162
167
194
164
131
203
216
122
112
236
130
214
200
183
217
239
261
169
176
166
211
185
158
185
132
222
165
150
213
195
194
180
212
242
168
186
194
165
163
144
146
165
182
199
217
150
175
141
268
252
177
151
191
174
231
199
138
213
178
203
200
125
143
124
205
191
144
179
185
197
112
89
165
215
166
125
163
213
186
202
214
144
179
213
131
168
226
159
153
192
208
140
149
162
119
180
163
228
158
182
199
85
190
194
158
169
264
287
127
162
208
157
142
202
124
97
190
188
151
140
244
196
87
152
201
160
143
213
186
245
166
127
185
193
189
225
171
176
245
174
157
199
157
207
167
175
140
132
110
227
211
228
202
137
185
176
139
216
130
147
150
189
233
165
177
181
226
176
222
235
199
175
227
258
199
197
173
124
212
177
194
165
198
189
146
175
112
147
240
168
231
217
179
177
197
200
139
164
145
163
197
153
258
275
224
132
160
166
130
163
193
119
173
168
168
180
95
193
149
191
163
132
170
223
108
163
175
141
149
115
270
167
209
219
171
167
201
101
141
187
181
155
167
177
203
223
199
201
205
287
220
277
135
131
164
199
204
180
183
235
96
202
138
155
177
220
180
191
209
271
236
157
223
139
132
226
111
198
196
153
208
163
104
206
205
139
127
171
130
157
190
165
117
164
178
148
151
177
131
174
225
209
128
121
215
254
115
137
192
149
169
251
146
263
152
138
103
176
136
234
239
216
135
170
241
154
142
174
124
227
259
171
178
214
181
155
203
179
202
166
119
145
198
163
210
98
142
221
163
156
225
151
160
276
122
191
158
219
146
165
112
196
168
220
306
214
109
197
157
100
225
242
200
117
177
172
192
113
196
209
114
135
150
173
116
121
140
164
155
265
152
176
121
199
199
187
201
200
204
260
171
152
204
211
185
209
171
204
198
150
127
204
152
115
170
107
169
153
151
252
180
152
231
188
204
129
203
142
99
153
96
265
205
178
174
118
176
236
233
273
197
167
201
219
159
197
152
262
123
165
110
174
157
187
130
172
164
167
227
136
185
224
143
175
193
189
247
211
122
262
213
165
118
210
147
235
242
201
155
201
222
186
168
153
168
157
134
127
120
174
168
222
226
116
201
238
202
138
214
206
99
180
170
144
201
277
126
193
175
190
181
173
192
207
161
189
129
158
194
143
156
171
130
109
166
169
259
166
160
190
168
103
91
172
192
196
124
174
126
126
210
147
148
248
201
168
156
227
167
202
190
233
115
127
140
167
107
108
179
140
96
168
205
223
169
175
143
165
175
227
164
168
188
224
151
144
158
180
181
268
161
226
131
133
183
171
171
145
131
197
265
209
189
129
182
107
224
176
149
181
213
146
145
174
172
115
172
191
225
154
177
124
172
220
120
194
144
123
122
167
173
204
188
126
186
181
169
145
173
202
173
222
152
217
195
93
142
225
156
204
242
227
131
147
191
229
203
218
124
142
115
191
223
151
157
171
137
229
172
178
175
142
202
222
125
175
249
228
198
146
168
271
148
183
145
262
148
273
191
129
152
130
145
153
176
198
175
195
152
136
128
117
150
168
150
178
211
159
154
200
216
117
178
172
160
251
166
177
257
157
159
138
136
114
184
149
137
98
221
224
109
199
160
187
183
202
154
166
172
179
115
196
202
190
134
155
130
149
112
211
157
183
182
197
130
193
196
182
243
179
225
176
199
183
149
171
167
220
159
180
126
284
161
162
252
173
181
171
189
180
180
197
198
146
184
153
177
165
163
148
140
178
145
169
154
189
219
206
156
125
248
197
213
197
190
133
201
227
244
204
222
174
256
133
228
165
183
210
193
156
160
234
217
167
241
172
156
250
271
196
130
174
222
168
161
131
130
193
146
128
108
137
137
158
208
162
194
119
108
205
215
158
177
197
185
170
143
135
188
206
231
162
166
128
173
221
255
163
154
172
251
234
156
218
158
205
189
158
227
171
185
118
171
182
199
134
163
123
189
220
183
129
227
142
165
165
156
141
155
212
126
131
135
155
160
210
249
97
174
173
224
196
264
152
233
159
205
155
164
125
173
143
197
194
159
167
150
242
168
141
152
179
132
145
197
130
163
135
127
238
192
124
163
189
236
195
182
263
168
243
154
244
148
121
205
149
239
50
220
237
154
84
89
92
85
70
58
91
110
78
60
105
85
78
84
55
56
61
86
106
91
88
79
60
61
48
64
71
54
100
67
64
99
79
94
94
88
89
57
73
85
80
55
96
67
69
73
49
102
93
67
65
85
93
58
108
90
64
84
91
40
69
88
71
91
76
65
83
91
94
81
85
58
68
58
75
75
76
60
99
83
64
95
79
84
78
70
78
87
58
78
82
85
82
98
51
76
75
103
78
90
105
88
62
91
88
92
76
77
98
96
76
102
68
96
82
83
82
73
73
67
60
102
72
97
75
82
99
104
73
107
66
108
98
101
88
72
109
65
61
105
78
75
82
51
84
114
73
81
67
93
66
96
64
63
113
109
76
64
97
85
102
88
100
74
49
84
87
69
78
91
82
40
85
97
90
76
78
99
93
65
48
88
81
52
87
95
81
79
70
68
70
67
85
79
98
57
91
60
95
81
55
79
66
64
57
63
79
67
79
68
64
105
89
84
90
78
81
79
75
86
87
96
69
101
115
64
70
64
82
94
82
96
100
67
49
74
80
88
57
55
64
115
109
96
67
46
57
73
95
61
64
105
102
76
53
79
88
81
83
101
72
40
73
82
83
46
87
56
103
88
88
57
83
58
72
55
70
72
75
97
76
81
100
97
78
67
73
58
97
100
95
75
85
100
76
102
94
90
87
68
84
72
67
64
67
85
76
70
85
73
106
75
97
93
81
73
65
84
82
96
66
82
60
61
64
54
66
84
82
101
78
71
85
88
58
88
93
60
79
73
55
65
93
100
67
55
100
66
83
91
68
63
80
99
75
67
76
109
54
73
82
84
114
90
77
76
111
84
90
54
74
87
96
81
79
78
64
36
88
100
88
96
103
97
68
79
79
84
77
46
88
82
87
96
63
67
84
87
61
82
91
84
79
87
109
85
109
72
79
70
89
87
101
88
85
59
87
79
45
58
94
91
49
64
102
94
56
109
61
68
78
98
88
93
80
73
70
85
81
57
60
89
112
81
82
82
70
76
104
63
61
58
73
82
75
85
109
78
58
81
75
54
77
55
55
59
91
90
105
78
60
69
91
64
42
97
74
58
64
85
100
66
88
88
79
51
57
94
120
82
55
78
103
93
76
78
105
72
64
68
76
55
72
52
95
98
61
119
67
104
103
96
62
93
64
81
79
54
61
85
81
69
80
75
52
82
109
85
76
70
109
91
62
69
64
78
52
51
73
91
78
65
73
76
69
81
43
88
96
73
61
70
76
90
99
76
73
103
87
61
107
89
80
41
82
95
46
72
67
95
98
60
78
55
95
67
55
63
86
89
67
64
73
82
70
75
58
76
90
96
62
85
81
104
67
87
87
73
96
105
109
43
74
78
70
77
72
95
78
71
89
117
82
58
94
63
84
76
65
82
96
76
93
58
97
76
82
54
87
75
95
61
58
85
72
66
91
71
108
73
81
61
72
70
76
58
55
85
78
87
63
76
111
88
69
101
75
103
80
58
39
91
112
76
88
78
57
93
81
75
101
70
88
75
67
67
87
75
85
66
85
57
105
64
58
95
100
75
79
93
64
74
73
90
88
67
69
89
75
77
89
101
70
85
64
70
102
75
72
76
66
92
91
84
93
85
72
91
84
93
61
51
96
74
74
78
97
93
67
66
61
55
61
71
61
79
88
70
57
49
72
70
58
58
70
89
79
55
94
70
76
108
95
96
69
69
76
106
99
52
69
69
71
95
82
96
81
97
76
51
73
76
95
93
53
96
82
55
46
57
76
52
76
84
67
73
62
83
93
61
82
90
91
42
117
82
105
89
75
104
54
112
61
81
54
86
93
94
92
79
100
94
97
86
94
73
76
89
67
76
88
82
47
77
52
74
65
85
82
84
106
48
81
91
86
90
87
85
73
112
87
64
48
66
51
88
67
81
98
79
66
74
58
85
87
46
79
96
78
93
88
37
85
84
67
99
111
88
97
78
58
79
61
105
78
60
76
94
69
74
58
67
110
94
60
105
63
44
99
84
66
88
63
59
71
67
54
88
76
113
66
85
70
106
99
104
82
52
87
94
58
51
92
93
108
81
73
74
76
72
82
101
100
75
66
89
42
92
103
84
73
86
94
79
82
60
46
92
67
48
97
84
79
85
94
108
75
110
49
117
94
100
63
112
93
82
52
70
96
69
63
82
60
49
102
67
88
54
65
83
87
102
78
79
101
89
64
69
91
102
63
61
72
88
100
58
99
78
52
73
83
72
58
58
73
93
50
94
84
63
343
355
369
391
391
343
355
331
367
331
379
343
343
403
367
343
391
391
381
415
355
405
355
379
379
355
343
403
391
331
379
331
367
355
403
355
367
331
331
382
331
379
403
393
331
331
357
355
379
331
379
391
319
355
403
367
319
319
355
331
379
403
355
355
343
319
367
319
319
379
367
379
343
360
367
319
379
345
355
343
367
391
367
367
367
403
355
331
355
355
367
355
367
343
367
391
379
369
391
331
319
391
331
379
391
415
355
367
343
331
379
394
369
343
319
415
391
319
406
403
439
379
355
367
391
343
403
343
355
331
395
367
343
369
367
331
355
381
355
379
367
355
403
355
343
307
379
369
355
379
379
379
345
343
307
379
379
367
319
367
367
391
357
355
367
391
319
355
319
391
343
367
403
335
357
367
367
343
393
319
405
391
367
343
403
343
405
355
415
343
391
343
367
369
391
379
381
331
369
367
343
391
319
403
331
391
381
391
355
379
343
295
367
355
331
391
367
345
355
343
331
379
307
355
379
343
381
381
355
367
343
357
367
355
357
367
319
355
381
391
379
369
367
379
381
391
307
343
357
379
367
403
355
379
391
396
355
403
358
367
379
355
379
367
307
403
369
343
357
307
367
307
379
319
403
355
343
355
319
367
355
331
379
379
381
403
343
347
355
355
343
391
319
343
357
379
355
319
343
391
403
359
369
367
321
331
355
345
355
355
343
379
367
379
415
367
331
379
355
331
367
403
379
381
379
391
355
319
403
355
393
367
415
355
403
367
379
331
391
391
343
379
343
355
355
367
331
343
331
381
319
345
415
307
357
379
331
355
355
367
343
367
403
367
379
369
343
379
417
355
307
355
391
333
355
403
393
391
379
369
391
379
355
319
343
355
319
343
343
369
307
367
403
355
403
355
331
355
345
403
343
319
333
391
319
381
357
343
379
307
381
355
379
379
367
355
343
391
381
405
343
369
343
331
395
343
403
439
379
367
415
381
334
367
343
343
355
367
319
319
391
331
319
382
355
391
403
367
385
343
355
355
333
343
355
331
415
355
379
367
379
331
439
379
381
355
355
331
307
333
319
367
379
355
379
367
355
355
357
367
367
359
319
355
319
331
319
343
333
367
391
333
331
379
391
391
355
379
381
367
343
357
367
367
319
391
379
355
403
343
379
367
355
391
355
355
355
345
307
355
367
355
319
439
343
357
343
355
403
396
331
367
331
331
403
367
343
379
415
343
367
331
405
355
321
357
357
331
381
379
367
367
379
343
331
379
403
343
355
343
355
355
367
331
343
415
367
370
367
381
307
319
319
379
319
403
369
379
403
319
369
331
403
403
391
367
403
319
436
367
391
355
403
321
367
367
307
355
367
355
367
343
355
355
343
307
343
343
331
383
355
355
367
367
355
367
343
379
331
367
367
407
379
391
355
343
331
355
331
355
319
367
391
367
382
381
355
379
369
391
379
357
357
393
403
403
355
367
403
331
331
367
367
379
403
355
391
379
331
391
343
370
394
379
345
343
403
403
357
367
391
355
370
345
367
319
355
355
367
379
379
379
379
355
403
367
343
367
343
355
367
334
415
403
367
319
355
381
331
355
415
331
355
307
331
343
343
321
343
367
381
355
343
367
355
391
369
381
355
343
381
367
355
355
391
403
391
379
355
307
367
343
367
331
355
319
343
367
369
343
415
391
369
343
367
343
367
403
367
415
391
331
379
379
391
367
367
355
391
379
343
355
345
367
379
415
367
367
403
379
331
331
391
307
405
415
331
319
355
355
331
382
307
331
405
379
343
343
391
331
379
379
309
331
331
367
319
391
355
391
343
391
379
415
343
355
403
355
369
403
355
355
379
319
355
367
343
355
391
391
343
355
309
367
355
343
367
331
367
367
343
379
343
381
357
379
367
379
391
331
321
343
319
367
381
367
379
369
343
355
319
343
379
345
343
369
331
367
417
355
307
355
343
394
345
391
336
367
393
355
379
367
355
367
367
367
331
367
367
369
379
393
367
355
379
355
355
343
319
383
343
415
403
343
355
331
379
331
415
307
367
331
369
355
391
345
355
343
379
381
393
355
343
331
379
367
347
379
355
369
391
371
355
357
367
346
343
379
391
367
391
335
379
415
367
331
367
331
343
357
417
391
355
367
367
355
367
367
345
343
343
359
355
367
381
391
367
319
343
331
319
391
331
355
355
391
370
355
403
391
391
331
319
319
343
355
379
381
367
369
343
379
319
343
379
367
331
331
403
383
343
331
391
379
331
355
395
372
343
379
193
185
232
167
168
166
261
160
141
94
197
151
158
134
142
115
138
186
194
268
179
212
153
220
130
122
132
132
204
165
139
139
142
212
245
149
182
143
198
218
155
99
190
183
117
147
160
174
159
162
167
194
164
131
203
216
122
112
236
130
214
200
183
217
239
261
169
176
166
211
185
158
185
132
222
165
150
213
195
194
180
212
242
168
186
194
165
163
144
146
165
182
199
217
150
175
141
268
252
177
151
191
174
231
199
138
213
178
203
200
125
143
124
205
191
144
179
185
197
112
89
165
215
166
125
163
213
186
202
214
144
179
213
131
168
226
159
153
192
208
140
149
162
119
180
163
228
158
182
199
85
190
194
158
169
264
287
127
162
208
157
142
202
124
97
190
188
151
140
244
196
87
152
201
160
143
213
186
245
166
127
185
193
189
225
171
176
245
174
157
199
157
207
167
175
140
132
110
227
211
228
202
137
185
176
139
216
130
147
150
189
233
165
177
181
226
176
222
235
199
175
227
258
199
197
173
124
212
177
194
165
198
189
146
175
112
147
240
168
231
217
179
177
197
200
139
164
145
163
197
153
258
275
224
132
160
166
130
163
193
119
173
168
168
180
95
193
149
191
163
132
170
223
108
163
175
141
149
115
270
167
209
219
171
167
201
101
141
187
181
155
167
177
203
223
199
201
205
287
220
277
135
131
164
199
204
180
183
235
96
202
138
155
177
220
180
191
209
271
236
157
223
139
132
226
111
198
196
153
208
163
104
206
205
139
127
171
130
157
190
165
117
164
178
148
151
177
131
174
225
209
128
121
215
254
115
137
192
149
169
251
146
263
152
138
103
176
136
234
239
216
135
170
241
154
142
174
124
227
259
171
178
214
181
155
203
179
202
166
119
145
198
163
210
98
142
221
163
156
225
151
160
276
122
191
158
219
146
165
112
196
168
220
306
214
109
197
157
100
225
242
200
117
177
172
192
113
196
209
114
135
150
173
116
121
140
164
155
265
152
176
121
199
199
187
201
200
204
260
171
152
204
211
185
209
171
204
198
150
127
204
152
115
170
107
169
153
151
252
180
152
231
188
204
129
203
142
99
153
96
265
205
178
174
118
176
236
233
273
197
167
201
219
159
197
152
262
123
165
110
174
157
187
130
172
164
167
227
136
185
224
143
175
193
189
247
211
122
262
213
165
118
210
147
235
242
201
155
201
222
186
168
153
168
157
134
127
120
174
168
222
226
116
201
238
202
138
214
206
99
180
170
144
201
277
126
193
175
190
181
173
192
207
161
189
129
158
194
143
156
171
130
109
166
169
259
166
160
190
168
103
91
172
192
196
124
174
126
126
210
147
148
248
201
168
156
227
167
202
190
233
115
127
140
167
107
108
179
140
96
168
205
223
169
175
143
165
175
227
164
168
188
224
151
144
158
180
181
268
161
226
131
133
183
171
171
145
131
197
265
209
189
129
182
107
224
176
149
181
213
146
145
174
172
115
172
191
225
154
177
124
172
220
120
194
144
123
122
167
173
204
188
126
186
181
169
145
173
202
173
222
152
217
195
93
142
225
156
204
242
227
131
147
191
229
203
218
124
142
115
191
223
151
157
171
137
229
172
178
175
142
202
222
125
175
249
228
198
146
168
271
148
183
145
262
148
273
191
129
152
130
145
153
176
198
175
195
152
136
128
117
150
168
150
178
211
159
154
200
216
117
178
172
160
251
166
177
257
157
159
138
136
114
184
149
137
98
221
224
109
199
160
187
183
202
154
166
172
179
115
196
202
190
134
155
130
149
112
211
157
183
182
197
130
193
196
182
243
179
225
176
199
183
149
171
167
220
159
180
126
284
161
162
252
173
181
171
189
180
180
197
198
146
184
153
177
165
163
148
140
178
145
169
154
189
219
206
156
125
248
197
213
197
190
133
201
227
244
204
222
174
256
133
228
165
183
210
193
156
160
234
217
167
241
172
156
250
271
196
130
174
222
168
161
131
130
193
146
128
108
137
137
158
208
162
194
119
108
205
215
158
177
197
185
170
143
135
188
206
231
162
166
128
173
221
255
163
154
172
251
234
156
218
158
205
189
158
227
171
185
118
171
182
199
134
163
123
189
220
183
129
227
142
165
165
156
141
155
212
126
131
135
155
160
210
249
97
174
173
224
196
264
152
233
159
205
155
164
125
173
143
197
194
159
167
150
242
168
141
152
179
132
145
197
130
163
135
127
238
192
124
163
189
236
195
182
263
168
243
154
244
148
121
205
149
239
50
220
237
154
84
89
92
85
70
58
91
110
78
60
105
85
78
84
55
56
61
86
106
91
88
79
60
61
48
64
71
54
100
67
64
99
79
94
94
88
89
57
73
85
80
55
96
67
69
73
49
102
93
67
65
85
93
58
108
90
64
84
91
40
69
88
71
91
76
65
83
91
94
81
85
58
68
58
75
75
76
60
99
83
64
95
79
84
78
70
78
87
58
78
82
85
82
98
51
76
75
103
78
90
105
88
62
91
88
92
76
77
98
96
76
102
68
96
82
83
82
73
73
67
60
102
72
97
75
82
99
104
73
107
66
108
98
101
88
72
109
65
61
105
78
75
82
51
84
114
73
81
67
93
66
96
64
63
113
109
76
64
97
85
102
88
100
74
49
84
87
69
78
91
82
40
85
97
90
76
78
99
93
65
48
88
81
52
87
95
81
79
70
68
70
67
85
79
98
57
91
60
95
81
55
79
66
64
57
63
79
67
79
68
64
105
89
84
90
78
81
79
75
86
87
96
69
101
115
64
70
64
82
94
82
96
100
67
49
74
80
88
57
55
64
115
109
96
67
46
57
73
95
61
64
105
102
76
53
79
88
81
83
101
72
40
73
82
83
46
87
56
103
88
88
57
83
58
72
55
70
72
75
97
76
81
100
97
78
67
73
58
97
100
95
75
85
100
76
102
94
90
87
68
84
72
67
64
67
85
76
70
85
73
106
75
97
93
81
73
65
84
82
96
66
82
60
61
64
54
66
84
82
101
78
71
85
88
58
88
93
60
79
73
55
65
93
100
67
55
100
66
83
91
68
63
80
99
75
67
76
109
54
73
82
84
114
90
77
76
111
84
90
54
74
87
96
81
79
78
64
36
88
100
88
96
103
97
68
79
79
84
77
46
88
82
87
96
63
67
84
87
61
82
91
84
79
87
109
85
109
72
79
70
89
87
101
88
85
59
87
79
45
58
94
91
49
64
102
94
56
109
61
68
78
98
88
93
80
73
70
85
81
57
60
89
112
81
82
82
70
76
104
63
61
58
73
82
75
85
109
78
58
81
75
54
77
55
55
59
91
90
105
78
60
69
91
64
42
97
74
58
64
85
100
66
88
88
79
51
57
94
120
82
55
78
103
93
76
78
105
72
64
68
76
55
72
52
95
98
61
119
67
104
103
96
62
93
64
81
79
54
61
85
81
69
80
75
52
82
109
85
76
70
109
91
62
69
64
78
52
51
73
91
78
65
73
76
69
81
43
88
96
73
61
70
76
90
99
76
73
103
87
61
107
89
80
41
82
95
46
72
67
95
98
60
78
55
95
67
55
63
86
89
67
64
73
82
70
75
58
76
90
96
62
85
81
104
67
87
87
73
96
105
109
43
74
78
70
77
72
95
78
71
89
117
82
58
94
63
84
76
65
82
96
76
93
58
97
76
82
54
87
75
95
61
58
85
72
66
91
71
108
73
81
61
72
70
76
58
55
85
78
87
63
76
111
88
69
101
75
103
80
58
39
91
112
76
88
78
57
93
81
75
101
70
88
75
67
67
87
75
85
66
85
57
105
64
58
95
100
75
79
93
64
74
73
90
88
67
69
89
75
77
89
101
70
85
64
70
102
75
72
76
66
92
91
84
93
85
72
91
84
93
61
51
96
74
74
78
97
93
67
66
61
55
61
71
61
79
88
70
57
49
72
70
58
58
70
89
79
55
94
70
76
108
95
96
69
69
76
106
99
52
69
69
71
95
82
96
81
97
76
51
73
76
95
93
53
96
82
55
46
57
76
52
76
84
67
73
62
83
93
61
82
90
91
42
117
82
105
89
75
104
54
112
61
81
54
86
93
94
92
79
100
94
97
86
94
73
76
89
67
76
88
82
47
77
52
74
65
85
82
84
106
48
81
91
86
90
87
85
73
112
87
64
48
66
51
88
67
81
98
79
66
74
58
85
87
46
79
96
78
93
88
37
85
84
67
99
111
88
97
78
58
79
61
105
78
60
76
94
69
74
58
67
110
94
60
105
63
44
99
84
66
88
63
59
71
67
54
88
76
113
66
85
70
106
99
104
82
52
87
94
58
51
92
93
108
81
73
74
76
72
82
101
100
75
66
89
42
92
103
84
73
86
94
79
82
60
46
92
67
48
97
84
79
85
94
108
75
110
49
117
94
100
63
112
93
82
52
70
96
69
63
82
60
49
102
67
88
54
65
83
87
102
78
79
101
89
64
69
91
102
63
61
72
88
100
58
99
78
52
73
83
72
58
58
73
93
50
94
84
63
343
355
369
391
391
343
355
331
367
331
379
343
343
403
367
343
391
391
381
415
355
405
355
379
379
355
343
403
391
331
379
331
367
355
367
355
367
331
331
382
331
379
403
392
331
331
357
355
379
331
379
391
319
355
403
367
319
319
355
331
379
403
355
355
343
319
367
319
319
379
367
379
343
360
367
319
379
345
355
343
367
391
367
367
367
403
355
331
355
355
367
355
367
343
367
391
379
369
391
331
319
391
331
379
391
415
355
367
343
331
379
394
369
343
319
415
391
319
406
403
439
391
355
367
391
343
403
343
355
331
395
367
343
369
367
331
355
381
355
379
367
355
403
355
343
307
379
369
355
379
379
379
345
343
307
379
379
367
319
367
367
391
357
355
367
391
319
355
319
391
343
367
403
333
357
367
367
343
393
319
405
391
367
343
403
343
405
355
415
343
391
343
367
369
391
379
381
331
369
367
343
391
319
403
331
391
381
391
355
379
343
295
367
355
331
391
367
343
355
343
331
379
307
355
379
343
381
381
355
367
343
357
367
355
357
367
319
355
381
391
379
369
367
379
381
391
307
343
357
379
367
403
355
379
391
396
355
403
358
367
379
355
379
367
307
403
369
343
357
307
367
307
379
319
403
355
343
355
319
367
355
331
379
379
381
403
343
347
355
355
343
391
319
343
357
379
355
319
343
391
403
359
369
367
321
331
355
345
355
355
343
379
367
379
415
367
331
379
355
331
367
403
379
381
379
391
355
319
403
355
393
367
415
355
403
367
379
331
391
391
343
379
343
355
355
367
331
343
331
381
319
345
415
307
357
379
331
355
355
367
343
367
403
367
379
369
343
379
417
355
307
355
391
333
355
403
393
391
379
369
391
379
355
319
343
355
319
343
343
369
307
367
403
355
403
355
331
355
345
403
343
319
333
391
319
381
357
343
379
307
355
355
379
379
367
355
343
391
381
405
343
369
343
331
395
343
403
439
379
367
415
381
334
367
343
343
355
367
319
319
391
331
319
382
355
391
403
367
385
343
355
355
333
343
355
331
415
355
379
367
379
331
439
379
381
355
355
331
307
333
319
367
379
355
379
367
355
355
357
367
367
359
319
355
319
331
319
343
333
367
391
333
331
379
391
391
355
379
381
367
343
357
367
367
319
391
379
355
403
343
379
367
355
391
355
355
355
345
307
355
367
355
319
439
343
357
343
355
403
396
331
367
331
331
403
367
343
379
415
343
367
331
405
355
321
357
357
331
381
379
367
367
379
343
331
379
403
343
355
343
355
355
367
331
343
415
367
370
367
381
307
319
319
379
319
403
369
379
403
319
369
331
403
403
391
367
403
319
433
367
391
355
403
321
367
367
307
355
367
355
367
343
355
355
343
307
343
343
331
383
355
355
367
367
355
367
343
379
331
367
367
407
379
391
355
343
331
355
331
355
319
367
391
367
382
381
355
379
369
391
379
357
357
393
403
403
355
367
403
331
331
367
367
379
403
355
391
379
331
391
343
370
394
379
345
343
403
403
357
367
391
355
370
345
367
319
355
355
367
379
379
379
379
355
403
367
343
367
343
355
367
334
415
403
367
319
355
381
331
355
415
331
355
307
331
343
343
321
343
367
381
355
343
367
355
391
369
381
355
343
381
367
355
355
391
403
391
379
355
307
367
343
367
331
355
319
343
367
369
343
415
391
369
343
367
343
367
403
367
415
391
331
379
379
391
367
367
355
391
367
343
355
345
367
381
415
367
367
403
379
331
331
391
307
405
415
331
319
355
355
331
382
307
331
405
379
343
343
409
331
379
379
309
331
331
367
319
391
355
391
343
391
379
415
331
331
403
355
369
403
355
355
379
319
355
367
343
355
391
391
343
355
309
367
355
343
367
331
367
367
343
379
343
381
357
379
367
379
391
331
321
343
319
367
381
367
379
369
343
355
319
343
379
345
343
369
331
367
417
355
307
355
343
394
345
391
336
367
393
355
379
367
355
367
367
367
331
367
367
369
379
393
367
355
379
355
355
343
319
383
343
415
403
343
355
331
379
331
415
307
367
331
369
355
391
345
355
343
379
381
393
355
343
331
379
367
347
379
343
369
391
371
355
357
367
346
343
379
391
367
391
335
379
415
367
331
367
331
343
357
417
391
355
367
367
355
367
367
345
343
343
359
355
367
381
391
367
319
343
331
319
391
331
355
355
391
370
355
403
391
391
331
319
319
343
355
379
381
367
369
343
379
319
343
379
367
331
331
403
383
343
331
391
379
331
355
395
372
343
379
