159
187
209
185
196
201
193
195
248
194
214
250
183
223
266
190
159
211
125
195
300
211
173
200
229
192
136
194
233
219
209
283
207
219
199
104
227
280
181
182
128
225
206
227
183
288
220
224
225
300
210
321
221
145
142
211
292
201
107
287
241
131
88
182
240
179
123
233
174
199
341
157
263
257
225
176
183
213
176
309
144
216
199
228
194
209
203
211
180
219
229
230
235
194
223
316
233
132
229
197
161
203
234
225
240
196
139
251
190
205
173
183
126
264
233
179
276
219
124
156
189
189
164
190
216
207
239
214
194
160
250
228
168
280
216
152
151
175
280
256
238
187
187
121
215
217
146
149
129
232
213
171
157
121
205
192
256
160
183
136
176
124
184
194
100
252
194
214
143
260
181
256
219
158
245
188
247
164
167
206
217
201
260
144
202
273
266
141
196
152
119
195
262
245
130
270
191
226
310
218
214
251
187
196
164
149
158
321
211
243
251
114
146
244
247
203
268
207
151
246
199
256
201
269
160
221
171
167
162
219
241
180
210
131
147
247
234
250
253
250
205
276
239
227
228
204
198
149
203
165
109
254
215
171
124
184
214
136
192
192
170
162
207
241
281
184
265
192
107
236
246
175
228
220
213
161
147
229
198
254
269
175
243
186
203
193
105
241
232
253
302
300
209
203
193
170
237
215
223
195
238
187
243
198
142
158
289
274
257
123
258
242
205
242
150
183
255
159
144
321
187
216
187
131
176
306
215
221
196
167
236
140
148
280
185
166
172
173
222
198
191
198
174
153
174
271
239
247
180
171
174
280
218
246
272
252
177
224
130
157
126
194
174
224
205
156
192
237
208
265
176
152
192
170
169
190
253
194
252
153
209
252
216
171
249
248
146
163
220
238
227
217
227
219
174
169
229
174
126
181
232
183
170
204
172
234
151
237
209
167
180
178
175
234
225
171
242
245
154
260
152
149
165
176
247
173
217
155
178
131
240
223
201
202
239
173
172
119
161
178
198
196
203
269
270
193
271
216
128
130
167
174
230
198
213
199
223
170
192
161
257
271
185
238
211
208
248
168
159
198
220
259
192
170
143
209
196
250
187
203
211
212
224
140
159
209
134
286
180
126
243
125
236
156
205
256
125
176
224
142
193
204
216
276
137
207
111
151
222
161
225
236
164
198
214
211
196
265
173
169
255
179
155
179
255
167
206
134
182
288
183
267
290
174
167
219
223
177
180
124
173
299
187
208
206
165
234
286
236
144
239
160
215
193
164
150
194
187
141
156
143
221
227
273
167
274
187
219
177
185
142
197
161
255
150
158
225
243
209
136
141
111
211
283
162
199
218
122
148
253
270
219
145
179
227
258
175
275
229
221
167
237
193
222
210
156
266
234
162
180
308
223
135
234
277
159
237
310
145
218
162
209
198
254
194
279
174
220
223
192
234
152
299
263
191
225
126
203
179
104
181
228
202
159
162
268
226
129
155
158
141
179
169
209
212
175
199
267
138
216
135
185
201
247
158
166
193
153
162
185
148
173
230
210
220
303
228
190
156
193
260
184
192
213
263
176
131
176
158
166
216
224
179
195
221
205
176
159
191
193
157
138
213
176
245
199
184
188
210
207
194
269
182
202
205
201
161
305
255
229
159
193
205
244
179
189
264
173
192
217
252
245
208
131
177
192
214
148
195
230
244
236
275
241
275
152
200
178
208
189
243
211
162
133
160
253
176
314
198
258
219
173
130
243
157
121
158
175
115
243
281
146
149
249
185
214
224
282
229
270
142
180
196
181
238
167
169
142
239
228
255
159
195
205
195
194
262
156
226
220
170
189
175
145
183
200
258
141
269
238
136
167
197
179
197
220
213
224
157
244
165
185
208
164
236
126
181
93
173
109
141
209
198
193
191
221
250
281
170
173
194
195
191
177
249
144
277
237
227
144
282
260
178
274
109
226
137
186
201
188
243
157
152
211
238
204
259
165
217
168
202
159
198
202
197
161
154
189
189
144
208
153
159
191
252
222
171
178
194
232
205
205
205
275
174
232
203
329
256
199
230
220
199
209
235
315
171
151
233
218
257
155
173
175
140
213
266
283
195
170
173
239
176
142
168
159
181
148
296
185
239
219
219
253
176
259
213
176
194
220
315
320
172
229
251
169
183
182
286
234
180
275
194
109
282
205
235
239
217
272
219
159
149
180
235
201
316
176
119
207
143
206
173
138
191
200
143
205
159
282
195
198
222
119
180
238
154
245
137
177
259
229
115
210
217
177
298
217
283
163
50
78
63
92
110
84
104
72
108
71
114
90
90
66
123
90
98
84
69
110
90
69
63
78
69
54
87
104
111
103
92
122
69
99
96
91
102
66
80
93
63
99
95
83
76
108
87
93
98
72
65
111
93
95
77
80
57
81
54
81
99
68
50
56
96
54
42
78
106
81
100
60
90
78
81
50
91
90
107
75
83
78
86
99
102
87
75
62
68
75
76
84
90
92
81
74
81
45
66
80
74
65
78
84
108
67
60
97
63
69
63
86
75
79
89
69
89
70
74
70
90
95
86
87
84
72
63
117
72
69
100
81
58
114
101
75
78
86
84
87
89
69
85
73
75
63
75
83
61
60
73
86
95
41
69
72
75
41
84
78
87
71
75
51
50
88
73
96
70
67
87
108
100
81
69
47
66
66
59
57
74
87
84
81
90
93
117
92
89
63
91
113
87
97
74
97
54
84
113
72
66
110
90
86
119
83
77
86
84
74
68
80
75
102
86
93
93
110
103
92
87
96
61
93
107
74
116
62
71
54
51
84
113
65
89
116
96
78
96
75
107
81
90
91
92
95
72
66
63
92
50
108
66
75
57
69
93
83
108
96
70
87
93
114
89
63
81
96
69
66
105
60
96
61
44
58
96
93
87
98
69
90
101
51
68
85
40
73
107
108
110
90
81
96
54
92
93
56
87
63
81
92
84
84
85
99
91
93
119
42
123
121
85
72
74
88
67
97
65
87
75
72
78
80
83
99
75
96
89
96
67
93
66
87
44
45
94
66
107
84
72
79
82
86
79
78
68
69
93
85
90
120
66
78
99
94
90
90
65
88
93
94
99
81
66
101
90
66
77
84
99
69
85
57
98
54
78
84
78
60
98
71
63
75
93
70
72
56
90
119
92
88
72
77
82
87
90
50
57
107
74
87
76
80
57
84
55
120
65
84
70
57
99
99
90
108
108
87
74
105
48
78
53
87
84
107
77
99
66
76
85
84
57
68
93
74
74
66
81
69
96
111
77
116
105
106
63
81
36
74
87
69
95
66
93
93
100
74
63
84
102
105
88
66
69
99
95
75
66
81
76
78
96
78
72
132
100
99
75
99
98
78
57
60
72
94
83
73
95
41
69
57
75
68
80
96
62
60
118
68
56
113
85
72
64
71
78
77
99
84
93
78
80
53
74
84
120
72
80
84
120
90
68
92
114
69
78
57
65
90
83
78
87
79
78
54
108
69
48
56
90
72
72
84
89
83
83
108
108
66
78
78
102
69
96
59
103
113
75
66
59
75
93
81
86
90
105
123
65
66
86
97
57
69
92
69
113
99
101
78
72
59
93
117
82
92
84
56
81
48
87
84
98
84
93
102
87
99
93
83
72
44
50
106
104
64
95
114
76
84
95
84
79
96
80
82
74
99
115
68
64
66
65
102
65
115
80
69
111
92
71
66
126
75
75
93
62
93
75
53
105
72
80
85
89
78
89
91
69
51
81
84
57
72
75
100
117
69
83
108
64
84
101
71
66
84
65
59
95
89
74
84
74
117
96
90
66
87
79
111
99
77
77
52
108
99
65
95
83
79
122
78
72
80
92
77
83
62
60
84
75
52
75
87
84
89
84
77
89
100
81
102
83
77
91
93
48
107
88
93
83
75
114
78
97
74
96
57
63
69
66
96
90
47
65
78
107
86
95
90
108
102
90
87
90
69
97
83
89
87
99
72
93
105
83
112
60
87
63
102
75
90
64
84
69
60
98
96
62
45
108
57
75
102
90
87
69
107
96
69
64
78
108
93
114
65
90
62
77
105
69
61
77
66
87
84
117
80
92
99
72
98
55
72
87
93
75
69
100
75
91
57
105
65
75
103
88
63
78
86
61
95
81
59
75
62
101
44
119
60
53
84
75
63
65
96
100
114
84
95
68
65
72
78
69
54
81
107
75
82
99
120
84
87
51
125
69
88
64
96
90
100
78
72
78
60
93
89
93
81
75
69
75
77
71
68
73
87
71
56
102
72
55
90
113
107
95
95
107
78
77
81
75
81
101
109
100
90
93
78
100
74
92
93
95
108
93
84
72
67
111
80
79
75
69
78
111
93
99
67
63
112
89
81
74
63
106
56
93
48
99
99
69
77
76
66
88
88
79
105
90
110
64
69
117
113
83
84
93
74
60
96
93
96
89
70
57
105
90
84
90
66
80
83
105
106
69
95
45
105
83
90
108
86
84
78
81
107
84
64
81
84
78
53
81
90
77
90
86
111
82
106
59
87
101
54
63
104
93
69
411
439
411
427
425
453
425
411
383
369
425
439
411
481
467
427
397
481
439
411
397
425
439
467
439
425
411
453
467
453
453
411
411
467
425
439
439
467
411
439
481
427
439
425
383
439
425
467
467
397
481
411
453
397
453
413
453
467
439
481
397
469
425
411
425
439
425
397
453
427
439
453
383
467
369
439
469
439
453
439
481
481
467
495
453
467
453
411
453
427
453
397
481
425
439
411
425
439
481
453
483
439
428
411
397
455
467
467
411
453
397
453
467
467
425
441
481
439
411
439
453
439
383
481
453
411
439
439
481
428
439
425
439
411
427
453
455
457
425
453
411
467
467
411
425
411
411
411
439
455
427
553
439
455
411
439
439
483
425
425
453
481
439
439
453
397
453
425
383
411
425
369
411
467
453
439
411
439
481
425
439
481
411
467
425
355
427
439
453
481
383
383
397
425
453
467
439
453
467
425
453
425
425
467
455
441
455
481
397
439
453
439
425
481
453
455
439
383
425
467
481
439
455
413
401
439
439
467
453
383
425
439
467
425
453
411
499
397
439
467
483
397
411
439
453
383
425
341
453
439
397
439
439
439
453
467
441
481
397
439
439
425
357
397
383
411
439
439
383
439
411
397
425
439
386
439
495
481
439
415
397
439
411
467
425
467
439
453
397
439
411
439
453
439
397
425
425
397
425
425
411
495
439
467
453
481
439
481
411
439
383
383
439
467
425
441
425
439
425
455
425
427
425
481
383
481
425
467
425
439
453
430
439
439
467
425
441
425
439
397
453
371
397
467
439
397
439
509
397
427
439
425
383
469
411
413
425
453
397
425
413
425
497
425
413
453
439
439
453
383
467
425
453
397
526
467
467
355
425
453
411
439
397
439
467
481
455
467
495
439
411
397
481
383
397
397
383
413
425
439
425
397
411
369
425
413
383
467
469
411
425
425
397
495
413
467
411
439
467
439
425
439
425
481
383
439
453
467
439
425
439
397
397
467
425
411
439
425
411
397
481
481
439
467
425
411
397
411
469
411
467
397
425
383
453
383
411
453
481
481
427
383
453
467
425
495
439
425
453
453
439
399
425
439
425
425
439
469
397
428
411
467
411
425
481
453
425
453
427
411
483
453
453
411
425
497
453
453
455
369
481
427
369
427
453
427
455
425
399
425
481
441
483
467
467
439
383
467
411
455
439
425
397
481
469
411
411
453
411
425
411
411
481
383
439
467
467
495
509
425
411
411
411
453
425
453
413
439
485
385
425
453
411
467
453
397
383
425
499
453
496
425
369
411
427
453
453
439
441
495
453
372
397
425
397
453
439
411
457
411
397
467
481
383
457
495
439
495
411
411
425
397
467
411
383
453
467
439
467
441
386
411
439
411
425
425
439
467
411
425
425
425
411
467
425
413
397
453
411
467
425
383
439
425
439
411
425
469
439
481
369
425
425
427
411
369
469
425
411
427
397
453
467
369
425
427
453
453
411
397
411
453
469
481
439
425
495
439
411
467
453
453
425
481
453
481
425
427
383
427
369
439
383
411
397
383
411
453
383
453
453
383
425
453
467
428
467
453
425
383
455
411
467
481
439
509
495
425
439
439
425
425
411
439
425
453
498
397
453
453
411
369
467
481
439
425
483
439
483
453
383
413
425
413
425
383
453
453
397
411
439
481
425
411
495
425
425
397
425
439
425
495
397
453
425
411
453
453
481
427
439
453
411
383
467
397
397
453
453
483
411
411
495
411
425
425
439
453
411
469
425
383
411
453
481
453
481
399
411
397
495
537
523
383
439
411
411
467
355
411
369
439
439
425
509
565
453
467
425
467
439
383
397
439
425
397
425
495
355
425
411
399
453
455
467
439
397
467
467
383
453
441
411
439
453
397
495
453
453
442
411
439
453
397
441
425
453
411
439
425
453
469
383
425
453
411
400
441
411
453
467
397
469
439
425
425
453
453
439
427
425
455
512
439
458
411
385
425
439
411
383
397
425
397
387
439
439
425
425
481
411
411
439
467
411
481
453
397
397
425
441
411
439
467
453
443
397
467
495
467
467
371
411
411
425
439
425
397
411
411
439
411
467
467
441
453
467
441
495
411
439
397
397
453
411
467
453
411
439
453
397
509
439
411
453
411
411
495
425
369
495
413
453
369
453
425
481
453
441
481
411
453
411
455
453
383
439
439
425
439
425
467
397
481
441
425
397
439
481
453
441
411
397
425
439
439
411
453
467
481
481
467
411
425
397
453
383
411
467
397
411
453
411
397
467
439
397
453
439
397
159
187
209
185
196
201
193
195
248
194
214
250
183
223
266
190
159
211
125
195
300
211
173
200
229
192
136
194
233
219
209
283
207
219
199
104
227
280
181
182
128
225
206
227
183
288
220
224
225
300
210
321
221
145
142
211
292
201
107
287
241
131
88
182
240
179
123
233
174
199
341
157
263
257
225
176
183
213
176
309
144
216
199
228
194
209
203
211
180
219
229
230
235
194
223
316
233
132
229
197
161
203
234
225
240
196
139
251
190
205
173
183
126
264
233
179
276
219
124
156
189
189
164
190
216
207
239
214
194
160
250
228
168
280
216
152
151
175
280
256
238
187
187
121
215
217
146
149
129
232
213
171
157
121
205
192
256
160
183
136
176
124
184
194
100
252
194
214
143
260
181
256
219
158
245
188
247
164
167
206
217
201
260
144
202
273
266
141
196
152
119
195
262
245
130
270
191
226
310
218
214
251
187
196
164
149
158
321
211
243
251
114
146
244
247
203
268
207
151
246
199
256
201
269
160
221
171
167
162
219
241
180
210
131
147
247
234
250
253
250
205
276
239
227
228
204
198
149
203
165
109
254
215
171
124
184
214
136
192
192
170
162
207
241
281
184
265
192
107
236
246
175
228
220
213
161
147
229
198
254
269
175
243
186
203
193
105
241
232
253
302
300
209
203
193
170
237
215
223
195
238
187
243
198
142
158
289
274
257
123
258
242
205
242
150
183
255
159
144
321
187
216
187
131
176
306
215
221
196
167
236
140
148
280
185
166
172
173
222
198
191
198
174
153
174
271
239
247
180
171
174
280
218
246
272
252
177
224
130
157
126
194
174
224
205
156
192
237
208
265
176
152
192
170
169
190
253
194
252
153
209
252
216
171
249
248
146
163
220
238
227
217
227
219
174
169
229
174
126
181
232
183
170
204
172
234
151
237
209
167
180
178
175
234
225
171
242
245
154
260
152
149
165
176
247
173
217
155
178
131
240
223
201
202
239
173
172
119
161
178
198
196
203
269
270
193
271
216
128
130
167
174
230
198
213
199
223
170
192
161
257
271
185
238
211
208
248
168
159
198
220
259
192
170
143
209
196
250
187
203
211
212
224
140
159
209
134
286
180
126
243
125
236
156
205
256
125
176
224
142
193
204
216
276
137
207
111
151
222
161
225
236
164
198
214
211
196
265
173
169
255
179
155
179
255
167
206
134
182
288
183
267
290
174
167
219
223
177
180
124
173
299
187
208
206
165
234
286
236
144
239
160
215
193
164
150
194
187
141
156
143
221
227
273
167
274
187
219
177
185
142
197
161
255
150
158
225
243
209
136
141
111
211
283
162
199
218
122
148
253
270
219
145
179
227
258
175
275
229
221
167
237
193
222
210
156
266
234
162
180
308
223
135
234
277
159
237
310
145
218
162
209
198
254
194
279
174
220
223
192
234
152
299
263
191
225
126
203
179
104
181
228
202
159
162
268
226
129
155
158
141
179
169
209
212
175
199
267
138
216
135
185
201
247
158
166
193
153
162
185
148
173
230
210
220
303
228
190
156
193
260
184
192
213
263
176
131
176
158
166
216
224
179
195
221
205
176
159
191
193
157
138
213
176
245
199
184
188
210
207
194
269
182
202
205
201
161
305
255
229
159
193
205
244
179
189
264
173
192
217
252
245
208
131
177
192
214
148
195
230
244
236
275
241
275
152
200
178
208
189
243
211
162
133
160
253
176
314
198
258
219
173
130
243
157
121
158
175
115
243
281
146
149
249
185
214
224
282
229
270
142
180
196
181
238
167
169
142
239
228
255
159
195
205
195
194
262
156
226
220
170
189
175
145
183
200
258
141
269
238
136
167
197
179
197
220
213
224
157
244
165
185
208
164
236
126
181
93
173
109
141
209
198
193
191
221
250
281
170
173
194
195
191
177
249
144
277
237
227
144
282
260
178
274
109
226
137
186
201
188
243
157
152
211
238
204
259
165
217
168
202
159
198
202
197
161
154
189
189
144
208
153
159
191
252
222
171
178
194
232
205
205
205
275
174
232
203
329
256
199
230
220
199
209
235
315
171
151
233
218
257
155
173
175
140
213
266
283
195
170
173
239
176
142
168
159
181
148
296
185
239
219
219
253
176
259
213
176
194
220
315
320
172
229
251
169
183
182
286
234
180
275
194
109
282
205
235
239
217
272
219
159
149
180
235
201
316
176
119
207
143
206
173
138
191
200
143
205
159
282
195
198
222
119
180
238
154
245
137
177
259
229
115
210
217
177
298
217
283
163
50
78
63
92
110
84
104
72
108
71
114
90
90
66
123
90
98
84
69
110
90
69
63
78
69
54
87
104
111
103
92
122
69
99
96
91
102
66
80
93
63
99
95
83
76
108
87
93
98
72
65
111
93
95
77
80
57
81
54
81
99
68
50
56
96
54
42
78
106
81
100
60
90
78
81
50
91
90
107
75
83
78
86
99
102
87
75
62
68
75
76
84
90
92
81
74
81
45
66
80
74
65
78
84
108
67
60
97
63
69
63
86
75
79
89
69
89
70
74
70
90
95
86
87
84
72
63
117
72
69
100
81
58
114
101
75
78
86
84
87
89
69
85
73
75
63
75
83
61
60
73
86
95
41
69
72
75
41
84
78
87
71
75
51
50
88
73
96
70
67
87
108
100
81
69
47
66
66
59
57
74
87
84
81
90
93
117
92
89
63
91
113
87
97
74
97
54
84
113
72
66
110
90
86
119
83
77
86
84
74
68
80
75
102
86
93
93
110
103
92
87
96
61
93
107
74
116
62
71
54
51
84
113
65
89
116
96
78
96
75
107
81
90
91
92
95
72
66
63
92
50
108
66
75
57
69
93
83
108
96
70
87
93
114
89
63
81
96
69
66
105
60
96
61
44
58
96
93
87
98
69
90
101
51
68
85
40
73
107
108
110
90
81
96
54
92
93
56
87
63
81
92
84
84
85
99
91
93
119
42
123
121
85
72
74
88
67
97
65
87
75
72
78
80
83
99
75
96
89
96
67
93
66
87
44
45
94
66
107
84
72
79
82
86
79
78
68
69
93
85
90
120
66
78
99
94
90
90
65
88
93
94
99
81
66
101
90
66
77
84
99
69
85
57
98
54
78
84
78
60
98
71
63
75
93
70
72
56
90
119
92
88
72
77
82
87
90
50
57
107
74
87
76
80
57
84
55
120
65
84
70
57
99
99
90
108
108
87
74
105
48
78
53
87
84
107
77
99
66
76
85
84
57
68
93
74
74
66
81
69
96
111
77
116
105
106
63
81
36
74
87
69
95
66
93
93
100
74
63
84
102
105
88
66
69
99
95
75
66
81
76
78
96
78
72
132
100
99
75
99
98
78
57
60
72
94
83
73
95
41
69
57
75
68
80
96
62
60
118
68
56
113
85
72
64
71
78
77
99
84
93
78
80
53
74
84
120
72
80
84
120
90
68
92
114
69
78
57
65
90
83
78
87
79
78
54
108
69
48
56
90
72
72
84
89
83
83
108
108
66
78
78
102
69
96
59
103
113
75
66
59
75
93
81
86
90
105
123
65
66
86
97
57
69
92
69
113
99
101
78
72
59
93
117
82
92
84
56
81
48
87
84
98
84
93
102
87
99
93
83
72
44
50
106
104
64
95
114
76
84
95
84
79
96
80
82
74
99
115
68
64
66
65
102
65
115
80
69
111
92
71
66
126
75
75
93
62
93
75
53
105
72
80
85
89
78
89
91
69
51
81
84
57
72
75
100
117
69
83
108
64
84
101
71
66
84
65
59
95
89
74
84
74
117
96
90
66
87
79
111
99
77
77
52
108
99
65
95
83
79
122
78
72
80
92
77
83
62
60
84
75
52
75
87
84
89
84
77
89
100
81
102
83
77
91
93
48
107
88
93
83
75
114
78
97
74
96
57
63
69
66
96
90
47
65
78
107
86
95
90
108
102
90
87
90
69
97
83
89
87
99
72
93
105
83
112
60
87
63
102
75
90
64
84
69
60
98
96
62
45
108
57
75
102
90
87
69
107
96
69
64
78
108
93
114
65
90
62
77
105
69
61
77
66
87
84
117
80
92
99
72
98
55
72
87
93
75
69
100
75
91
57
105
65
75
103
88
63
78
86
61
95
81
59
75
62
101
44
119
60
53
84
75
63
65
96
100
114
84
95
68
65
72
78
69
54
81
107
75
82
99
120
84
87
51
125
69
88
64
96
90
100
78
72
78
60
93
89
93
81
75
69
75
77
71
68
73
87
71
56
102
72
55
90
113
107
95
95
107
78
77
81
75
81
101
109
100
90
93
78
100
74
92
93
95
108
93
84
72
67
111
80
79
75
69
78
111
93
99
67
63
112
89
81
74
63
106
56
93
48
99
99
69
77
76
66
88
88
79
105
90
110
64
69
117
113
83
84
93
74
60
96
93
96
89
70
57
105
90
84
90
66
80
83
105
106
69
95
45
105
83
90
108
86
84
78
81
107
84
64
81
84
78
53
81
90
77
90
86
111
82
106
59
87
101
54
63
104
93
69
411
439
411
427
425
453
425
411
383
369
425
439
411
481
467
427
397
481
439
411
397
425
439
467
439
425
411
453
467
453
453
411
411
467
425
439
439
467
411
439
481
427
439
425
383
439
425
467
467
397
481
411
453
397
453
413
453
467
439
481
397
469
425
411
425
439
425
397
453
427
439
453
383
467
369
439
469
439
453
439
481
481
467
495
453
467
453
411
455
427
453
397
481
425
439
411
425
439
481
453
483
439
428
411
397
455
467
467
411
453
397
453
467
467
425
441
481
439
411
439
453
439
383
481
453
411
439
439
481
428
439
411
439
411
427
453
455
457
425
453
411
467
467
411
425
411
411
411
439
455
427
564
439
455
411
439
439
483
425
425
453
481
439
439
453
397
453
425
383
411
425
369
411
467
453
439
411
439
481
425
439
481
411
467
425
355
427
439
453
481
383
383
397
425
453
467
439
453
467
425
453
425
425
467
455
441
455
481
397
439
453
439
425
481
453
455
439
383
425
467
481
439
455
413
401
439
439
467
453
383
425
439
467
425
453
411
499
397
439
467
483
397
411
439
453
383
425
341
453
439
397
439
439
439
453
467
441
481
397
439
439
425
357
397
383
411
439
439
383
439
411
397
425
439
386
439
495
481
439
415
397
439
411
467
425
467
439
453
397
439
411
439
453
439
397
425
425
397
425
425
411
495
439
467
453
481
439
481
411
439
383
383
439
467
425
441
425
439
425
455
425
427
425
481
383
481
425
467
425
439
469
430
439
439
467
425
425
425
439
397
453
371
397
467
439
397
439
439
397
427
439
425
383
469
411
413
425
453
397
425
413
425
497
425
413
453
439
439
453
383
467
425
453
397
527
467
467
355
425
453
411
439
397
439
467
481
455
467
495
439
411
397
481
383
397
397
383
413
425
439
425
397
411
369
425
413
383
467
469
411
425
425
397
495
413
467
411
439
467
439
425
439
425
481
383
439
453
467
439
425
439
397
397
467
425
411
439
425
411
397
481
481
439
467
425
411
397
411
469
411
467
397
425
383
453
383
411
453
455
481
427
383
453
467
425
495
439
425
453
453
439
399
425
439
425
425
439
469
397
428
411
467
411
425
481
453
425
453
427
411
483
453
453
411
425
497
453
455
455
369
481
427
369
427
453
427
455
413
399
425
481
441
483
467
467
439
383
467
411
455
439
425
397
481
469
411
411
453
411
425
411
411
481
383
439
467
467
495
509
425
411
411
411
453
425
453
413
439
485
385
425
453
411
467
453
397
383
425
499
453
496
425
369
411
427
453
453
439
441
495
453
372
397
425
397
453
439
411
457
411
397
467
481
383
457
495
439
495
411
411
425
397
467
411
383
453
467
439
467
441
386
411
439
411
425
425
439
467
411
425
425
425
411
467
425
413
397
453
411
467
425
383
439
425
439
411
425
469
439
481
369
425
425
427
411
369
469
425
411
427
397
453
467
369
425
427
453
453
411
397
411
453
469
481
439
425
495
439
411
467
453
453
425
481
453
481
425
427
383
427
369
439
383
411
397
383
411
453
383
453
453
383
425
453
467
428
467
453
425
383
455
411
467
481
439
509
495
425
439
439
425
439
411
439
425
453
498
397
453
453
411
369
467
481
439
425
483
439
483
453
383
413
425
413
425
383
453
453
397
411
439
481
425
411
495
425
425
397
425
439
425
495
397
453
425
411
453
453
481
427
439
453
411
383
467
397
397
453
453
483
411
411
495
411
425
425
439
453
411
469
425
383
411
453
481
453
481
399
411
397
495
537
523
383
439
411
411
467
355
411
369
439
439
425
509
539
453
467
425
467
439
383
397
439
425
397
425
495
355
425
411
399
453
455
467
439
397
467
467
383
453
441
411
439
453
397
495
453
453
442
411
439
453
397
441
425
453
411
439
425
453
469
383
425
453
411
400
441
411
453
467
397
469
439
425
425
453
453
439
427
425
455
515
439
458
411
385
425
441
411
383
397
425
397
387
439
439
425
425
481
411
411
439
467
411
481
411
397
397
425
441
411
439
467
453
443
397
467
495
467
467
371
411
411
425
439
425
397
411
411
439
411
467
467
441
453
467
441
495
411
439
397
397
453
411
467
453
411
439
453
397
509
439
411
453
411
397
495
425
369
495
413
453
369
453
425
467
453
441
481
411
453
411
455
453
383
439
439
425
439
425
467
397
481
441
425
397
439
481
453
441
411
397
425
439
439
411
453
467
481
481
467
411
425
397
453
383
411
467
397
411
453
411
397
467
439
397
453
439
397
