229
159
282
221
239
197
296
217
260
237
273
248
188
228
206
242
177
170
275
314
219
216
242
225
156
167
260
300
183
198
179
187
288
212
193
181
317
237
248
158
191
261
183
208
212
253
263
177
192
218
200
185
337
231
204
176
204
205
161
221
164
264
277
219
171
178
222
168
220
208
196
247
229
182
142
281
280
284
142
187
215
293
182
195
226
227
183
207
176
269
274
341
286
195
214
157
248
144
226
218
213
294
202
163
252
189
246
255
239
220
208
256
186
284
274
206
256
204
330
213
242
197
278
230
126
196
224
275
264
225
268
223
273
257
292
194
160
266
187
205
209
235
200
130
241
232
148
237
159
151
225
277
225
262
216
185
244
209
231
268
272
222
239
179
210
194
269
169
197
301
180
258
231
294
213
286
291
209
242
252
237
258
211
336
213
264
221
259
216
210
297
277
210
277
244
229
213
156
243
178
226
221
222
205
334
211
258
217
170
180
181
231
140
232
198
229
256
232
257
204
198
142
223
180
281
155
187
228
179
123
166
263
184
252
117
182
212
202
170
178
163
169
148
199
259
188
277
248
232
300
215
280
204
210
154
111
175
324
137
168
204
211
127
140
185
251
221
212
187
204
291
252
266
209
222
217
211
275
303
174
257
141
177
192
310
193
179
148
226
218
218
165
155
139
247
375
181
244
214
252
204
236
253
290
308
333
240
193
231
162
190
244
194
336
230
240
214
143
268
207
200
246
243
204
189
208
211
238
246
219
200
268
147
246
246
233
269
202
182
188
140
217
247
226
164
168
143
249
185
223
294
310
269
271
176
266
235
207
256
250
171
186
260
177
210
197
230
172
261
182
218
225
308
311
271
207
216
374
232
238
167
225
114
245
221
171
173
295
177
183
235
212
310
302
241
168
197
223
220
245
176
249
213
296
235
157
299
208
209
246
201
210
213
252
230
238
234
244
203
252
204
192
245
196
165
129
164
273
257
253
208
281
151
164
228
170
197
225
158
244
241
217
273
231
209
250
189
239
179
284
189
234
144
281
246
211
273
179
209
207
212
222
235
195
217
316
237
251
261
138
217
198
150
274
255
292
157
272
157
218
181
212
167
318
222
152
239
259
237
229
231
234
236
285
207
241
142
240
186
281
255
138
257
305
226
188
232
279
165
257
219
220
202
271
175
181
226
177
188
219
186
227
251
305
296
179
222
273
227
164
161
271
221
192
180
169
188
233
207
207
237
218
250
246
263
268
273
194
221
308
314
256
226
224
187
202
225
161
231
228
265
204
215
236
211
205
247
283
184
214
237
216
184
300
203
298
239
245
217
214
173
208
237
187
172
215
202
147
168
204
156
183
304
251
235
229
203
226
184
185
211
300
235
219
307
236
226
231
298
247
246
222
224
256
173
150
230
187
254
188
245
280
201
282
183
266
262
191
134
120
295
255
112
245
242
230
303
125
159
189
226
210
157
188
184
220
228
212
222
220
204
241
249
220
233
221
189
271
166
133
198
172
134
202
208
208
212
177
166
251
306
183
236
133
211
207
204
212
298
299
207
180
168
207
211
207
238
171
203
283
290
176
238
252
208
177
167
148
286
154
260
189
176
194
201
206
200
184
210
220
264
219
201
204
210
195
217
178
219
251
253
233
198
183
210
195
168
297
254
208
282
202
192
211
190
264
282
220
284
229
203
227
247
229
251
211
215
219
255
196
245
181
181
229
180
149
188
261
184
210
211
252
256
221
254
169
220
201
221
228
186
127
211
195
186
195
206
233
197
273
195
224
248
285
230
156
278
208
284
266
215
210
252
249
228
223
232
223
146
208
220
176
225
181
237
189
200
201
320
121
181
211
249
256
192
286
259
232
312
189
166
129
161
254
236
171
212
313
184
242
208
169
232
244
271
192
216
279
200
197
201
340
277
283
208
232
204
177
241
272
179
252
139
203
277
244
166
204
222
268
239
290
235
275
233
198
180
224
188
171
334
175
218
246
175
186
253
197
213
179
265
276
272
218
286
203
236
240
226
237
141
244
266
218
173
166
149
182
149
241
243
184
237
233
254
224
220
226
197
220
239
270
207
244
220
220
239
209
223
254
225
171
255
258
232
175
266
211
248
170
263
229
251
216
178
136
241
222
243
190
229
216
190
162
150
223
208
308
133
250
272
224
391
180
287
217
224
257
243
246
235
257
223
290
223
142
254
223
169
198
198
214
168
248
182
154
177
227
224
318
271
183
203
184
241
208
197
200
213
192
317
314
198
234
201
285
190
221
143
155
79
70
90
75
93
88
68
94
93
62
96
84
89
83
106
86
53
61
71
95
94
68
81
85
80
85
86
82
70
98
55
69
93
93
92
116
111
68
99
56
91
98
59
77
64
92
72
78
62
81
95
77
101
117
84
66
89
64
96
93
79
81
96
98
52
100
84
74
56
97
89
92
85
75
83
56
97
62
80
71
81
102
74
87
96
83
101
77
67
86
120
93
99
99
66
66
115
73
98
94
86
119
108
93
112
68
80
54
74
90
80
77
83
119
72
68
108
77
80
86
76
89
68
117
75
92
65
86
102
83
90
102
84
71
93
93
77
75
101
95
101
67
95
60
96
92
91
65
67
57
86
95
80
80
89
83
103
62
86
102
68
66
70
65
119
67
102
82
83
99
82
87
97
108
81
118
95
83
71
108
101
120
84
108
87
134
89
92
96
83
72
93
77
104
80
56
82
65
90
99
92
61
99
90
86
90
82
107
56
97
68
49
82
95
116
83
96
98
68
59
105
73
75
62
104
56
59
77
93
45
87
92
95
89
75
95
56
65
73
86
79
71
70
93
74
85
71
86
86
75
74
111
82
107
58
47
64
105
55
60
104
76
71
67
95
86
100
68
93
74
77
105
101
100
95
50
64
85
61
49
88
44
89
76
120
83
84
61
86
73
95
60
52
67
65
98
95
99
102
95
103
101
88
64
87
89
95
55
80
50
74
83
108
104
107
62
83
63
86
84
86
71
83
99
104
88
77
101
105
56
79
115
77
98
87
84
89
79
92
80
81
68
77
101
86
74
73
124
65
92
99
101
83
70
87
92
107
59
74
99
77
66
98
81
103
59
77
78
83
81
86
106
95
130
123
85
74
108
62
80
71
56
46
69
91
64
90
100
65
75
116
86
83
102
89
112
102
56
101
74
99
83
104
105
95
52
101
83
65
80
106
75
80
80
84
117
85
92
60
123
68
53
68
91
62
55
53
97
100
83
110
122
64
66
50
73
56
85
81
96
99
62
98
74
120
83
83
95
102
99
92
94
86
50
113
62
64
69
84
81
74
120
76
111
69
93
33
98
98
69
89
78
99
98
64
86
97
84
69
78
65
80
68
104
65
94
96
78
102
72
87
77
107
65
82
98
69
114
62
61
81
59
112
84
89
87
105
93
114
95
95
88
69
86
106
85
113
86
95
101
66
73
75
105
93
100
92
65
110
67
70
114
71
103
80
90
117
98
73
96
90
107
92
53
108
93
102
92
86
113
76
76
98
59
71
72
71
58
83
113
95
68
83
106
68
96
81
96
101
98
71
103
83
96
84
83
106
50
116
67
56
113
94
82
62
77
105
58
85
101
74
73
110
116
114
105
79
86
70
63
93
81
95
98
71
74
90
95
105
80
95
98
95
93
102
71
67
69
127
67
92
93
83
104
65
74
131
70
61
88
104
74
47
83
83
86
107
54
71
67
96
98
71
111
66
68
81
98
61
72
68
120
104
58
59
73
85
90
65
70
68
76
74
88
85
103
105
64
82
57
105
87
111
79
67
74
105
48
75
118
100
64
60
86
92
63
108
73
54
83
75
99
76
97
82
72
87
52
78
65
108
87
92
83
98
74
118
108
79
95
93
71
55
66
108
81
94
81
94
98
63
93
56
68
68
109
65
105
80
111
76
88
68
114
86
64
95
85
95
64
91
101
104
102
110
65
57
84
95
66
111
74
87
103
91
54
75
74
76
89
83
70
105
91
85
74
86
77
68
83
83
72
79
69
73
53
68
91
104
77
107
84
82
110
68
67
98
91
111
98
71
113
75
103
97
97
88
114
65
50
60
77
92
86
86
98
136
117
92
71
70
59
103
83
85
90
103
96
101
117
73
44
82
74
87
69
90
113
99
100
77
81
74
96
95
69
88
83
84
84
72
109
93
71
93
90
64
90
110
56
105
103
81
89
79
98
77
65
88
83
98
95
96
101
87
82
95
114
96
71
89
92
77
95
75
38
101
77
107
79
99
93
76
80
91
89
75
117
98
77
47
106
66
79
103
34
42
68
67
91
93
86
118
105
97
89
99
116
82
83
80
94
57
85
113
81
71
50
74
95
68
81
84
102
92
82
117
80
89
77
74
113
93
95
43
64
120
72
94
80
87
116
69
106
68
79
94
100
59
101
65
71
123
62
87
96
72
104
111
114
71
95
79
59
103
95
75
59
92
83
99
103
85
97
116
73
92
109
98
100
79
116
86
115
73
52
68
89
86
83
90
88
104
81
76
83
94
80
67
68
515
499
547
483
499
499
467
435
547
483
499
563
499
551
547
547
499
531
483
531
499
547
483
515
563
565
501
515
483
581
499
531
435
499
483
515
451
499
531
547
515
470
467
533
515
499
435
547
515
517
547
517
499
483
549
566
483
515
563
531
499
533
501
551
467
499
499
547
483
515
467
451
599
499
531
483
579
469
467
517
531
451
501
467
451
501
549
451
531
536
499
563
485
467
515
515
483
483
451
547
531
470
419
451
467
483
499
549
547
483
483
499
579
467
467
483
483
467
547
485
469
547
515
980
515
483
515
499
483
501
467
547
563
531
483
499
579
515
451
451
483
533
547
499
467
499
547
515
515
531
531
467
499
483
531
515
501
501
467
419
467
440
515
597
499
517
515
499
579
515
515
579
515
531
483
501
579
563
515
515
483
483
483
483
531
547
515
467
499
531
499
483
501
547
515
531
499
515
499
563
549
499
531
531
483
515
499
533
515
483
515
531
499
483
547
563
515
483
663
579
531
506
515
483
547
451
515
451
470
515
531
485
547
499
467
531
499
515
499
563
499
451
533
469
483
467
485
483
499
467
499
467
579
641
533
451
531
499
644
499
515
467
517
547
483
581
531
499
531
563
451
483
499
515
483
547
515
453
467
483
515
483
547
499
547
549
499
517
483
467
486
547
483
515
499
483
499
515
472
499
483
467
515
499
467
483
531
549
499
531
483
403
467
549
467
467
547
531
531
531
467
549
499
531
563
499
595
499
483
483
533
435
531
435
515
517
531
515
515
531
499
531
515
483
499
579
547
499
499
515
563
531
515
563
483
499
531
499
483
483
467
499
547
483
515
515
483
467
435
531
531
483
547
499
499
499
531
451
499
483
483
499
563
499
531
515
485
483
515
483
531
451
515
499
515
499
486
467
531
549
467
483
483
547
485
499
499
515
517
515
535
467
451
517
547
499
547
547
499
515
568
483
579
483
437
547
499
563
515
483
483
435
499
499
499
483
483
419
531
438
579
499
515
499
499
547
581
595
515
499
563
483
515
483
483
467
485
499
547
499
499
483
515
499
499
549
531
483
531
531
547
483
547
467
501
483
515
467
531
574
531
531
499
517
486
467
531
499
499
467
467
547
483
501
515
499
533
485
515
547
501
520
483
501
485
483
483
515
515
470
547
499
547
499
515
485
515
499
547
547
563
595
531
515
467
515
419
549
547
531
499
499
499
547
547
499
531
515
549
483
547
515
483
515
547
483
563
551
515
483
533
531
563
547
515
547
467
531
531
483
483
531
579
547
499
547
501
467
517
515
499
483
531
499
563
547
515
533
499
467
515
483
547
499
547
467
547
600
501
483
483
515
547
451
515
467
515
499
467
515
499
483
515
563
499
563
549
547
565
515
515
549
499
467
547
533
547
467
515
499
515
467
515
467
483
531
499
547
499
515
435
515
483
550
483
499
483
547
579
531
515
547
531
501
467
499
467
499
531
515
467
515
531
531
547
547
533
515
517
533
467
563
531
515
515
467
467
483
451
483
483
467
531
595
517
501
499
501
483
499
515
547
451
547
483
531
579
515
515
531
499
611
483
470
579
533
563
499
483
563
467
517
547
547
547
470
499
501
547
499
515
547
515
547
483
517
515
499
483
515
531
451
435
517
499
451
515
531
483
467
499
483
501
515
467
531
547
501
483
467
499
483
531
515
499
531
547
483
515
499
499
483
483
515
483
597
499
483
517
515
515
533
515
499
549
467
467
515
515
533
499
483
547
515
499
467
483
501
563
499
483
499
563
515
565
602
531
563
451
451
467
547
483
483
563
451
483
515
483
531
515
483
499
451
499
515
563
531
515
483
483
515
501
563
467
515
595
563
515
467
483
567
467
435
483
515
499
563
467
469
499
499
515
533
499
531
531
531
483
483
483
483
563
467
435
451
515
547
499
563
451
419
533
547
501
563
485
515
531
515
483
483
467
451
499
549
467
517
501
515
563
499
453
451
515
499
435
435
483
515
517
563
517
515
515
517
531
499
563
531
467
499
483
549
549
563
515
499
467
567
549
499
531
730
435
563
483
451
563
515
499
517
515
483
549
531
499
403
515
531
549
451
531
517
515
499
499
517
579
499
533
563
483
521
515
563
547
499
501
531
499
515
563
547
531
483
453
451
531
531
549
435
501
467
499
531
549
515
531
483
549
531
515
533
565
531
595
483
483
531
547
435
515
435
499
499
483
499
467
515
515
467
501
515
547
515
515
531
435
515
515
483
515
467
579
547
547
499
499
499
229
159
282
221
239
197
296
217
260
237
273
248
188
228
206
242
177
170
275
314
219
216
242
225
156
167
260
300
183
198
179
187
288
212
193
181
317
237
248
158
191
261
183
208
212
253
263
177
192
218
200
185
337
231
204
176
204
205
161
221
164
264
277
219
171
178
222
168
220
208
196
247
229
182
142
281
280
284
142
187
215
293
182
195
226
227
183
207
176
269
274
341
286
195
214
157
248
144
226
218
213
294
202
163
252
189
246
255
239
220
208
256
186
284
274
206
256
204
330
213
242
197
278
230
126
196
224
275
264
225
268
223
273
257
292
194
160
266
187
205
209
235
200
130
241
232
148
237
159
151
225
277
225
262
216
185
244
209
231
268
272
222
239
179
210
194
269
169
197
301
180
258
231
294
213
286
291
209
242
252
237
258
211
336
213
264
221
259
216
210
297
277
210
277
244
229
213
156
243
178
226
221
222
205
334
211
258
217
170
180
181
231
140
232
198
229
256
232
257
204
198
142
223
180
281
155
187
228
179
123
166
263
184
252
117
182
212
202
170
178
163
169
148
199
259
188
277
248
232
300
215
280
204
210
154
111
175
324
137
168
204
211
127
140
185
251
221
212
187
204
291
252
266
209
222
217
211
275
303
174
257
141
177
192
310
193
179
148
226
218
218
165
155
139
247
375
181
244
214
252
204
236
253
290
308
333
240
193
231
162
190
244
194
336
230
240
214
143
268
207
200
246
243
204
189
208
211
238
246
219
200
268
147
246
246
233
269
202
182
188
140
217
247
226
164
168
143
249
185
223
294
310
269
271
176
266
235
207
256
250
171
186
260
177
210
197
230
172
261
182
218
225
308
311
271
207
216
374
232
238
167
225
114
245
221
171
173
295
177
183
235
212
310
302
241
168
197
223
220
245
176
249
213
296
235
157
299
208
209
246
201
210
213
252
230
238
234
244
203
252
204
192
245
196
165
129
164
273
257
253
208
281
151
164
228
170
197
225
158
244
241
217
273
231
209
250
189
239
179
284
189
234
144
281
246
211
273
179
209
207
212
222
235
195
217
316
237
251
261
138
217
198
150
274
255
292
157
272
157
218
181
212
167
318
222
152
239
259
237
229
231
234
236
285
207
241
142
240
186
281
255
138
257
305
226
188
232
279
165
257
219
220
202
271
175
181
226
177
188
219
186
227
251
305
296
179
222
273
227
164
161
271
221
192
180
169
188
233
207
207
237
218
250
246
263
268
273
194
221
308
314
256
226
224
187
202
225
161
231
228
265
204
215
236
211
205
247
283
184
214
237
216
184
300
203
298
239
245
217
214
173
208
237
187
172
215
202
147
168
204
156
183
304
251
235
229
203
226
184
185
211
300
235
219
307
236
226
231
298
247
246
222
224
256
173
150
230
187
254
188
245
280
201
282
183
266
262
191
134
120
295
255
112
245
242
230
303
125
159
189
226
210
157
188
184
220
228
212
222
220
204
241
249
220
233
221
189
271
166
133
198
172
134
202
208
208
212
177
166
251
306
183
236
133
211
207
204
212
298
299
207
180
168
207
211
207
238
171
203
283
290
176
238
252
208
177
167
148
286
154
260
189
176
194
201
206
200
184
210
220
264
219
201
204
210
195
217
178
219
251
253
233
198
183
210
195
168
297
254
208
282
202
192
211
190
264
282
220
284
229
203
227
247
229
251
211
215
219
255
196
245
181
181
229
180
149
188
261
184
210
211
252
256
221
254
169
220
201
221
228
186
127
211
195
186
195
206
233
197
273
195
224
248
285
230
156
278
208
284
266
215
210
252
249
228
223
232
223
146
208
220
176
225
181
237
189
200
201
320
121
181
211
249
256
192
286
259
232
312
189
166
129
161
254
236
171
212
313
184
242
208
169
232
244
271
192
216
279
200
197
201
340
277
283
208
232
204
177
241
272
179
252
139
203
277
244
166
204
222
268
239
290
235
275
233
198
180
224
188
171
334
175
218
246
175
186
253
197
213
179
265
276
272
218
286
203
236
240
226
237
141
244
266
218
173
166
149
182
149
241
243
184
237
233
254
224
220
226
197
220
239
270
207
244
220
220
239
209
223
254
225
171
255
258
232
175
266
211
248
170
263
229
251
216
178
136
241
222
243
190
229
216
190
162
150
223
208
308
133
250
272
224
391
180
287
217
224
257
243
246
235
257
223
290
223
142
254
223
169
198
198
214
168
248
182
154
177
227
224
318
271
183
203
184
241
208
197
200
213
192
317
314
198
234
201
285
190
221
143
155
79
70
90
75
93
88
68
94
93
62
96
84
89
83
106
86
53
61
71
95
94
68
81
85
80
85
86
82
70
98
55
69
93
93
92
116
111
68
99
56
91
98
59
77
64
92
72
78
62
81
95
77
101
117
84
66
89
64
96
93
79
81
96
98
52
100
84
74
56
97
89
92
85
75
83
56
97
62
80
71
81
102
74
87
96
83
101
77
67
86
120
93
99
99
66
66
115
73
98
94
86
119
108
93
112
68
80
54
74
90
80
77
83
119
72
68
108
77
80
86
76
89
68
117
75
92
65
86
102
83
90
102
84
71
93
93
77
75
101
95
101
67
95
60
96
92
91
65
67
57
86
95
80
80
89
83
103
62
86
102
68
66
70
65
119
67
102
82
83
99
82
87
97
108
81
118
95
83
71
108
101
120
84
108
87
134
89
92
96
83
72
93
77
104
80
56
82
65
90
99
92
61
99
90
86
90
82
107
56
97
68
49
82
95
116
83
96
98
68
59
105
73
75
62
104
56
59
77
93
45
87
92
95
89
75
95
56
65
73
86
79
71
70
93
74
85
71
86
86
75
74
111
82
107
58
47
64
105
55
60
104
76
71
67
95
86
100
68
93
74
77
105
101
100
95
50
64
85
61
49
88
44
89
76
120
83
84
61
86
73
95
60
52
67
65
98
95
99
102
95
103
101
88
64
87
89
95
55
80
50
74
83
108
104
107
62
83
63
86
84
86
71
83
99
104
88
77
101
105
56
79
115
77
98
87
84
89
79
92
80
81
68
77
101
86
74
73
124
65
92
99
101
83
70
87
92
107
59
74
99
77
66
98
81
103
59
77
78
83
81
86
106
95
130
123
85
74
108
62
80
71
56
46
69
91
64
90
100
65
75
116
86
83
102
89
112
102
56
101
74
99
83
104
105
95
52
101
83
65
80
106
75
80
80
84
117
85
92
60
123
68
53
68
91
62
55
53
97
100
83
110
122
64
66
50
73
56
85
81
96
99
62
98
74
120
83
83
95
102
99
92
94
86
50
113
62
64
69
84
81
74
120
76
111
69
93
33
98
98
69
89
78
99
98
64
86
97
84
69
78
65
80
68
104
65
94
96
78
102
72
87
77
107
65
82
98
69
114
62
61
81
59
112
84
89
87
105
93
114
95
95
88
69
86
106
85
113
86
95
101
66
73
75
105
93
100
92
65
110
67
70
114
71
103
80
90
117
98
73
96
90
107
92
53
108
93
102
92
86
113
76
76
98
59
71
72
71
58
83
113
95
68
83
106
68
96
81
96
101
98
71
103
83
96
84
83
106
50
116
67
56
113
94
82
62
77
105
58
85
101
74
73
110
116
114
105
79
86
70
63
93
81
95
98
71
74
90
95
105
80
95
98
95
93
102
71
67
69
127
67
92
93
83
104
65
74
131
70
61
88
104
74
47
83
83
86
107
54
71
67
96
98
71
111
66
68
81
98
61
72
68
120
104
58
59
73
85
90
65
70
68
76
74
88
85
103
105
64
82
57
105
87
111
79
67
74
105
48
75
118
100
64
60
86
92
63
108
73
54
83
75
99
76
97
82
72
87
52
78
65
108
87
92
83
98
74
118
108
79
95
93
71
55
66
108
81
94
81
94
98
63
93
56
68
68
109
65
105
80
111
76
88
68
114
86
64
95
85
95
64
91
101
104
102
110
65
57
84
95
66
111
74
87
103
91
54
75
74
76
89
83
70
105
91
85
74
86
77
68
83
83
72
79
69
73
53
68
91
104
77
107
84
82
110
68
67
98
91
111
98
71
113
75
103
97
97
88
114
65
50
60
77
92
86
86
98
136
117
92
71
70
59
103
83
85
90
103
96
101
117
73
44
82
74
87
69
90
113
99
100
77
81
74
96
95
69
88
83
84
84
72
109
93
71
93
90
64
90
110
56
105
103
81
89
79
98
77
65
88
83
98
95
96
101
87
82
95
114
96
71
89
92
77
95
75
38
101
77
107
79
99
93
76
80
91
89
75
117
98
77
47
106
66
79
103
34
42
68
67
91
93
86
118
105
97
89
99
116
82
83
80
94
57
85
113
81
71
50
74
95
68
81
84
102
92
82
117
80
89
77
74
113
93
95
43
64
120
72
94
80
87
116
69
106
68
79
94
100
59
101
65
71
123
62
87
96
72
104
111
114
71
95
79
59
103
95
75
59
92
83
99
103
85
97
116
73
92
109
98
100
79
116
86
115
73
52
68
89
86
83
90
88
104
81
76
83
94
80
67
68
515
499
547
483
499
499
467
435
547
483
499
563
499
551
547
547
499
515
483
531
499
547
483
515
563
565
501
515
483
567
499
531
435
499
483
515
451
499
531
547
515
470
467
533
515
499
435
547
515
517
547
517
499
483
549
566
483
515
563
531
499
533
501
551
467
499
499
547
483
515
467
451
603
499
531
483
579
469
467
517
531
451
501
467
451
501
549
451
531
536
499
563
485
467
515
515
483
483
451
547
531
470
419
451
467
483
499
549
547
483
483
499
547
467
467
483
483
467
547
485
469
547
515
971
515
483
515
499
483
501
467
547
563
531
483
499
579
515
451
451
483
533
547
499
467
499
547
515
515
531
531
467
499
483
531
515
501
501
467
419
467
440
515
597
499
517
515
499
579
515
515
579
515
531
483
501
579
563
515
515
483
483
483
483
531
547
515
467
499
531
499
483
501
547
515
531
499
515
499
563
549
499
531
531
483
515
499
533
515
483
515
531
499
483
547
563
515
483
674
563
531
506
515
483
547
451
515
451
470
515
531
485
547
499
467
531
499
515
499
563
499
451
533
469
483
467
485
483
499
467
499
467
579
642
533
451
531
499
638
499
515
467
517
547
483
581
531
499
531
563
451
483
499
515
483
547
515
453
467
483
515
483
547
499
547
549
483
517
483
467
486
547
483
515
499
483
499
515
472
499
483
467
515
499
467
483
531
549
499
531
483
403
467
549
467
467
547
531
531
531
467
549
563
531
563
499
595
499
483
483
533
435
531
435
515
517
531
515
515
531
499
531
515
483
499
579
547
499
499
515
563
531
515
563
483
499
531
499
483
483
467
499
547
483
515
515
483
467
435
531
531
483
547
499
499
499
531
451
499
483
483
499
563
499
531
515
485
483
515
483
531
451
515
499
515
499
486
467
531
549
467
483
483
547
485
499
499
515
517
515
535
467
451
517
547
499
547
547
499
515
568
483
579
483
437
547
499
563
515
483
483
435
499
499
499
483
483
419
531
438
579
499
515
579
499
547
581
595
515
499
563
483
515
483
483
467
485
499
547
499
499
483
515
499
499
549
531
483
531
531
547
483
547
467
501
483
515
467
531
582
549
531
499
517
486
467
531
499
499
467
467
547
483
501
515
499
533
485
515
547
501
520
483
501
485
483
483
515
515
470
547
499
547
499
515
485
515
499
547
547
563
595
531
515
467
515
419
549
547
531
499
499
499
547
547
499
531
515
549
483
547
515
483
515
547
483
563
551
515
483
533
531
563
547
515
547
467
531
531
483
483
531
531
547
499
547
501
467
517
515
499
483
531
499
563
547
515
533
499
467
515
483
547
499
547
467
547
598
501
483
483
515
547
451
515
467
515
499
467
515
499
483
515
563
499
563
549
547
565
515
515
549
499
467
547
533
547
467
515
499
515
467
515
467
483
531
499
547
499
515
435
515
483
550
483
499
483
547
579
531
515
547
531
501
467
499
467
499
531
531
467
515
531
531
547
547
533
515
517
533
467
563
531
515
515
467
467
483
451
483
483
467
531
595
517
501
499
501
483
499
515
547
451
547
483
531
579
515
515
531
499
611
483
470
579
531
563
499
483
563
467
517
547
547
547
470
499
501
547
499
515
547
515
547
483
517
515
499
483
515
531
451
435
517
499
451
515
531
483
467
499
483
501
515
467
531
547
501
483
467
499
483
531
515
499
531
547
483
515
499
499
483
483
515
483
597
499
483
517
515
515
533
515
499
549
467
467
515
515
533
499
579
547
515
499
467
483
501
563
499
499
499
563
515
565
599
531
563
451
451
467
547
483
483
563
451
483
515
483
531
515
483
499
451
499
515
563
531
515
483
483
515
501
563
467
515
595
563
515
467
483
567
467
435
483
515
499
563
467
469
499
499
515
533
499
531
531
531
483
483
483
483
563
467
435
451
515
483
499
547
451
419
533
547
501
563
485
515
531
515
483
485
467
451
499
549
467
517
501
515
563
499
453
451
515
499
435
435
483
515
517
563
517
515
515
517
531
499
563
531
467
499
483
549
549
563
515
499
467
567
549
499
531
731
435
563
483
451
563
515
499
517
515
483
549
531
499
403
515
531
549
451
531
517
515
499
499
517
579
499
533
563
483
521
515
563
547
499
501
531
499
515
563
547
531
483
453
451
531
531
549
435
501
467
499
531
549
515
531
483
549
531
515
533
565
531
595
483
483
531
547
435
515
435
499
499
483
499
467
515
515
467
501
515
547
515
515
531
435
515
515
483
515
467
579
547
547
499
499
499
