297
246
329
211
272
277
258
257
275
213
208
275
196
225
271
302
215
267
177
225
242
211
237
232
201
302
121
187
289
225
141
294
206
336
230
236
241
249
177
218
218
226
212
175
330
241
235
178
189
294
282
306
219
229
220
210
297
297
286
180
257
204
178
299
202
255
235
197
228
170
303
247
181
293
248
305
221
212
279
228
232
254
306
286
278
267
224
154
208
303
206
330
213
290
282
297
220
237
293
232
253
258
292
188
248
230
196
238
268
232
192
144
264
321
325
162
264
274
208
257
270
249
221
293
212
213
231
263
339
348
268
345
162
225
241
258
176
284
316
240
191
177
338
205
207
293
365
189
293
252
290
231
276
229
218
193
283
249
213
199
260
151
150
264
208
269
233
205
265
220
336
280
206
185
177
219
235
172
203
290
349
344
301
273
279
205
328
210
268
458
126
274
232
179
215
211
373
204
184
272
162
274
173
256
265
223
272
200
261
219
221
264
176
231
223
194
188
268
156
195
287
248
172
230
270
219
219
202
191
177
287
219
226
202
184
210
241
240
263
133
249
218
204
275
189
226
248
236
201
243
365
269
272
266
262
173
164
247
284
277
171
306
116
191
194
330
208
248
226
205
226
243
271
261
161
216
244
290
145
327
317
225
243
240
163
259
231
273
203
244
229
303
271
317
250
200
239
161
313
175
352
246
191
320
156
358
177
183
264
189
269
292
278
231
349
162
218
233
243
193
310
270
266
258
196
239
207
221
199
225
271
180
236
184
236
242
243
202
277
240
132
288
226
376
278
309
281
189
163
319
269
199
221
338
247
169
214
306
280
219
237
311
211
246
176
173
277
262
278
218
215
286
198
258
230
180
323
242
264
157
189
210
251
188
155
207
234
240
279
261
242
180
221
225
256
210
270
228
243
390
210
275
273
239
338
245
286
136
276
211
234
357
199
373
271
275
215
213
220
295
237
169
223
189
289
267
244
266
313
240
281
163
188
247
197
231
220
247
238
374
237
163
232
233
286
239
183
189
270
306
243
381
225
262
258
227
301
242
258
252
181
307
269
303
277
299
231
268
218
212
200
278
264
288
266
278
244
265
255
205
229
214
344
205
255
338
205
201
192
216
245
233
231
244
273
202
318
171
344
367
184
203
213
172
234
252
285
205
177
181
204
294
249
335
307
257
178
196
311
194
309
254
178
218
227
236
288
195
273
190
285
268
204
172
227
244
243
286
199
169
230
269
186
211
282
209
207
294
227
275
282
282
190
304
251
253
220
186
231
247
279
219
209
216
266
236
172
211
179
323
273
183
226
292
306
285
226
261
280
259
247
363
258
270
210
263
254
253
244
352
241
248
209
185
280
129
247
248
181
147
245
186
164
232
258
245
181
216
239
288
240
190
235
235
236
212
285
258
227
229
173
237
212
211
174
191
341
261
234
185
131
265
196
309
377
307
296
244
160
261
243
276
264
237
162
225
180
227
261
236
194
206
284
224
296
200
324
213
243
299
199
239
243
183
335
281
246
227
222
199
197
357
247
219
255
264
227
291
280
339
189
163
230
235
184
200
236
209
279
181
285
283
271
306
208
264
366
260
195
247
231
241
172
348
188
172
300
306
259
316
176
193
285
250
225
182
259
210
272
232
285
258
240
196
295
313
191
231
205
341
253
251
260
216
308
245
289
259
243
332
199
247
175
224
236
183
171
314
239
251
287
257
194
226
230
221
190
209
264
267
202
301
244
358
211
226
324
211
242
245
234
189
243
236
225
193
267
222
260
268
246
193
277
229
213
191
360
185
208
331
193
187
380
227
246
230
185
308
197
258
261
228
266
233
218
216
230
210
177
201
292
305
197
136
206
222
339
222
256
241
264
246
276
283
289
213
243
237
244
190
253
275
228
345
226
242
183
261
279
145
282
190
195
184
267
210
208
228
227
245
182
243
235
206
297
248
266
288
249
277
209
230
263
262
176
226
200
229
319
322
257
221
212
290
225
238
172
230
145
215
243
236
222
238
250
231
146
258
176
258
226
297
342
188
234
208
243
257
219
199
312
172
189
277
315
227
209
312
213
265
286
283
225
227
283
191
203
190
160
300
190
228
349
208
175
196
345
324
196
319
265
324
219
240
209
260
255
301
222
242
202
218
227
206
228
187
278
278
246
195
213
286
282
245
213
253
199
335
224
192
140
313
207
307
215
217
223
277
225
167
184
263
204
233
305
224
244
269
154
220
333
162
168
249
124
203
165
197
251
205
240
255
276
248
269
255
261
249
260
266
77
84
94
116
93
64
91
117
91
107
93
81
108
88
89
81
96
70
55
93
69
100
73
86
99
74
58
70
84
77
87
85
89
96
91
90
99
84
95
101
88
61
52
43
91
112
101
67
83
64
114
82
72
81
106
75
88
119
131
69
105
80
89
132
95
75
93
85
107
88
84
84
81
88
75
101
65
99
107
72
116
46
105
85
93
99
102
67
75
86
75
109
87
86
110
79
106
87
99
85
80
78
98
102
100
66
76
111
96
78
79
80
93
108
97
72
103
101
77
86
76
78
70
77
69
99
144
104
118
128
64
103
87
67
116
102
49
84
73
70
67
71
146
74
85
82
109
73
73
90
80
79
105
76
79
76
101
91
84
83
67
72
68
101
106
73
86
91
55
98
97
100
75
57
90
91
72
81
97
81
109
149
94
91
102
85
90
106
87
124
51
119
109
100
105
111
116
48
77
82
96
96
82
75
83
81
70
78
85
67
63
120
68
92
102
66
97
99
68
93
113
52
63
87
64
100
61
91
84
82
100
79
113
88
50
81
64
90
97
63
93
84
75
78
55
91
86
105
78
85
73
64
82
117
133
75
64
84
114
100
99
96
46
72
42
106
110
109
91
67
104
82
79
102
99
63
105
105
61
117
82
58
87
120
107
122
120
88
77
85
88
87
97
88
78
67
79
87
110
87
76
89
110
57
98
122
81
73
109
103
94
97
97
70
102
82
81
93
91
54
82
84
76
111
88
96
87
73
66
111
84
87
66
82
60
97
121
51
93
87
60
78
73
96
87
77
103
81
63
92
90
92
79
108
102
78
66
73
87
91
79
84
41
91
83
63
82
60
93
120
105
78
61
108
61
78
73
109
75
98
94
79
60
97
58
109
85
104
91
85
108
74
92
118
113
82
73
111
109
73
78
90
63
75
108
124
111
51
102
115
75
108
81
112
90
87
82
111
81
90
58
95
97
86
67
115
46
98
88
80
99
85
90
105
110
100
95
123
114
118
74
55
87
81
80
93
90
91
102
93
100
99
102
99
92
60
101
70
76
84
81
118
94
84
102
99
90
71
87
101
78
82
76
64
107
75
77
76
67
75
76
85
98
87
93
114
72
103
116
72
97
79
101
91
79
120
107
74
76
105
91
79
66
64
87
66
97
94
90
107
88
98
82
115
77
92
69
84
102
109
98
105
90
90
76
64
102
88
94
48
97
79
89
63
85
90
106
91
90
85
114
78
78
69
95
101
92
115
70
94
116
105
67
82
78
93
78
81
106
91
117
72
87
77
76
113
69
109
63
95
66
96
70
79
79
99
120
129
88
111
107
105
79
93
54
134
117
102
117
118
61
82
46
64
105
57
108
105
96
62
115
92
48
75
73
95
86
82
93
104
73
68
136
102
107
67
96
120
95
97
98
92
76
101
78
82
99
90
87
87
47
100
78
106
114
113
126
79
82
104
93
103
90
114
68
94
78
120
100
63
99
72
102
114
98
70
124
50
112
91
92
72
87
76
103
114
72
81
82
104
97
84
114
85
97
120
81
116
72
90
71
67
93
88
63
80
90
74
91
98
127
106
78
86
115
100
75
85
101
107
91
84
86
79
80
99
108
88
107
70
91
75
96
80
57
81
87
99
111
104
114
87
94
92
105
75
64
131
90
102
62
109
85
63
103
81
91
108
105
108
84
80
130
72
115
97
66
98
70
111
78
61
95
66
58
100
52
96
90
61
98
93
107
93
94
78
110
72
88
84
86
81
96
83
86
67
89
105
94
97
86
97
115
123
73
114
94
64
67
132
64
70
97
100
69
87
95
94
104
112
106
58
97
70
85
93
95
96
51
104
99
108
88
67
58
64
88
60
64
99
73
92
58
94
132
79
114
66
125
64
94
52
62
97
94
78
60
102
72
69
110
93
95
70
88
90
56
96
95
112
90
79
91
86
102
61
73
91
91
102
80
100
112
91
124
87
79
91
99
113
121
93
87
93
79
110
88
92
70
82
76
84
82
94
145
84
65
70
96
82
73
61
106
74
106
78
41
101
89
93
101
88
77
88
68
90
72
111
83
94
82
117
92
96
69
90
85
82
61
97
118
72
50
60
84
75
111
100
57
83
98
105
93
124
91
68
89
88
79
117
88
80
63
83
76
76
119
97
92
118
96
86
93
75
103
92
48
97
112
60
67
114
81
79
61
98
109
84
88
89
63
106
75
82
85
67
72
105
76
97
97
67
79
112
76
73
55
56
95
58
92
114
100
71
98
83
62
97
117
73
597
523
631
613
559
579
595
613
577
559
595
541
577
577
559
559
613
595
523
581
577
595
595
577
595
595
696
579
543
577
559
577
673
613
631
559
631
505
649
595
523
559
613
577
595
613
543
595
649
505
613
615
541
559
541
559
631
613
541
595
613
559
597
559
613
613
595
595
541
651
595
613
613
577
577
487
523
577
595
541
577
613
631
541
601
595
577
615
649
559
631
577
631
667
613
541
559
615
577
541
595
577
577
613
636
595
561
523
577
595
577
595
541
667
613
595
631
613
667
595
577
613
613
541
651
595
523
595
577
505
579
631
667
561
595
631
633
613
595
649
631
613
577
523
613
595
595
577
631
613
559
541
595
577
595
579
595
577
505
613
667
616
541
559
523
597
559
577
541
487
579
613
613
577
631
559
543
595
595
541
631
559
631
577
541
561
631
613
613
559
595
577
577
523
577
487
559
595
541
649
561
613
523
631
649
577
541
541
559
577
579
597
595
649
613
613
595
577
595
523
559
595
595
559
613
595
577
577
631
613
595
613
577
595
613
595
577
613
595
487
559
559
613
595
631
541
649
559
613
595
541
577
559
559
577
577
631
631
544
577
559
559
577
559
559
523
577
541
595
559
613
559
523
577
559
579
595
559
649
613
541
613
559
577
577
523
541
559
505
523
613
577
649
613
613
631
523
577
559
613
613
595
631
577
544
631
595
595
541
577
523
613
577
580
613
541
633
631
633
649
577
613
577
631
613
631
667
561
577
561
613
595
505
559
595
577
597
559
613
523
595
577
595
597
541
597
525
613
577
487
577
597
579
579
577
595
631
577
559
523
505
559
577
541
613
649
559
577
577
577
577
523
559
631
654
613
597
613
631
577
559
631
597
559
685
523
649
631
615
613
505
631
559
595
523
631
613
631
649
649
595
525
523
559
595
613
649
613
595
577
595
613
523
577
559
613
649
595
559
561
595
577
613
577
541
559
613
541
577
631
577
598
577
541
523
559
523
613
613
577
577
613
613
579
487
613
595
541
613
595
541
559
595
613
559
631
613
595
595
613
577
613
651
631
651
595
577
631
562
595
633
523
523
577
577
559
651
613
595
541
613
505
613
559
559
523
595
613
595
577
631
613
579
505
613
523
595
559
597
541
523
577
523
541
631
613
649
595
559
577
613
649
613
541
613
541
649
541
541
595
615
595
613
469
597
613
541
577
577
559
541
595
541
559
559
523
541
631
615
631
559
613
577
541
523
613
559
577
597
523
523
577
595
577
595
613
613
577
505
598
595
577
577
559
577
577
577
526
577
615
543
579
505
595
559
595
579
577
541
667
613
577
631
523
559
541
559
577
559
615
577
595
595
577
595
595
649
577
595
595
508
577
667
580
577
631
543
559
595
595
541
523
541
561
541
541
541
562
631
654
631
595
631
597
633
703
546
595
613
560
505
613
615
577
577
613
559
649
595
649
559
541
559
559
785
577
613
543
559
559
649
541
631
595
577
523
577
595
595
595
595
631
595
595
613
577
577
595
577
595
577
597
505
577
595
559
634
541
595
631
577
631
631
613
595
631
595
577
541
577
595
577
561
597
598
631
615
523
523
595
631
559
505
595
559
559
631
595
631
487
595
595
577
595
595
523
595
613
615
631
577
577
631
559
577
507
577
541
595
577
595
559
577
523
577
559
595
577
523
649
579
703
597
523
649
559
559
523
613
613
559
541
595
523
541
597
577
613
577
559
523
577
577
649
577
523
595
577
523
559
595
595
577
541
541
579
523
559
613
577
613
541
811
631
541
577
595
559
559
541
667
595
613
631
541
595
577
559
559
559
541
559
667
577
595
577
649
577
649
541
595
595
649
541
595
469
631
595
595
541
580
613
667
523
577
613
595
595
561
597
577
541
613
559
613
541
541
523
613
577
541
595
559
525
505
577
559
631
541
577
541
559
615
523
595
505
523
597
685
559
541
577
577
631
541
541
541
595
595
595
649
559
577
613
613
559
577
577
541
523
577
577
541
613
577
559
595
559
633
577
613
577
595
595
613
559
559
577
597
595
523
577
613
541
559
559
577
595
613
595
541
595
541
541
595
577
541
523
577
559
595
577
595
613
559
577
595
595
595
613
541
577
595
541
613
577
559
577
541
649
631
595
541
615
559
541
595
595
577
577
631
667
577
559
505
613
613
577
631
595
615
559
631
613
525
541
577
577
577
613
613
595
595
613
633
649
595
577
595
577
577
613
631
561
577
541
559
507
561
613
559
613
577
631
543
685
541
577
561
523
297
246
329
211
272
277
258
257
275
213
208
275
196
225
271
302
215
267
177
225
242
211
237
232
201
302
121
187
289
225
141
294
206
336
230
236
241
249
177
218
218
226
212
175
330
241
235
178
189
294
282
306
219
229
220
210
297
297
286
180
257
204
178
299
202
255
235
197
228
170
303
247
181
293
248
305
221
212
279
228
232
254
306
286
278
267
224
154
208
303
206
330
213
290
282
297
220
237
293
232
253
258
292
188
248
230
196
238
268
232
192
144
264
321
325
162
264
274
208
257
270
249
221
293
212
213
231
263
339
348
268
345
162
225
241
258
176
284
316
240
191
177
338
205
207
293
365
189
293
252
290
231
276
229
218
193
283
249
213
199
260
151
150
264
208
269
233
205
265
220
336
280
206
185
177
219
235
172
203
290
349
344
301
273
279
205
328
210
268
458
126
274
232
179
215
211
373
204
184
272
162
274
173
256
265
223
272
200
261
219
221
264
176
231
223
194
188
268
156
195
287
248
172
230
270
219
219
202
191
177
287
219
226
202
184
210
241
240
263
133
249
218
204
275
189
226
248
236
201
243
365
269
272
266
262
173
164
247
284
277
171
306
116
191
194
330
208
248
226
205
226
243
271
261
161
216
244
290
145
327
317
225
243
240
163
259
231
273
203
244
229
303
271
317
250
200
239
161
313
175
352
246
191
320
156
358
177
183
264
189
269
292
278
231
349
162
218
233
243
193
310
270
266
258
196
239
207
221
199
225
271
180
236
184
236
242
243
202
277
240
132
288
226
376
278
309
281
189
163
319
269
199
221
338
247
169
214
306
280
219
237
311
211
246
176
173
277
262
278
218
215
286
198
258
230
180
323
242
264
157
189
210
251
188
155
207
234
240
279
261
242
180
221
225
256
210
270
228
243
390
210
275
273
239
338
245
286
136
276
211
234
357
199
373
271
275
215
213
220
295
237
169
223
189
289
267
244
266
313
240
281
163
188
247
197
231
220
247
238
374
237
163
232
233
286
239
183
189
270
306
243
381
225
262
258
227
301
242
258
252
181
307
269
303
277
299
231
268
218
212
200
278
264
288
266
278
244
265
255
205
229
214
344
205
255
338
205
201
192
216
245
233
231
244
273
202
318
171
344
367
184
203
213
172
234
252
285
205
177
181
204
294
249
335
307
257
178
196
311
194
309
254
178
218
227
236
288
195
273
190
285
268
204
172
227
244
243
286
199
169
230
269
186
211
282
209
207
294
227
275
282
282
190
304
251
253
220
186
231
247
279
219
209
216
266
236
172
211
179
323
273
183
226
292
306
285
226
261
280
259
247
363
258
270
210
263
254
253
244
352
241
248
209
185
280
129
247
248
181
147
245
186
164
232
258
245
181
216
239
288
240
190
235
235
236
212
285
258
227
229
173
237
212
211
174
191
341
261
234
185
131
265
196
309
377
307
296
244
160
261
243
276
264
237
162
225
180
227
261
236
194
206
284
224
296
200
324
213
243
299
199
239
243
183
335
281
246
227
222
199
197
357
247
219
255
264
227
291
280
339
189
163
230
235
184
200
236
209
279
181
285
283
271
306
208
264
366
260
195
247
231
241
172
348
188
172
300
306
259
316
176
193
285
250
225
182
259
210
272
232
285
258
240
196
295
313
191
231
205
341
253
251
260
216
308
245
289
259
243
332
199
247
175
224
236
183
171
314
239
251
287
257
194
226
230
221
190
209
264
267
202
301
244
358
211
226
324
211
242
245
234
189
243
236
225
193
267
222
260
268
246
193
277
229
213
191
360
185
208
331
193
187
380
227
246
230
185
308
197
258
261
228
266
233
218
216
230
210
177
201
292
305
197
136
206
222
339
222
256
241
264
246
276
283
289
213
243
237
244
190
253
275
228
345
226
242
183
261
279
145
282
190
195
184
267
210
208
228
227
245
182
243
235
206
297
248
266
288
249
277
209
230
263
262
176
226
200
229
319
322
257
221
212
290
225
238
172
230
145
215
243
236
222
238
250
231
146
258
176
258
226
297
342
188
234
208
243
257
219
199
312
172
189
277
315
227
209
312
213
265
286
283
225
227
283
191
203
190
160
300
190
228
349
208
175
196
345
324
196
319
265
324
219
240
209
260
255
301
222
242
202
218
227
206
228
187
278
278
246
195
213
286
282
245
213
253
199
335
224
192
140
313
207
307
215
217
223
277
225
167
184
263
204
233
305
224
244
269
154
220
333
162
168
249
124
203
165
197
251
205
240
255
276
248
269
255
261
249
260
266
77
84
94
116
93
64
91
117
91
107
93
81
108
88
89
81
96
70
55
93
69
100
73
86
99
74
58
70
84
77
87
85
89
96
91
90
99
84
95
101
88
61
52
43
91
112
101
67
83
64
114
82
72
81
106
75
88
119
131
69
105
80
89
132
95
75
93
85
107
88
84
84
81
88
75
101
65
99
107
72
116
46
105
85
93
99
102
67
75
86
75
109
87
86
110
79
106
87
99
85
80
78
98
102
100
66
76
111
96
78
79
80
93
108
97
72
103
101
77
86
76
78
70
77
69
99
144
104
118
128
64
103
87
67
116
102
49
84
73
70
67
71
146
74
85
82
109
73
73
90
80
79
105
76
79
76
101
91
84
83
67
72
68
101
106
73
86
91
55
98
97
100
75
57
90
91
72
81
97
81
109
149
94
91
102
85
90
106
87
124
51
119
109
100
105
111
116
48
77
82
96
96
82
75
83
81
70
78
85
67
63
120
68
92
102
66
97
99
68
93
113
52
63
87
64
100
61
91
84
82
100
79
113
88
50
81
64
90
97
63
93
84
75
78
55
91
86
105
78
85
73
64
82
117
133
75
64
84
114
100
99
96
46
72
42
106
110
109
91
67
104
82
79
102
99
63
105
105
61
117
82
58
87
120
107
122
120
88
77
85
88
87
97
88
78
67
79
87
110
87
76
89
110
57
98
122
81
73
109
103
94
97
97
70
102
82
81
93
91
54
82
84
76
111
88
96
87
73
66
111
84
87
66
82
60
97
121
51
93
87
60
78
73
96
87
77
103
81
63
92
90
92
79
108
102
78
66
73
87
91
79
84
41
91
83
63
82
60
93
120
105
78
61
108
61
78
73
109
75
98
94
79
60
97
58
109
85
104
91
85
108
74
92
118
113
82
73
111
109
73
78
90
63
75
108
124
111
51
102
115
75
108
81
112
90
87
82
111
81
90
58
95
97
86
67
115
46
98
88
80
99
85
90
105
110
100
95
123
114
118
74
55
87
81
80
93
90
91
102
93
100
99
102
99
92
60
101
70
76
84
81
118
94
84
102
99
90
71
87
101
78
82
76
64
107
75
77
76
67
75
76
85
98
87
93
114
72
103
116
72
97
79
101
91
79
120
107
74
76
105
91
79
66
64
87
66
97
94
90
107
88
98
82
115
77
92
69
84
102
109
98
105
90
90
76
64
102
88
94
48
97
79
89
63
85
90
106
91
90
85
114
78
78
69
95
101
92
115
70
94
116
105
67
82
78
93
78
81
106
91
117
72
87
77
76
113
69
109
63
95
66
96
70
79
79
99
120
129
88
111
107
105
79
93
54
134
117
102
117
118
61
82
46
64
105
57
108
105
96
62
115
92
48
75
73
95
86
82
93
104
73
68
136
102
107
67
96
120
95
97
98
92
76
101
78
82
99
90
87
87
47
100
78
106
114
113
126
79
82
104
93
103
90
114
68
94
78
120
100
63
99
72
102
114
98
70
124
50
112
91
92
72
87
76
103
114
72
81
82
104
97
84
114
85
97
120
81
116
72
90
71
67
93
88
63
80
90
74
91
98
127
106
78
86
115
100
75
85
101
107
91
84
86
79
80
99
108
88
107
70
91
75
96
80
57
81
87
99
111
104
114
87
94
92
105
75
64
131
90
102
62
109
85
63
103
81
91
108
105
108
84
80
130
72
115
97
66
98
70
111
78
61
95
66
58
100
52
96
90
61
98
93
107
93
94
78
110
72
88
84
86
81
96
83
86
67
89
105
94
97
86
97
115
123
73
114
94
64
67
132
64
70
97
100
69
87
95
94
104
112
106
58
97
70
85
93
95
96
51
104
99
108
88
67
58
64
88
60
64
99
73
92
58
94
132
79
114
66
125
64
94
52
62
97
94
78
60
102
72
69
110
93
95
70
88
90
56
96
95
112
90
79
91
86
102
61
73
91
91
102
80
100
112
91
124
87
79
91
99
113
121
93
87
93
79
110
88
92
70
82
76
84
82
94
145
84
65
70
96
82
73
61
106
74
106
78
41
101
89
93
101
88
77
88
68
90
72
111
83
94
82
117
92
96
69
90
85
82
61
97
118
72
50
60
84
75
111
100
57
83
98
105
93
124
91
68
89
88
79
117
88
80
63
83
76
76
119
97
92
118
96
86
93
75
103
92
48
97
112
60
67
114
81
79
61
98
109
84
88
89
63
106
75
82
85
67
72
105
76
97
97
67
79
112
76
73
55
56
95
58
92
114
100
71
98
83
62
97
117
73
597
523
631
613
559
579
595
613
577
559
577
541
577
577
559
559
613
595
523
581
577
595
595
577
595
595
692
579
543
577
559
577
673
613
631
559
631
505
649
595
523
559
613
577
595
613
543
595
649
505
613
615
541
559
541
559
631
613
541
595
613
559
597
559
613
613
595
595
523
651
595
613
613
577
577
487
523
577
595
541
577
613
631
541
601
595
577
615
649
559
631
577
631
667
613
541
559
615
577
541
595
577
577
613
636
595
561
523
577
595
577
595
541
667
613
595
631
613
667
595
577
613
613
541
651
595
523
595
577
505
579
631
667
561
595
631
633
613
595
649
631
613
577
523
613
595
595
577
631
613
559
541
595
577
595
579
595
577
505
613
667
616
541
559
523
597
559
577
541
487
579
613
613
577
631
559
543
595
595
541
631
559
631
577
541
561
631
613
613
559
595
577
577
523
577
487
559
595
541
649
561
613
523
631
649
577
541
541
559
577
579
597
595
649
613
613
595
577
595
523
559
595
595
559
613
595
577
577
634
613
595
613
577
595
613
595
577
613
595
487
559
559
613
595
631
541
649
559
613
595
541
577
559
559
577
577
631
631
544
577
559
559
577
559
559
523
577
541
595
559
613
559
523
577
559
579
595
559
649
613
541
613
559
577
577
523
541
559
505
523
613
577
649
613
613
631
523
577
559
613
613
595
631
577
544
631
595
595
541
577
523
613
577
580
613
541
633
631
633
649
577
613
577
631
613
631
667
561
577
561
613
595
505
559
595
577
597
559
613
523
595
577
595
597
541
597
525
613
577
487
577
597
579
579
577
595
631
577
559
523
505
595
577
541
613
649
559
577
577
577
577
523
559
631
651
613
597
613
631
577
559
631
597
559
685
523
649
631
615
613
505
631
559
595
523
631
613
631
649
649
595
525
523
559
595
613
649
613
595
577
595
613
523
577
559
613
649
595
559
561
595
577
613
577
541
559
613
541
577
631
577
598
577
541
523
559
523
613
613
577
577
613
613
579
487
613
595
541
613
595
541
559
595
613
559
631
613
595
595
613
577
613
651
631
651
595
577
631
562
595
633
523
523
577
577
559
651
613
595
541
613
505
613
559
559
523
595
613
595
577
631
613
579
505
613
523
595
559
597
541
523
577
523
541
631
613
649
595
559
577
613
649
613
541
613
541
649
541
541
541
615
595
613
469
597
613
541
577
577
559
541
595
541
559
559
523
541
613
615
631
559
613
577
541
523
613
559
577
597
523
523
577
595
577
595
613
613
577
505
598
595
577
577
559
577
577
613
526
577
615
543
579
505
595
559
595
579
577
541
667
613
577
631
523
559
541
559
577
559
615
577
595
595
577
595
595
649
577
595
595
508
577
667
580
577
631
543
559
595
595
541
523
541
561
541
541
541
562
631
654
631
595
631
597
597
703
546
595
613
561
505
613
615
577
577
631
559
649
595
631
559
541
559
559
786
577
613
543
559
559
649
541
631
595
577
523
577
595
595
595
595
631
595
595
613
577
577
595
577
595
577
597
505
577
595
559
634
541
595
631
577
631
631
613
595
631
595
577
541
577
595
577
631
597
598
631
615
523
523
595
631
559
505
595
559
559
631
595
631
487
595
595
577
595
595
523
595
613
615
631
577
577
631
559
577
507
577
541
595
577
595
559
577
523
577
559
595
577
523
649
579
703
597
523
649
559
559
523
613
613
559
541
595
523
541
597
577
613
577
559
523
577
577
649
577
523
595
577
523
559
595
595
577
541
541
579
523
559
613
577
613
541
816
631
541
577
595
559
559
541
667
595
613
631
541
595
577
559
559
559
541
559
667
577
595
577
649
577
649
541
595
595
649
541
595
469
631
595
595
541
580
613
667
523
577
613
595
595
561
597
577
541
613
559
613
541
541
523
613
577
541
595
559
525
505
577
559
631
541
577
541
559
615
523
595
505
523
597
685
559
541
577
577
631
541
541
541
595
595
595
649
559
577
613
613
559
577
577
541
523
577
577
541
613
577
559
595
559
633
577
613
577
595
595
613
559
559
577
597
595
523
577
613
541
559
559
577
595
613
595
541
595
541
541
595
577
541
523
577
559
595
577
595
613
559
577
595
595
595
613
541
577
595
541
613
577
559
577
541
649
631
595
541
615
541
541
595
595
577
577
631
667
577
559
505
613
613
577
631
595
615
559
631
613
525
541
577
577
577
613
613
595
595
613
633
649
595
577
595
577
577
613
631
561
577
541
559
507
561
613
559
613
577
631
543
687
541
577
561
523
