159
237
203
279
339
260
259
193
261
220
203
252
311
206
273
296
386
197
296
197
247
234
293
214
220
206
200
276
292
273
337
358
339
241
315
232
257
235
278
198
311
259
247
273
348
239
295
190
234
209
247
223
230
329
261
248
231
358
229
289
237
299
339
220
246
244
257
184
234
241
207
273
225
308
211
270
341
234
297
232
320
275
240
289
239
188
260
196
242
294
291
311
204
240
181
258
286
208
253
153
262
203
189
246
216
183
319
321
228
255
258
299
223
290
324
286
212
263
246
227
319
279
227
234
157
245
352
278
259
202
256
286
259
355
221
271
202
290
292
344
182
281
262
352
245
251
197
263
332
250
213
242
300
174
219
236
312
309
270
165
302
231
191
227
277
230
336
223
217
185
274
203
357
243
227
330
217
232
198
188
238
221
370
354
303
262
248
279
299
241
259
226
264
194
216
225
268
286
226
241
260
274
288
221
282
294
318
194
239
233
205
259
268
284
229
282
353
282
282
248
243
312
249
276
263
306
313
252
272
276
208
309
228
288
307
205
200
228
296
187
191
241
240
222
329
195
256
305
308
295
304
242
247
319
232
211
208
297
229
157
253
349
160
199
166
317
181
274
217
230
371
323
195
283
210
235
275
359
155
295
278
254
233
299
241
231
279
159
242
273
240
219
205
253
260
290
242
260
182
277
211
299
319
299
326
245
321
236
192
205
244
226
240
333
256
255
239
306
232
354
179
226
269
250
294
289
263
215
220
351
198
238
345
370
309
275
244
297
282
215
238
252
237
221
164
247
350
261
313
229
250
331
255
176
222
288
230
207
252
323
342
263
283
279
227
361
338
235
263
233
243
203
362
266
308
276
273
189
246
262
229
229
236
208
339
199
294
335
245
367
205
342
354
188
315
287
333
282
308
278
309
248
205
301
290
207
287
226
204
272
363
275
332
316
311
290
310
296
183
244
327
190
278
248
360
319
219
141
319
254
325
228
214
270
248
269
308
157
247
240
283
299
239
257
316
277
315
276
184
258
246
273
302
361
351
256
183
256
237
248
220
274
197
239
291
243
207
228
262
307
205
250
310
244
221
260
325
270
318
260
247
259
245
191
230
202
247
280
275
350
210
221
137
196
299
294
171
285
295
252
252
304
304
274
310
348
235
206
266
232
346
252
258
246
230
195
286
310
166
235
333
310
280
297
314
243
232
304
258
310
215
288
291
337
296
239
233
307
244
310
246
289
281
356
231
260
290
265
248
254
174
135
195
333
258
213
236
255
229
280
183
189
299
268
225
235
234
254
339
269
247
258
180
206
343
215
346
304
180
236
233
177
283
221
270
211
183
318
196
333
337
201
251
257
228
237
219
279
288
241
208
289
262
207
290
276
172
193
153
220
255
302
280
219
299
372
295
295
259
334
289
235
318
294
257
238
262
266
289
293
319
276
297
270
216
239
243
246
241
132
283
267
225
301
199
290
331
271
155
268
305
216
276
212
343
268
307
226
218
272
269
281
272
298
184
201
266
191
156
239
210
262
308
275
177
210
260
332
343
166
212
309
254
288
263
231
268
236
247
292
210
207
139
237
272
222
247
235
295
231
245
256
250
197
304
271
222
222
219
267
144
335
246
238
197
242
307
415
228
300
285
268
253
273
224
209
336
222
175
168
249
248
244
309
194
264
280
167
348
169
221
214
267
305
184
236
265
199
233
216
228
276
217
197
219
307
238
308
361
256
213
268
320
207
189
268
260
323
170
235
179
228
230
223
191
266
318
224
251
181
222
261
247
227
168
191
281
296
276
291
301
245
231
164
252
232
213
226
326
354
343
168
289
277
225
284
294
303
233
232
228
195
333
347
241
260
277
293
233
285
298
379
375
345
218
407
336
269
209
256
239
276
228
316
244
337
191
272
358
240
229
236
219
259
372
209
269
205
331
228
206
315
242
273
291
221
299
237
382
221
273
202
314
283
233
200
243
280
294
277
218
204
307
361
269
247
247
287
215
329
310
210
264
208
235
242
199
280
349
249
247
338
298
379
312
264
244
187
205
220
248
323
322
292
279
413
281
214
243
280
236
320
233
232
201
297
382
258
376
289
275
256
200
181
205
201
273
220
203
283
243
215
247
166
300
223
273
275
245
279
168
302
202
231
309
327
205
234
263
229
284
295
218
229
209
311
243
282
330
241
317
276
272
180
298
262
384
233
233
299
272
235
235
253
270
284
164
243
392
272
206
277
218
308
311
228
295
273
302
188
193
225
219
230
191
230
253
324
215
241
68
92
101
93
97
94
98
81
83
87
102
88
111
78
87
93
96
75
114
90
65
98
108
73
110
81
78
105
108
135
105
126
72
75
123
51
78
113
87
89
111
99
96
102
112
73
79
89
78
86
117
69
101
99
105
89
84
81
78
92
103
113
105
119
97
60
84
118
78
97
49
91
102
132
101
80
83
118
89
125
84
102
87
96
87
89
81
90
81
88
125
119
91
75
55
116
84
110
104
71
104
74
60
72
72
84
90
113
113
91
102
103
78
114
111
93
100
93
107
75
126
78
69
94
58
82
93
106
111
74
125
98
97
141
57
83
64
111
78
119
94
96
84
107
107
116
67
117
119
60
108
99
104
84
84
104
88
117
109
80
100
119
95
75
108
107
120
120
105
75
87
50
63
90
116
87
61
87
63
101
86
114
108
90
63
99
93
75
123
81
89
90
57
78
89
90
74
107
84
105
105
102
87
126
99
65
87
78
106
96
65
92
93
119
99
65
108
81
87
87
91
117
104
87
116
59
97
87
135
114
84
120
108
98
75
107
109
96
124
95
98
110
87
104
85
99
75
97
98
72
78
69
89
95
45
117
81
95
81
78
118
117
74
66
69
62
79
100
67
116
96
98
60
68
117
147
115
102
96
87
116
117
101
114
86
110
90
59
107
96
109
69
98
108
87
89
93
87
92
80
73
81
96
66
87
77
99
102
72
98
114
64
120
116
78
98
88
98
113
111
95
97
92
84
117
117
102
90
90
105
93
98
100
99
100
131
101
93
128
117
65
92
87
72
86
76
111
112
57
114
96
81
102
66
83
103
99
130
123
82
92
91
73
100
90
96
72
117
89
104
101
107
128
105
108
108
110
96
96
102
102
111
97
95
95
77
99
99
81
126
54
78
95
97
81
113
81
70
106
99
83
68
86
114
95
71
99
98
83
84
114
98
110
69
110
85
113
87
90
80
84
93
129
129
117
93
93
57
90
101
116
98
59
120
60
73
114
72
111
81
81
90
87
95
104
59
81
92
77
87
119
102
81
99
92
117
66
100
82
83
81
116
66
121
93
50
122
77
129
93
58
136
48
92
84
133
95
99
93
100
96
106
60
72
82
96
118
84
108
99
83
78
69
84
106
90
89
112
92
81
83
120
105
81
108
110
91
101
71
83
105
81
78
72
109
99
98
85
63
92
111
83
83
139
99
107
82
89
100
83
94
90
102
98
123
78
93
75
92
117
102
107
102
107
93
86
71
84
102
124
61
35
47
75
105
104
71
78
86
92
78
75
87
122
89
92
71
99
98
97
96
93
77
91
122
71
96
93
113
110
51
61
116
60
91
97
110
119
78
66
86
75
98
99
101
87
68
77
120
78
107
102
105
101
90
87
101
89
72
99
93
100
111
80
95
89
101
108
103
87
136
78
77
130
104
115
88
98
124
114
95
66
77
102
86
95
100
99
80
62
62
95
117
126
59
99
114
90
83
106
90
102
83
80
146
84
94
97
98
100
117
90
145
133
48
76
87
93
80
99
61
108
82
96
79
105
107
116
70
102
100
123
128
66
91
109
100
143
93
75
95
110
66
87
122
75
66
80
78
100
90
93
111
76
110
90
121
80
98
90
53
77
96
93
97
91
118
104
89
101
112
81
137
107
128
96
87
68
84
79
96
65
78
77
108
84
87
78
105
83
104
93
113
90
109
72
71
84
101
73
95
99
80
70
68
96
117
114
99
102
77
108
111
74
62
105
66
108
61
101
106
104
84
71
76
87
72
61
74
83
78
123
79
108
70
67
116
87
89
87
89
89
78
63
69
92
98
116
96
108
96
72
128
114
84
138
93
87
126
57
102
84
105
99
69
102
93
110
96
66
84
113
132
71
86
96
90
108
70
80
105
102
73
87
89
123
71
99
114
84
100
114
86
63
87
48
99
75
115
81
69
113
119
75
90
67
114
87
105
87
95
75
86
74
77
69
99
108
93
92
99
94
113
111
122
118
74
84
75
60
126
107
106
84
72
132
86
99
102
99
102
120
93
96
105
102
83
63
77
86
74
81
90
149
78
109
75
77
94
105
90
116
87
60
119
119
111
79
105
78
81
69
79
74
37
92
110
81
63
65
84
81
98
49
102
89
96
97
101
108
73
99
107
78
96
136
83
84
122
68
93
96
128
86
92
90
95
93
99
45
110
87
98
154
115
102
84
98
99
69
103
119
78
114
108
87
90
101
93
107
102
92
104
113
99
73
96
110
105
92
96
96
93
108
98
92
88
95
103
80
639
639
768
719
599
679
659
679
679
699
599
619
639
679
679
679
599
619
639
799
659
699
679
639
699
699
579
761
679
659
659
619
681
639
599
659
659
619
719
599
719
719
539
659
599
659
699
639
599
659
639
619
659
679
659
679
659
579
619
579
661
719
659
659
659
599
719
619
679
619
679
659
639
579
699
659
679
661
699
699
619
599
659
699
659
559
719
659
599
619
679
619
699
719
579
659
659
699
659
699
719
701
659
719
639
679
619
619
719
679
739
661
639
719
539
679
686
703
621
679
739
559
579
699
639
699
559
679
699
659
639
679
739
719
639
679
679
679
719
639
701
621
699
759
599
699
661
619
679
599
639
721
659
639
599
699
679
719
659
599
659
659
639
639
639
679
679
619
639
659
679
659
599
699
619
639
639
699
719
619
846
679
619
619
659
659
659
561
679
659
619
679
679
619
619
619
699
639
699
621
659
599
639
659
799
659
639
661
679
679
699
679
679
978
599
599
659
639
659
659
659
621
679
539
679
759
722
659
739
659
659
639
659
639
659
559
579
719
579
679
679
639
679
659
641
599
659
699
679
739
619
659
619
679
739
639
699
619
599
659
679
619
659
639
559
679
699
679
699
659
622
659
679
719
739
681
699
659
661
659
659
619
659
699
659
679
659
659
659
619
679
701
659
719
639
699
661
539
679
639
659
719
681
679
679
679
641
699
679
679
599
639
779
699
679
659
679
659
619
759
679
659
739
639
719
719
719
619
719
659
719
699
684
639
679
559
659
679
721
659
699
639
719
699
679
719
599
619
599
739
699
699
639
679
639
679
679
619
579
679
699
699
679
619
559
639
701
619
679
659
722
679
639
719
659
699
699
619
579
779
659
639
679
679
619
699
719
739
659
619
619
639
619
679
679
539
599
874
659
659
679
661
659
639
659
599
639
599
719
639
659
719
699
701
679
639
659
661
679
699
639
619
659
659
599
679
679
739
761
659
679
723
781
699
699
739
639
639
619
639
739
619
579
619
623
659
681
639
619
619
599
699
661
659
639
639
679
639
619
659
639
639
679
679
679
599
719
662
722
699
599
659
681
679
619
619
679
739
679
641
679
621
639
679
679
619
639
679
683
679
639
699
699
599
679
679
719
659
679
719
699
639
639
659
639
581
719
679
619
699
619
739
722
659
699
659
619
679
659
639
701
679
739
699
619
641
581
659
719
719
699
639
679
661
659
619
659
659
659
659
639
639
679
659
559
659
639
599
679
679
661
681
699
701
599
619
679
659
639
641
639
699
579
719
699
619
599
679
579
699
719
659
761
639
679
619
659
619
619
679
659
639
699
719
639
639
659
719
579
599
659
679
699
679
719
619
719
679
699
639
679
639
659
559
619
763
719
679
659
619
724
659
619
739
679
641
639
659
559
619
682
639
659
599
659
719
639
659
679
679
699
679
699
619
579
679
679
679
699
659
659
599
659
661
659
639
679
579
659
679
659
659
639
639
739
679
639
659
659
679
659
699
659
659
699
681
621
679
679
699
659
659
641
679
699
619
719
643
659
639
681
659
639
599
599
679
719
621
659
739
659
619
599
679
659
619
699
719
619
679
639
741
679
679
679
619
679
679
659
622
699
659
719
739
659
659
663
699
739
639
619
659
639
701
599
699
659
719
599
679
699
699
619
619
679
581
699
639
701
719
759
659
659
659
619
619
619
679
619
719
641
699
721
699
719
719
659
639
659
639
559
559
679
619
639
739
619
579
599
639
679
659
681
659
599
719
659
639
599
659
739
659
659
659
719
639
679
639
699
659
659
719
619
739
699
699
579
699
659
699
699
679
639
1635
719
639
619
639
721
699
639
701
619
659
619
679
701
579
619
719
639
679
639
619
699
639
599
702
579
719
599
621
699
699
619
679
719
679
599
639
661
639
639
621
599
739
681
619
679
599
659
659
699
619
721
881
701
679
679
661
719
659
719
679
659
699
601
599
639
619
699
699
665
679
619
619
699
759
619
639
681
699
599
619
699
619
701
659
681
639
639
599
639
661
699
619
701
679
619
619
659
619
659
579
661
619
619
661
639
619
719
639
639
679
702
681
579
679
699
699
639
619
639
659
641
599
679
659
679
623
599
619
699
639
699
619
639
659
659
659
639
699
639
719
699
719
699
679
719
659
619
659
701
659
639
699
679
659
701
659
719
639
719
661
679
599
699
539
579
699
641
719
659
679
679
679
683
641
681
659
659
739
699
719
659
679
719
819
659
579
619
679
659
619
699
679
679
699
724
619
159
237
203
279
339
260
259
193
261
220
203
252
311
206
273
296
386
197
296
197
247
234
293
214
220
206
200
276
292
273
337
358
339
241
315
232
257
235
278
198
311
259
247
273
348
239
295
190
234
209
247
223
230
329
261
248
231
358
229
289
237
299
339
220
246
244
257
184
234
241
207
273
225
308
211
270
341
234
297
232
320
275
240
289
239
188
260
196
242
294
291
311
204
240
181
258
286
208
253
153
262
203
189
246
216
183
319
321
228
255
258
299
223
290
324
286
212
263
246
227
319
279
227
234
157
245
352
278
259
202
256
286
259
355
221
271
202
290
292
344
182
281
262
352
245
251
197
263
332
250
213
242
300
174
219
236
312
309
270
165
302
231
191
227
277
230
336
223
217
185
274
203
357
243
227
330
217
232
198
188
238
221
370
354
303
262
248
279
299
241
259
226
264
194
216
225
268
286
226
241
260
274
288
221
282
294
318
194
239
233
205
259
268
284
229
282
353
282
282
248
243
312
249
276
263
306
313
252
272
276
208
309
228
288
307
205
200
228
296
187
191
241
240
222
329
195
256
305
308
295
304
242
247
319
232
211
208
297
229
157
253
349
160
199
166
317
181
274
217
230
371
323
195
283
210
235
275
359
155
295
278
254
233
299
241
231
279
159
242
273
240
219
205
253
260
290
242
260
182
277
211
299
319
299
326
245
321
236
192
205
244
226
240
333
256
255
239
306
232
354
179
226
269
250
294
289
263
215
220
351
198
238
345
370
309
275
244
297
282
215
238
252
237
221
164
247
350
261
313
229
250
331
255
176
222
288
230
207
252
323
342
263
283
279
227
361
338
235
263
233
243
203
362
266
308
276
273
189
246
262
229
229
236
208
339
199
294
335
245
367
205
342
354
188
315
287
333
282
308
278
309
248
205
301
290
207
287
226
204
272
363
275
332
316
311
290
310
296
183
244
327
190
278
248
360
319
219
141
319
254
325
228
214
270
248
269
308
157
247
240
283
299
239
257
316
277
315
276
184
258
246
273
302
361
351
256
183
256
237
248
220
274
197
239
291
243
207
228
262
307
205
250
310
244
221
260
325
270
318
260
247
259
245
191
230
202
247
280
275
350
210
221
137
196
299
294
171
285
295
252
252
304
304
274
310
348
235
206
266
232
346
252
258
246
230
195
286
310
166
235
333
310
280
297
314
243
232
304
258
310
215
288
291
337
296
239
233
307
244
310
246
289
281
356
231
260
290
265
248
254
174
135
195
333
258
213
236
255
229
280
183
189
299
268
225
235
234
254
339
269
247
258
180
206
343
215
346
304
180
236
233
177
283
221
270
211
183
318
196
333
337
201
251
257
228
237
219
279
288
241
208
289
262
207
290
276
172
193
153
220
255
302
280
219
299
372
295
295
259
334
289
235
318
294
257
238
262
266
289
293
319
276
297
270
216
239
243
246
241
132
283
267
225
301
199
290
331
271
155
268
305
216
276
212
343
268
307
226
218
272
269
281
272
298
184
201
266
191
156
239
210
262
308
275
177
210
260
332
343
166
212
309
254
288
263
231
268
236
247
292
210
207
139
237
272
222
247
235
295
231
245
256
250
197
304
271
222
222
219
267
144
335
246
238
197
242
307
415
228
300
285
268
253
273
224
209
336
222
175
168
249
248
244
309
194
264
280
167
348
169
221
214
267
305
184
236
265
199
233
216
228
276
217
197
219
307
238
308
361
256
213
268
320
207
189
268
260
323
170
235
179
228
230
223
191
266
318
224
251
181
222
261
247
227
168
191
281
296
276
291
301
245
231
164
252
232
213
226
326
354
343
168
289
277
225
284
294
303
233
232
228
195
333
347
241
260
277
293
233
285
298
379
375
345
218
407
336
269
209
256
239
276
228
316
244
337
191
272
358
240
229
236
219
259
372
209
269
205
331
228
206
315
242
273
291
221
299
237
382
221
273
202
314
283
233
200
243
280
294
277
218
204
307
361
269
247
247
287
215
329
310
210
264
208
235
242
199
280
349
249
247
338
298
379
312
264
244
187
205
220
248
323
322
292
279
413
281
214
243
280
236
320
233
232
201
297
382
258
376
289
275
256
200
181
205
201
273
220
203
283
243
215
247
166
300
223
273
275
245
279
168
302
202
231
309
327
205
234
263
229
284
295
218
229
209
311
243
282
330
241
317
276
272
180
298
262
384
233
233
299
272
235
235
253
270
284
164
243
392
272
206
277
218
308
311
228
295
273
302
188
193
225
219
230
191
230
253
324
215
241
68
92
101
93
97
94
98
81
83
87
102
88
111
78
87
93
96
75
114
90
65
98
108
73
110
81
78
105
108
135
105
126
72
75
123
51
78
113
87
89
111
99
96
102
112
73
79
89
78
86
117
69
101
99
105
89
84
81
78
92
103
113
105
119
97
60
84
118
78
97
49
91
102
132
101
80
83
118
89
125
84
102
87
96
87
89
81
90
81
88
125
119
91
75
55
116
84
110
104
71
104
74
60
72
72
84
90
113
113
91
102
103
78
114
111
93
100
93
107
75
126
78
69
94
58
82
93
106
111
74
125
98
97
141
57
83
64
111
78
119
94
96
84
107
107
116
67
117
119
60
108
99
104
84
84
104
88
117
109
80
100
119
95
75
108
107
120
120
105
75
87
50
63
90
116
87
61
87
63
101
86
114
108
90
63
99
93
75
123
81
89
90
57
78
89
90
74
107
84
105
105
102
87
126
99
65
87
78
106
96
65
92
93
119
99
65
108
81
87
87
91
117
104
87
116
59
97
87
135
114
84
120
108
98
75
107
109
96
124
95
98
110
87
104
85
99
75
97
98
72
78
69
89
95
45
117
81
95
81
78
118
117
74
66
69
62
79
100
67
116
96
98
60
68
117
147
115
102
96
87
116
117
101
114
86
110
90
59
107
96
109
69
98
108
87
89
93
87
92
80
73
81
96
66
87
77
99
102
72
98
114
64
120
116
78
98
88
98
113
111
95
97
92
84
117
117
102
90
90
105
93
98
100
99
100
131
101
93
128
117
65
92
87
72
86
76
111
112
57
114
96
81
102
66
83
103
99
130
123
82
92
91
73
100
90
96
72
117
89
104
101
107
128
105
108
108
110
96
96
102
102
111
97
95
95
77
99
99
81
126
54
78
95
97
81
113
81
70
106
99
83
68
86
114
95
71
99
98
83
84
114
98
110
69
110
85
113
87
90
80
84
93
129
129
117
93
93
57
90
101
116
98
59
120
60
73
114
72
111
81
81
90
87
95
104
59
81
92
77
87
119
102
81
99
92
117
66
100
82
83
81
116
66
121
93
50
122
77
129
93
58
136
48
92
84
133
95
99
93
100
96
106
60
72
82
96
118
84
108
99
83
78
69
84
106
90
89
112
92
81
83
120
105
81
108
110
91
101
71
83
105
81
78
72
109
99
98
85
63
92
111
83
83
139
99
107
82
89
100
83
94
90
102
98
123
78
93
75
92
117
102
107
102
107
93
86
71
84
102
124
61
35
47
75
105
104
71
78
86
92
78
75
87
122
89
92
71
99
98
97
96
93
77
91
122
71
96
93
113
110
51
61
116
60
91
97
110
119
78
66
86
75
98
99
101
87
68
77
120
78
107
102
105
101
90
87
101
89
72
99
93
100
111
80
95
89
101
108
103
87
136
78
77
130
104
115
88
98
124
114
95
66
77
102
86
95
100
99
80
62
62
95
117
126
59
99
114
90
83
106
90
102
83
80
146
84
94
97
98
100
117
90
145
133
48
76
87
93
80
99
61
108
82
96
79
105
107
116
70
102
100
123
128
66
91
109
100
143
93
75
95
110
66
87
122
75
66
80
78
100
90
93
111
76
110
90
121
80
98
90
53
77
96
93
97
91
118
104
89
101
112
81
137
107
128
96
87
68
84
79
96
65
78
77
108
84
87
78
105
83
104
93
113
90
109
72
71
84
101
73
95
99
80
70
68
96
117
114
99
102
77
108
111
74
62
105
66
108
61
101
106
104
84
71
76
87
72
61
74
83
78
123
79
108
70
67
116
87
89
87
89
89
78
63
69
92
98
116
96
108
96
72
128
114
84
138
93
87
126
57
102
84
105
99
69
102
93
110
96
66
84
113
132
71
86
96
90
108
70
80
105
102
73
87
89
123
71
99
114
84
100
114
86
63
87
48
99
75
115
81
69
113
119
75
90
67
114
87
105
87
95
75
86
74
77
69
99
108
93
92
99
94
113
111
122
118
74
84
75
60
126
107
106
84
72
132
86
99
102
99
102
120
93
96
105
102
83
63
77
86
74
81
90
149
78
109
75
77
94
105
90
116
87
60
119
119
111
79
105
78
81
69
79
74
37
92
110
81
63
65
84
81
98
49
102
89
96
97
101
108
73
99
107
78
96
136
83
84
122
68
93
96
128
86
92
90
95
93
99
45
110
87
98
154
115
102
84
98
99
69
103
119
78
114
108
87
90
101
93
107
102
92
104
113
99
73
96
110
105
92
96
96
93
108
98
92
88
95
103
80
639
639
768
719
599
679
659
679
679
699
599
619
639
679
679
679
599
619
639
799
659
699
679
639
679
699
579
759
679
659
659
619
681
639
599
659
659
619
719
599
719
719
539
659
599
659
699
639
599
659
639
619
659
679
659
679
659
579
619
579
661
719
659
659
659
599
719
619
679
619
679
659
639
579
699
659
679
661
699
699
619
599
659
699
659
559
699
659
599
619
679
619
699
719
579
659
659
699
659
699
719
701
659
719
639
679
619
619
719
679
739
661
639
719
539
679
686
703
621
679
719
559
579
699
639
699
559
679
699
659
639
679
739
719
639
679
679
679
719
639
701
621
699
759
599
699
661
619
679
599
639
721
659
639
599
699
679
719
659
599
659
659
639
639
639
679
679
619
639
659
679
659
599
699
619
639
639
699
719
619
846
679
619
619
659
659
659
561
679
659
619
679
679
619
619
619
699
639
699
621
659
599
639
659
799
659
639
661
679
679
699
679
679
982
599
599
659
639
659
659
659
621
619
539
679
759
722
659
739
659
659
639
659
639
659
559
579
719
579
679
679
639
679
659
641
599
659
699
719
739
619
659
619
679
761
639
699
619
599
659
679
619
659
639
559
679
699
679
699
659
622
659
679
719
739
681
699
659
661
659
659
619
659
699
659
679
659
659
659
619
679
701
659
719
639
699
661
539
679
639
659
719
681
679
679
679
641
699
679
679
599
639
779
699
679
659
679
659
619
759
679
659
739
639
719
719
719
619
719
659
719
699
684
639
679
559
659
679
721
659
699
639
719
699
679
719
599
619
599
739
699
699
639
679
639
679
679
619
579
679
699
699
679
619
559
639
701
619
679
659
722
679
639
719
659
699
699
619
579
779
659
639
679
679
619
699
759
739
659
619
619
639
619
679
679
539
599
863
659
659
679
661
659
639
659
599
639
599
719
639
661
719
699
701
679
639
659
661
679
699
639
619
659
659
599
679
679
739
761
659
679
723
781
699
699
739
639
639
619
639
739
619
579
619
623
659
681
639
619
619
599
699
661
659
639
639
679
639
619
659
639
639
679
679
679
599
719
662
722
699
599
659
681
679
619
619
679
739
679
641
679
621
639
679
679
619
639
679
683
679
639
699
699
599
679
679
719
659
679
719
699
639
639
659
639
581
719
679
619
699
619
739
722
659
699
659
619
679
659
639
701
679
739
699
619
641
581
659
719
719
699
639
679
661
659
619
659
659
659
659
639
639
679
659
559
659
639
599
679
679
661
681
699
701
599
619
679
659
639
641
639
699
579
679
699
619
599
679
579
699
719
659
761
639
679
619
659
619
619
679
659
639
699
719
639
639
659
719
579
599
659
679
699
679
699
619
719
679
699
639
679
639
659
559
619
763
719
679
659
619
724
659
619
759
679
641
639
659
559
619
681
639
659
599
659
719
639
659
679
679
699
679
699
619
579
679
679
679
699
659
659
599
659
661
659
639
679
579
659
679
659
659
639
639
739
679
639
659
659
679
659
699
659
661
699
681
621
679
679
699
659
659
641
679
699
619
719
643
659
639
681
659
639
599
599
679
719
621
659
739
659
619
599
679
659
619
699
719
619
679
619
741
679
679
679
619
679
679
659
622
699
659
719
739
659
659
663
699
739
639
619
659
639
701
599
699
659
719
599
679
699
699
619
619
679
641
699
639
701
721
759
659
659
659
619
619
619
679
619
719
641
679
721
699
719
719
659
639
659
639
559
559
679
619
639
739
619
579
599
659
679
659
681
659
599
719
659
639
599
659
739
659
659
659
719
639
679
639
699
659
659
699
619
739
699
699
579
699
659
699
699
679
639
1484
719
639
619
639
721
679
639
701
619
659
619
679
701
579
619
719
639
679
639
619
699
639
599
702
579
719
599
621
699
699
619
679
719
679
599
639
661
639
639
621
599
739
681
619
679
599
659
659
699
619
721
878
701
679
679
661
719
659
719
679
659
699
601
599
639
619
699
699
665
679
619
619
699
759
619
639
681
699
599
619
699
619
701
659
681
639
639
599
639
661
699
619
701
679
619
619
659
619
659
579
661
619
619
661
639
619
719
639
639
679
702
681
579
679
699
699
639
619
639
659
641
599
679
659
679
623
599
619
699
639
699
619
639
659
659
659
639
699
639
719
699
719
699
679
719
659
619
659
701
739
639
699
679
659
701
659
719
639
719
661
679
599
699
539
579
699
641
719
659
679
679
679
683
641
681
659
659
739
699
719
659
679
719
819
659
579
619
679
659
619
699
679
679
699
724
619
