1.13858
1.00674
1.02269
1.01771
1.00106
1.12275
1.01137
1.00295
1.03303
1.03387
1.00918
1.04474
1.0289
1.02251
1.06214
1.06222
1.01579
1.00738
1.00149
1.00865
1.02199
1.00352
1.11274
1.00634
1.00072
1.01047
1.00743
1.02111
1.01798
1.00174
1.0132
1.05214
1.03672
1.00953
1.05735
1.16496
1.02119
1.0085
1.01608
1.02026
1.01799
1.05693
1.04947
1.04802
1.07608
1.00706
1.024
1.05462
1.02872
1.02207
1.03938
1.00495
1.01071
1.07543
1.01286
1.00514
1.01213
1.05112
1.03183
1.04035
1.00108
1.12985
1.03163
1.14377
1.0515
1.00688
1.08053
1.0224
1.02559
1.16628
1.01087
1.00535
1.00515
1.01178
1.00395
1.12501
1.02726
1.11366
1.12192
1.00242
1.1481
1.01126
1.02358
1.01734
1.0202
1.02118
1.0131
1.00239
1.0015
1.08092
1.0565
1.06994
1.0062
1.00586
1.06269
1.00776
1.02048
1.03988
1.00651
1.08139
1.007
1.08691
1.01537
1.08135
1.00318
1.12385
1.03012
1.05601
1.0174
1.08722
1.00671
1.01171
1.0326
1.0414
1.01206
1.10781
1.14031
1.02476
1.07534
1.01308
1.06164
1.07526
1.02442
1.01022
1.00428
1.00966
1.03406
1.01917
1.02168
1.10777
1.19057
1.01318
1.01548
1.01455
1.01652
1.04781
1.00005
1.11543
1.03675
1.06089
1.00461
1.01591
1.02355
1.00384
1.10349
1.01789
1.05754
1.09352
1.08171
1.16218
1.03338
1.00341
1.02092
1.0139
1.01454
1.03857
1.0065
1.02441
1.00609
1.0127
1.04172
1.02254
1.02474
1.03013
1.09823
1.05598
1.00687
1.01625
1.0109
1.02138
1.00843
1.08462
1.00358
1.07566
1.05989
1.00892
1.01969
1.05366
1.00101
1.07985
1.0152
1.00091
1.00438
1.00939
1.02958
1.00055
1.0111
1.00826
1.07461
1.00551
1.01554
1.00779
1.01255
1.01274
1.08376
1.01535
1.02885
1.02699
1.03096
1.00289
1.0055
1.00846
1.06606
1.02692
1.01858
1.04752
1.02283
1.04342
1.0562
1.00222
1.00903
1.02903
1.01704
1.04689
1.01772
1.04759
1.07967
1.02542
1.06986
1.00808
1.023
1.17505
1.02772
1.02681
1.01987
1.01795
1.01116
1.09044
1.01738
1.00828
1.00915
1.06483
1.01927
1.05766
1.09085
1.02163
1.0111
1.05655
1.11267
1.00392
1.04128
1.02819
1.00977
1.02885
1.00345
1.01731
1.00907
1.01477
1.00319
1.03159
1.00235
1.01902
1.03043
1.04135
1.02303
1.02889
1.00178
1.00743
1.06886
1.00275
1.05467
1.13767
1.00395
1.01328
1.00501
1.00543
1.05456
1.00841
1.02045
1.02733
1.0274
1.02706
1.01011
1.00451
1.02673
1.01967
1.00494
1.00203
1.01634
1.04377
1.06271
1.01983
1.06849
1.01189
1.09704
1.10746
1.00815
1.00733
1.0189
1.01886
1.00823
1.00197
1.00274
1.00258
1.04115
1.12756
1.05257
1.00397
1.00394
1.04869
1.03795
1.0344
1.00841
1.00325
1.04215
1.01286
1.01279
1.00745
1.06346
1.00281
1.02027
1.00384
1.02844
1.00707
1.02446
1.0582
1.01532
1.05846
1.1445
1.01352
1.02359
1.02587
1.04472
1.02542
1.06303
1.0135
1.01777
1.00824
1.00214
1.02878
1.00663
1.02195
1.06408
1.02761
1.09304
1.10617
1.00541
1.00869
1.04005
1.01258
1.0251
1.08014
1.03147
1.02573
1.02596
1.06534
1.00417
1.04466
1.04587
1.02733
1.01773
1.02669
1.06403
1.01835
1.0462
1.06777
1.05392
1.00477
1.03208
1.0117
1.01752
1.00572
1.11982
1.02255
1.02195
1.09488
1.0373
1.01823
1.02342
1.00315
1.08036
1.00954
1.01679
1.02366
1.00037
1.01247
1.00234
1.16505
1.0555
1.00461
1.01691
1.01553
1.00733
1.04303
1.02312
1.00704
1.08244
1.01533
1.02913
1.01169
1.0189
1.02849
1.01323
1.03365
1.01191
1.03525
1.09374
1.01666
1.00421
1.0052
1.0127
1.07819
1.01784
1.05946
1.03507
1.00251
1.00822
1.00809
1.00358
1.0227
1.01822
1.08126
1.09107
1.01185
1.01731
1.03087
1.01092
1.02572
1.01761
1.04002
1.00765
1.1185
1.00484
1.04775
1.00357
1.01793
1.02011
1.00187
1.04187
1.02796
1.01239
1.03966
1.0061
1.00818
1.01303
1.10576
1.08824
1.02716
1.00584
1.03642
1.05061
1.03276
1.01296
1.00523
1.03793
1.03325
1.00579
1.11866
1.00638
1.04128
1.01064
1.05543
1.11076
1.03925
1.00279
1.02387
1.0079
1.06921
1.04617
1.02816
1.07976
1.03348
1.00892
1.00681
1.21863
1.1515
1.01093
1.00321
1.11297
1.02755
1.01026
1.00439
1.00331
1.00271
1.01975
1.00242
1.02736
1.02492
1.01352
1.00335
1.03466
1.03457
1.01066
1.04203
1.00437
1.02491
1.02907
1.01064
1.0057
1.08685
1.04508
1.00581
1.01704
1.0184
1.05294
1.02152
1.04278
1.0382
1.02041
1.0648
1.04611
1.01267
1.02077
1.01202
1.08336
1.00632
1.0026
1.09347
1.03112
1.05586
1.00684
1.03174
1.08541
1.00221
1.04921
1.21953
1.02922
1.14853
1.00229
1.01838
1.01431
1.00902
1.06687
1.02055
1.02055
1.01196
1.01244
1.0037
1.04036
1.00221
1.03181
1.07614
1.01997
1.09599
1.00714
1.08794
1.01269
1.02663
1.01075
1.01153
1.00521
1.02845
1.02282
1.00504
1.00472
1.01121
1.10708
1.00531
1.00482
1.00334
1.03538
1.08624
1.13635
1.03461
1.05224
1.03346
1.02292
1.04237
1.00326
1.00596
1.04709
1.00884
1.00449
1.03563
1.01199
1.032
1.01425
1.04093
1.07182
1.00908
1.01703
1.08299
1.03222
1.0035
1.01502
1.02657
1.01192
1.06374
1.01456
1.00244
1.04613
1.11627
1.01311
1.0784
1.06776
1.03747
1.00588
1.1599
1.02326
1.07084
1.02576
1.00525
1.00665
1.12791
1.04671
1.00527
1.01109
1.1193
1.00535
1.00731
1.02317
1.00668
1.03932
1.13199
1.01642
1.05155
1.08364
1.05214
1.00746
1.00296
1.04139
1.01109
1.10827
1.00752
1.00857
1.02302
1.01343
1.00686
1.01092
1.01658
1.08411
1.0062
1.04288
1.11005
1.05317
1.03533
1.00467
1.00258
1.1009
1.0276
1.0029
1.01893
1.04213
1.01463
1.00454
1.03133
1.01079
1.01301
1.02637
1.04181
1.1563
1.08288
1.05785
1.00201
1.03821
1.00644
1.00849
1.00487
1.00858
1.02398
1.01539
1.02865
1.00453
1.00385
1.05142
1.01452
1.04357
1.00378
1.00672
1.00974
1.00766
1.0053
1.06353
1.00163
1.02404
1.01013
1.04713
1.12185
1.00416
1.08916
1.01205
1.02462
1.04462
1.03075
1.02331
1.08911
1.0162
1.02046
1.0134
1.00373
1.02375
1.02924
1.03926
1.00543
1.0169
1.11724
1.03064
1.00133
1.10411
1.0109
1.04706
1.01787
1.02276
1.02081
1.00735
1.00908
1.0137
1.0147
1.0385
1.00872
1.01532
1.08309
1.01978
1.01454
1.03077
1.0211
1.03784
1.03114
1.05217
1.066
1.07262
1.00141
1.0417
1.00887
1.14037
1.02914
1.08687
1.04586
1.06404
1.01009
1.02858
1.00225
1.03011
1.00624
1.09434
1.01119
1.0427
1.0503
1.10639
1.01662
1.01593
1.02381
1.01139
1.02051
1.04212
1.00156
1.06876
1.00527
1.00767
1.00674
1.00635
1.07663
1.03442
1.00997
1.00841
1.0089
1.07506
1.04407
1.02725
1.02879
1.05195
1.01682
1.05492
1.01064
1.02409
1.04724
1.14723
1.21691
1.01311
1.04087
1.03454
1.05971
1.07654
1.07223
1.01508
1.00151
1.02347
1.08158
1.02095
1.04969
1.00719
1.02614
1.01449
1.03885
1.01675
1.0345
1.02286
1.00591
1.02226
1.08779
1.02425
1.00674
1.02221
1.00373
1.00956
1.01866
1.02827
1.00221
1.00546
1.06724
1.01441
1.08454
1.0187
1.00633
1.05217
1.00189
1.00009
1.00225
1.01467
1.29414
1.11136
1.08165
1.04218
1.13332
1.06239
1.07063
1.04536
1.00687
1.02255
1.00732
1.065
1.03661
1.05643
1.03954
1.02476
1.0902
1.00696
1.03038
1.04337
1.00943
1.01598
1.0971
1.01238
1.00219
1.00287
1.05997
1.12693
1.02067
1.02268
1.06136
1.0189
1.04892
1.00984
1.03109
1.03341
1.00762
1.04161
1.01611
1.00584
1.07902
1.01068
1.00392
1.01076
1.02157
1.00317
1.01589
1.12616
1.06456
1.03921
1.09403
1.00728
1.03242
1.02575
1.02124
1.00301
1.02041
1.01121
1.02154
1.02693
1.00602
1.02364
1.00869
1.0162
1.01446
1.01338
1.03084
1.01003
1.02952
1.05093
1.05899
1.00607
1.14964
1.00826
1.09076
1.02622
1.07534
1.00409
1.01447
1.05729
1.11926
1.00917
1.12803
1.04013
1.0304
1.00548
1.00257
1.00893
1.09279
1.05203
1.0053
1.01546
1.0583
1.05367
1.02356
1.02532
1.03055
1.03699
1.06291
1.03192
1.00389
1.03167
1.00858
1.0213
1.04963
1.0751
1.00753
1.0142
1.06173
1.01411
1.01291
1.03603
1.00139
1.01144
1.05565
1.05577
1.00414
1.02358
1.01192
1.02642
1.01446
1.0733
1.00603
1.04827
1.01473
1.01755
1.00793
1.01022
1.02361
1.00248
1.02005
1.05114
1.00523
1.01532
1.04664
1.00958
1.01553
1.00638
1.02002
1.02525
1.04334
1.01913
1.0254
1.00737
1.04618
1.01568
1.00295
1.0329
1.00543
1.03183
1.00707
1.01035
1.02419
1.00457
1.00211
1.04251
1.00414
1.01509
1.088
1.01664
1.03127
1.07545
1.01314
1.0226
1.02355
1.02145
1.00587
1.10122
1.03967
1.01784
1.058
1.00372
1.07738
1.00892
1.00754
1.01196
1.10721
1.01143
1.13715
1.03726
1.01905
1.00225
1.00732
1.04379
1.00931
1.04267
1.00145
1.02384
1.02472
1.00472
1.01131
1.00289
1.03597
1.01686
1.05237
1.0111
1.10141
1.05446
1.01361
1.08897
1.01764
1.47857
1.07926
1.08183
1.03497
1.0027
1.18323
1.05113
1.00716
1.06833
1.04928
1.01734
1.08257
1.04018
1.02841
1.17751
1.4704
1.0308
1.05788
1.00986
1.01655
1.07655
1.01347
1.37331
1.01751
1.00373
1.03919
1.02567
1.03945
1.08377
1.05372
1.03019
1.09463
1.05024
1.09517
1.41865
1.3877
1.02577
1.06311
1.0339
1.02671
1.07804
1.09431
1.0649
1.09999
1.14796
1.01397
1.03564
1.14504
1.15926
1.02735
1.05783
1.24833
1.02528
1.10477
1.02678
1.01554
1.01624
1.07132
1.06666
1.28388
1.01658
1.20934
1.18904
1.40643
1.06022
1.01067
1.2105
1.02683
1.0269
1.35489
1.01837
1.06752
1.01245
1.01901
1.00722
1.34953
1.11366
1.35452
1.28801
1.00543
1.19934
1.07415
1.05323
1.02667
1.05725
1.0569
1.0217
1.01015
1.01542
1.10585
1.49702
1.08897
1.01793
1.0105
1.12817
1.01043
1.06939
1.12167
1.01856
1.09283
1.01427
1.24996
1.05022
1.09181
1.01455
1.47797
1.22706
1.07556
1.04316
1.17671
1.02592
1.02325
1.05484
1.04711
1.01571
1.15015
1.18707
1.03387
1.08907
1.11235
1.56461
1.16112
1.03561
1.01587
1.01888
1.019
1.10961
1.02942
1.04347
1.162
1.38869
1.04872
1.01913
1.027
1.02787
1.23923
1.00395
1.17832
1.06273
1.07539
1.01362
1.02419
1.09887
1.03296
1.1138
1.0326
1.24058
1.13699
1.18728
1.22237
1.04182
1.0073
1.04826
1.01572
1.02619
1.11411
1.01268
1.20419
1.09911
1.05042
1.8619
1.0648
1.03247
1.07827
1.14711
1.21269
1.01034
1.03638
1.03341
1.02722
1.06067
1.37732
1.01511
1.20996
1.06647
1.01261
1.13202
1.16966
1.00527
1.19678
1.01648
1.00488
1.02628
1.02277
1.04086
1.00107
1.0194
1.0148
1.12515
1.02113
1.02177
1.01617
1.07222
1.03011
1.15185
1.02707
1.17193
1.0433
1.25964
1.00941
1.01464
1.01817
1.12543
1.03932
1.02205
1.08691
1.02531
1.04919
1.11469
1.00356
1.1395
2.03043
1.01818
1.05571
1.19345
1.0555
1.22317
1.05007
1.09048
1.01316
1.02704
1.2207
1.06233
1.05037
1.33668
1.15385
1.03871
1.20778
1.02861
1.02267
1.03062
1.07517
1.10511
1.08449
1.24215
1.02639
1.01664
1.10173
1.14233
1.01186
1.05088
1.04338
1.01943
1.06481
1.00772
1.02379
1.03334
1.22628
1.00534
1.04309
1.01033
1.02708
1.04094
1.09732
1.23046
1.04274
1.02226
1.01032
1.17782
1.01254
1.11559
1.27422
1.18271
1.02111
1.00806
1.01368
1.11107
1.021
1.07234
1.12303
1.04961
1.16839
1.02747
1.00933
1.03129
1.09175
1.01066
1.02369
1.04223
1.05268
1.10072
1.03113
1.21852
1.0199
1.09876
1.11427
1.01149
1.1559
1.04639
1.03584
1.07317
1.01057
1.08526
1.00729
1.05095
1.40343
1.06278
1.01699
1.01219
1.05874
1.05176
1.07125
1.04002
1.01982
1.08334
1.13645
1.02645
1.01772
1.07208
1.00726
1.03737
1.04534
1.06825
1.01595
1.21344
1.10184
1.03185
1.11635
1.25571
1.0356
1.06068
1.0684
1.0547
1.19304
1.17401
1.02094
1.02106
1.01562
1.01085
1.0379
1.00964
1.03014
1.11786
1.10737
1.17197
1.49612
1.0105
1.01523
1.05916
1.04622
1.03392
1.16506
1.09613
1.06735
1.0291
1.13213
1.00907
1.09255
1.24428
1.05825
1.07331
1.24467
1.08367
1.0221
1.23205
1.19762
1.10161
1.01914
1.19781
1.80971
1.11266
1.0148
1.19091
1.029
1.03479
1.09995
1.08233
1.0243
1.06244
1.01896
1.11219
1.02793
1.69657
1.04675
1.00141
1.0975
1.01248
1.43044
1.21157
1.00655
1.02089
1.16025
1.02024
1.04543
1.56992
1.15415
1.29361
1.06687
1.40316
1.01733
1.03717
1.0715
1.03429
1.2728
1.04745
1.20182
1.33186
1.04137
1.04434
1.00797
1.01491
1.08264
1.03026
1.21159
1.09218
1.01353
1.03529
1.14738
1.01276
1.454
1.03176
1.24642
1.14096
1.02524
1.02329
1.69163
1.03478
1.06143
1.02415
1.07568
1.02469
1.36837
1.00896
1.0752
1.18907
1.01942
1.03092
1.02854
1.09973
1.0531
1.09905
1.04276
1.01164
1.01387
1.0566
1.34248
1.12205
1.0341
1.02324
1.04225
1.19671
1.06973
1.02409
1.01391
1.06551
1.05241
1.01782
1.27055
1.00701
1.0486
1.02968
1.09484
1.12279
1.06593
1.01026
1.04006
1.04515
1.08165
1.06192
1.10759
1.12944
1.03825
1.01415
1.01705
1.48133
1.21797
1.01395
1.01117
1.191
1.05172
1.03897
1.01493
1.01771
1.0047
1.04333
1.00867
1.037
1.04608
1.41171
1.02398
1.08818
1.04827
1.01737
1.04751
1.00995
1.2329
1.34678
1.01769
1.01028
1.67942
1.26004
1.0761
1.07552
1.02741
1.10429
1.16435
1.11899
1.32301
1.14351
1.07513
1.20792
1.01481
1.03172
1.02614
1.20752
1.00987
1.01563
1.14075
1.04055
1.18847
1.03082
1.28894
1.09378
1.01037
1.19056
1.47217
1.13312
1.51531
1.01296
1.03576
1.01809
1.01594
1.12526
1.03193
1.0297
1.15701
1.09302
1.00782
1.04704
1.01078
1.04191
1.16251
1.10037
1.25636
1.05987
1.09414
1.02038
1.03112
1.01404
1.02424
1.01423
1.15205
1.02889
1.07714
1.29094
1.0209
1.37679
1.10533
1.02353
1.01272
1.2516
1.11737
1.20715
1.04202
1.07114
1.28906
1.03551
1.12606
1.00487
1.05728
1.05711
1.02817
1.01803
1.06194
1.02372
1.25244
1.02055
1.10802
1.12223
1.03578
1.02683
1.08809
1.17648
1.02
1.02405
1.03339
1.02462
1.18374
1.07217
1.03584
1.05349
1.23902
1.09501
1.12928
1.0805
1.07362
1.01538
1.2249
1.02557
1.15835
1.17606
1.0094
1.01371
1.2323
1.34868
1.01084
1.0557
1.4508
1.03441
1.00881
1.07227
1.02613
1.05645
1.17604
1.02241
1.14392
1.38215
1.05862
1.01137
1.00915
1.04452
1.01963
1.15012
1.01598
1.01996
1.05529
1.03922
1.01367
1.04666
1.03231
1.09915
1.11066
1.35254
1.54768
1.0749
1.10964
1.01193
1.00681
1.21093
1.03744
1.00812
1.06188
1.05458
1.04612
1.01843
1.09428
1.02171
1.01893
1.17101
1.08209
1.27645
1.16614
1.07917
1.01061
1.05095
1.04163
1.02417
1.00851
1.04822
1.15132
1.06593
1.03866
1.00656
1.01133
1.05422
1.03794
1.1204
1.00822
1.01768
1.01926
1.02231
1.06896
1.14458
1.01011
1.06159
1.04261
1.11657
1.15646
1.00963
1.0949
1.0263
1.04683
1.09535
1.03884
1.15856
1.14919
1.39188
1.0627
1.01923
1.0072
1.03472
1.03599
1.06518
1.00913
1.09877
1.1336
1.04021
1.00601
1.21899
1.03289
1.05473
1.02647
1.02468
1.07682
1.19058
1.02023
1.10431
1.05992
1.04382
1.02044
1.12353
1.08453
1.02663
1.02504
1.03922
1.05386
1.06336
1.09891
1.0948
1.08741
1.18061
1.00634
1.04481
1.05649
1.35431
1.09364
1.15461
1.13768
1.20405
1.03001
1.14407
1.0078
1.23995
1.06434
1.38319
1.02597
1.04513
1.11555
1.21375
1.02084
1.02886
1.03078
1.01767
1.03149
1.05345
1.00805
1.25767
1.0167
1.01924
1.04171
1.0652
1.26448
1.70056
1.01399
1.01313
1.02298
1.08145
1.28842
1.15339
1.04394
1.15644
1.02105
1.0753
1.01274
1.04229
1.21961
1.26743
1.40542
1.0391
1.04999
1.04725
1.09302
1.14742
1.2615
1.05558
1.00216
1.04666
1.34164
1.02942
1.23674
1.0187
1.14298
1.35646
1.04344
1.0188
1.20185
1.09808
1.03016
1.08007
1.16759
1.11404
1.10783
1.03797
1.00885
1.19917
1.03616
1.6546
1.01082
1.02899
1.07343
1.02613
1.34023
1.02964
1.01707
1.05833
1.01389
1.00444
1.00911
1.02572
1.45244
1.11543
1.11142
1.26927
1.29724
1.0742
1.19847
1.06403
1.02805
1.02738
1.01938
1.07084
1.13237
1.06188
1.0492
1.03154
1.32201
1.0167
1.16394
1.11757
1.02701
1.02929
1.25572
1.0167
1.01993
1.01625
1.10945
1.29222
1.03558
1.06366
1.10506
1.02405
1.05551
1.01234
1.0372
1.05041
1.01876
1.04832
1.03429
1.0097
1.19748
1.027
1.01476
1.0213
1.03342
1.00833
1.0314
1.22325
1.17606
1.40765
1.11874
1.01438
1.03514
1.1924
1.03407
1.01311
1.03829
1.0221
1.02328
1.03728
1.04211
1.08984
1.02059
1.02395
1.0167
1.05602
1.30344
1.08563
1.09386
1.36175
1.12458
1.01716
1.49412
1.02803
1.10414
1.03842
1.12617
1.00965
1.02218
1.31649
1.27563
1.0184
1.30597
1.05097
1.09054
1.01805
1.01037
1.01481
1.39151
1.07504
1.01718
1.02518
1.07924
1.09663
1.053
1.04818
1.03406
1.04629
1.28127
1.04614
1.01371
1.35144
1.01708
1.02323
1.06041
1.35384
1.0103
1.10811
1.09038
1.04429
1.02279
1.03885
1.00696
1.01506
1.06614
1.15286
1.0353
1.15301
1.01803
1.13963
1.01671
1.15218
1.0121
1.10706
1.01859
1.019
1.01768
1.01611
1.03267
1.00473
1.09775
1.59715
1.07149
1.02058
1.09286
1.09163
1.04692
1.01436
1.07211
1.08084
1.06937
1.02529
1.03262
1.02789
1.07552
1.09258
1.06532
1.14346
1.02223
1.92865
1.02234
1.02919
1.03264
1.03989
1.00458
1.27937
1.01976
1.02784
1.24717
1.02807
1.03476
1.1084
1.02495
1.03235
1.02819
1.02471
1.01731
1.11761
1.33016
1.12614
1.11033
1.0191
1.13889
1.0138
1.04679
1.01563
1.1664
1.11408
1.19876
1.12152
1.02719
1.01575
1.02709
1.08442
1.01896
1.10018
1.0105
1.05313
1.17109
1.01956
1.02285
1.02874
1.11761
1.03225
1.09014
1.18625
1.35191
1.12071
1.06907
1.09345
1.02429
1.72484
1.34273
2.70741
1.32597
1.01042
2.04012
2.16804
1.94246
2.93689
1.33877
3.33309
1.94517
1.72989
1.60151
2.45284
2.42444
2.98805
1.12147
1.31361
2.77511
1.65017
1.84471
1.77535
3.00972
1.37319
1.5052
1.36427
1.5703
1.19033
1.77229
1.61864
2.83666
2.10783
2.15341
1.52335
1.76336
1.61538
1.14784
3.23149
1.46884
1.56397
1.68981
1.33471
1.33982
1.71071
1.50802
1.38397
1.69909
1.55848
1.18414
1.96843
1.251
3.19235
1.61357
2.64314
1.08981
1.84724
1.82063
1.47689
1.72898
1.30651
1.6938
1.55538
2.11553
2.25351
2.89364
1.61354
1.30293
2.16333
2.27704
1.07359
1.58811
2.68868
1.43751
1.32577
1.65323
1.46341
1.51128
1.57369
1.03251
2.16353
1.32099
1.65317
1.80327
2.22284
2.89264
1.1553
2.01964
3.01044
2.84253
2.40801
2.14784
1.34024
2.70228
1.70483
2.0476
2.81659
1.82026
2.30356
2.05379
1.35091
2.42311
1.19789
1.48301
2.09513
2.3714
1.5241
1.31548
2.33754
1.45976
2.6636
1.16167
1.70128
1.58134
1.90301
2.11006
1.56939
1.68153
1.94673
2.33008
2.65949
1.39182
1.24934
3.15064
2.26108
1.03524
1.31764
2.64003
1.30726
2.94935
2.85107
1.17882
1.15362
2.17567
1.18299
1.87938
1.45263
2.09576
1.34541
2.00154
3.28985
1.91898
1.77907
1.04152
1.32984
2.12393
2.92513
1.7049
1.48308
2.45829
2.18332
1.91914
2.2623
1.32492
1.06302
1.22837
1.29196
1.88358
2.2069
1.07591
2.30541
1.48645
1.76264
2.13981
1.8586
2.07094
1.75567
2.5276
1.35719
1.56659
1.75017
2.57852
2.13032
1.96048
1.55571
1.73428
2.39015
1.43371
3.35907
1.9436
3.41056
3.10449
1.14159
1.49398
1.97585
1.00332
2.42597
1.52427
1.77276
2.68829
1.40406
1.04832
2.7739
2.54416
2.06738
1.82821
2.10565
1.20116
2.60029
3.02717
1.70274
2.6242
1.25359
2.50393
1.57044
2.17656
2.21842
1.17283
1.79806
3.26979
2.76119
2.96223
1.41443
1.40576
1.94319
1.68576
1.53615
1.95859
2.13156
1.23966
1.91659
2.13862
2.30127
1.63921
1.98665
1.31686
1.95784
2.47918
1.66451
1.77036
1.05754
2.25682
2.33561
2.23567
1.31153
1.07826
1.68138
2.04
1.60472
1.48464
2.33393
1.47033
1.66358
2.54272
1.02824
1.81303
1.12694
2.68936
1.06397
2.66984
1.28006
1.67133
1.63141
2.84205
1.26094
1.96256
1.35788
2.3701
2.3033
1.29828
2.43498
1.76058
3.32505
1.49867
1.45352
1.77576
2.60944
1.43894
1.48959
1.65564
1.23847
1.7117
1.98019
1.57586
1.56854
2.2596
1.08872
1.12121
1.83597
2.00596
1.55525
2.1196
2.35682
1.61896
1.52607
1.29806
1.80699
1.17251
3.41915
1.85058
3.22513
1.19853
1.83143
1.31669
2.28817
1.57931
1.33153
2.50799
1.48232
2.28602
1.94097
2.41296
1.11462
1.48509
2.37016
2.04968
1.1215
2.6569
1.37972
1.35149
1.7764
3.32215
1.2962
1.3443
2.51759
1.5299
1.84487
2.65831
2.24978
1.55304
2.20708
1.14425
1.65228
2.99877
1.35819
1.68105
1.52445
1.11508
1.38139
2.10438
1.6796
2.07692
1.57475
1.54486
2.15389
1.76081
2.57546
1.39907
2.00919
2.16008
1.49534
1.53158
3.0546
1.56996
1.06135
1.71971
1.37463
1.12393
1.2964
1.18386
1.47107
1.76844
2.0266
1.39902
1.39944
1.51164
2.76192
2.51696
1.64359
2.13965
2.38937
3.05797
2.07144
1.48863
3.22137
2.14938
2.00575
2.63809
2.76572
1.15721
1.84333
1.79323
2.90421
1.76947
1.595
1.73036
1.2441
2.59816
1.73958
1.37575
2.65179
2.85783
3.35281
1.97534
2.72958
2.76859
2.37068
1.93448
2.28778
1.06259
1.99258
1.69635
1.63481
2.15719
1.92193
1.5068
1.66179
2.34748
2.24005
2.27348
1.28171
1.69174
1.85045
2.15504
2.14596
2.60294
2.87515
1.31783
1.88616
2.24029
2.77948
2.69734
1.64233
2.07406
1.92688
2.1572
2.84343
1.98174
2.18287
2.40462
2.50202
1.81183
1.27432
1.65108
1.26372
1.39655
2.98091
1.60041
1.77662
1.69688
2.8858
1.20573
2.10478
1.51345
1.19563
2.23119
1.43661
1.6235
1.03871
1.26022
1.49027
1.77236
2.65627
3.12098
2.6313
2.2246
1.02171
1.85725
1.42807
1.83934
2.33834
1.43054
1.76236
1.58339
3.08318
1.2264
1.0653
2.73682
1.78726
1.63886
1.43906
1.29709
2.64668
1.24604
2.16889
1.7034
1.94532
1.33819
1.92852
2.19481
1.19029
1.49429
1.17
1.20611
1.54508
2.06978
2.77269
3.50883
1.62303
1.9405
1.69037
2.18157
1.53937
2.24838
1.015
1.45942
1.67344
1.66107
1.73238
2.23047
1.54909
2.7382
1.26731
2.06587
1.72823
1.18865
1.59024
2.07433
1.74337
1.28349
2.13724
2.60273
2.72077
2.04061
1.67543
1.29649
1.30506
1.73997
1.37594
1.34467
1.69941
1.95332
1.59843
3.19096
2.26322
2.59481
2.0249
2.20668
3.08293
2.50182
1.10974
1.24008
1.31273
1.22678
1.37272
1.17194
2.63034
3.26845
1.87616
2.18465
1.38431
1.83371
1.43278
2.53336
2.22239
1.5566
2.31364
1.06867
1.84725
1.73609
1.54359
2.58525
2.39945
1.34297
1.47879
2.22094
2.59276
1.32392
2.32912
2.67172
2.03507
1.71421
2.27662
1.09938
1.40733
1.45134
2.35423
1.31304
1.7958
2.88364
1.66342
2.11877
2.35377
1.51762
1.30586
1.98563
2.83106
2.26155
2.72911
1.18512
2.36853
1.93549
2.29071
3.01525
1.54106
1.85989
2.04954
1.76756
1.75445
1.20683
1.97203
1.86103
1.86628
1.8213
2.07148
1.77955
1.62124
2.06661
1.6376
1.87267
1.37322
1.51667
1.13844
2.00184
2.09067
3.27911
3.34777
2.05498
3.02034
2.81207
1.93063
1.12988
1.94025
1.6411
1.0678
2.41512
1.81073
2.40096
1.57473
1.52549
2.1417
1.16259
1.73852
2.22197
1.67135
1.97733
1.24871
1.80567
1.21099
1.67125
1.82266
1.11732
1.91408
2.69186
1.78941
2.34571
2.18651
2.56977
1.58306
1.67211
1.77994
1.13267
2.32425
2.08388
2.28828
1.41189
2.98945
2.5247
1.18099
2.08264
2.03014
2.06939
2.5865
1.25445
1.53044
2.10613
1.50322
1.2076
1.40217
2.22152
1.60518
1.38053
1.01145
1.81315
2.09259
3.14734
2.33451
2.84895
1.18278
2.44956
1.52522
1.42065
2.44917
1.01984
1.25748
2.33155
1.47586
2.50801
1.04783
1.9485
1.4725
2.78227
2.27304
1.10468
2.49474
1.41843
3.06341
2.15051
2.74324
3.4017
1.51924
1.72266
1.5817
1.46242
1.16772
1.70486
1.44511
1.56967
1.88321
2.49075
1.43986
1.7556
1.72604
1.71081
2.05429
1.75602
1.46814
1.45663
1.9834
2.42683
1.62703
1.49932
1.76316
2.73391
2.19495
1.28167
1.67476
1.16678
1.94662
1.71192
2.3778
2.74972
1.30414
1.405
2.82828
1.2856
2.68711
1.2971
1.91418
1.32672
1.31502
1.25542
1.64632
1.85425
1.51741
1.85879
2.4773
2.17727
1.48301
2.81993
1.34644
1.51077
1.10827
2.90715
2.91328
1.62897
1.52032
1.30345
3.58369
1.41706
2.19414
2.02566
2.48067
1.11725
1.03435
1.24779
1.66163
1.41414
1.24692
2.24566
1.37321
1.81185
1.94464
2.32661
1.29062
1.50723
2.44815
2.29983
1.06122
2.05722
1.55488
1.26053
1.33381
2.76235
2.14024
1.00277
1.86214
2.30223
2.79276
2.58738
1.1709
1.35336
1.58631
2.68725
1.31978
2.37342
2.02825
1.76115
1.17895
1.77231
1.13265
1.23115
3.19821
2.42144
2.01778
3.04929
2.23403
2.03286
1.40398
1.50299
1.42826
2.01591
2.37422
2.43461
2.28522
1.25226
1.20778
1.23161
2.10724
2.54599
2.05773
1.55211
2.15113
1.69005
2.3425
1.54644
1.37769
1.36809
1.42993
1.39817
1.88162
3.05291
1.66886
1.52356
1.24815
2.258
3.34715
1.88306
2.55895
2.33379
1.65294
2.517
1.80702
1.5619
2.34019
1.84612
2.06628
2.12845
1.73206
1.43001
1.15161
1.54085
2.13741
1.72881
1.31427
1.306
1.90252
3.68094
1.27944
1.59209
2.90409
1.10458
1.24474
1.82154
2.04227
2.84695
1.52528
2.71419
2.34031
1.26132
1.28962
1.88963
2.21379
2.58337
1.57056
1.40721
1.07516
1.56588
1.49476
2.91937
2.40539
2.16328
3.21995
1.40563
2.30255
2.13359
1.09814
2.93726
2.18414
2.97926
1.45504
2.21478
1.88648
1.71945
1.50343
3.04042
2.99304
1.25825
1.75494
1.49462
1.23022
2.01098
2.3644
1.80417
2.32579
2.51288
1.1006
1.85585
2.62331
1.43723
3.21967
1.29369
2.1296
1.82017
1.18202
1.09685
2.23802
2.45873
2.43629
3.51379
2.96796
1.63714
1.56503
2.0531
1.43479
1.4543
2.56493
2.09732
1.14145
1.72094
1.68254
2.3505
3.02646
1.32953
1.79372
1.28451
1.98459
1.07592
1.59772
2.65422
1.43436
2.99592
2.14182
1.57399
1.03827
2.60914
1.83097
3.02464
1.40271
2.34873
2.1973
1.0942
1.21497
1.68422
1.80595
2.85013
1.33166
2.40292
2.79615
2.01551
2.60671
1.98004
2.28595
2.71823
1.34452
1.89695
2.66554
1.55775
2.51037
2.19611
1.32129
2.65954
1.17376
2.88641
1.32467
2.02052
1.82919
2.20285
1.46797
1.30275
1.63668
2.66276
2.06089
2.32313
1.85281
1.32564
2.03269
2.29309
2.13998
2.61304
1.1718
1.83369
2.48539
1.39673
1.1933
1.89196
1.11609
2.23539
2.35107
2.77699
1.02163
1.4073
1.87529
1.08178
2.82242
1.2656
1.9164
2.00305
1.34338
2.92136
1.47582
1.71067
2.26181
1.35132
1.62945
1.62089
1.76441
1.18
1.3855
1.88713
351369000.0
598694000.0
209113000.0
535448000.0
885252000.0
259367000.0
295618000.0
323958000.0
174581000.0
490540000.0
158509000.0
268091000.0
400318000.0
456857000.0
231318000.0
236390000.0
168351000.0
783170000.0
636647000.0
193545000.0
400804000.0
374772000.0
281947000.0
180968000.0
602712000.0
509014000.0
579655000.0
459674000.0
717102000.0
414282000.0
424960000.0
182463000.0
279963000.0
301056000.0
457598000.0
311058000.0
414309000.0
769130000.0
155003000.0
467791000.0
451897000.0
317793000.0
466049000.0
546031000.0
303135000.0
485794000.0
496707000.0
398347000.0
388832000.0
652733000.0
327507000.0
431691000.0
162061000.0
324578000.0
199039000.0
819331000.0
344348000.0
327993000.0
487905000.0
318301000.0
646579000.0
359294000.0
425171000.0
239878000.0
235654000.0
180236000.0
396296000.0
561789000.0
267172000.0
240712000.0
771836000.0
442978000.0
210797000.0
523514000.0
607331000.0
342020000.0
503582000.0
342331000.0
405654000.0
863240000.0
253334000.0
624017000.0
438288000.0
368487000.0
256317000.0
189458000.0
693780000.0
336949000.0
174733000.0
181678000.0
241088000.0
243890000.0
600005000.0
197145000.0
359138000.0
291149000.0
196726000.0
342320000.0
271676000.0
269420000.0
544487000.0
221229000.0
685763000.0
345717000.0
312084000.0
217983000.0
429852000.0
443094000.0
224731000.0
377236000.0
219875000.0
699336000.0
412301000.0
374014000.0
340592000.0
242503000.0
344605000.0
375440000.0
273537000.0
257147000.0
212078000.0
404560000.0
629774000.0
162582000.0
286751000.0
755591000.0
583453000.0
211704000.0
532454000.0
177767000.0
179846000.0
722114000.0
678037000.0
271897000.0
686586000.0
343091000.0
556448000.0
255619000.0
504696000.0
295854000.0
155483000.0
316603000.0
389700000.0
764390000.0
439603000.0
284191000.0
171028000.0
330000000.0
356628000.0
202981000.0
249301000.0
338682000.0
271391000.0
572816000.0
752117000.0
550292000.0
628985000.0
355872000.0
283468000.0
663214000.0
238238000.0
473896000.0
372022000.0
291970000.0
288598000.0
242606000.0
368292000.0
200638000.0
555939000.0
390143000.0
371706000.0
213786000.0
309220000.0
284873000.0
406825000.0
388575000.0
242296000.0
478797000.0
159551000.0
259711000.0
147028000.0
176619000.0
728527000.0
468865000.0
309035000.0
851152000.0
238938000.0
515096000.0
318873000.0
203770000.0
510977000.0
792968000.0
200715000.0
227861000.0
304734000.0
366154000.0
310901000.0
607946000.0
213152000.0
181724000.0
421633000.0
209962000.0
529227000.0
207038000.0
423656000.0
251580000.0
260352000.0
547455000.0
304528000.0
158118000.0
200747000.0
180454000.0
506821000.0
486998000.0
344553000.0
383117000.0
382036000.0
299146000.0
237345000.0
675448000.0
302565000.0
236746000.0
256341000.0
412626000.0
337558000.0
625665000.0
318173000.0
249160000.0
361104000.0
363325000.0
759521000.0
254922000.0
262178000.0
230803000.0
433732000.0
646161000.0
405937000.0
296343000.0
351244000.0
528720000.0
237532000.0
484427000.0
403205000.0
200862000.0
848751000.0
361461000.0
766554000.0
210491000.0
840808000.0
194013000.0
646527000.0
397764000.0
414844000.0
183216000.0
553876000.0
289079000.0
617047000.0
247133000.0
233722000.0
631165000.0
207801000.0
285355000.0
156033000.0
470180000.0
493126000.0
386116000.0
197756000.0
557206000.0
518354000.0
360782000.0
564263000.0
389538000.0
330040000.0
473604000.0
406529000.0
251971000.0
822095000.0
799994000.0
344158000.0
289149000.0
436439000.0
265910000.0
226335000.0
438471000.0
349550000.0
413040000.0
359851000.0
679224000.0
148404000.0
308645000.0
157799000.0
739230000.0
389409000.0
624721000.0
231991000.0
389970000.0
507511000.0
244393000.0
511297000.0
227488000.0
306061000.0
251272000.0
777662000.0
539835000.0
222341000.0
325063000.0
640538000.0
213369000.0
453801000.0
616578000.0
383042000.0
158638000.0
554735000.0
592705000.0
237557000.0
441191000.0
328865000.0
211273000.0
222633000.0
429157000.0
280915000.0
613983000.0
403121000.0
168265000.0
477757000.0
412705000.0
399058000.0
770789000.0
595238000.0
283705000.0
404717000.0
276798000.0
389840000.0
415400000.0
269875000.0
304602000.0
224716000.0
558841000.0
291299000.0
271171000.0
413415000.0
334298000.0
168611000.0
415419000.0
534854000.0
326353000.0
595460000.0
503808000.0
478520000.0
646590000.0
473871000.0
386508000.0
272109000.0
521993000.0
538470000.0
404983000.0
205059000.0
244279000.0
405618000.0
286433000.0
245998000.0
180118000.0
286766000.0
447529000.0
162293000.0
233644000.0
260458000.0
200063000.0
191943000.0
758794000.0
297766000.0
373840000.0
181977000.0
362387000.0
434582000.0
397083000.0
681924000.0
208242000.0
393220000.0
579199000.0
208408000.0
190122000.0
150452000.0
283158000.0
190419000.0
203145000.0
226592000.0
330164000.0
257176000.0
655926000.0
288107000.0
359748000.0
428203000.0
257764000.0
317156000.0
432197000.0
359969000.0
240301000.0
272701000.0
252439000.0
559083000.0
328248000.0
365279000.0
253167000.0
274723000.0
229465000.0
198856000.0
572314000.0
361111000.0
253012000.0
190332000.0
191861000.0
377871000.0
295815000.0
327053000.0
248717000.0
193605000.0
303190000.0
269658000.0
207911000.0
239481000.0
277449000.0
663086000.0
366661000.0
394140000.0
535069000.0
179500000.0
483480000.0
360015000.0
381644000.0
193567000.0
560791000.0
301894000.0
483500000.0
656295000.0
254029000.0
413577000.0
417321000.0
780211000.0
560686000.0
367809000.0
395126000.0
206419000.0
174660000.0
204712000.0
241215000.0
669307000.0
326857000.0
491062000.0
312043000.0
269437000.0
465773000.0
295460000.0
459552000.0
176718000.0
663727000.0
685358000.0
186658000.0
364976000.0
382938000.0
427775000.0
503556000.0
219011000.0
643626000.0
248485000.0
329518000.0
321213000.0
604589000.0
260886000.0
257497000.0
718471000.0
516733000.0
757358000.0
707477000.0
484662000.0
320512000.0
181667000.0
148453000.0
445243000.0
351965000.0
394126000.0
270885000.0
450054000.0
242257000.0
779526000.0
479339000.0
369936000.0
432105000.0
414854000.0
233381000.0
423458000.0
208458000.0
636592000.0
296273000.0
289270000.0
567043000.0
424459000.0
289821000.0
400091000.0
478079000.0
278014000.0
217028000.0
194704000.0
317369000.0
352602000.0
619833000.0
652118000.0
322014000.0
512812000.0
483835000.0
395096000.0
316525000.0
379586000.0
164409000.0
272329000.0
196617000.0
325255000.0
269521000.0
175522000.0
227182000.0
663068000.0
683505000.0
460274000.0
635242000.0
542219000.0
613380000.0
208624000.0
158286000.0
277337000.0
289677000.0
456108000.0
284553000.0
517078000.0
209290000.0
276040000.0
359420000.0
255409000.0
513186000.0
355115000.0
336544000.0
472887000.0
218487000.0
228022000.0
591904000.0
517164000.0
281615000.0
196411000.0
641391000.0
264652000.0
219427000.0
290360000.0
303240000.0
223356000.0
576001000.0
433492000.0
493646000.0
231357000.0
508393000.0
385492000.0
183138000.0
358248000.0
305466000.0
258880000.0
424980000.0
628922000.0
284166000.0
181095000.0
231126000.0
201323000.0
680746000.0
234327000.0
304186000.0
264069000.0
176773000.0
470410000.0
330507000.0
317545000.0
363914000.0
392602000.0
714884000.0
264356000.0
291130000.0
365680000.0
311255000.0
263263000.0
331058000.0
458933000.0
257567000.0
399392000.0
331822000.0
520208000.0
472319000.0
736829000.0
289028000.0
281142000.0
158638000.0
152598000.0
284177000.0
166992000.0
188952000.0
303660000.0
755819000.0
305914000.0
319305000.0
713006000.0
229222000.0
325407000.0
228462000.0
440407000.0
489452000.0
243584000.0
627888000.0
333278000.0
260904000.0
435139000.0
272562000.0
635747000.0
379699000.0
670039000.0
401002000.0
325074000.0
718026000.0
350201000.0
195685000.0
294492000.0
260897000.0
291298000.0
229245000.0
346252000.0
380415000.0
395435000.0
681484000.0
246314000.0
307340000.0
273175000.0
500244000.0
172403000.0
216976000.0
581769000.0
264323000.0
252935000.0
241693000.0
212052000.0
694670000.0
423782000.0
295430000.0
510151000.0
693140000.0
555708000.0
265021000.0
414784000.0
522645000.0
740748000.0
362258000.0
244713000.0
172665000.0
238003000.0
194810000.0
721113000.0
244632000.0
491679000.0
523541000.0
208829000.0
866973000.0
602307000.0
235627000.0
372047000.0
213066000.0
856869000.0
290401000.0
423464000.0
179348000.0
262610000.0
629240000.0
216925000.0
379013000.0
177670000.0
269274000.0
201229000.0
151012000.0
482151000.0
371681000.0
403469000.0
524752000.0
690618000.0
318666000.0
455682000.0
488680000.0
304512000.0
239087000.0
454779000.0
371369000.0
376082000.0
371413000.0
309448000.0
390636000.0
535950000.0
533705000.0
287955000.0
244731000.0
445175000.0
350389000.0
372873000.0
198471000.0
242024000.0
636903000.0
367439000.0
585253000.0
310713000.0
369816000.0
219542000.0
202051000.0
522359000.0
567567000.0
185949000.0
591456000.0
202499000.0
554992000.0
281531000.0
616323000.0
568296000.0
690437000.0
393940000.0
365124000.0
385490000.0
348767000.0
201949000.0
233147000.0
385223000.0
191329000.0
500264000.0
397134000.0
750753000.0
181366000.0
177065000.0
446907000.0
423873000.0
639505000.0
139936000.0
552605000.0
277355000.0
312436000.0
219790000.0
686091000.0
761205000.0
582564000.0
387847000.0
406565000.0
601015000.0
268681000.0
512383000.0
343848000.0
330033000.0
233131000.0
603234000.0
493253000.0
204561000.0
226983000.0
643399000.0
244149000.0
442621000.0
481887000.0
491374000.0
200524000.0
287331000.0
763538000.0
346071000.0
238912000.0
197556000.0
197034000.0
694753000.0
553659000.0
399185000.0
195485000.0
548845000.0
248560000.0
317177000.0
396582000.0
648910000.0
330891000.0
489423000.0
684859000.0
158492000.0
231179000.0
323582000.0
167350000.0
263412000.0
332014000.0
555845000.0
379024000.0
521526000.0
252682000.0
246619000.0
241103000.0
221448000.0
699832000.0
711519000.0
695883000.0
292928000.0
198087000.0
260581000.0
395819000.0
291480000.0
371613000.0
219007000.0
370360000.0
470651000.0
568985000.0
518238000.0
574828000.0
333111000.0
167911000.0
339551000.0
403997000.0
612446000.0
230703000.0
155674000.0
336336000.0
221830000.0
251083000.0
421415000.0
201781000.0
332138000.0
509206000.0
266935000.0
330703000.0
276701000.0
251828000.0
380534000.0
471461000.0
677017000.0
380536000.0
273062000.0
370337000.0
515944000.0
621909000.0
294876000.0
135579000.0
621770000.0
346851000.0
178823000.0
793057000.0
633051000.0
313446000.0
314425000.0
196179000.0
367751000.0
197349000.0
263925000.0
425695000.0
623624000.0
316914000.0
258996000.0
219363000.0
471387000.0
541817000.0
766389000.0
438858000.0
476558000.0
191380000.0
232478000.0
284267000.0
155850000.0
509772000.0
258968000.0
260025000.0
673727000.0
183265000.0
252233000.0
182761000.0
493184000.0
247003000.0
355124000.0
339576000.0
495466000.0
167980000.0
173737000.0
611972000.0
346888000.0
409260000.0
639972000.0
316701000.0
223982000.0
393054000.0
259526000.0
237358000.0
772449000.0
282569000.0
200363000.0
539163000.0
165193000.0
465272000.0
239223000.0
371078000.0
618280000.0
585514000.0
260826000.0
207728000.0
219102000.0
143436000.0
184226000.0
436077000.0
442937000.0
278738000.0
375594000.0
490428000.0
233834000.0
287489000.0
697490000.0
426204000.0
399790000.0
260809000.0
170644000.0
491239000.0
319137000.0
638581000.0
323180000.0
711869000.0
462570000.0
190658000.0
409823000.0
168927000.0
253103000.0
444048000.0
504667000.0
224651000.0
343948000.0
167548000.0
565216000.0
250975000.0
234308000.0
768911000.0
655171000.0
376557000.0
371506000.0
195950000.0
570302000.0
253044000.0
192177000.0
316870000.0
194456000.0
291556000.0
257595000.0
190526000.0
587601000.0
364994000.0
199877000.0
493597000.0
229453000.0
291305000.0
622416000.0
204327000.0
731830000.0
193519000.0
473459000.0
337089000.0
351468000.0
250944000.0
505998000.0
494476000.0
330108000.0
203302000.0
295681000.0
238881000.0
329252000.0
601524000.0
286166000.0
227611000.0
304226000.0
204370000.0
766749000.0
318349000.0
217346000.0
552108000.0
615369000.0
269981000.0
577829000.0
229237000.0
234868000.0
181675000.0
849094000.0
555292000.0
351448000.0
759482000.0
180646000.0
684125000.0
341097000.0
277600000.0
593385000.0
187436000.0
550170000.0
386194000.0
266579000.0
501626000.0
439493000.0
388742000.0
297586000.0
713838000.0
387694000.0
316034000.0
269357767.820928
745653248.5908
341799803.659299
678312262.383592
397546882.714073
422572630.239895
547051590.608917
279678000.544809
324760995.760928
582765137.204793
458134754.017112
456418817.202211
660802620.56104
325183347.753009
252172084.73237
417330341.419251
468207995.146728
390355198.036997
371690093.913917
477806603.314757
293953226.402995
307265098.185562
222468987.148362
370750947.434971
367840114.877128
748185881.491472
351468580.411819
711817452.449181
844991517.568109
326323262.567728
586422742.024064
361371571.188977
578782476.016114
622462360.05632
687973683.444617
469707552.513281
651726881.001626
392374087.112071
432518210.884499
649817596.742484
604586861.951074
530468867.125787
608456630.556939
710093316.706434
450438606.87664
717163222.942457
536496893.682087
614370639.231292
269327306.372452
343522334.796798
635368598.599931
489986300.284084
302100133.741056
508291894.261293
360850521.246029
396851991.396358
534546016.785471
265402295.891401
698524510.576435
536464784.343849
375448580.830824
270476963.416995
603734416.935839
381889500.708774
523775172.150081
508083319.740237
578684380.031266
708995171.898498
440198957.063145
243605355.917719
827809349.342519
312665344.802466
251896104.468774
334468530.247088
747190693.658828
504786743.003011
716963764.090191
490684165.439107
283721206.387921
890389446.177492
454826776.775265
778034611.422312
678277044.112487
650421806.397095
452143169.109805
444071645.264476
356231621.634432
445023635.792137
233788436.013431
420791610.697807
521464412.285031
486711761.268033
357401440.29009
360462223.032404
537308076.196065
548317813.926843
389420818.878856
600894535.547653
546587768.500541
245924983.629999
733231577.990949
463541772.463659
783127833.140434
492390670.552533
290603100.057231
431235569.487814
637359271.829568
259057998.015474
450102813.877734
244744377.119935
260292522.256344
361064990.298822
596345831.556004
437867762.623661
630466910.264408
375188029.125604
486563879.074812
280583287.734141
494144610.608585
518784886.694453
399357232.337233
537412058.683818
349690117.056735
488132771.007508
447124697.41545
347653387.533684
688944001.374825
487104391.388762
691528242.45068
472731020.71262
375989105.800853
378331279.253171
347643746.815969
575181519.055937
791453084.217163
487113400.606298
766301003.395747
409450894.137496
610088992.95371
498095134.117215
353466285.287879
270024351.543515
308134945.734352
353834457.025752
558858060.415938
601576810.976233
476957684.090664
250052307.977418
457822140.852173
318185019.134775
488944226.381372
614715269.074163
496071164.65426
337305307.737625
783530469.305944
635684769.254085
361166477.455885
613084848.651118
278037772.082516
682606660.541848
354257220.880879
578270795.919115
611608644.286695
568861565.779701
509580576.734457
449333600.275025
287377017.901775
367684727.327063
335339880.651581
565623183.624482
289132277.917633
245000605.780653
526283245.985631
454223651.280112
619363862.758837
658570810.184741
565473186.927696
660633451.528425
380805935.34288
471119717.308063
409458794.894722
377545855.303606
369634287.608801
611065166.686013
271380883.923308
379546173.741527
573349315.673177
348953355.31767
495720522.689178
489669645.981621
318864320.27255
816892769.521039
487864235.14407
257650648.874631
384304830.408406
657699940.076807
290955633.068826
324551014.379801
509737124.855368
390774844.443527
690303721.932155
537050862.102285
294858584.059353
454610097.738383
587901239.935161
525863795.406746
498366665.755288
285364738.045764
464826769.90146
260948418.073112
536360424.003082
473618461.41002
318604806.045429
628405583.48437
588744865.712804
515674451.074161
546873472.043381
432043184.393712
493167647.512494
372145304.862958
488187919.359686
225026929.912832
548395269.142856
300613274.942206
634298805.411345
787977454.325366
447129084.894385
593654298.687696
267139079.78164
375416415.750087
356989785.810412
255694708.950772
516036456.840982
229333331.721858
563532012.351603
309657240.243118
676805524.656326
476088519.732927
554388434.883022
348871346.387596
459944419.80329
316564009.226981
611047965.868149
407104255.33947
387877282.811065
291261369.169348
858481433.722592
509498640.866435
885367691.925742
240944468.4
367819625.462924
628801062.575595
300790781.221219
380576267.465404
661205376.234663
418436980.664795
372387964.837309
417766508.039557
529533248.707737
807811254.545556
245716010.301961
223284255.878461
250957774.237077
688179696.313453
695180541.614278
304733096.605556
474618717.111004
721348230.349315
757090343.457225
566022856.308687
639700464.37842
296343720.776201
290463096.341051
710337472.560144
610525593.854033
438551607.195245
397790145.952647
398650011.658665
529344052.537923
563066980.313699
587692603.509149
559399291.638146
431917531.981402
315495984.687285
452509824.578451
528534681.574492
623152443.485858
353953325.463138
464515153.573439
519045653.898676
464948214.335951
393771854.075304
706170357.177911
790142488.223743
498919221.585371
273725599.821052
673900263.299193
509303306.577518
702832087.050649
443120744.364072
507224257.531737
516260957.716452
860628259.962603
356312568.187576
483795078.672655
296121704.107111
319273002.122833
535810640.930915
278273933.931434
370355977.464735
629302971.042256
420829100.228424
319576886.561201
766892118.26847
564880518.226033
299989856.288315
581702736.5504
556120993.803551
414326079.07358
639463452.416952
480601057.898618
647566592.487974
296030404.348767
445432926.606038
578547289.784754
308345235.121913
474182111.588278
381997501.801532
365446603.735049
509247017.683419
601802980.078916
470490724.695157
554426078.042739
285215574.883678
548816479.817683
435611565.268428
257221132.81755
347491952.692339
519864335.775906
505686263.037673
274753910.347759
406953682.954513
346578810.105956
630130304.053623
555838435.886796
489963826.334749
794265662.195894
251663391.772989
507604161.641282
751182533.818324
695936972.772707
545638866.316943
424050185.550446
324568273.638803
610580630.027437
272083547.898328
251713808.031015
467143184.437358
636771667.459497
543363266.5817
474966155.788705
244798069.891167
264008338.572086
613046851.44684
381353370.345335
384690033.446106
318481892.747146
466839241.037395
467792333.097839
390259187.809244
428845895.200586
297947520.049103
451564674.683208
284992763.93668
308069614.303418
305376312.033763
794609846.292173
503318196.876503
661978845.084751
354147987.483091
507234042.760551
477492090.575879
367605431.479744
500016250.053899
483018001.163564
471005673.318319
238745230.862447
547051564.976655
261494511.46466
309770024.882346
545626279.953671
576167335.888324
311125234.763057
436270377.169029
579204174.023339
583133110.808784
579648280.282832
405953887.035531
508315983.80674
541551154.395214
318481642.310133
534846693.639856
628266049.197876
541694507.817589
492078147.90851
456851040.895054
416019657.425561
753139706.375
636983512.734026
375300562.826739
327522620.327946
387615983.670362
542792672.226921
584974723.503829
440148066.24349
489292504.569666
244667597.229258
527554993.478045
261612119.8567
382501977.072377
469943235.181248
338584721.670938
822947489.471867
498606121.207192
221370475.73317
733446523.303892
472880957.382797
757745507.85383
572801848.376053
639282699.946266
405270764.715325
300515635.604357
628544503.585727
702797294.290554
782544815.854473
431036624.973337
507318451.425873
672537751.663691
800595605.75853
314038467.057793
243616090.771765
311246900.316741
243691313.179963
480810911.143761
381195336.390317
484493053.132816
303927480.74926
583305886.184393
311676629.393208
480996798.661003
280015789.14782
663953965.272009
507621998.131502
653467433.745978
482423253.210208
794868071.942184
703612356.264305
410150365.890464
289914294.113856
278924945.655417
273598119.183528
619037421.761935
578683609.403252
783776907.544642
239526967.975977
546398825.316543
599224538.220659
359579039.267492
481129008.278289
554569600.085131
380083989.187568
721932733.030519
822461428.656702
379242360.383717
332817563.234744
575651673.400544
223869741.771877
415897496.026107
633159976.731123
670038837.246077
296096608.056423
472864689.986487
663544440.099579
242082381.289203
351653214.214965
677163809.727421
536673554.264609
640968365.767243
319415417.224094
509245364.188349
634437282.14957
307639864.75867
785632951.367333
490204986.824578
435461758.148102
299562484.461586
299995688.734692
267193571.811356
573958271.543395
272714417.737954
570144352.636981
523073951.173766
504924573.069802
494532855.38913
262559705.763072
357159116.068298
378245352.236475
460799456.582486
313599091.241187
289155336.810061
586536100.482624
476013037.928684
555313539.599604
415997779.089829
273929276.33438
474389892.036074
581455895.663938
418827149.315765
346356029.456905
571930854.222729
507507682.995151
461729285.374394
610690251.615972
493190538.665639
830225368.396969
673468586.442833
379547115.920073
560682369.489413
234114391.911802
598188213.661152
577898299.740302
442779038.612274
518276046.182347
399046704.610645
492765529.406634
619806258.143591
467617524.836408
302768781.464998
300902098.417989
477181901.093085
323075606.409857
222575633.862469
489903854.263216
696357744.448281
523719338.013084
743511016.056363
547267903.823601
539476694.356506
690514790.941827
602870196.635199
420845701.803346
366217069.702771
434274241.274005
270563821.186001
699962629.529045
486982499.71565
672793622.733147
425414724.313874
679945907.725988
460885547.245253
602855879.038555
285734756.265643
231969629.037345
245417952.73473
536226001.99588
