1.00774
1.01921
1.01399
1.03538
1.11221
1.03958
1.02287
1.20772
1.00271
1.05351
1.005
1.02718
1.05389
1.02407
1.02663
1.01086
1.00463
1.10002
1.04709
1.05104
1.01668
1.00691
1.00929
1.11489
1.00324
1.00718
1.10712
1.16358
1.22892
1.07418
1.07997
1.01259
1.13954
1.00548
1.07146
1.00291
1.17104
1.03123
1.06417
1.05677
1.0104
1.00909
1.00433
1.01734
1.06898
1.02586
1.02974
1.08235
1.03871
1.01666
1.03191
1.04547
1.01521
1.04847
1.03523
1.0365
1.03121
1.04509
1.04735
1.00541
1.02056
1.01674
1.01566
1.02418
1.03894
1.02339
1.00848
1.05072
1.01084
1.0014
1.02376
1.01709
1.04585
1.03617
1.04677
1.02563
1.00431
1.07445
1.00877
1.03595
1.03762
1.02017
1.0313
1.00435
1.03014
1.01446
1.10534
1.07768
1.00265
1.05706
1.15207
1.00952
1.0032
1.00357
1.022
1.07011
1.00496
1.013
1.00885
1.01648
1.03126
1.0576
1.07069
1.01723
1.01768
1.01322
1.06044
1.00486
1.00068
1.01451
1.02914
1.00581
1.08335
1.01198
1.03235
1.00573
1.01242
1.01479
1.03152
1.06674
1.01363
1.01457
1.02046
1.02037
1.02804
1.00792
1.07609
1.01213
1.10406
1.02913
1.02479
1.05776
1.07335
1.03971
1.02711
1.00571
1.02268
1.01245
1.02579
1.00599
1.06246
1.02061
1.06224
1.13866
1.04799
1.13142
1.00497
1.00447
1.0028
1.01834
1.00155
1.01078
1.05115
1.01212
1.01365
1.00399
1.08614
1.00327
1.01322
1.02184
1.04923
1.01962
1.0172
1.01745
1.11832
1.00245
1.02932
1.02572
1.00518
1.0124
1.00815
1.01492
1.02572
1.08112
1.10188
1.02389
1.22918
1.06986
1.00868
1.05244
1.00936
1.0397
1.0137
1.00902
1.12002
1.00405
1.10044
1.05697
1.04698
1.00676
1.04412
1.09673
1.00296
1.08155
1.03634
1.01156
1.00339
1.00299
1.00403
1.02041
1.0514
1.01888
1.03541
1.02788
1.03511
1.05542
1.00751
1.00823
1.01374
1.04941
1.03245
1.02741
1.00787
1.01
1.04317
1.00279
1.12258
1.08182
1.03006
1.04365
1.0213
1.01192
1.05435
1.03496
1.00282
1.00598
1.00906
1.00691
1.0622
1.00528
1.14895
1.0192
1.01001
1.06538
1.01016
1.04678
1.04332
1.01373
1.00151
1.01887
1.03425
1.03878
1.01096
1.06454
1.02437
1.00744
1.0418
1.01752
1.01524
1.01331
1.01385
1.00188
1.00867
1.07657
1.00825
1.002
1.02759
1.00386
1.00245
1.02393
1.03273
1.03437
1.05735
1.09206
1.06011
1.07493
1.01622
1.01928
1.08976
1.12522
1.05514
1.00881
1.06721
1.00587
1.01087
1.00853
1.14733
1.01819
1.01882
1.0087
1.01853
1.0191
1.02955
1.03767
1.00314
1.01681
1.00338
1.00948
1.02388
1.03784
1.00741
1.05369
1.07908
1.02088
1.04522
1.01892
1.00405
1.04305
1.1094
1.02031
1.00175
1.10989
1.0053
1.00694
1.01
1.13546
1.03503
1.09426
1.01832
1.05031
1.00229
1.00678
1.02576
1.01025
1.04331
1.0078
1.00703
1.01574
1.0053
1.01324
1.01291
1.01016
1.00567
1.06406
1.01835
1.01498
1.01697
1.02642
1.08242
1.06202
1.00649
1.00903
1.07859
1.00162
1.10027
1.06595
1.00237
1.00887
1.00725
1.03273
1.06092
1.0061
1.05083
1.00313
1.00964
1.10973
1.01642
1.0005
1.00374
1.03084
1.05114
1.00745
1.00355
1.00905
1.01449
1.00458
1.05292
1.01909
1.04588
1.02475
1.00368
1.00837
1.02638
1.00263
1.00407
1.00438
1.01415
1.02674
1.00466
1.00302
1.07942
1.02182
1.01082
1.0101
1.00915
1.00713
1.01152
1.0581
1.0071
1.00185
1.12558
1.06358
1.00955
1.03075
1.0583
1.00764
1.03996
1.06358
1.00439
1.05222
1.00353
1.00514
1.01227
1.01414
1.02179
1.00945
1.00978
1.03973
1.02023
1.10666
1.02743
1.01667
1.04416
1.03671
1.02621
1.0026
1.00791
1.02906
1.04687
1.01056
1.00878
1.05116
1.01127
1.03185
1.03671
1.01854
1.01411
1.03965
1.02038
1.05303
1.13929
1.06599
1.04931
1.00629
1.03057
1.00563
1.00738
1.05257
1.03386
1.01201
1.03967
1.02935
1.02822
1.00238
1.01777
1.01553
1.04312
1.02719
1.05825
1.02163
1.00855
1.05311
1.00899
1.00524
1.04827
1.04282
1.00502
1.02078
1.03848
1.05106
1.04753
1.02145
1.05385
1.06368
1.07895
1.0082
1.02774
1.01328
1.01309
1.00463
1.04801
1.0195
1.02277
1.0808
1.06877
1.07869
1.03952
1.00258
1.0638
1.01319
1.02532
1.03925
1.01199
1.00589
1.02193
1.03315
1.00407
1.02578
1.0099
1.10967
1.00963
1.03699
1.00775
1.13509
1.06476
1.04769
1.00968
1.01387
1.00214
1.00429
1.01108
1.02886
1.00468
1.02857
1.01708
1.08403
1.03952
1.11117
1.0487
1.02087
1.07051
1.00836
1.00309
1.06976
1.0038
1.18637
1.0951
1.02982
1.04467
1.04186
1.03486
1.13713
1.06556
1.01199
1.04992
1.02417
1.03766
1.00736
1.00508
1.0081
1.14218
1.00695
1.0439
1.09292
1.06017
1.0147
1.02088
1.13084
1.00353
1.07326
1.03088
1.03898
1.08105
1.00407
1.06437
1.03299
1.03854
1.00179
1.03512
1.01578
1.02302
1.01996
1.09218
1.08357
1.03597
1.01356
1.00713
1.01907
1.02078
1.01203
1.03243
1.02054
1.04883
1.01238
1.00949
1.00504
1.04172
1.00507
1.01173
1.06819
1.11128
1.00057
1.00434
1.00476
1.01129
1.0095
1.00394
1.12702
1.00828
1.01106
1.13004
1.04615
1.03395
1.01157
1.02678
1.14295
1.02107
1.01892
1.02281
1.02789
1.00706
1.00406
1.00517
1.02978
1.02026
1.00492
1.05578
1.02114
1.04257
1.01882
1.0039
1.02464
1.0107
1.00304
1.03737
1.00202
1.00522
1.03171
1.06786
1.05436
1.00506
1.00416
1.00934
1.04618
1.00707
1.03402
1.01114
1.10518
1.00906
1.08253
1.002
1.00741
1.05247
1.05302
1.02644
1.00861
1.04746
1.01656
1.01864
1.02515
1.03187
1.02367
1.04596
1.02156
1.06949
1.02514
1.00602
1.18636
1.0126
1.00684
1.00732
1.02859
1.0039
1.10511
1.01159
1.17609
1.00535
1.02087
1.01163
1.03064
1.05018
1.02821
1.01953
1.0021
1.05057
1.00483
1.02019
1.06813
1.00524
1.08617
1.01986
1.00743
1.01847
1.00975
1.00575
1.00958
1.02795
1.04521
1.0023
1.0159
1.09523
1.0093
1.03256
1.00645
1.00775
1.00181
1.03228
1.05502
1.00468
1.00408
1.00374
1.01538
1.1598
1.05854
1.06682
1.06972
1.00453
1.00581
1.02
1.09752
1.02597
1.01365
1.01811
1.05519
1.01494
1.01345
1.0576
1.03184
1.02121
1.11411
1.0087
1.00455
1.03301
1.05536
1.00528
1.01659
1.0352
1.08501
1.03343
1.00598
1.03845
1.00877
1.03861
1.0385
1.00168
1.04333
1.01479
1.01024
1.00618
1.01119
1.05358
1.04137
1.01582
1.03883
1.00909
1.001
1.10544
1.05762
1.00985
1.01287
1.02987
1.07645
1.05351
1.00425
1.01252
1.00191
1.03973
1.03671
1.04916
1.00149
1.11613
1.054
1.00795
1.01583
1.02122
1.00332
1.02894
1.00709
1.02413
1.0073
1.01443
1.00841
1.0479
1.02012
1.01061
1.04982
1.0157
1.07783
1.01723
1.00656
1.01338
1.03164
1.03004
1.01771
1.01213
1.02072
1.00653
1.07909
1.06957
1.00483
1.00114
1.00385
1.05235
1.01133
1.00573
1.00865
1.03715
1.0756
1.02269
1.01632
1.02744
1.05334
1.00409
1.15627
1.02019
1.02235
1.01607
1.02285
1.07523
1.09712
1.06853
1.10175
1.00632
1.02272
1.0148
1.04135
1.02275
1.02906
1.02106
1.06235
1.03966
1.01185
1.1373
1.02964
1.01513
1.05166
1.02224
1.00788
1.00194
1.02055
1.05231
1.0085
1.02588
1.00787
1.0353
1.01793
1.03887
1.00933
1.04576
1.00419
1.01327
1.12924
1.00104
1.01433
1.01673
1.00872
1.00896
1.06794
1.01117
1.10277
1.086
1.00311
1.00666
1.05319
1.00734
1.01075
1.04119
1.04199
1.02319
1.04337
1.056
1.00366
1.00951
1.07767
1.072
1.03291
1.09979
1.018
1.00608
1.11393
1.08177
1.05171
1.00448
1.01222
1.01506
1.04839
1.02364
1.01256
1.08048
1.02375
1.01507
1.00206
1.0065
1.00964
1.05228
1.01823
1.0101
1.00737
1.03196
1.05289
1.00848
1.03551
1.03843
1.01546
1.01092
1.01381
1.03902
1.04825
1.00816
1.011
1.01498
1.01912
1.20711
1.00783
1.02388
1.00761
1.09699
1.00354
1.06298
1.00249
1.02146
1.08578
1.01446
1.01456
1.03344
1.02382
1.0511
1.06028
1.01126
1.05741
1.14394
1.01232
1.03198
1.03616
1.01168
1.04262
1.01621
1.05244
1.02628
1.0115
1.05272
1.01005
1.03425
1.02066
1.0554
1.01073
1.06304
1.02313
1.01028
1.03801
1.05014
1.03053
1.00194
1.03668
1.00895
1.0076
1.00596
1.01026
1.05705
1.02372
1.00307
1.06284
1.03845
1.01413
1.01616
1.03128
1.09431
1.04078
1.01225
1.00111
1.00111
1.03179
1.01578
1.09899
1.04416
1.01163
1.00544
1.07313
1.02
1.00731
1.00567
1.00927
1.07837
1.01056
1.02071
1.03479
1.02161
1.0209
1.01761
1.00953
1.01386
1.02991
1.01243
1.00225
1.02231
1.00624
1.02254
1.01333
1.02279
1.01273
1.02346
1.0089
1.00801
1.00364
1.0058
1.01795
1.08602
1.02551
1.00202
1.06228
1.02335
1.21263
1.00605
1.01646
1.0237
1.00431
1.02182
1.0305
1.07061
1.00622
1.01298
1.00662
1.00848
1.02673
1.03301
1.00294
1.11703
1.01204
1.06796
1.02013
1.00435
1.01932
1.00351
1.08953
1.12055
1.01794
1.02782
1.02321
1.11307
1.03406
1.01492
1.18997
1.04101
1.12151
1.2325
1.29843
1.02931
1.3616
1.00987
1.06167
1.00705
1.03708
1.3166
1.0373
1.03313
1.01318
1.00795
1.10755
1.05168
1.12575
1.39359
1.09668
1.02181
1.12771
1.00957
1.0118
1.52203
1.41009
1.32263
1.10068
1.18114
1.51526
1.18289
1.01687
1.13256
1.00815
1.39842
1.20368
1.12227
1.15273
1.03008
1.02217
1.01
1.03138
1.61494
1.03933
1.05205
1.21463
1.04994
1.03933
1.04297
1.09975
1.02011
1.10734
1.24795
1.0523
1.10051
1.04938
1.27539
1.0102
1.06209
1.03133
1.02848
1.03694
1.18123
1.03306
1.13803
1.06909
1.09364
1.01266
1.05089
1.03533
1.0821
1.04546
1.05438
1.29225
1.00979
1.38212
1.01596
1.04797
1.14102
1.66623
1.047
1.0177
1.15022
1.07702
1.2786
1.18418
1.01757
1.14242
1.38336
1.01196
1.00551
1.00691
1.04017
1.08948
1.01363
1.0186
1.02684
1.0893
1.1235
1.06856
1.08061
1.04499
1.42609
1.0205
1.06177
1.01061
1.00736
1.06037
1.04422
1.02919
1.11549
1.02579
1.06149
1.00919
1.02256
1.02209
1.03837
1.10971
1.06748
1.01891
1.09613
1.03786
1.03804
1.01989
1.13433
1.07082
1.12326
2.15426
1.19246
1.076
1.12438
1.05792
1.05476
1.01213
1.0653
1.02289
1.03491
1.21954
1.12652
1.0277
1.15499
1.14612
1.0559
1.29406
1.01495
1.02166
1.00817
1.0425
1.00488
1.13474
1.37477
1.14762
1.02701
1.01339
1.14758
1.01207
1.0211
1.04858
1.07228
1.03514
1.02122
1.02729
1.52711
1.01785
1.03609
1.0489
1.04172
1.02015
1.01808
1.03766
1.04402
1.10689
1.23594
1.02752
1.38197
1.11266
1.02449
1.06039
1.03614
1.04856
1.02203
1.01171
1.28238
1.00906
1.18897
1.06715
1.06139
1.01425
1.11642
1.31256
1.00905
1.56135
1.06584
1.01462
1.02078
1.01003
1.00576
1.02409
1.07853
1.02633
1.04163
1.35523
1.29286
1.17139
1.08748
1.03077
1.02131
1.39851
1.03908
1.08199
1.05151
1.01533
1.06367
1.01321
1.23267
1.26777
1.0386
1.11272
1.0246
1.03768
1.13097
1.07083
1.01022
1.13728
1.01514
1.39233
1.12095
1.01057
1.18289
1.0265
1.02481
1.11378
1.0332
1.08529
1.46364
1.06615
1.00582
1.02437
1.07069
1.16448
1.02165
1.23638
1.02987
1.06923
1.05256
2.30493
1.10163
1.0762
1.02195
1.02163
1.01524
1.31029
1.02032
1.01904
1.04052
1.01962
1.00865
1.05998
1.04315
1.0478
1.21024
1.3931
1.10427
1.08565
1.08354
1.0274
1.2572
1.17232
1.06166
1.24706
1.12196
1.00787
1.03965
1.02162
1.42008
1.12862
1.03613
1.24752
1.0324
1.59282
1.04027
1.25085
1.06488
1.03056
1.00985
1.05192
1.02713
1.28448
1.04229
1.18284
1.15223
1.02866
1.07102
1.03645
1.03269
1.11803
1.34941
1.2238
1.0187
1.27511
1.01387
1.01558
1.02102
1.17401
1.06609
1.10246
1.02433
1.09904
1.00633
1.0137
1.08548
1.0174
1.04969
1.01652
1.00903
1.02558
1.07357
1.01851
1.32288
1.0217
1.00944
1.14255
1.02882
1.49456
1.08314
1.2289
1.44703
1.10915
1.01365
1.01722
1.09078
1.00808
1.21627
1.07599
1.01366
1.0133
1.01206
1.05049
1.14614
1.02522
1.06661
1.01511
1.07317
1.13869
1.33445
1.01421
1.01436
1.1777
1.20034
1.02197
1.01695
1.02186
1.09135
1.00805
1.05849
1.04565
1.09746
1.06587
1.00728
1.03195
1.04146
1.01149
1.01596
1.01149
1.02195
1.61716
1.01097
1.01656
1.21143
1.06733
1.02041
1.01345
1.01751
1.01042
1.37775
1.072
1.06106
1.00621
1.13583
1.15931
1.0205
1.03432
1.17077
1.03362
1.1745
1.08725
1.01366
1.11356
1.00969
1.01024
1.02222
1.02919
1.03169
1.03878
1.0205
1.06841
1.08419
1.14363
1.14652
1.02676
1.20735
1.1771
1.20127
1.00493
1.03107
1.06202
1.19437
1.01354
1.01652
1.05994
1.02169
1.05071
1.06117
1.02348
1.02604
1.05071
1.07281
1.18926
1.45203
1.1093
1.06247
1.00951
1.46496
1.01748
1.10955
1.13244
1.09356
1.01791
1.15838
1.10172
1.03279
1.01486
1.03437
1.04384
1.07836
1.03315
1.1471
1.10075
1.01959
1.07851
1.01053
1.02034
1.30255
1.11266
1.01432
1.03411
1.05419
1.0736
1.07181
1.04399
1.06894
1.21989
1.3824
1.02348
1.07562
1.01849
1.09796
1.0837
1.85587
1.03537
1.42109
1.30452
1.1845
1.70705
1.04891
1.00952
1.12094
1.01904
1.03164
1.05726
1.02464
1.009
1.03002
1.04904
1.01435
1.03481
1.02727
1.1342
1.11665
1.17932
1.05978
1.15993
1.11059
1.09888
1.0175
1.02166
1.0168
1.00924
1.0154
1.04572
1.01179
1.30478
1.05533
1.16117
1.04895
1.12961
1.06948
1.03268
1.10499
1.01864
1.02274
1.91441
1.0132
1.32914
1.21372
1.03131
1.15238
1.10415
1.03851
1.64327
1.10065
1.01436
1.05705
1.02652
1.04398
1.02142
1.02155
1.0607
1.22093
1.01647
1.16624
1.10168
1.10521
1.0224
1.04365
1.33294
1.00906
1.28386
1.06728
1.04696
1.1582
1.00635
1.27386
1.03757
1.04672
1.00863
1.40878
1.08237
1.07456
1.22028
1.26694
1.09761
1.08098
1.01572
1.01065
1.88005
1.05226
1.0305
1.32134
1.03282
1.14747
1.02513
1.01742
1.03124
1.07885
1.01517
1.02884
1.25636
1.64181
1.00573
1.01097
1.01167
1.02097
1.02984
1.01605
1.34943
1.01224
1.01568
1.34081
1.09197
1.06433
1.02075
1.03374
1.35809
1.17891
1.0642
1.03292
1.04769
1.02143
1.02492
1.01109
1.14036
1.02361
1.02098
1.05778
1.02589
1.05234
1.02583
1.02484
1.07738
1.0196
1.01295
1.60396
1.00982
1.01315
1.13653
1.22669
1.1572
1.01267
1.00953
1.02282
1.05537
1.01223
1.07697
1.07658
1.30145
1.01573
1.20934
1.01608
1.01737
1.0603
1.0594
1.04338
1.01637
1.0733
1.04515
1.05852
1.07039
1.03821
1.2079
1.05497
1.04832
1.08125
1.03402
1.01897
1.20495
1.02925
1.01481
1.03564
1.09692
1.01156
1.18465
1.30777
1.31895
1.01826
1.0277
1.03318
1.12538
1.15816
1.20959
1.07958
1.01411
1.05321
1.02188
1.08878
1.12141
1.05345
1.16559
1.02352
1.01433
1.02367
1.09738
1.0115
1.02027
1.04942
1.05335
1.00427
1.02464
1.25822
1.07899
1.13541
1.0382
1.07062
1.0062
1.09856
1.11303
1.01006
1.03766
1.01172
1.14269
1.77385
1.05965
1.26749
1.0763
1.01136
1.02183
1.18481
1.14979
1.11664
1.01931
1.01968
1.28783
1.02009
1.02419
1.11976
1.04511
1.15323
1.44996
1.02883
1.0087
1.03953
1.21827
1.01125
1.12705
1.07938
1.1199
1.04132
1.00709
1.37205
1.02062
1.06286
1.08251
1.00312
1.08717
1.02566
1.02629
1.01529
1.01663
1.05575
1.04573
1.02037
1.06525
1.01557
1.01415
1.23863
1.09729
1.22039
1.02562
1.11718
1.18673
1.14671
1.00707
1.05408
1.01603
1.04704
1.04989
1.05221
1.00692
1.312
1.06991
1.01241
1.02589
1.02886
1.01164
1.39505
1.01788
1.07521
1.01929
1.04698
1.01434
1.12607
1.05008
1.3197
1.13013
1.04702
1.2052
1.02679
1.00806
1.01981
1.07526
1.03658
1.02249
1.06625
1.0741
1.00744
1.2876
1.07796
1.00582
1.006
1.00796
1.0568
1.01817
1.02137
1.02985
1.11978
1.08479
1.036
1.03305
1.03218
1.06228
1.05383
1.38735
1.08065
1.03779
1.01759
1.1366
1.11298
1.14409
1.09637
1.37841
1.01088
1.02573
1.02443
1.08831
1.27054
1.03124
1.06339
1.34932
1.04232
1.01722
1.34044
1.03922
1.03831
1.09527
1.0511
1.0231
1.00835
1.02668
1.05784
1.01502
1.49429
1.02292
1.05249
1.03538
1.045
1.0254
1.38858
1.01526
1.01622
1.20148
1.0085
1.16554
1.0427
1.0153
1.02111
1.47077
1.04822
1.11033
1.25447
1.00548
1.02449
1.05859
1.02533
1.06586
1.07736
1.06813
1.05055
1.06569
1.091
1.03178
1.01439
1.09191
1.11925
1.05767
1.52405
1.02903
1.01487
1.2439
1.17585
1.21132
1.00881
1.03344
1.02277
1.05247
1.04167
1.03105
1.12695
1.02557
1.0207
1.00792
1.02253
1.01506
1.0845
1.02733
1.02298
1.01817
1.04187
1.06347
1.01982
1.05497
1.06305
1.02235
1.0167
1.06441
1.05353
1.16871
1.03379
1.02357
1.02503
1.05599
1.21552
1.01872
1.03623
1.01532
1.15144
1.00712
1.0808
1.04868
1.03383
1.11036
1.02373
1.02997
1.04502
1.05991
1.06363
1.30349
1.01174
1.07893
1.48532
1.0218
1.07364
1.05598
1.02436
1.14383
1.06888
1.09884
1.03161
1.03562
1.06819
1.01427
1.0455
1.15432
1.07264
1.01924
1.25506
1.03445
1.04949
1.05272
1.05923
1.03892
1.01601
1.0382
1.04695
1.01999
1.01883
1.036
1.09053
1.03271
1.00538
1.1358
1.08578
1.02975
1.03212
1.09349
1.10147
1.09498
1.07616
1.02385
1.00404
1.03422
1.04717
1.1676
1.10803
1.02296
1.01307
1.09542
1.02305
1.0099
1.01362
1.01197
1.1366
1.04032
1.09287
1.13646
1.02873
1.03348
1.05601
1.02398
1.11001
1.0366
1.02986
1.00985
1.05201
1.01256
1.09783
1.02139
1.03015
1.08505
1.13734
1.02008
1.01629
1.01071
1.01256
1.17345
1.10194
1.03207
1.00958
1.25566
1.04493
1.6292
1.00932
1.22088
1.41398
1.01124
1.02668
1.16343
1.22429
1.0169
1.02617
1.02041
1.01524
1.04035
1.05601
1.00979
1.44797
1.01498
1.0758
1.07499
1.04104
1.02394
1.01165
1.09292
1.17709
1.02381
1.04544
1.16568
1.12783
1.17929
1.70117
1.76096
2.59067
1.57659
1.79886
2.06077
2.36148
1.99246
2.07786
1.73492
1.72867
1.49534
1.47838
1.50108
1.11814
2.94714
2.97526
1.73308
1.19986
3.04999
1.92078
1.29243
1.56292
1.78707
1.23466
1.04355
1.83659
2.27387
1.81769
1.86091
1.45975
1.71415
1.35204
3.06278
2.95086
1.38219
2.12003
2.25688
2.64944
1.75653
1.69939
1.35989
3.24092
1.3611
1.8815
2.95098
2.39437
1.60177
2.15024
3.30943
1.89802
1.47197
1.08122
2.38902
2.1411
1.11404
2.69488
2.1015
1.62274
1.36583
1.15527
2.69147
1.71209
2.05691
2.49307
1.4617
1.35856
1.82938
3.33922
1.70041
1.22934
1.78615
2.29218
2.82038
2.22449
2.37659
2.72059
2.10132
2.6018
2.62492
1.51105
2.69137
1.29749
2.60537
2.60157
1.9329
1.47795
1.57488
1.77634
1.69924
1.7266
1.26469
2.89972
1.8367
2.26477
2.21471
2.83792
1.98948
2.36038
1.87713
3.15615
1.16274
2.07125
1.17907
1.66098
1.93722
2.48187
1.63648
2.28588
1.34497
1.21894
1.29456
1.45491
1.71273
2.35174
1.05812
1.08387
2.21583
1.50059
1.59355
1.42564
1.0303
1.86186
1.34387
2.73414
1.36178
1.52551
1.80198
1.76085
2.31546
2.30293
1.63099
1.61921
2.11639
1.86032
1.1107
1.79849
1.92725
2.72462
1.22416
1.79366
1.18865
2.56837
1.60478
1.22008
1.82542
1.2496
1.78588
1.01496
3.04222
1.70864
1.8004
2.23215
1.16042
2.98485
2.9519
1.43992
1.82215
1.89988
1.58986
2.29155
2.91785
1.26908
1.19642
2.10299
3.14886
1.60703
1.52027
1.38566
2.02083
1.64594
2.09238
2.50603
1.57984
2.53098
2.12778
2.69121
1.86233
1.10763
1.42467
2.04106
1.11855
1.36589
2.30113
1.69129
2.17475
1.69728
1.96795
1.12313
2.68292
1.55847
1.96631
1.93621
1.87118
2.10388
2.37645
1.40036
1.17926
1.23999
1.54379
1.84904
1.20203
2.12405
3.27273
2.53725
1.61148
2.59701
2.84893
3.1183
1.96812
1.26811
1.61201
1.24027
2.77162
1.59614
3.18589
2.43189
2.07499
2.03515
1.32214
3.10421
2.20111
2.15734
1.95868
1.33697
2.09483
2.62953
2.64218
1.65872
2.22213
1.72564
1.36471
3.05396
1.50407
1.86456
2.35088
1.49417
1.22258
1.67532
3.25324
2.67852
2.7856
2.51511
1.77262
1.09348
1.07517
1.5298
2.89278
2.25547
1.37308
3.26953
1.58307
1.75168
1.40285
3.4238
2.9353
1.82743
1.72098
1.72758
1.82143
1.31336
1.19589
1.46322
1.79206
2.86379
1.75783
1.45373
1.64942
2.37165
1.88219
2.16556
2.75282
2.94193
2.0005
2.25625
3.43468
1.87888
3.39634
3.2201
2.08263
1.775
2.7167
1.27919
1.81421
1.43503
1.77895
3.53688
1.31813
1.7537
2.09181
1.43472
1.39135
2.54496
1.32995
1.90878
2.31575
1.39822
2.60324
2.17308
3.17086
1.95759
1.46594
2.17969
1.86985
3.0668
3.67504
2.89123
1.23094
1.43474
2.65324
2.16203
2.20605
3.12575
1.69201
1.15082
1.72814
2.48899
1.77807
1.16423
1.37993
1.53746
1.52545
1.34207
1.67434
1.48694
1.71532
1.54131
1.26793
1.96568
1.72542
3.42895
1.86676
1.95347
1.27806
1.63782
1.56034
1.19408
1.35025
1.62754
2.2695
2.05265
1.0762
1.18618
1.49189
1.54065
2.18823
1.80701
3.17891
3.25983
2.13323
2.28632
2.9456
1.85822
1.73466
1.4301
2.46588
2.00356
3.32709
1.94596
3.02678
1.94014
2.58735
3.02237
1.93861
1.46135
2.0947
1.6773
2.4233
1.47063
2.46312
1.94906
2.43332
1.28353
2.16011
1.43375
1.23796
2.69141
1.44988
1.58345
1.90725
1.54094
1.97231
1.99991
2.39371
1.6523
1.79686
1.97154
1.62383
1.99573
2.02853
2.03195
2.37313
1.65392
1.67225
2.7384
2.77097
1.83903
1.60387
2.73277
2.63264
1.55081
2.67416
2.24306
1.69076
2.37572
2.17942
3.18571
1.19965
1.78796
1.05622
1.31573
1.15532
1.69836
2.75654
1.77783
1.99893
1.33378
2.26735
2.05831
1.67204
1.68225
1.53473
1.95031
2.59945
1.66856
1.99196
2.43048
2.47871
2.22344
1.04074
1.59953
2.49248
2.52836
2.5285
3.38352
1.20297
1.2202
2.02686
1.84534
1.19134
3.16748
1.83785
2.37664
1.81084
2.0246
2.71964
2.30945
3.08605
2.60535
1.20722
1.17072
1.50067
2.21491
2.09783
1.74076
1.75499
2.06685
2.67672
2.33146
2.88435
2.66407
1.67023
2.12566
1.89352
1.53795
2.4674
2.47094
2.72505
1.78669
2.00675
1.6972
1.55706
2.24133
1.41702
3.24976
1.23857
1.70606
1.54824
1.09401
2.07958
1.62626
1.24457
1.73279
1.96438
1.72678
2.33397
1.63559
1.71669
2.5758
1.71843
2.4271
1.11983
1.33948
1.41422
1.83738
2.38067
2.27711
2.09019
1.53173
2.45741
1.31207
1.65135
2.86854
2.81747
2.35334
2.10188
2.82619
1.32373
1.21377
1.85777
2.2294
1.98459
2.71168
2.52433
1.1554
2.00449
1.92078
1.18804
1.55226
1.79498
2.95371
1.90077
2.68669
1.47808
2.02427
2.52175
1.95436
1.56118
1.0398
2.21541
1.5396
1.90379
1.8837
1.16323
1.71525
1.35453
2.08264
3.00954
2.93115
1.61783
1.95312
1.61308
2.20377
2.05913
1.84638
1.22357
1.34032
1.95717
1.79611
1.1243
2.32945
1.79426
2.66126
2.84859
1.20099
1.87012
2.86763
1.65719
2.18042
1.30123
2.20201
1.62697
2.36695
2.08693
1.74734
3.02082
3.62355
1.86761
2.33206
1.55118
2.14485
1.66939
1.69874
3.33849
1.39783
2.0369
2.20658
1.19176
1.90496
3.54671
1.12671
2.36261
1.30233
2.16127
1.29921
2.1048
1.21223
1.36415
1.61764
2.42651
2.50337
1.503
2.37376
2.19958
2.1928
3.15014
1.1292
3.30215
2.80529
2.01755
1.71294
3.2873
1.53036
1.39546
1.85371
1.56392
1.49411
2.22016
2.14034
1.66956
1.86795
2.02142
2.55997
1.53109
2.407
1.84055
1.5983
1.52695
2.79933
3.03249
1.8422
1.295
1.55215
1.99833
2.23091
2.9945
1.6445
1.70559
1.53513
3.1436
1.26231
1.18641
1.85552
1.62801
2.27341
2.16353
1.48549
1.43878
2.99002
1.94683
2.63149
1.88958
1.90905
3.15766
1.25418
3.04028
1.29923
2.12443
3.00225
1.52994
1.34853
3.60882
1.94411
1.1966
1.36108
1.06312
1.75321
1.20957
2.25685
2.48538
2.01861
1.13388
1.15015
1.40025
1.21144
1.09174
2.58711
1.55388
3.44299
1.12735
2.46379
2.40348
2.56771
1.41662
1.98161
1.99719
1.21301
2.45407
1.4178
2.60504
2.97011
2.49275
1.21386
2.13287
1.98219
2.18042
2.57792
1.57722
1.26884
1.60046
1.75121
2.53781
1.62951
1.47389
2.29745
1.29216
1.77155
1.50824
2.11674
1.04246
1.78714
1.70846
2.2955
1.75035
1.01186
2.5464
2.86172
2.61872
1.10217
1.57182
1.25111
1.36578
1.43475
2.13842
2.72022
2.57252
1.67755
1.55879
1.39168
2.09302
1.15697
1.60742
1.71303
1.6369
1.41846
2.99448
1.83636
1.19789
2.05018
3.35659
1.75444
1.28796
1.05853
1.42153
1.41548
1.17577
1.67305
1.82204
1.24288
2.10744
2.61559
2.07596
2.05159
1.90487
1.53912
2.15665
3.12201
1.80905
2.84004
1.26137
1.1209
2.85542
1.87187
2.15984
1.32257
1.87281
3.01502
1.60555
1.30651
1.54919
2.51737
3.22062
2.14556
2.08799
1.86299
2.6443
1.4323
1.94989
2.12752
1.74138
1.97566
2.58072
1.39907
2.14262
1.67992
1.45603
1.31604
2.07276
3.07274
1.79158
1.53301
2.93772
1.98448
1.04956
3.31979
2.04336
1.61679
1.46192
1.70625
1.85772
2.16956
2.94594
1.92407
1.51523
2.80672
1.96078
2.18854
1.26947
1.50946
1.17052
1.59099
2.71636
2.39204
1.50943
2.53381
2.52263
1.16626
2.13633
2.12281
2.91028
1.34987
1.50675
1.30594
2.5722
1.77635
2.17402
1.39974
2.90818
1.9928
2.26584
1.90717
1.2913
1.14546
1.49664
1.68565
1.50975
1.62325
2.41226
1.90312
2.65624
1.38386
1.85432
1.55027
2.27653
2.82161
1.5427
1.95773
1.74594
1.35577
2.52133
2.40597
1.89393
1.92653
1.52596
1.70719
1.86053
1.41292
1.33767
1.89363
1.67065
2.64561
1.9489
2.66481
1.60429
1.26935
2.37588
3.00245
3.03203
1.52094
1.59314
2.48177
2.49053
1.33707
1.45206
1.31893
2.62146
2.66794
2.14301
1.93469
1.96976
2.64651
1.48596
1.91611
1.59415
2.41347
1.90922
2.42745
1.01684
1.31419
1.86904
2.50428
1.45379
1.45438
1.53087
1.86303
1.14632
2.72947
1.85831
1.88981
2.33941
1.75278
1.56523
3.14416
2.87435
1.2105
1.86499
1.15715
3.01649
1.12487
1.71254
2.09014
1.46672
1.74894
3.24854
1.34594
2.66154
2.32155
1.09771
1.36148
1.9342
1.98526
2.87879
2.35793
1.66083
1.97228
2.3627
1.50602
2.71805
1.37
1.0825
2.65991
1.26961
1.75617
1.14287
1.8943
1.26266
1.92579
2.61706
1.38882
1.73424
2.52561
1.94958
2.18261
1.99958
1.8921
1.23383
2.98443
1.35323
1.55469
1.93862
1.03844
2.82176
1.48703
1.18299
1.69663
1.49108
2.10296
1.99204
2.59293
1.54892
2.82959
1.93524
2.15184
2.49418
1.65104
2.09607
1.3898
3.2299
1.43611
2.15742
1.7589
1.23629
2.47626
1.56449
1.25022
2.29679
1.71728
1.51032
1.83657
2.72079
3.47319
2.21008
1.02447
1.6308
1.94019
1.06734
1.19973
2.21483
1.27482
1.29301
1.70138
1.99922
1.64164
1.21205
1.22315
1.769
2.38952
1.37076
1.39489
1.78237
2.61362
1.83881
1.60686
1.94183
2.42675
1.33522
1.65879
1.59647
1.30306
1.52941
416330000.0
399138000.0
211770000.0
461857000.0
339964000.0
281417000.0
225355000.0
261083000.0
323890000.0
351222000.0
399574000.0
437627000.0
464676000.0
428003000.0
589878000.0
180746000.0
172067000.0
345566000.0
497844000.0
172877000.0
335207000.0
628036000.0
465412000.0
284141000.0
690409000.0
762402000.0
294778000.0
228739000.0
279376000.0
285895000.0
437478000.0
403215000.0
391317000.0
175526000.0
180520000.0
570249000.0
270064000.0
272867000.0
197015000.0
381706000.0
405020000.0
588237000.0
159445000.0
519324000.0
323789000.0
171313000.0
229615000.0
391603000.0
267197000.0
153986000.0
294390000.0
490210000.0
702196000.0
237005000.0
287655000.0
570513000.0
191866000.0
241638000.0
414548000.0
563425000.0
685107000.0
207166000.0
406043000.0
270974000.0
220964000.0
506410000.0
593572000.0
334208000.0
153321000.0
426650000.0
589938000.0
366805000.0
228751000.0
182037000.0
255056000.0
235804000.0
209147000.0
287321000.0
220987000.0
193150000.0
447587000.0
214182000.0
557999000.0
218711000.0
207713000.0
315678000.0
394475000.0
370705000.0
387484000.0
399155000.0
325832000.0
632885000.0
183771000.0
374341000.0
257188000.0
235157000.0
195829000.0
330449000.0
260050000.0
353280000.0
159230000.0
548073000.0
279128000.0
708101000.0
423051000.0
328839000.0
219425000.0
440619000.0
275687000.0
579665000.0
588700000.0
617912000.0
383695000.0
402674000.0
232127000.0
820390000.0
699773000.0
255285000.0
427117000.0
427208000.0
557667000.0
636571000.0
346639000.0
557301000.0
198293000.0
589028000.0
403650000.0
370023000.0
301458000.0
242638000.0
264193000.0
382365000.0
373211000.0
237606000.0
343923000.0
786400000.0
368326000.0
318837000.0
195055000.0
614182000.0
298995000.0
666378000.0
196039000.0
358756000.0
567198000.0
317687000.0
661010000.0
394922000.0
865289000.0
172723000.0
418765000.0
392608000.0
237461000.0
599359000.0
173263000.0
192304000.0
387916000.0
389908000.0
314912000.0
407461000.0
256039000.0
179428000.0
605348000.0
694049000.0
265337000.0
169296000.0
397770000.0
456861000.0
576982000.0
309620000.0
393408000.0
309444000.0
217307000.0
356664000.0
214441000.0
256588000.0
210323000.0
330178000.0
772065000.0
457219000.0
310359000.0
562935000.0
549120000.0
251620000.0
379283000.0
296526000.0
360737000.0
290491000.0
491848000.0
207441000.0
432444000.0
282675000.0
341517000.0
357255000.0
279714000.0
242681000.0
580532000.0
738525000.0
660396000.0
399412000.0
324587000.0
619340000.0
268597000.0
159856000.0
212580000.0
435474000.0
227192000.0
191393000.0
169560000.0
308967000.0
557738000.0
410899000.0
629851000.0
187857000.0
379678000.0
165671000.0
225750000.0
273751000.0
299315000.0
571716000.0
165519000.0
262390000.0
281193000.0
310995000.0
613362000.0
292232000.0
203427000.0
212711000.0
425157000.0
276892000.0
309841000.0
518659000.0
167937000.0
407035000.0
372029000.0
228827000.0
420474000.0
695969000.0
440176000.0
157196000.0
206027000.0
191679000.0
221467000.0
331901000.0
640954000.0
673728000.0
442376000.0
181916000.0
256844000.0
577529000.0
155239000.0
488296000.0
404121000.0
399420000.0
153853000.0
194649000.0
361754000.0
402059000.0
428849000.0
354813000.0
564213000.0
626923000.0
443371000.0
320301000.0
175515000.0
349884000.0
484582000.0
387800000.0
226874000.0
285639000.0
249903000.0
195650000.0
184046000.0
308663000.0
269557000.0
145711000.0
307311000.0
151958000.0
163307000.0
310516000.0
373608000.0
197289000.0
544431000.0
360456000.0
523557000.0
405207000.0
144469000.0
598429000.0
367069000.0
292832000.0
555164000.0
448016000.0
204896000.0
570434000.0
285485000.0
251645000.0
555666000.0
203573000.0
239076000.0
159723000.0
357033000.0
345997000.0
291436000.0
374495000.0
168906000.0
137932000.0
175024000.0
443866000.0
471835000.0
213317000.0
295120000.0
256713000.0
178095000.0
410006000.0
540018000.0
394153000.0
231384000.0
356686000.0
713828000.0
481419000.0
481404000.0
473970000.0
587313000.0
344642000.0
481658000.0
404916000.0
486204000.0
485639000.0
254662000.0
402851000.0
149109000.0
339256000.0
279553000.0
657990000.0
309852000.0
343606000.0
738133000.0
540747000.0
419495000.0
263458000.0
318782000.0
819633000.0
552597000.0
528296000.0
496893000.0
235189000.0
355556000.0
173702000.0
162896000.0
299606000.0
227479000.0
191628000.0
372482000.0
417766000.0
546812000.0
238606000.0
303145000.0
152519000.0
263423000.0
169724000.0
354383000.0
229912000.0
170699000.0
344621000.0
536015000.0
299835000.0
395854000.0
208602000.0
507309000.0
248077000.0
291686000.0
221124000.0
602899000.0
285443000.0
519762000.0
674922000.0
195357000.0
473491000.0
475741000.0
368114000.0
337580000.0
302973000.0
320906000.0
215132000.0
431050000.0
388180000.0
312751000.0
390743000.0
345000000.0
298298000.0
318595000.0
256095000.0
403522000.0
420408000.0
199311000.0
199977000.0
357110000.0
407571000.0
200683000.0
201017000.0
452213000.0
201929000.0
276323000.0
374781000.0
251614000.0
292442000.0
162145000.0
598263000.0
363398000.0
727479000.0
613528000.0
495777000.0
403793000.0
200355000.0
353667000.0
321872000.0
564245000.0
248938000.0
277755000.0
389935000.0
319906000.0
397701000.0
300490000.0
209030000.0
403788000.0
331778000.0
254500000.0
210282000.0
282657000.0
705779000.0
388435000.0
206908000.0
216725000.0
239637000.0
150204000.0
701874000.0
561996000.0
301687000.0
331196000.0
615384000.0
165687000.0
350012000.0
245197000.0
389589000.0
322290000.0
194624000.0
259154000.0
174514000.0
196233000.0
526969000.0
554377000.0
481737000.0
243530000.0
275857000.0
305980000.0
354356000.0
323635000.0
202640000.0
250800000.0
199610000.0
199557000.0
428969000.0
279973000.0
331085000.0
391451000.0
223030000.0
217030000.0
207554000.0
283310000.0
288810000.0
371838000.0
451945000.0
259857000.0
546977000.0
154325000.0
595471000.0
412008000.0
438797000.0
802069000.0
251641000.0
435481000.0
555826000.0
405872000.0
280321000.0
317456000.0
248351000.0
455220000.0
347421000.0
230677000.0
412432000.0
239615000.0
598694000.0
607686000.0
520322000.0
364272000.0
238452000.0
249753000.0
252924000.0
422249000.0
232252000.0
500629000.0
437762000.0
192468000.0
178830000.0
263165000.0
251330000.0
181266000.0
468765000.0
426863000.0
318736000.0
240741000.0
277292000.0
186040000.0
229345000.0
489900000.0
294214000.0
307376000.0
687592000.0
495574000.0
386762000.0
182520000.0
340038000.0
193054000.0
340327000.0
263661000.0
213913000.0
322173000.0
332619000.0
846843000.0
243256000.0
455078000.0
326265000.0
296725000.0
744796000.0
338366000.0
541111000.0
265272000.0
185797000.0
190320000.0
458631000.0
300260000.0
436468000.0
244056000.0
262435000.0
367710000.0
629591000.0
560971000.0
298410000.0
383194000.0
733121000.0
231242000.0
351033000.0
213235000.0
198239000.0
706967000.0
377772000.0
181031000.0
447089000.0
284100000.0
409037000.0
269032000.0
465265000.0
261625000.0
306662000.0
391136000.0
172532000.0
139348000.0
299098000.0
244815000.0
411789000.0
294528000.0
432968000.0
366982000.0
149882000.0
489720000.0
252853000.0
280007000.0
618820000.0
325618000.0
142161000.0
770327000.0
261790000.0
597025000.0
264802000.0
564015000.0
305240000.0
513243000.0
548942000.0
393418000.0
227137000.0
240536000.0
388407000.0
258776000.0
279159000.0
241442000.0
172015000.0
758315000.0
154260000.0
193834000.0
276654000.0
417932000.0
159283000.0
454071000.0
449705000.0
363875000.0
446617000.0
501874000.0
236579000.0
282224000.0
360735000.0
364942000.0
313874000.0
199880000.0
435589000.0
214858000.0
370238000.0
412481000.0
397640000.0
198636000.0
166821000.0
297186000.0
577312000.0
422556000.0
302604000.0
253252000.0
170127000.0
438386000.0
293867000.0
482540000.0
161281000.0
607528000.0
612684000.0
375094000.0
323998000.0
252444000.0
242120000.0
496030000.0
509371000.0
182594000.0
326988000.0
196004000.0
346980000.0
322853000.0
171809000.0
495402000.0
178149000.0
607789000.0
282639000.0
182688000.0
331865000.0
533553000.0
139770000.0
320804000.0
707260000.0
575474000.0
760848000.0
333503000.0
570174000.0
276012000.0
220647000.0
304536000.0
772700000.0
514262000.0
569279000.0
704043000.0
820724000.0
221320000.0
418968000.0
149823000.0
794657000.0
244763000.0
242135000.0
202586000.0
383228000.0
306720000.0
283745000.0
679713000.0
246696000.0
517933000.0
200691000.0
170343000.0
229859000.0
616286000.0
266414000.0
281478000.0
279165000.0
210266000.0
428691000.0
631811000.0
371443000.0
398431000.0
232680000.0
399388000.0
441766000.0
262811000.0
639769000.0
388614000.0
403682000.0
274511000.0
769779000.0
366045000.0
405476000.0
233591000.0
333634000.0
861103000.0
200862000.0
180394000.0
228593000.0
799519000.0
468109000.0
499379000.0
488582000.0
503913000.0
298675000.0
192022000.0
238559000.0
377891000.0
399827000.0
574783000.0
299414000.0
527213000.0
432905000.0
330852000.0
438025000.0
553049000.0
189250000.0
295842000.0
549623000.0
256710000.0
153688000.0
303988000.0
520279000.0
776240000.0
532088000.0
497975000.0
715191000.0
396474000.0
376698000.0
582609000.0
295679000.0
209439000.0
271993000.0
271802000.0
324745000.0
504324000.0
245610000.0
169481000.0
297857000.0
192834000.0
638338000.0
730671000.0
194360000.0
313421000.0
255398000.0
625653000.0
363391000.0
169261000.0
388812000.0
448672000.0
472232000.0
238200000.0
157732000.0
251600000.0
305335000.0
379883000.0
225187000.0
476759000.0
314968000.0
278226000.0
379543000.0
313581000.0
197559000.0
583856000.0
268513000.0
388536000.0
480326000.0
513313000.0
250033000.0
166058000.0
329785000.0
421936000.0
176333000.0
299725000.0
540666000.0
151602000.0
299482000.0
403035000.0
475430000.0
396593000.0
274731000.0
265661000.0
176971000.0
269254000.0
461188000.0
186135000.0
328007000.0
255430000.0
598412000.0
508633000.0
663032000.0
358706000.0
202142000.0
224154000.0
495454000.0
215515000.0
204544000.0
566541000.0
289394000.0
292849000.0
191492000.0
583010000.0
403257000.0
649671000.0
230939000.0
371413000.0
272080000.0
492623000.0
187540000.0
327112000.0
238973000.0
290325000.0
638214000.0
760059000.0
391277000.0
423504000.0
506212000.0
417815000.0
229595000.0
347817000.0
189320000.0
457770000.0
384595000.0
446256000.0
225091000.0
179483000.0
409162000.0
302254000.0
382122000.0
569522000.0
205983000.0
226104000.0
310032000.0
331689000.0
512012000.0
391048000.0
319290000.0
505593000.0
592687000.0
333212000.0
361927000.0
206350000.0
350289000.0
219665000.0
441137000.0
535502000.0
222313000.0
179081000.0
175382000.0
438740000.0
422912000.0
236167000.0
215982000.0
423645000.0
471873000.0
575145000.0
202664000.0
194606000.0
280596000.0
351062000.0
335570000.0
196174000.0
495703000.0
263684000.0
451884000.0
215258000.0
357443000.0
244395000.0
830912000.0
413701000.0
371247000.0
220644000.0
431031000.0
469618000.0
473056000.0
314967000.0
672040000.0
186204000.0
302486000.0
326121000.0
249901000.0
338508000.0
417224000.0
162447000.0
176078000.0
633623000.0
342835000.0
682887000.0
175204000.0
638064000.0
417759000.0
282443000.0
489809000.0
351125000.0
157085000.0
501520000.0
217102000.0
250935000.0
690216000.0
579097000.0
316275000.0
310537000.0
179406000.0
265368000.0
326259000.0
329082000.0
228258000.0
513052000.0
210902000.0
456672000.0
609349000.0
212307000.0
479826000.0
341894000.0
729196000.0
335385000.0
582821000.0
284047000.0
220103000.0
581920000.0
413075000.0
237119000.0
270170000.0
280266000.0
266066000.0
320942000.0
608225000.0
174574000.0
395761000.0
437112000.0
357684000.0
834900000.0
185386000.0
361429000.0
728138000.0
418342000.0
477924000.0
280421000.0
302595000.0
212719000.0
484031000.0
178132000.0
322860000.0
291780000.0
246452000.0
428049000.0
307150000.0
537293000.0
156347000.0
511447000.0
289140000.0
376415000.0
674118000.0
236881000.0
493837000.0
674303000.0
259396000.0
363450000.0
445552000.0
388202000.0
184932000.0
144673000.0
241467000.0
744046000.0
407058000.0
330405000.0
810974000.0
620234000.0
265263000.0
531475000.0
633324000.0
403378000.0
337720000.0
409512000.0
546903000.0
561081000.0
408383000.0
240003000.0
497475000.0
428513000.0
363920000.0
216186000.0
352720000.0
468818000.0
261890000.0
208075000.0
463196000.0
404600000.0
454645000.0
398402000.0
466317000.0
