1.0087
1.01951
1.07511
1.003
1.15699
1.00192
1.07223
1.07818
1.02111
1.04383
1.00386
1.11908
1.01761
1.03487
1.02773
1.02977
1.01188
1.08848
1.02609
1.05054
1.05893
1.05453
1.013
1.04075
1.00526
1.0606
1.00985
1.04543
1.00949
1.01796
1.02706
1.03184
1.104
1.05261
1.00719
1.09705
1.05689
1.07884
1.03459
1.01814
1.00092
1.02846
1.00323
1.05116
1.05883
1.16727
1.01652
1.01418
1.01499
1.05711
1.01637
1.05322
1.08586
1.00372
1.03628
1.00159
1.00725
1.04066
1.02486
1.03593
1.01425
1.02997
1.0112
1.02736
1.0149
1.01812
1.04934
1.03767
1.00486
1.07686
1.00162
1.00355
1.03668
1.00911
1.0181
1.11166
1.02804
1.08553
1.05591
1.00499
1.00903
1.00117
1.01361
1.01363
1.0069
1.04523
1.01978
1.01598
1.09734
1.0245
1.00426
1.03
1.19429
1.08562
1.01344
1.00352
1.03454
1.01382
1.00347
1.01341
1.01737
1.01074
1.04082
1.00539
1.12421
1.00101
1.04935
1.02076
1.00235
1.03317
1.00832
1.00981
1.03377
1.03214
1.03662
1.05218
1.00406
1.00268
1.10471
1.01949
1.0969
1.00263
1.03461
1.01832
1.03044
1.06589
1.02819
1.00171
1.00734
1.00863
1.0185
1.0165
1.02488
1.00456
1.0245
1.09372
1.14802
1.02235
1.02118
1.01856
1.00776
1.07779
1.09975
1.00232
1.09991
1.01861
1.0108
1.00004
1.05488
1.02987
1.06837
1.02961
1.05266
1.00937
1.00385
1.04378
1.0198
1.05123
1.04819
1.02985
1.00137
1.10033
1.00391
1.00698
1.0146
1.0054
1.01258
1.01049
1.0205
1.01243
1.07669
1.07592
1.00433
1.03576
1.02725
1.025
1.02694
1.0046
1.02717
1.00788
1.03159
1.09227
1.09607
1.06072
1.04192
1.08043
1.01898
1.00262
1.01244
1.0318
1.00283
1.01867
1.05097
1.00773
1.013
1.06055
1.01347
1.05179
1.07717
1.00457
1.00753
1.01493
1.00738
1.05686
1.00198
1.12724
1.00565
1.08658
1.05141
1.02598
1.078
1.13615
1.05078
1.00618
1.00355
1.00092
1.03785
1.08837
1.01558
1.11387
1.0892
1.02491
1.05134
1.00609
1.00273
1.04457
1.01137
1.01372
1.01575
1.00031
1.00476
1.01451
1.00301
1.01073
1.02607
1.05909
1.05156
1.01895
1.04111
1.01507
1.12346
1.04936
1.04398
1.00363
1.00304
1.01303
1.01903
1.00656
1.00812
1.02232
1.03613
1.01562
1.00781
1.04159
1.02097
1.05921
1.00426
1.05778
1.01273
1.04259
1.00647
1.00328
1.02185
1.03617
1.129
1.07459
1.00324
1.01132
1.00449
1.03105
1.07665
1.06901
1.04527
1.00775
1.02455
1.01339
1.01625
1.16703
1.00115
1.03809
1.03015
1.03116
1.09656
1.08169
1.02915
1.07881
1.00199
1.04188
1.04403
1.00419
1.01382
1.05469
1.01545
1.00695
1.07767
1.02215
1.00805
1.0923
1.00298
1.03417
1.04061
1.12043
1.05423
1.00422
1.01951
1.0556
1.01687
1.00266
1.02546
1.02875
1.01166
1.0102
1.04149
1.01903
1.00663
1.08303
1.01215
1.05776
1.0028
1.0143
1.06901
1.001
1.02341
1.01623
1.01793
1.02008
1.05957
1.03433
1.02188
1.04156
1.01431
1.01158
1.04874
1.04769
1.02453
1.06251
1.00716
1.02223
1.1097
1.00813
1.06046
1.00878
1.06869
1.03927
1.02011
1.04026
1.05049
1.04394
1.00727
1.00101
1.00717
1.01757
1.04709
1.12441
1.00954
1.0248
1.0292
1.01307
1.05244
1.09611
1.01511
1.0234
1.0115
1.05147
1.12153
1.05318
1.01569
1.03916
1.01168
1.1145
1.01102
1.01907
1.05038
1.00397
1.07536
1.08032
1.08467
1.06166
1.07959
1.08575
1.01955
1.00097
1.00792
1.00985
1.00343
1.06259
1.04972
1.02023
1.00636
1.00281
1.01517
1.01545
1.01642
1.05847
1.01185
1.01037
1.05476
1.00701
1.0482
1.06769
1.03714
1.00892
1.04668
1.09666
1.07156
1.01547
1.0067
1.05185
1.00346
1.00699
1.00506
1.04295
1.01528
1.03506
1.00541
1.00302
1.0211
1.02916
1.00889
1.0268
1.00953
1.00366
1.02185
1.00346
1.10222
1.05134
1.01305
1.07362
1.04277
1.08026
1.03157
1.0206
1.00439
1.18275
1.00777
1.057
1.06463
1.0296
1.01198
1.04682
1.00673
1.03896
1.00984
1.03012
1.00323
1.08949
1.01779
1.01248
1.00656
1.04608
1.06582
1.07673
1.02915
1.07761
1.1499
1.01495
1.00807
1.0927
1.01783
1.04606
1.1879
1.07353
1.01313
1.15938
1.05771
1.00954
1.08715
1.04143
1.08027
1.10001
1.00928
1.11348
1.00696
1.00318
1.01929
1.02915
1.0715
1.00096
1.01256
1.05852
1.01582
1.07994
1.01845
1.01293
1.03823
1.09117
1.02575
1.01176
1.0355
1.00287
1.00339
1.01459
1.02149
1.04288
1.00819
1.00965
1.0769
1.01807
1.01774
1.01344
1.02714
1.02105
1.01759
1.00848
1.0091
1.00568
1.00188
1.04528
1.05105
1.14462
1.05713
1.05422
1.02199
1.03921
1.01319
1.03864
1.01327
1.01617
1.013
1.13745
1.00154
1.0116
1.10375
1.01677
1.06767
1.00898
1.05423
1.02347
1.00291
1.01696
1.0801
1.0013
1.19146
1.00469
1.00705
1.02152
1.01426
1.0246
1.0151
1.05094
1.04231
1.08897
1.00435
1.0099
1.0037
1.03754
1.00141
1.08715
1.01562
1.01295
1.03859
1.08244
1.02587
1.04442
1.00914
1.13257
1.00935
1.14413
1.00157
1.01687
1.18426
1.04069
1.0119
1.0075
1.01047
1.00125
1.02566
1.00362
1.0275
1.01118
1.00747
1.00152
1.00434
1.0404
1.03804
1.02795
1.01775
1.01579
1.00383
1.07117
1.02239
1.01401
1.03664
1.07894
1.00294
1.00895
1.0133
1.00553
1.03696
1.00417
1.01589
1.04424
1.02926
1.0198
1.03264
1.1254
1.03735
1.14863
1.01241
1.021
1.21305
1.0034
1.02045
1.05115
1.00764
1.00788
1.06696
1.2217
1.01944
1.103
1.05256
1.01163
1.02043
1.00256
1.04619
1.19973
1.01039
1.03772
1.00463
1.01903
1.01263
1.00504
1.01052
1.00669
1.00267
1.00404
1.03504
1.01405
1.02128
1.00495
1.06017
1.08874
1.08756
1.01481
1.00522
1.02151
1.1618
1.02649
1.00485
1.06483
1.00402
1.01029
1.01276
1.01014
1.01246
1.01993
1.01074
1.01536
1.0051
1.00384
1.03823
1.00662
1.08561
1.01144
1.0268
1.02926
1.00364
1.03731
1.04094
1.0048
1.00618
1.06932
1.01329
1.03963
1.01069
1.04037
1.00681
1.02018
1.05434
1.01979
1.05437
1.00861
1.08865
1.00382
1.01371
1.03256
1.01023
1.1036
1.06278
1.01921
1.02295
1.06602
1.02884
1.02561
1.01147
1.00395
1.10268
1.10205
1.05866
1.00735
1.01459
1.03635
1.00511
1.00903
1.10214
1.08699
1.00604
1.03811
1.0233
1.0232
1.07173
1.00429
1.05606
1.02315
1.01544
1.08195
1.02493
1.03079
1.05189
1.02094
1.08192
1.01738
1.03587
1.03019
1.00425
1.00474
1.06716
1.01467
1.00915
1.00662
1.01181
1.02595
1.02047
1.00176
1.03166
1.0206
1.06911
1.01259
1.0045
1.05086
1.04321
1.00321
1.00356
1.02855
1.04181
1.01484
1.01085
1.05841
1.1477
1.027
1.03559
1.00322
1.00872
1.00168
1.0052
1.01007
1.06027
1.02202
1.00832
1.05731
1.00999
1.05204
1.02147
1.00551
1.08103
1.08458
1.11725
1.02173
1.00142
1.01077
1.02415
1.0424
1.00423
1.06534
1.11445
1.04269
1.0595
1.00419
1.01269
1.00852
1.07259
1.03567
1.03373
1.02445
1.01678
1.0084
1.03097
1.04401
1.04589
1.00565
1.19101
1.1006
1.04451
1.07561
1.00898
1.01357
1.05224
1.00681
1.01318
1.06429
1.02106
1.00638
1.02434
1.01013
1.00477
1.00461
1.02764
1.0875
1.01079
1.01408
1.03469
1.13951
1.01759
1.07459
1.07211
1.01376
1.00622
1.10884
1.00207
1.10722
1.00918
1.01553
1.02149
1.00606
1.04878
1.06384
1.01964
1.0181
1.01687
1.01504
1.15306
1.03293
1.02985
1.00541
1.01321
1.05645
1.01798
1.01316
1.03882
1.04672
1.00645
1.01179
1.02764
1.13076
1.00067
1.02464
1.00721
1.01572
1.01754
1.07196
1.0018
1.16431
1.01343
1.00975
1.00399
1.00199
1.03256
1.02663
1.04709
1.00739
1.07982
1.04654
1.05351
1.00508
1.01406
1.01184
1.00404
1.01852
1.02575
1.01023
1.01734
1.00057
1.00094
1.07148
1.12589
1.0042
1.00457
1.00906
1.0184
1.07297
1.00443
1.00769
1.05186
1.09525
1.11976
1.02932
1.02653
1.06918
1.04946
1.03719
1.00738
1.03162
1.08252
1.01502
1.01124
1.05016
1.06743
1.01924
1.00996
1.05725
1.03406
1.02726
1.00485
1.00642
1.0476
1.03379
1.01255
1.02241
1.12414
1.01043
1.05801
1.00656
1.0109
1.11101
1.13491
1.11943
1.04611
1.03268
1.01263
1.03522
1.01098
1.07814
1.01028
1.03638
1.02074
1.00846
1.04916
1.00381
1.05109
1.02782
1.09654
1.01493
1.06197
1.02434
1.0305
1.01181
1.02682
1.00294
1.00697
1.0032
1.00247
1.00265
1.00183
1.02384
1.00259
1.02512
1.00479
1.00856
1.03069
1.00347
1.00876
1.04574
1.06477
1.0169
1.08769
1.07091
1.04001
1.00952
1.00095
1.02725
1.04905
1.03019
1.05464
1.00617
1.00802
1.09262
1.00667
1.00952
1.00641
1.05569
1.02225
1.05678
1.02513
1.16536
1.00301
1.0055
1.00801
1.05915
1.00145
1.0187
1.00571
1.00892
1.10577
1.00825
1.03838
1.00218
1.01235
1.01844
1.02986
1.01907
1.03711
1.00453
1.08774
1.01941
1.03444
1.03513
1.04128
1.01212
1.02077
1.0117
1.0287
1.01241
1.04979
1.04042
1.00882
1.00841
1.05791
1.01501
1.0469
1.10793
1.01732
1.06548
1.40586
1.00477
1.34816
1.0112
1.34398
1.19021
1.02811
1.08778
1.01108
1.22582
1.02161
1.08126
1.10098
1.12745
1.0186
1.12853
1.19011
1.05922
1.14128
1.23124
1.0257
1.04726
1.01827
1.39728
1.03763
1.06977
1.01522
1.02702
1.04728
1.16701
1.19913
1.09728
1.02221
1.18169
1.3152
1.15287
1.03872
1.36679
1.01429
1.03853
1.02301
1.1368
1.10201
1.36417
1.05808
1.023
1.06849
1.06384
1.04585
1.05813
1.17407
1.00914
1.20714
1.00658
1.03555
1.05615
1.04324
1.04105
1.02257
1.0897
1.01434
1.04056
1.0285
1.02201
1.08318
1.33411
1.01141
1.25614
1.0056
1.01211
1.03989
1.04723
1.02868
1.29226
1.07163
1.1493
1.09028
1.01682
1.0173
1.01089
1.04514
1.03091
1.06653
1.08938
1.03182
2.01223
1.17337
1.029
1.01863
1.13973
1.64381
1.32064
1.037
1.01001
1.0428
1.20908
1.02166
1.01907
1.1223
1.01528
1.11924
1.02219
1.24915
1.01139
1.07591
1.03186
1.01205
1.05152
1.04612
1.02362
1.0382
1.05027
1.05894
1.06104
1.01187
1.01839
1.13139
1.12234
1.21994
1.01105
1.10256
1.02687
1.46899
1.07538
1.05305
1.00543
1.03329
1.06227
1.02278
1.07711
1.13106
1.01834
1.03541
1.11403
1.18303
1.02839
1.03511
1.02403
1.00934
1.10129
1.24191
1.01439
1.38011
1.1297
1.04018
1.01284
1.06543
1.05026
1.15299
1.05844
1.1034
1.02756
1.00805
1.06624
1.04171
1.06351
1.05679
1.16392
1.00658
1.14513
1.01406
1.00957
1.08343
1.00876
1.0255
1.0214
1.04041
1.02014
1.17322
1.08582
1.03079
1.12229
1.03818
1.06443
1.03075
1.01407
1.03028
1.07706
1.07658
1.13572
1.18226
1.28905
1.54571
1.15905
1.08979
1.00767
1.11519
1.04943
1.01144
1.0373
1.06035
1.04973
1.07229
1.11454
1.02792
1.10873
1.12361
1.01851
1.02666
1.02551
1.01558
1.55142
1.01228
1.16268
1.02689
1.13424
1.10083
1.05329
1.21102
1.18396
1.07873
1.01844
1.0095
1.01245
1.04822
1.1201
1.02156
1.23204
1.1607
1.44585
1.06014
1.01361
1.01604
1.04899
1.01488
1.02049
1.02751
1.00728
1.02122
1.07907
1.0123
1.01441
1.04364
1.06571
1.16681
1.07081
1.06465
1.17303
1.13261
1.08258
1.11133
1.05745
1.0169
1.02226
1.02369
1.01047
1.01994
1.02757
1.08744
1.3365
1.03285
1.15466
1.03421
1.51993
1.12491
1.0656
1.02146
1.085
1.09644
1.01395
1.03309
1.04438
1.22286
1.31289
1.0104
1.01938
1.01733
1.08856
1.08134
1.23253
1.08359
1.02255
1.03095
1.05697
1.02691
1.1901
1.00562
1.05058
1.16509
1.07886
1.4536
1.20065
1.09743
1.10019
1.01204
1.06414
1.10605
1.01739
1.01996
1.11651
1.02676
1.01267
1.11148
1.04299
1.01315
1.29871
1.06591
1.04862
1.05972
1.15148
1.0591
1.00723
1.03018
1.08176
1.03284
1.00839
1.05535
1.04193
1.02252
1.01667
1.13994
1.02758
1.46031
1.08883
1.02039
1.10489
1.01785
1.01979
1.09966
1.00813
1.04173
1.02738
1.02109
1.06629
1.42143
1.0811
1.10075
1.78043
1.01921
1.02343
1.30934
1.05366
1.97471
1.06695
1.01265
1.02585
1.21643
1.0124
1.06629
1.01954
1.07783
1.05222
1.0296
1.05823
1.11828
1.05217
1.01571
1.00293
1.0235
1.06041
1.05087
1.15149
1.02011
1.02955
1.05246
1.01659
1.222
1.16444
1.09439
1.02849
1.02142
1.26047
1.14156
1.30288
1.03378
1.59295
1.05004
1.12851
1.01859
1.0559
1.29311
1.01399
1.10823
1.08992
1.20911
1.13079
1.15202
1.33051
1.03077
1.0073
1.01891
1.01241
1.01836
1.59324
1.74018
1.03883
1.01704
1.01811
1.0303
1.06553
1.03041
1.36281
1.05094
1.01725
1.09519
1.02222
1.10046
1.07699
1.06247
1.04398
1.09305
1.12245
1.09063
1.02915
1.01224
1.09093
1.01055
1.0162
1.01915
1.62285
1.11693
1.0533
1.01759
1.00807
1.04078
1.03261
1.05851
1.04016
1.03347
1.02429
1.23331
1.05656
1.21363
1.0745
1.28556
1.07925
1.22432
1.23107
1.27271
1.08694
1.00974
1.24995
1.01532
1.15933
1.13021
1.04358
1.01559
1.67458
1.02446
1.04242
1.1191
1.04089
1.00895
1.22718
1.02969
1.02185
1.0171
1.14827
1.24029
1.21254
1.10623
1.6252
1.20682
1.02506
1.01786
1.16711
1.09687
1.09141
1.23621
1.09317
1.0445
1.17836
1.09213
1.01241
1.14558
1.05448
1.25044
1.26563
1.0111
1.35933
1.02532
1.009
1.08111
1.04387
1.07878
1.01317
1.01997
1.529
1.03134
1.10271
1.02883
1.01628
1.43682
1.10742
1.21789
1.0237
1.10468
1.00869
1.01448
1.5313
1.04322
1.05032
1.0213
1.01407
1.28778
1.03582
1.02733
1.02319
1.03802
1.02578
1.02208
1.01897
1.02797
1.01393
1.00769
1.07736
1.28492
1.21521
1.31084
1.09744
1.03115
1.09256
1.02344
1.07732
1.01727
1.02189
1.03108
1.16678
1.00492
1.0213
1.16266
1.02105
1.08424
1.03052
1.06031
1.02742
1.0105
1.0295
1.17791
1.00644
1.44651
1.02803
1.02114
1.03094
1.02377
1.06469
1.02605
1.123
1.05111
1.31302
1.01148
1.01943
1.01542
1.17914
1.0134
1.16659
1.02673
1.02243
1.11358
1.17338
1.03517
1.0769
1.01451
1.18187
1.01193
1.27995
1.00657
1.06978
1.38321
1.06278
1.06425
1.01125
1.02063
1.01172
1.03999
1.01299
1.04813
1.01584
1.02976
1.01215
1.00521
1.07208
1.0489
1.04154
1.01999
1.02285
1.01186
1.14729
1.04605
1.01796
1.12791
1.37481
1.12719
1.02483
1.14163
1.05915
1.07728
1.14948
1.02565
1.07857
1.07801
1.06839
1.04201
1.28108
1.19206
1.31961
1.02881
1.07536
1.49515
1.01435
1.03198
1.09901
1.01257
1.01232
1.15873
1.33644
1.07278
1.21325
1.06271
1.0213
1.02807
1.0071
1.09209
1.525
1.01695
1.12368
1.00769
1.02795
1.16141
1.00979
1.04044
1.01897
1.01504
1.00806
1.04522
1.02718
1.08077
1.01554
1.08592
1.15581
1.18969
1.02311
1.03612
1.058
1.24409
1.11353
1.00981
1.09562
1.00626
1.01479
1.12231
1.1964
1.02132
1.03956
1.06434
1.02311
1.03315
1.01089
1.20788
1.12118
1.10953
1.01743
1.04508
1.03465
1.01116
1.25005
1.0987
1.01293
1.01012
1.26293
1.02055
1.07888
1.04504
1.10883
1.1029
1.03215
1.07682
1.05066
1.06379
1.02636
1.22006
1.00514
1.02752
1.04613
1.01624
1.58868
1.06875
1.02573
1.12767
1.14296
1.05795
1.20974
1.0825
1.01273
1.26486
1.19947
1.16817
1.01442
1.01614
1.10901
1.01517
1.09687
1.11507
1.1499
1.0208
1.11303
1.08411
1.04259
1.10051
1.00777
1.13689
1.05074
1.0215
1.17793
1.03966
1.1182
1.09427
1.02804
1.45235
1.05594
1.05209
1.12154
1.01644
1.01095
1.12561
1.02401
1.02712
1.04418
1.03731
1.04739
1.21855
1.00704
1.07501
1.12609
1.17263
1.02323
1.02363
1.05554
1.16711
1.01318
1.00952
1.0404
1.10374
1.03245
1.04247
1.0998
1.26848
1.04321
1.09188
1.01347
1.02446
1.01561
1.01164
1.02401
1.09559
1.06474
1.04188
1.07201
1.02074
1.15615
1.05673
1.12825
1.08693
1.08749
1.23205
1.03088
1.00392
1.0195
1.14224
1.15277
1.00929
1.06779
1.1687
1.06891
1.19395
1.00863
1.0293
1.05118
1.18223
1.10495
1.04439
1.09591
1.02249
1.02301
1.04836
1.05213
1.0911
1.01293
1.29037
1.85473
1.04993
1.1471
1.02218
1.09031
1.0848
1.06798
1.02059
1.17696
1.0679
1.01504
1.04791
1.02126
1.01057
1.01241
1.35743
1.14479
1.0191
1.03374
1.43734
1.20798
1.05912
1.20859
1.10541
1.02265
1.01501
1.27518
1.01025
1.15993
1.04996
1.02536
1.06695
1.00956
1.07781
1.38359
1.0669
1.05244
1.04785
1.02408
1.24642
1.08286
1.36187
1.02804
1.13074
1.20933
1.02467
1.02598
1.05323
1.101
1.02098
1.02536
1.09649
1.22625
1.00784
1.0846
1.01093
1.02733
1.02835
1.07508
1.00617
1.51652
1.07181
1.02124
1.0203
1.01972
1.06104
1.10186
1.08281
1.01751
1.11263
1.18189
1.05773
1.00979
1.07997
1.03602
1.01488
1.02295
1.16422
1.04971
1.03135
1.0036
1.00546
1.13761
1.51763
1.07585
1.01542
1.02428
1.02629
1.08757
1.01027
1.01511
1.13295
1.21224
1.24925
1.11788
1.08117
1.11797
1.26261
1.0801
1.02602
1.04898
1.11883
1.02431
1.01863
1.06976
1.14274
1.0314
1.0181
1.21174
1.04779
1.10507
1.01672
1.01041
1.1421
1.05576
1.02698
1.05295
1.22027
1.04177
1.22045
1.0219
1.12463
1.12009
1.22623
1.13415
1.06452
1.03836
1.02438
1.07275
1.03229
1.1409
1.02079
1.06225
1.08351
1.01886
1.18154
1.00831
1.09771
1.07009
1.10004
1.02046
1.07786
1.07327
1.04059
1.01669
1.12109
1.01309
1.13001
1.00942
1.0051
1.01699
1.00726
1.03495
1.00615
1.03722
1.00969
1.08315
1.05344
1.00791
1.01914
1.37178
1.13886
1.02727
1.10232
1.09737
1.06553
1.02346
1.01766
1.04654
1.11474
1.19951
1.11446
1.01683
1.02156
1.26741
1.02979
1.01847
1.00859
1.09371
1.04566
1.06089
1.08822
1.42126
1.01048
1.07724
1.0145
1.09753
1.00989
1.03925
1.01901
1.01274
1.17028
1.01192
1.09628
1.01125
1.07234
1.12068
1.10929
1.09002
1.54699
1.01367
1.13569
1.02602
1.04422
1.04621
1.07558
1.02967
1.03823
1.01779
1.296
1.02195
1.1468
1.1845
1.01759
1.03507
1.19333
1.04026
1.15208
1.15621
2.23418
1.77787
2.62705
1.09869
2.02642
3.4569
1.74155
2.01352
1.44896
1.46565
1.20289
2.69366
2.51703
2.19658
1.32513
1.52198
2.82
1.27172
2.5416
1.20236
1.25366
2.57602
2.95921
1.47264
1.09555
2.87515
1.66692
1.621
1.40876
2.39492
3.18085
1.50011
2.2703
1.31116
3.33869
1.72013
1.83965
2.51862
1.57479
1.86078
1.25341
3.18934
1.53521
1.36356
2.24176
1.97433
1.22888
1.12922
1.51179
1.90106
1.54887
2.23062
1.92682
1.29049
1.23328
2.16726
1.17112
2.40999
2.3481
2.53644
1.67238
2.28571
1.19167
1.19833
2.24039
1.65719
1.58346
1.46464
2.12238
1.59888
2.90726
1.82684
1.16769
1.99072
1.55699
2.1305
2.5075
1.60927
1.19605
2.71729
1.07525
2.21976
2.72488
1.40798
1.50048
2.16952
1.97039
2.73987
1.701
1.84839
1.3957
2.41019
1.98196
2.9681
1.69302
1.93328
1.90337
2.15329
1.80185
1.26731
2.47658
1.13171
2.37305
2.22076
3.45002
2.19502
1.49607
1.50868
1.35598
2.35098
1.1318
2.17251
1.11035
2.91313
2.09397
1.19269
1.50408
1.98287
2.03394
2.54681
2.99773
3.16573
2.85763
1.18442
2.45536
1.22443
2.72811
1.83296
1.9032
1.3902
1.14977
1.19069
1.43843
1.29916
2.85428
1.53487
1.65638
1.07253
3.13719
1.87286
1.67841
2.7896
2.3434
3.17113
1.70344
1.83901
1.19285
1.33976
1.95794
3.35934
1.68256
1.48818
2.02112
2.83271
1.52458
1.43952
1.21104
2.3646
1.67189
1.61106
2.10448
1.40411
1.65968
1.20818
1.77573
1.02951
1.60847
1.53297
3.16362
1.27281
1.81681
1.52725
2.76107
2.20599
2.43591
1.73519
2.02642
2.66688
1.22347
1.30072
1.37771
1.96511
1.93096
1.83159
1.86322
2.88992
1.69612
2.13544
1.77872
2.1619
2.3545
1.63828
1.54482
2.58537
1.6375
2.24276
1.15497
1.75675
1.42139
3.51003
2.51783
1.37687
1.54261
1.8741
1.90944
1.73047
2.18049
1.9509
1.44979
1.20443
2.00047
1.84457
2.9063
1.1414
1.10281
1.5279
1.29646
2.0235
2.34479
1.54085
1.31805
1.97113
2.51237
1.10571
2.58012
1.09509
1.05202
2.1052
1.46954
1.23198
1.1408
2.7102
2.14315
3.13141
1.90201
1.23888
1.96185
1.12253
1.26289
1.52796
1.48275
2.17189
3.1197
2.45575
2.66981
1.87862
1.03812
1.47509
1.66505
1.3746
2.92474
2.89965
3.29804
2.1077
2.56326
2.22511
1.26082
1.4175
1.36119
2.09001
1.34144
1.4474
2.01685
1.74115
2.68121
2.61308
2.19143
1.22378
1.15067
1.37578
1.97802
1.99949
1.27503
1.26109
2.40839
1.59709
1.22079
1.8351
1.63498
2.0269
1.2159
1.41113
1.80255
1.87431
1.7113
1.50821
3.09182
1.79153
1.73275
1.17061
2.29288
1.31223
1.03202
3.03807
2.1951
1.24912
1.46327
2.38785
2.78128
2.46712
1.67602
1.99028
1.9222
2.35863
1.9565
2.11818
2.0585
3.09945
1.39331
2.28315
2.52212
2.24266
1.35204
2.41126
3.20912
1.87417
2.09695
2.04005
2.57983
2.72115
2.5545
1.24576
1.45421
1.50195
2.1766
1.20319
2.41868
2.33965
1.26203
2.75875
1.30585
1.72369
2.76493
1.533
2.50314
1.27717
1.56148
2.01403
1.54288
1.18053
1.54916
1.86375
1.39728
2.12892
3.67629
1.17756
1.7898
1.07916
1.59784
3.18855
1.98383
1.31713
1.68141
2.04097
2.86316
1.26693
1.97323
1.68357
1.95914
3.05003
1.4839
2.52163
1.78996
2.6293
1.79266
1.58348
1.76314
2.26868
1.08079
1.81203
2.84845
1.69869
1.71777
1.63614
1.2906
1.34392
1.33315
1.83082
1.36599
1.47483
1.76923
2.86366
1.11716
1.883
2.20085
1.63975
2.93917
3.48555
1.05803
2.41969
1.19585
2.87825
2.41076
1.78683
1.7635
1.16992
1.75159
1.75621
2.07859
1.53024
2.0031
1.15492
1.7788
1.76115
1.31436
2.32851
2.03129
2.74813
3.23668
1.15995
1.99124
1.79286
3.01111
2.48546
1.80323
1.19096
2.36258
1.18452
1.55594
1.71027
1.63199
1.33043
1.68999
3.33758
2.25891
2.48055
1.62329
1.5168
2.41724
2.07493
2.2084
2.67644
1.53932
2.43837
1.78908
2.06474
2.20166
1.2245
1.18331
2.53948
2.3379
1.24613
2.31857
2.19611
1.45854
2.60747
1.62034
1.14994
1.29799
1.43966
1.46109
1.52176
3.33319
2.40529
2.27857
1.71158
2.07067
1.40943
1.611
2.0879
1.78017
2.14015
2.12306
1.81959
1.98658
1.63355
2.16146
1.37438
1.51852
1.77561
1.64515
2.50091
2.81131
1.45629
1.81636
1.93935
2.5008
2.20528
1.54657
2.55644
1.19485
2.26472
1.31838
3.12576
1.59173
1.28912
2.46033
2.49957
1.3128
1.193
2.28707
2.20109
1.40602
1.17485
2.14704
1.09029
1.99117
1.73308
2.74844
2.69861
1.98096
1.11912
2.08479
2.47583
1.20855
1.75026
1.4962
1.49111
1.92699
2.11215
2.1966
1.83033
1.14751
1.18811
3.00827
1.73092
3.0945
1.26193
2.54542
2.45923
1.34162
1.9576
1.29447
1.25425
1.72684
1.83164
1.90936
1.2336
1.174
1.45592
1.6579
3.14418
1.93508
2.1567
1.67443
1.22234
2.19318
3.05356
1.40952
1.41205
2.39844
1.72242
1.84541
1.24155
1.89709
1.34501
2.11175
2.42924
2.37128
1.39514
2.05145
1.87304
1.27182
2.5644
1.08444
2.42633
1.03377
1.93942
1.80468
1.19699
2.22932
2.15783
1.32655
1.94458
2.48171
1.49721
1.14774
1.92191
2.95684
1.57915
2.39691
3.15003
2.74671
1.28579
2.24163
1.32048
2.2954
2.82695
1.97424
1.88488
1.19464
1.11485
2.55872
2.25763
1.95125
2.14132
2.4322
1.73936
1.79755
1.65858
3.09141
2.6779
2.6407
2.26792
2.56815
1.90479
1.5978
2.21059
1.91379
2.50123
2.53903
1.20886
1.21111
1.95424
2.40921
2.74394
2.38496
1.79644
2.62114
2.21878
1.26925
1.4711
1.98773
2.34163
2.70869
1.88357
1.49989
1.21023
1.02013
1.10776
1.90897
1.24488
1.09211
1.19948
2.19162
1.63526
1.92246
1.48498
1.49054
1.49471
2.82257
1.94138
1.68076
1.99491
1.26399
1.99549
2.4185
1.74618
3.17355
1.84244
3.09189
1.59042
3.2273
1.20431
1.81518
2.40003
2.44417
1.14064
1.17209
3.36103
2.23404
1.48848
1.37186
2.5457
1.78189
1.95051
1.82538
2.17666
2.16902
1.37172
1.79375
1.40098
2.08766
3.34905
1.6007
2.2633
1.55531
2.52341
1.18558
2.71646
1.49373
1.27499
1.96851
1.61873
1.46841
2.76618
2.50084
2.06828
1.27227
1.797
2.25439
1.64965
2.40034
1.98125
2.98229
2.55114
1.62084
1.98159
1.74332
2.0912
1.34653
1.84608
1.66076
1.96925
1.8324
2.20621
2.59874
1.3001
2.63021
2.82556
1.39593
1.01545
1.55007
2.41085
2.01273
1.41463
2.85633
1.65238
2.53302
1.16941
1.62256
1.6493
3.31505
1.85958
1.50478
1.1745
2.8329
1.24063
1.24578
2.14351
2.63332
2.25681
1.4205
1.57664
3.06671
1.68688
2.27662
2.5545
1.59687
2.55524
1.7104
2.68256
1.44943
1.26419
1.8953
1.18919
1.73747
1.88701
1.87772
1.67363
1.95874
1.41607
3.00678
1.37173
1.90746
1.75083
1.48053
1.23443
2.74501
1.84396
1.38221
1.50162
2.58932
2.72089
1.26327
1.94339
2.18591
1.83311
3.37146
1.68492
2.36182
2.05897
1.0141
1.84655
2.5417
2.27308
1.89898
1.13037
2.52728
3.07259
2.87046
1.21441
1.49929
2.93777
1.23661
2.57486
1.62446
1.7075
1.18099
2.58735
2.27886
2.60049
1.20104
1.96973
2.05663
1.61697
1.70927
1.14506
2.49807
3.2663
1.30165
1.36339
1.5908
1.38882
1.7565
1.83738
2.52811
2.0923
2.06458
1.26127
1.84155
1.9558
1.12123
1.6283
1.54569
1.23288
2.07226
1.56928
1.84488
1.51881
1.37391
2.3397
1.31041
1.06592
1.70599
2.06417
3.00694
3.07483
1.63274
1.94949
2.2711
1.88456
2.39995
1.88798
2.53844
1.43564
1.27271
3.03131
1.75071
1.65951
1.78003
1.33185
1.31974
2.37807
1.49158
1.14714
1.07244
2.02489
2.16823
2.13454
1.39914
2.46461
1.88446
2.86427
2.71161
2.14902
3.46765
2.25585
2.29484
2.16947
1.97045
1.91929
1.53702
1.36357
1.90561
2.93595
1.48735
1.07251
2.96175
1.22658
1.60498
3.36711
1.90329
2.41321
2.54678
1.39997
1.14334
2.70002
1.73602
1.60968
1.06398
2.76395
2.15256
2.34099
1.75873
1.53686
2.41881
3.01974
1.98179
1.67333
2.08686
1.80509
1.57863
2.14899
1.50022
1.78368
2.66118
1.21511
1.16095
1.49872
1.62776
1.52658
1.80232
1.98176
2.12391
2.18528
3.28781
1.15728
1.77222
2.16426
2.87723
2.46911
2.84867
2.26108
1.9838
1.75859
2.10717
2.86017
1.09224
1.911
1.93599
2.46724
1.68656
2.25001
2.19837
2.87394
1.87899
1.03408
1.68502
2.48377
1.64802
2.41226
1.77354
1.1981
1.54836
2.04947
1.19886
2.9771
1.6155
2.304
1.78906
1.62684
1.70385
1.31572
1.01328
1.15017
2.09885
1.98984
2.56042
2.32333
1.50571
2.17821
1.92004
2.13829
1.28608
2.69828
1.65612
2.59054
1.64771
1.35733
2.19864
1.34456
1.48088
1.66351
2.80994
2.16994
2.57809
1.81168
1.3639
1.51152
2.75194
1.47945
2.84458
1.7467
1.8795
3.48319
1.97131
1.91945
1.74102
1.95177
2.4933
2.82238
1.6117
1.52684
1.39911
1.19142
1.20773
2.0044
2.09128
2.73191
1.66619
2.15043
1.65344
1.31566
1.66479
1.47915
1.7614
2.62759
1.3655
1.10287
1.34009
1.66723
2.44581
2.34958
1.99117
1.72529
2.79068
1.79883
2.3718
1.66855
273204000.0
381082000.0
209393000.0
801425000.0
256427000.0
148831000.0
404287000.0
286509000.0
496979000.0
475851000.0
700353000.0
192263000.0
207113000.0
274034000.0
592661000.0
453881000.0
180328000.0
416592000.0
227883000.0
537258000.0
528508000.0
208064000.0
180927000.0
403778000.0
803118000.0
185707000.0
432602000.0
393290000.0
524163000.0
240800000.0
157440000.0
498805000.0
232772000.0
496402000.0
151315000.0
319928000.0
327473000.0
225703000.0
375364000.0
351261000.0
690269000.0
157208000.0
512897000.0
543276000.0
270221000.0
312406000.0
582311000.0
701745000.0
488399000.0
320690000.0
461632000.0
230867000.0
287973000.0
638571000.0
508506000.0
293061000.0
703260000.0
222681000.0
236710000.0
213899000.0
418592000.0
267282000.0
675819000.0
624909000.0
281515000.0
355773000.0
404178000.0
488127000.0
307048000.0
385475000.0
193931000.0
377842000.0
530658000.0
335292000.0
463277000.0
252180000.0
226324000.0
363734000.0
544028000.0
212956000.0
783528000.0
285997000.0
199334000.0
516624000.0
489483000.0
232562000.0
303289000.0
195651000.0
346281000.0
339902000.0
576426000.0
216498000.0
280667000.0
170591000.0
381458000.0
347873000.0
307009000.0
277517000.0
392627000.0
618682000.0
232692000.0
725702000.0
237350000.0
289430000.0
147180000.0
300662000.0
443709000.0
456217000.0
591232000.0
232211000.0
779156000.0
267810000.0
585802000.0
177540000.0
265738000.0
524619000.0
512707000.0
347585000.0
269000000.0
217739000.0
167802000.0
169269000.0
186435000.0
630426000.0
233623000.0
489610000.0
199798000.0
373490000.0
340802000.0
578453000.0
647414000.0
663139000.0
518000000.0
638586000.0
175781000.0
341317000.0
329058000.0
661405000.0
160831000.0
341637000.0
428200000.0
187900000.0
219116000.0
170052000.0
317504000.0
378993000.0
713490000.0
637337000.0
288924000.0
154502000.0
360841000.0
471521000.0
293938000.0
197289000.0
474059000.0
481620000.0
607146000.0
229553000.0
350423000.0
417326000.0
315444000.0
389745000.0
440534000.0
650335000.0
369586000.0
739395000.0
428521000.0
482603000.0
170166000.0
614376000.0
298475000.0
409555000.0
212570000.0
275137000.0
214205000.0
354888000.0
278025000.0
203758000.0
541537000.0
643990000.0
523691000.0
289634000.0
320689000.0
351574000.0
368802000.0
173919000.0
378946000.0
299788000.0
397986000.0
248233000.0
263149000.0
444905000.0
430295000.0
219445000.0
401737000.0
262385000.0
717735000.0
372202000.0
388924000.0
143212000.0
222902000.0
552806000.0
484219000.0
369328000.0
365297000.0
326712000.0
292448000.0
259263000.0
467049000.0
625199000.0
259718000.0
271298000.0
173569000.0
778676000.0
819149000.0
513890000.0
536218000.0
259092000.0
237189000.0
324571000.0
441500000.0
326575000.0
204493000.0
801141000.0
228769000.0
525342000.0
718423000.0
289978000.0
516449000.0
710417000.0
775127000.0
197117000.0
295908000.0
164016000.0
318014000.0
493842000.0
310154000.0
689202000.0
585705000.0
496258000.0
360346000.0
266814000.0
166177000.0
247397000.0
222777000.0
328410000.0
604658000.0
501082000.0
440700000.0
469406000.0
186693000.0
195703000.0
158540000.0
274656000.0
212117000.0
243035000.0
658541000.0
394458000.0
514366000.0
263518000.0
615907000.0
521573000.0
299153000.0
346270000.0
192439000.0
193023000.0
289337000.0
679317000.0
770287000.0
503775000.0
274540000.0
249665000.0
442316000.0
652283000.0
222487000.0
466168000.0
637262000.0
284317000.0
444989000.0
267705000.0
600149000.0
529148000.0
313015000.0
304220000.0
347463000.0
372896000.0
169488000.0
348980000.0
343663000.0
748334000.0
238944000.0
548923000.0
645591000.0
175328000.0
238444000.0
624295000.0
488310000.0
215427000.0
201042000.0
211605000.0
391419000.0
281018000.0
299946000.0
245188000.0
302556000.0
267344000.0
292818000.0
167434000.0
560487000.0
254272000.0
218494000.0
262223000.0
553192000.0
234603000.0
159942000.0
283868000.0
294454000.0
274396000.0
228869000.0
194568000.0
200932000.0
691485000.0
509374000.0
486488000.0
250925000.0
598169000.0
212914000.0
238579000.0
621108000.0
189966000.0
536122000.0
394194000.0
192986000.0
436166000.0
206645000.0
481952000.0
454657000.0
285510000.0
374992000.0
708869000.0
355715000.0
362925000.0
452716000.0
278861000.0
135821000.0
572744000.0
319098000.0
506964000.0
456976000.0
168591000.0
334275000.0
530976000.0
352344000.0
264424000.0
184867000.0
581132000.0
315315000.0
396713000.0
321603000.0
167719000.0
522744000.0
206947000.0
353028000.0
193812000.0
282312000.0
446283000.0
400170000.0
239568000.0
739226000.0
283451000.0
182842000.0
393224000.0
351467000.0
454544000.0
484968000.0
373439000.0
432413000.0
352842000.0
444916000.0
360269000.0
356248000.0
195534000.0
774786000.0
342032000.0
294337000.0
345837000.0
172932000.0
145333000.0
848011000.0
237150000.0
686308000.0
185735000.0
236566000.0
339719000.0
383223000.0
700647000.0
347420000.0
393606000.0
291211000.0
373130000.0
299938000.0
723529000.0
322763000.0
334236000.0
425717000.0
251674000.0
324315000.0
196152000.0
160534000.0
711870000.0
336865000.0
377123000.0
181547000.0
222162000.0
381259000.0
723133000.0
235842000.0
572413000.0
434349000.0
389883000.0
439641000.0
602860000.0
355659000.0
156483000.0
238952000.0
209903000.0
413030000.0
359558000.0
225587000.0
279065000.0
273749000.0
189234000.0
493002000.0
214121000.0
378624000.0
281344000.0
233573000.0
561617000.0
678729000.0
219932000.0
254243000.0
565947000.0
264846000.0
264934000.0
500080000.0
205069000.0
437638000.0
712387000.0
637380000.0
511581000.0
382408000.0
418348000.0
152972000.0
236445000.0
223182000.0
404039000.0
300279000.0
408843000.0
441718000.0
282854000.0
286296000.0
242092000.0
276926000.0
280683000.0
275941000.0
412783000.0
250679000.0
448409000.0
450274000.0
313731000.0
427683000.0
205044000.0
198994000.0
538700000.0
384339000.0
279638000.0
210413000.0
298677000.0
484787000.0
208623000.0
631640000.0
223613000.0
579357000.0
164245000.0
423430000.0
448174000.0
216055000.0
236594000.0
604770000.0
717818000.0
273109000.0
246688000.0
467609000.0
565429000.0
299289000.0
719756000.0
293336000.0
378713000.0
193030000.0
200492000.0
305395000.0
664002000.0
295862000.0
237268000.0
688999000.0
405961000.0
522227000.0
458826000.0
306651000.0
239152000.0
264557000.0
333108000.0
675836000.0
603719000.0
170431000.0
338329000.0
166779000.0
590130000.0
227861000.0
204825000.0
607306000.0
332087000.0
404460000.0
592926000.0
362095000.0
370344000.0
294851000.0
603159000.0
727128000.0
468209000.0
338562000.0
174544000.0
262367000.0
299545000.0
428165000.0
632472000.0
262105000.0
176156000.0
539587000.0
514807000.0
215355000.0
349930000.0
380179000.0
635688000.0
374499000.0
516194000.0
312148000.0
219241000.0
232454000.0
557081000.0
311692000.0
279927000.0
580573000.0
213202000.0
787320000.0
212556000.0
698734000.0
282646000.0
389195000.0
666000000.0
244288000.0
275973000.0
550739000.0
338198000.0
223732000.0
524843000.0
634126000.0
349316000.0
186726000.0
454650000.0
249746000.0
174531000.0
183779000.0
573021000.0
239090000.0
559012000.0
253496000.0
181964000.0
334864000.0
344716000.0
660387000.0
704462000.0
221317000.0
230715000.0
353798000.0
305595000.0
251813000.0
416864000.0
328429000.0
449281000.0
164949000.0
211577000.0
217188000.0
231488000.0
199209000.0
331580000.0
385221000.0
246185000.0
341175000.0
224740000.0
199793000.0
705247000.0
650414000.0
292401000.0
243087000.0
205161000.0
244140000.0
280502000.0
221012000.0
274345000.0
467794000.0
493777000.0
306370000.0
265054000.0
201842000.0
273751000.0
491775000.0
562841000.0
780517000.0
671871000.0
364143000.0
646660000.0
733700000.0
693070000.0
295302000.0
418748000.0
290617000.0
501320000.0
495199000.0
517429000.0
189422000.0
297568000.0
309764000.0
303273000.0
609423000.0
321586000.0
238647000.0
383141000.0
163879000.0
325514000.0
166196000.0
474232000.0
157498000.0
565582000.0
345139000.0
234097000.0
241958000.0
722700000.0
761979000.0
151594000.0
274013000.0
513214000.0
429608000.0
224704000.0
345635000.0
305943000.0
384539000.0
274595000.0
247414000.0
574600000.0
367050000.0
439308000.0
294564000.0
157252000.0
425841000.0
225781000.0
482671000.0
207403000.0
516719000.0
200878000.0
457526000.0
646285000.0
254710000.0
458485000.0
512537000.0
195016000.0
229239000.0
277884000.0
439423000.0
359374000.0
259496000.0
392693000.0
250462000.0
313763000.0
178832000.0
218556000.0
379207000.0
296543000.0
357574000.0
304944000.0
578698000.0
341400000.0
435335000.0
310540000.0
298392000.0
268378000.0
228055000.0
584654000.0
194967000.0
184182000.0
454968000.0
780901000.0
353832000.0
210068000.0
309208000.0
437127000.0
187005000.0
412367000.0
199963000.0
644575000.0
380240000.0
420729000.0
150886000.0
337603000.0
509545000.0
720744000.0
180786000.0
633293000.0
641948000.0
293546000.0
211985000.0
266485000.0
521724000.0
479173000.0
166496000.0
389131000.0
252960000.0
222631000.0
485574000.0
205687000.0
367347000.0
214362000.0
516940000.0
569138000.0
314358000.0
704731000.0
390905000.0
327376000.0
322435000.0
411432000.0
306916000.0
565707000.0
178198000.0
597211000.0
357006000.0
388528000.0
467349000.0
626336000.0
192903000.0
323210000.0
554815000.0
420321000.0
217831000.0
203304000.0
467490000.0
262896000.0
248851000.0
362414000.0
152859000.0
422583000.0
251676000.0
294322000.0
831004000.0
290666000.0
206560000.0
245089000.0
322075000.0
762711000.0
229337000.0
180948000.0
187452000.0
627878000.0
415374000.0
175725000.0
633722000.0
230821000.0
395873000.0
367899000.0
502393000.0
223834000.0
233121000.0
199498000.0
546283000.0
265183000.0
309537000.0
451923000.0
311943000.0
748503000.0
219176000.0
160510000.0
570252000.0
579948000.0
461466000.0
554840000.0
406238000.0
364543000.0
211100000.0
238497000.0
299217000.0
635046000.0
339316000.0
281122000.0
707486000.0
385036000.0
420612000.0
612559000.0
293321000.0
360200000.0
381959000.0
377021000.0
573291000.0
235516000.0
598711000.0
761983000.0
358421000.0
270251000.0
176449000.0
169580000.0
422154000.0
317401000.0
232859000.0
327219000.0
231322000.0
359241000.0
232574000.0
454101000.0
587791000.0
174255000.0
389739000.0
333113000.0
398587000.0
596364000.0
509664000.0
218867000.0
530183000.0
699110000.0
758307000.0
319882000.0
260359000.0
246916000.0
566841000.0
211672000.0
361539000.0
184009000.0
212608000.0
303875000.0
145320000.0
265344000.0
235854000.0
290127000.0
289587000.0
288671000.0
416368000.0
585619000.0
316996000.0
173138000.0
525943000.0
690557000.0
180349000.0
679574000.0
432402000.0
155836000.0
369523000.0
210452000.0
208780000.0
543889000.0
772332000.0
198632000.0
385672000.0
405928000.0
842983000.0
204805000.0
287052000.0
238687000.0
318148000.0
459609000.0
225826000.0
167803000.0
309351000.0
385544000.0
303528000.0
354722000.0
339548000.0
265495000.0
484804000.0
324326000.0
189403000.0
638071000.0
704704000.0
421052000.0
412332000.0
435868000.0
385865000.0
317481000.0
280077000.0
279237000.0
151699000.0
662193000.0
339162000.0
301544000.0
181006000.0
247501000.0
199386000.0
231376000.0
274178000.0
285985000.0
267052000.0
180636000.0
765536000.0
269959000.0
346495000.0
212193000.0
418723000.0
241067000.0
294387000.0
182060000.0
347040000.0
847059000.0
381334000.0
227897000.0
349647000.0
238284000.0
364156000.0
646500000.0
384073000.0
315272000.0
613519000.0
176611000.0
477437000.0
274972000.0
390743000.0
447113000.0
426876000.0
564511000.0
846725000.0
641225000.0
300749000.0
337298000.0
212453000.0
254386000.0
499078000.0
264973000.0
299769000.0
293042000.0
429683000.0
197354000.0
347834000.0
220900000.0
466630000.0
532886000.0
249539000.0
514415000.0
426273000.0
416771000.0
190433000.0
247676000.0
230602000.0
368685000.0
578440000.0
359915000.0
206241000.0
425313000.0
188129000.0
317804000.0
371351000.0
144094000.0
335368000.0
262104000.0
424802000.0
322273000.0
233819000.0
196972000.0
364769000.0
478066000.0
520869000.0
725827000.0
671006000.0
309781000.0
274470000.0
203950000.0
417343000.0
296179000.0
324114000.0
534074000.0
398297000.0
462227000.0
344038000.0
222114000.0
537054000.0
741981000.0
569630000.0
416257000.0
237465000.0
244807000.0
330970000.0
398170000.0
186609000.0
383113000.0
221490000.0
312687000.0
