1.01084
1.05247
1.01181
1.04968
1.03014
1.04692
1.00256
1.01595
1.00834
1.11664
1.0048
1.0103
1.00088
1.01332
1.06373
1.02756
1.06524
1.00672
1.00483
1.08376
1.01908
1.00755
1.00243
1.01492
1.02989
1.05251
1.00521
1.07209
1.04912
1.02586
1.02882
1.02602
1.0467
1.04352
1.02422
1.00467
1.13837
1.00335
1.01283
1.00348
1.00926
1.06186
1.03584
1.02791
1.01214
1.05622
1.06251
1.00408
1.00974
1.07723
1.05275
1.00769
1.06136
1.04038
1.04045
1.17045
1.00594
1.08899
1.0079
1.08943
1.00328
1.00397
1.00012
1.00258
1.01112
1.01012
1.00519
1.00433
1.12309
1.00672
1.01218
1.02259
1.02615
1.01856
1.02783
1.0075
1.00316
1.01449
1.02216
1.0275
1.01586
1.02757
1.02131
1.0059
1.03859
1.00843
1.16522
1.00175
1.02846
1.02458
1.03513
1.00328
1.04369
1.0552
1.01825
1.04786
1.00882
1.01771
1.02105
1.00818
1.02487
1.02026
1.00388
1.04599
1.02242
1.01056
1.03914
1.02451
1.09683
1.05181
1.00504
1.07662
1.01253
1.0265
1.02121
1.01083
1.0847
1.01711
1.02928
1.01251
1.00427
1.0169
1.05197
1.0099
1.03744
1.03331
1.03959
1.02364
1.05181
1.00835
1.0183
1.08423
1.0431
1.03711
1.05138
1.00648
1.00836
1.05696
1.01534
1.09019
1.01166
1.0547
1.03362
1.00572
1.02489
1.05486
1.00007
1.03904
1.01716
1.01141
1.01556
1.06081
1.00201
1.04865
1.00517
1.00717
1.07284
1.02191
1.02615
1.01222
1.00648
1.00779
1.04748
1.03859
1.02661
1.00656
1.01499
1.02142
1.14573
1.03442
1.01569
1.0916
1.07306
1.02767
1.09321
1.01843
1.0231
1.11421
1.00314
1.00477
1.00247
1.01226
1.0114
1.0014
1.00817
1.00108
1.04261
1.04222
1.03329
1.01261
1.02995
1.01715
1.01156
1.00889
1.04485
1.06434
1.01176
1.02667
1.10622
1.18849
1.00047
1.01993
1.00007
1.03119
1.00671
1.03523
1.02195
1.03689
1.02384
1.00464
1.10024
1.05204
1.01473
1.00879
1.0149
1.02559
1.00737
1.00174
1.02695
1.03416
1.03389
1.03867
1.00736
1.01541
1.00849
1.09855
1.07481
1.00006
1.06264
1.07696
1.03879
1.01627
1.01443
1.0177
1.01595
1.05095
1.03534
1.10725
1.08867
1.02896
1.12837
1.02743
1.29307
1.01456
1.01052
1.01073
1.03912
1.05012
1.00961
1.01558
1.03321
1.1504
1.03708
1.02481
1.07027
1.02429
1.1344
1.01511
1.04342
1.00449
1.04238
1.01173
1.05071
1.01314
1.07265
1.00657
1.03231
1.02576
1.00028
1.04072
1.00956
1.01263
1.00271
1.01844
1.0302
1.02144
1.00883
1.0085
1.01224
1.05666
1.0431
1.00972
1.04356
1.01583
1.00675
1.01351
1.01011
1.07539
1.01424
1.13704
1.0158
1.06999
1.03317
1.00483
1.08375
1.0114
1.03351
1.02023
1.0023
1.04274
1.07637
1.01762
1.01765
1.00199
1.00462
1.00547
1.03672
1.06379
1.07918
1.08975
1.04385
1.00786
1.02105
1.02668
1.01831
1.10617
1.0249
1.12519
1.17465
1.04807
1.05342
1.01148
1.0368
1.0059
1.02584
1.00703
1.07247
1.06528
1.0499
1.06636
1.00256
1.01088
1.02497
1.10264
1.03148
1.02252
1.01689
1.08874
1.0192
1.10445
1.01635
1.0074
1.04802
1.11794
1.00522
1.00274
1.00417
1.00619
1.09654
1.00364
1.08901
1.03154
1.01929
1.0187
1.00908
1.03199
1.06109
1.05556
1.02024
1.02114
1.0178
1.03503
1.01151
1.02121
1.02673
1.13091
1.03175
1.00681
1.03453
1.02465
1.00323
1.03293
1.0495
1.00839
1.00499
1.00793
1.03987
1.01062
1.06338
1.09116
1.00287
1.1215
1.03156
1.08235
1.0203
1.02139
1.03498
1.07548
1.0032
1.16918
1.02749
1.01348
1.10887
1.0984
1.03006
1.01402
1.03878
1.07409
1.11452
1.05891
1.01392
1.01383
1.01065
1.12031
1.02016
1.10436
1.04148
1.00313
1.05192
1.00946
1.01492
1.05401
1.06077
1.07595
1.00757
1.00833
1.00545
1.14728
1.0095
1.05847
1.01977
1.04106
1.05011
1.00961
1.02825
1.01112
1.04147
1.0067
1.03233
1.04733
1.01199
1.01797
1.06146
1.03599
1.08701
1.00385
1.00449
1.01402
1.11313
1.00795
1.00773
1.01421
1.08645
1.00515
1.06598
1.01088
1.02923
1.03518
1.03023
1.03776
1.07368
1.01581
1.11079
1.02673
1.04877
1.02467
1.0041
1.01413
1.00363
1.00613
1.00438
1.02231
1.01992
1.014
1.05777
1.00837
1.03445
1.00965
1.03881
1.0207
1.04279
1.01604
1.02105
1.00324
1.05826
1.0528
1.00743
1.0097
1.16065
1.01457
1.02761
1.04757
1.00447
1.00253
1.02397
1.01016
1.02124
1.01357
1.02019
1.01514
1.017
1.00968
1.02336
1.00465
1.03915
1.01314
1.00458
1.01604
1.00953
1.02651
1.01147
1.01649
1.02331
1.04786
1.04337
1.01362
1.02475
1.04151
1.02619
1.02476
1.15692
1.1283
1.09406
1.00893
1.1236
1.01248
1.09046
1.0064
1.03028
1.05897
1.10735
1.12313
1.15783
1.01796
1.01766
1.02012
1.0178
1.00425
1.02902
1.04578
1.01391
1.021
1.01447
1.09537
1.01043
1.00188
1.00576
1.10141
1.05204
1.04994
1.0095
1.02669
1.01301
1.00966
1.00637
1.01106
1.03392
1.05037
1.02718
1.00042
1.13841
1.07775
1.06989
1.04502
1.02152
1.00791
1.02971
1.07818
1.13127
1.00704
1.01897
1.01825
1.00421
1.15622
1.14374
1.0113
1.00853
1.03214
1.00226
1.02751
1.03824
1.00361
1.07283
1.04652
1.01865
1.01557
1.00992
1.00412
1.01207
1.02014
1.01786
1.07556
1.01663
1.03689
1.01793
1.01191
1.05689
1.05436
1.01108
1.01248
1.01486
1.02781
1.00746
1.02416
1.01835
1.02244
1.02402
1.05431
1.01651
1.01433
1.00666
1.00492
1.03307
1.01192
1.01621
1.00937
1.04823
1.01058
1.00696
1.04443
1.03112
1.0033
1.08679
1.06256
1.00489
1.00506
1.01323
1.03572
1.03945
1.02214
1.04565
1.06159
1.08969
1.01526
1.11251
1.01035
1.09015
1.01456
1.05031
1.17921
1.26458
1.01988
1.08086
1.0054
1.01147
1.00619
1.01075
1.00788
1.04108
1.00819
1.03382
1.03461
1.02362
1.13108
1.01396
1.04688
1.02417
1.18869
1.04029
1.01833
1.02208
1.01797
1.01842
1.04292
1.05232
1.01814
1.03105
1.09605
1.07283
1.10616
1.01419
1.06649
1.01814
1.01623
1.06588
1.03552
1.04471
1.00694
1.00734
1.18701
1.02772
1.04672
1.00912
1.08858
1.02688
1.00585
1.024
1.00915
1.02502
1.01954
1.01054
1.01288
1.01542
1.07493
1.03563
1.0084
1.00147
1.02771
1.04117
1.00907
1.0159
1.00674
1.00362
1.05343
1.20487
1.02458
1.03541
1.02783
1.03328
1.17222
1.01068
1.00315
1.0618
1.00139
1.05503
1.00753
1.00449
1.01462
1.0198
1.02739
1.00822
1.03343
1.13103
1.06362
1.00167
1.0677
1.08507
1.03918
1.01032
1.08564
1.00644
1.01921
1.01771
1.01162
1.00036
1.02096
1.00978
1.10435
1.01166
1.00678
1.05862
1.01012
1.00404
1.03951
1.00911
1.01524
1.03874
1.06114
1.00287
1.00509
1.00908
1.01693
1.00403
1.01464
1.03248
1.01025
1.05603
1.03374
1.00512
1.00644
1.07491
1.03054
1.07748
1.07254
1.01121
1.00724
1.02186
1.05754
1.0077
1.05295
1.02471
1.00691
1.04562
1.01103
1.0726
1.00693
1.00911
1.11439
1.06491
1.04031
1.00157
1.0718
1.0095
1.05808
1.07036
1.01714
1.00461
1.06105
1.03087
1.00532
1.01079
1.05554
1.0745
1.03662
1.08461
1.03924
1.01337
1.00679
1.01189
1.07154
1.00668
1.06692
1.01952
1.06544
1.12451
1.02528
1.1186
1.03172
1.10481
1.00217
1.01884
1.00496
1.06152
1.01924
1.01937
1.00578
1.20079
1.02937
1.00474
1.00517
1.06601
1.01806
1.01582
1.01466
1.0164
1.05004
1.02452
1.01481
1.00888
1.0304
1.04996
1.03848
1.03175
1.00896
1.0132
1.05567
1.00551
1.07134
1.05842
1.01591
1.05243
1.07091
1.06549
1.04481
1.0507
1.00629
1.00384
1.02347
1.02053
1.01255
1.11732
1.00387
1.0398
1.06927
1.05616
1.08557
1.03535
1.02852
1.10016
1.00506
1.0413
1.00885
1.0332
1.00702
1.08013
1.00729
1.00694
1.00331
1.02527
1.07792
1.00369
1.03164
1.00482
1.00961
1.04151
1.02263
1.04586
1.0128
1.02378
1.03076
1.02884
1.07733
1.00249
1.00077
1.00495
1.06176
1.00545
1.03702
1.0125
1.00942
1.0485
1.00226
1.00267
1.03967
1.00257
1.09302
1.03762
1.09008
1.01202
1.02854
1.04725
1.00597
1.0116
1.00476
1.02766
1.09596
1.04196
1.02494
1.05147
1.00675
1.01799
1.03391
1.00976
1.01835
1.04161
1.00361
1.00509
1.01377
1.02218
1.00173
1.01567
1.03105
1.01533
1.05301
1.04072
1.03645
1.06902
1.05866
1.00584
1.05665
1.17382
1.00538
1.00181
1.09359
1.00479
1.00632
1.01358
1.10301
1.0969
1.06585
1.08476
1.00886
1.13106
1.00663
1.00874
1.14686
1.05788
1.00418
1.03356
1.02008
1.01053
1.00495
1.13177
1.00375
1.04605
1.00821
1.04479
1.1114
1.01111
1.12594
1.00496
1.07796
1.00561
1.01569
1.02618
1.00718
1.0169
1.00532
1.07106
1.07682
1.05107
1.00874
1.00744
1.01931
1.01101
1.01917
1.02261
1.01405
1.01709
1.01185
1.07835
1.05751
1.03521
1.02025
1.01097
1.15277
1.01348
1.0075
1.00264
1.00509
1.04428
1.0384
1.0064
1.02084
1.06057
1.02071
1.10073
1.01075
1.18557
1.03078
1.01826
1.00815
1.05312
1.06053
1.01432
1.02613
1.02305
1.01727
1.01595
1.01876
1.01778
1.10236
1.04065
1.06212
1.03688
1.05809
1.0147
1.06222
1.0125
1.24207
1.0129
1.02308
1.01172
1.07271
1.15929
1.03008
1.07396
1.06607
1.01809
1.13897
1.10155
1.0465
1.0105
1.09766
1.11133
1.06052
1.00757
1.2331
1.30569
1.03282
1.04672
1.0515
1.04948
1.05339
1.03657
1.03021
1.39223
1.01987
1.01985
1.04694
1.01901
1.08916
1.05375
1.05618
1.13349
1.34579
1.10015
1.01727
1.03241
1.32661
1.07551
1.01614
1.08439
1.48022
1.04989
1.25279
1.01704
1.35557
1.01698
1.19929
1.01081
1.02948
1.00635
1.01301
1.01614
1.35008
1.0144
1.00725
1.32024
1.01332
1.02373
1.06768
1.11037
1.39249
1.08439
1.01587
1.0101
1.02652
1.03622
1.04073
1.0245
1.10673
1.08711
1.01628
1.18277
1.08312
1.69346
1.01015
1.0828
1.03973
1.09292
1.01087
1.04948
1.07608
1.06312
1.08643
1.01352
1.02631
1.02702
1.01811
1.04769
1.03381
1.01927
1.05488
1.02955
1.02399
1.0564
1.0362
1.17646
1.05918
1.00776
1.19817
1.05552
1.04115
1.03544
1.0188
1.17616
1.03212
1.04225
1.02161
1.01478
1.03937
1.26872
1.03653
1.0634
1.0375
1.10229
1.09274
1.41168
1.02087
1.03699
1.09491
1.19225
1.0774
1.08471
1.01369
1.01496
1.08043
1.03936
1.18377
1.01965
1.08791
1.04253
1.0345
1.14807
1.09447
1.006
1.0441
1.03316
1.01773
1.20111
1.0722
1.00827
1.16564
1.01338
1.01535
1.11806
1.03186
1.0357
1.13233
1.02625
1.01725
1.10819
1.0551
1.04064
1.07313
1.06377
1.02617
1.2078
1.20111
1.03055
1.16186
1.40964
1.04406
1.32501
1.16112
1.10431
1.12862
1.0105
1.00996
1.0253
1.02145
1.05015
1.09162
1.02063
1.01245
1.07914
1.11143
1.11134
1.08459
1.06815
1.0293
1.0207
1.02548
1.10903
1.08244
1.04237
1.08548
1.15632
1.46331
1.01013
1.02781
1.00916
1.41236
1.02063
1.08579
1.03696
1.06284
1.1217
1.00645
1.16528
1.097
1.05464
1.03125
1.02559
1.15151
1.0835
1.03468
1.05846
1.06369
1.10082
1.04434
1.01895
1.04042
1.02102
1.13444
1.23502
1.01181
1.26767
1.40028
1.04495
1.16626
1.02637
1.03276
1.02143
1.09963
1.05231
1.11247
1.21197
1.0551
1.20511
1.04554
1.91936
1.03216
1.01868
1.024
1.04085
1.0569
1.01174
1.03033
1.05599
1.49316
1.06219
1.03664
1.10957
1.07092
1.18902
1.01922
1.06781
1.02626
1.19652
1.10756
1.116
1.16479
1.1299
1.0164
1.049
1.03364
1.00873
1.49551
1.02505
1.02036
1.01135
1.05063
1.04629
1.06595
1.01286
1.0177
1.27208
1.27684
1.06752
1.02027
1.07639
1.02132
1.02349
1.03377
1.02125
1.08199
1.0206
1.16153
1.04279
1.38488
1.04874
1.00747
1.18702
1.02237
1.09953
1.02936
1.00489
1.44822
1.15397
1.03867
1.03791
1.00742
1.12537
1.01697
1.16786
1.2243
1.14022
1.1086
1.06875
1.02095
1.05786
1.24885
1.34929
1.3288
1.04472
1.21515
1.36412
1.06014
1.30187
1.02028
1.10755
1.01608
1.23646
1.00903
1.47781
1.10005
1.05608
1.48853
1.00805
1.05865
1.0495
1.12903
1.58022
1.03473
1.02028
1.14979
1.07596
1.19235
1.03596
1.0154
1.09153
1.37426
1.01084
1.05116
1.01984
1.01665
1.18322
1.00896
1.09834
1.03512
1.20301
1.03216
1.03136
1.04818
1.09562
1.08737
1.10014
1.02979
1.03324
1.11736
1.087
1.07941
1.03609
1.1634
1.04364
1.01299
1.14118
1.04667
1.02006
1.1361
1.06065
1.06295
1.01282
1.01112
1.07421
1.03227
1.28933
1.17256
1.01159
1.20371
1.04752
1.39226
1.02813
1.04946
1.0544
1.1576
1.02356
1.40882
1.09615
1.66221
1.45031
1.1454
1.38743
1.42827
1.05288
1.13649
1.18507
1.10571
1.03408
1.0311
1.02373
1.22239
1.04254
1.40965
1.06448
1.02453
1.44911
1.0268
1.018
1.1671
1.06385
1.40224
1.01823
1.0386
1.01061
1.23743
1.01463
1.06897
1.03038
1.1352
1.05349
1.01306
1.05243
1.02888
1.07956
1.01311
1.04341
1.1772
1.06578
1.04525
1.08241
1.13776
1.14915
1.0288
1.00923
1.02328
1.18456
1.03982
1.12657
1.05022
1.41231
1.01021
1.25751
1.03726
1.03918
1.06953
1.0897
1.08296
1.26825
1.03753
1.23122
1.04103
1.21287
1.03971
1.01828
1.09778
1.01417
1.02361
1.00967
1.10449
1.96642
1.03524
1.09384
1.10103
1.12881
1.01948
1.05247
1.02627
1.33317
1.02388
1.04026
1.04108
1.07623
1.05885
1.0138
1.19854
1.44916
1.03075
1.02947
1.1466
1.02184
1.00896
1.23814
1.02285
1.02856
1.035
1.03838
1.01913
1.03664
1.02344
1.10954
1.01926
1.25216
1.02657
1.0174
1.04195
1.0194
1.037
1.0253
1.02895
1.1467
1.2592
1.11991
1.0409
1.03442
1.04874
1.28434
1.03628
1.28899
1.18279
1.12631
1.02581
1.13314
1.01855
1.09468
1.01428
1.04435
1.20991
1.27203
1.17586
1.40283
1.03818
1.02863
1.05062
1.02657
1.03264
1.05478
1.0572
1.01723
1.08499
1.02401
1.16999
1.02662
1.01176
1.06224
1.16711
1.08495
1.08986
1.0201
1.04934
1.07319
1.01584
1.01604
1.04127
1.04772
1.29563
1.07162
1.00766
1.37154
1.20625
1.25135
1.05929
1.04226
1.01051
1.04355
1.10629
1.34486
1.04567
1.32335
1.02343
1.03298
1.26782
1.24077
1.02488
1.1522
1.10605
1.01165
1.03802
1.07076
1.00925
1.24417
1.1185
1.03183
1.07202
1.03875
1.01071
1.02541
1.18297
1.0565
1.09535
1.03058
1.069
1.02459
1.01705
1.21807
1.08318
1.0244
1.01915
1.04001
1.04021
1.01558
1.0504
1.05322
1.03323
1.09922
1.11319
1.02354
1.01805
1.01873
1.0167
1.15056
1.07187
1.07908
1.03634
1.13452
1.01241
1.01613
1.08471
1.04795
1.01336
1.37789
1.15579
1.01174
1.05252
1.03472
1.04358
1.04969
1.0339
1.16878
1.11398
1.0952
1.0174
1.18125
1.01554
1.21656
1.04475
1.09892
1.29388
1.71434
1.05451
1.33042
1.08691
1.0203
1.02132
1.02461
1.01876
1.34023
1.00954
1.07505
1.08273
1.03454
1.14863
1.01885
1.05507
1.06914
1.37804
1.04388
1.02984
1.0278
1.02163
1.06716
1.05169
1.0617
1.08273
1.05663
1.34397
1.12445
1.12223
1.06146
1.13568
1.09461
1.04533
1.16078
1.04383
1.09954
1.02293
1.01625
1.28372
1.03103
1.1241
1.01633
1.22605
1.05214
1.01648
1.04939
1.01189
1.18621
1.02234
1.0282
1.02177
1.01987
1.10778
1.04922
1.07452
1.02143
1.09381
1.17597
1.01319
1.02721
1.02556
1.00789
1.06796
1.3908
1.06097
1.22474
1.03814
1.05955
1.28981
1.04811
1.01346
1.08881
1.01068
1.08866
1.03374
1.02859
1.06734
1.02815
1.20693
1.02418
1.1423
1.16772
1.11204
1.01007
1.16152
1.14087
1.1607
1.03028
1.30626
1.01825
1.03252
1.0378
1.0252
1.00781
1.02816
1.02614
1.24271
1.02078
1.01518
1.36321
1.01353
1.00836
1.09945
1.01586
1.05273
1.06464
1.4215
1.02022
1.02989
1.03055
1.02804
1.01312
1.05733
1.11493
1.05191
1.12554
1.3642
1.01873
1.00969
1.13808
1.03609
1.27889
1.20245
1.0195
1.01114
1.08819
1.12702
1.01129
1.10892
1.04188
1.12242
1.39999
1.01645
1.15275
1.02102
1.01969
1.16847
1.16148
1.05552
1.00452
1.07796
1.01649
1.0804
1.10333
1.23438
1.12649
1.07656
1.08378
1.02483
1.04858
1.161
1.10292
1.04266
1.09331
1.04421
1.0608
1.02671
1.0198
1.52975
1.02204
1.07807
1.02369
1.12673
1.17772
1.08215
1.13587
1.0546
1.28215
1.0156
1.49316
1.07617
1.07746
1.0411
1.38212
1.01703
1.46966
1.03391
1.03049
1.00823
1.07804
1.02025
1.02616
1.10226
1.02274
1.10583
1.03588
1.03018
1.01083
1.06176
1.06285
1.05852
1.03649
1.01655
1.02091
1.30092
1.00893
1.14289
1.17447
1.06433
1.15148
1.07783
1.11398
1.1357
1.06353
1.03359
1.00987
1.03576
1.08326
1.02664
1.57596
1.01524
1.05439
1.11512
1.23201
1.09705
1.06752
1.05787
1.32499
1.01704
1.14096
1.0122
1.0688
1.02205
1.40435
1.01315
1.01471
1.00926
1.16207
1.09361
1.01594
1.0735
1.0196
1.03574
1.23865
1.06188
1.07028
1.03714
1.04436
1.08672
1.04114
1.12747
1.00676
1.00534
1.02118
1.10866
1.01096
1.1277
1.02707
1.02167
1.65548
1.02107
1.01225
1.09446
1.01259
1.16446
1.04883
1.11491
1.02384
1.07427
1.11118
1.01614
1.01486
1.01822
1.07635
1.13553
1.12225
1.03834
1.17689
1.01473
1.14013
1.12965
1.01673
1.02955
1.05192
1.01152
1.0132
1.02084
1.05142
1.00479
1.03772
1.21423
1.02391
1.27521
1.05574
1.0618
1.20408
1.08096
1.03533
1.20943
1.32591
1.01227
1.00653
1.1818
1.01428
1.04462
1.02355
1.28084
1.22592
1.14713
1.1832
1.02786
1.26876
1.02635
1.04876
1.19161
1.24859
1.02653
1.06293
1.07848
1.01697
1.02195
1.4675
1.0155
1.19707
1.01303
1.06347
1.23923
1.02811
1.26912
1.04443
1.27882
1.019
1.02864
1.03124
1.01744
1.08562
1.01171
1.08209
1.22529
1.06012
1.01411
1.13034
1.03352
1.05412
1.03844
1.05208
1.02879
1.02688
1.06034
1.30764
1.14406
1.09587
1.05472
1.01618
1.2252
1.02897
1.01492
1.0656
1.01417
1.0785
1.13584
1.01777
1.03304
1.0849
1.04152
1.13159
1.01462
1.93945
1.04805
1.03242
1.02286
1.16546
1.15707
1.025
1.1384
1.03796
1.02209
1.0321
1.10542
1.74309
2.95162
2.00952
1.9333
1.96087
1.27932
1.88406
1.12529
1.06458
2.81983
1.52358
1.47616
2.45487
1.36089
2.40085
1.65782
1.32244
2.56466
1.14315
1.70618
2.2471
2.71742
2.47742
1.62764
2.28894
1.46757
1.01167
2.2026
1.75598
1.50183
1.19958
2.06243
1.79495
2.55233
1.86125
1.4376
1.92078
1.73716
2.04002
1.77491
2.77764
1.49389
2.66595
2.03484
2.01126
2.08009
1.86589
1.3433
3.1331
2.40344
2.14206
3.30115
1.45658
2.11317
1.20792
1.73053
1.37899
1.67914
1.37369
2.427
3.07842
1.65953
1.28473
1.83853
1.50126
2.34359
1.99028
2.05523
2.13499
1.15582
2.95679
2.1476
2.09845
1.55731
1.99901
1.06271
1.39063
2.21801
2.71351
1.44825
2.58255
2.88491
2.01396
1.82885
1.60598
1.63216
2.5891
2.12621
2.16644
1.44064
2.35552
2.69587
1.88805
2.10906
2.71997
1.82771
1.75634
1.84445
1.54869
2.46859
2.01668
1.33628
2.95261
1.51502
2.51587
1.5031
1.46078
1.3994
1.74908
1.33421
2.14212
1.96802
1.05795
3.57513
2.75919
2.47233
2.10231
2.73525
1.8951
2.53741
1.60382
1.63407
1.31834
2.57435
1.44825
1.70785
1.44901
2.82187
2.76641
1.37301
1.8307
1.74395
1.70659
1.67737
1.88268
2.05239
1.98272
1.44728
2.50724
1.96299
1.95045
2.00636
1.18358
1.10952
1.1742
1.83265
1.24038
2.52405
2.25788
1.10278
1.43113
2.01207
1.42698
1.48243
1.09455
1.44982
2.26101
2.70821
1.78286
1.77241
1.11632
2.63921
2.6963
1.52515
2.22674
2.31867
1.51852
2.32247
3.23949
2.61978
2.54841
2.72939
2.64423
2.73939
2.00409
1.28332
1.34275
1.93683
1.26322
2.61467
1.63972
1.07831
1.24452
1.09705
1.915
1.76087
1.15972
1.16278
2.13158
1.78695
1.89678
1.38575
2.75365
2.61774
1.70866
1.85098
1.53799
1.53028
1.4289
2.20923
1.50418
2.31837
2.71948
1.99317
1.08766
1.46375
2.5101
2.21308
2.74144
1.81883
1.76327
1.41464
2.7526
1.3293
2.51389
2.19894
1.1726
2.81488
1.41048
2.89143
3.12369
1.61021
3.1745
2.17131
1.95894
2.01124
2.40639
2.10484
1.51969
2.55623
1.88868
1.18583
1.36387
2.71295
1.09568
1.45647
2.57777
1.96532
1.46351
3.40779
2.17741
2.81868
2.52326
1.79554
1.25342
1.47881
1.58992
1.93916
2.27443
2.49902
1.72304
1.63686
2.24206
2.2568
2.73001
1.86178
1.60711
1.34357
2.01926
1.53263
1.86598
2.34801
2.04037
2.18434
2.09566
1.86617
2.11065
1.69392
1.48144
2.42997
1.25459
3.08543
1.30248
3.34272
1.2711
1.23343
2.18069
1.73928
1.48436
2.16419
2.2523
2.63278
2.86707
1.76285
2.65564
2.40136
1.74625
1.5598
2.76583
1.75136
1.20235
2.48773
1.39154
1.26495
2.04766
1.22089
2.36907
2.50585
1.03474
1.77188
1.46903
2.02427
2.86306
1.7038
1.1332
1.4134
2.25011
1.73326
1.78556
1.68918
1.65293
1.95381
1.69702
2.96329
1.39816
1.75322
3.03293
1.91052
2.37551
1.43768
1.34825
2.80031
1.2062
2.10258
1.25698
1.01233
2.03639
1.52424
1.76833
1.58278
2.1669
2.00829
1.7317
1.36593
2.03942
2.89473
1.13705
2.32214
2.61612
1.90035
2.19497
2.52108
2.44042
2.88546
1.90724
1.64384
1.58175
2.86845
2.76981
2.29348
1.62118
1.71232
1.25964
2.95202
2.04962
1.46545
2.0639
3.02049
2.65334
1.10025
2.16143
1.17783
1.21094
1.55446
1.86535
1.92319
2.19934
1.65255
3.5996
3.37091
1.90764
2.9359
1.45018
1.19915
1.85261
2.96712
3.24492
3.01396
1.77813
1.90188
1.86713
1.79518
1.79528
1.72554
2.58306
2.49371
2.62396
1.92272
1.23206
1.68368
1.74213
2.77922
1.59111
1.79934
1.96146
2.01239
1.79747
2.18448
2.39152
2.19452
1.66008
1.32384
2.15364
1.99379
1.77336
2.01859
2.37368
3.04654
2.4257
2.87342
2.21363
1.49594
1.24203
2.19564
1.18786
2.03438
1.47492
1.98958
2.09736
1.21853
2.59926
1.56264
1.889
2.64464
2.66969
2.68192
1.76839
2.61425
1.91438
1.60328
1.40204
2.62872
1.30295
1.49415
2.20836
2.07135
1.36909
2.11389
1.49758
1.43594
1.13739
2.40579
2.42247
1.82827
2.33327
2.12626
2.03191
2.12795
1.85249
2.35919
1.86861
2.2563
2.99501
1.49373
2.42189
1.39995
3.0109
1.5328
2.31015
2.52253
1.44411
2.35281
2.41203
1.79065
1.79794
2.54775
1.79801
2.10452
2.55451
1.59107
1.87683
1.1676
1.08946
2.4013
1.29556
1.71011
3.44253
2.45679
1.73397
1.61465
1.15731
2.32808
1.2749
3.34568
1.3175
1.30453
1.26216
2.44952
2.58927
1.23594
2.04866
1.47235
1.79211
3.5341
2.44603
2.78341
1.42452
1.33708
1.03736
1.88801
2.83556
1.58342
1.39991
1.46012
1.38086
1.68798
2.5201
2.36885
2.32871
2.0315
2.43578
1.72267
1.78474
2.17617
2.09827
1.69662
1.48152
1.60364
1.77379
1.53185
1.66327
2.64803
1.94028
2.1271
2.5228
1.59023
1.56562
1.28997
2.3585
1.98884
1.17128
1.3135
1.62887
1.95267
1.56058
1.11232
1.3808
1.67311
1.68709
1.40703
2.52917
2.76212
1.55203
2.8781
1.16959
1.32534
1.76829
1.95413
1.87973
1.30837
2.07662
2.00047
1.47606
2.37707
1.7634
1.56144
2.01383
3.137
2.48641
2.43488
1.37421
1.53425
2.34901
1.81065
1.93434
1.76787
1.26445
2.74203
1.34727
2.07659
2.43354
1.53156
1.72316
1.60165
2.83203
1.72602
2.21363
3.62191
1.46736
1.59266
1.22523
1.61923
1.63404
2.59358
1.14613
1.45729
2.85636
2.69528
1.62667
1.32068
2.12143
1.25604
2.40029
1.66769
2.04585
1.37308
1.24728
2.21916
2.21371
2.45143
2.04159
3.32538
2.18212
2.07136
1.79016
1.76639
2.13448
2.11771
1.66002
2.28612
1.44229
1.46884
1.68007
1.70247
2.33282
1.73061
1.80018
1.83876
1.87871
2.58214
1.68984
1.99628
1.33811
2.04097
2.11089
2.83635
2.3352
1.74416
1.52629
2.3086
2.31693
2.4264
1.49488
1.10121
1.12198
1.73148
1.63041
2.93587
2.40892
1.64509
1.63916
2.7963
1.33245
1.57124
2.23589
1.91628
3.02829
2.33287
1.786
3.0584
2.72162
1.15516
1.43873
2.16957
1.55831
1.98571
2.56189
2.1001
1.21091
2.01732
2.30464
1.90876
2.68161
2.59708
2.30513
1.67186
2.85731
2.64883
1.66216
1.88439
2.75261
2.57822
1.28691
2.53631
1.12477
1.0971
1.57622
2.26919
2.15825
1.04494
1.4892
1.35764
2.0415
2.13262
1.98281
2.04312
2.50991
2.80513
2.28377
1.34469
1.91304
1.40543
1.01791
1.50974
2.01359
3.46837
2.22304
2.85571
2.56027
2.11742
2.11879
2.4001
2.3324
1.37862
1.77778
1.39668
1.11682
2.62133
1.22859
2.48356
1.79201
1.91716
2.04789
1.18095
2.44438
2.58575
1.88708
1.58249
1.08727
1.9042
2.27368
2.07022
1.92566
2.54732
2.26611
2.01219
2.56051
1.76067
2.71118
2.59834
2.43872
1.15349
2.00002
1.27078
1.47779
1.21735
2.70474
1.72999
1.99695
2.19761
2.87556
1.36108
1.15892
1.45896
2.42298
2.38296
1.71778
2.64011
2.69765
2.18953
2.28193
2.06143
1.89304
2.69278
2.11512
2.65943
1.76456
2.28731
1.80679
1.66397
2.14243
2.13355
2.29554
1.36595
1.9614
1.70638
1.04236
2.23369
1.72578
2.80556
2.64491
1.40923
1.56025
1.49222
1.29207
2.26794
1.6846
1.26631
1.66071
2.25251
2.28834
1.70556
1.99097
1.43956
1.3031
1.77384
1.40918
2.73648
1.23931
2.00917
1.61055
2.1361
1.87314
1.27976
2.43383
2.82349
1.57524
1.46722
1.74881
1.16236
1.84364
1.53393
2.32146
2.05958
2.58322
3.1374
2.01143
1.41324
1.09874
2.16648
1.77721
2.43981
1.95026
1.65758
2.69673
2.69932
1.22016
1.91015
2.44847
1.6642
2.04539
2.23413
1.65249
2.09431
1.0859
1.8909
1.13193
2.2685
1.90298
1.5677
1.8531
1.35329
1.98373
2.59554
1.18754
1.81853
2.80221
1.14992
2.24809
2.09213
1.89793
1.92377
2.55543
2.71448
2.57233
1.52854
2.02767
2.53876
2.35045
1.82776
1.25344
2.06689
1.46109
2.99029
2.09579
1.80405
1.05707
1.0501
1.51943
1.84928
2.52579
1.634
3.66098
2.90746
2.15254
1.81791
1.31535
1.35843
1.65613
2.76986
1.34323
2.18886
2.84419
1.83702
1.10895
2.34357
1.39499
1.65779
1.16539
2.01225
2.67076
1.84407
1.66125
1.66436
1.37286
1.87876
2.2421
2.18986
3.25362
2.05768
1.7469
2.5726
1.30997
2.1428
2.46425
2.47544
1.56664
1.59122
1.43409
2.84385
1.65487
1.68553
1.34452
3.05489
2.17333
1.07079
2.13202
1.2586
2.33005
2.53513
3.12727
1.3769
2.85083
2.12787
2.17095
1.90178
1.34987
1.46577
1.39532
1.6864
2.41179
1.24014
1.74666
1.56607
1.87023
1.90747
1.80003
2.54404
1.92892
2.5761
1.70476
2.13668
1.72923
1.22567
1.98329
2.10771
3.16851
1.33216
2.25996
2.26203
1.13243
1.55891
1.59435
1.64114
1.85236
1.99041
2.23618
2.97566
1.23719
1.93827
1.13691
2.13731
3.426
1.35125
1.19318
1.20771
2.57972
2.00541
1.90852
1.49327
1.45243
1.72458
1.54483
2.85821
1.44579
1.09147
3.23551
1.94932
1.24331
2.19984
2.63441
2.52115
1.89307
2.16824
2.22546
1.96298
2.60025
2.81499
1.07013
1.86763
2.7804
1.42449
2.03268
1.18004
1.71577
2.55248
1.96419
2.00742
2.43621
2.46518
1.22174
1.67284
2.111
3.06183
1.81436
1.97991
1.51662
1.60243
3.16465
1.44335
391011000.0
170893000.0
321298000.0
317061000.0
274427000.0
528303000.0
359781000.0
733722000.0
731380000.0
179106000.0
488514000.0
514119000.0
252837000.0
568945000.0
228695000.0
409711000.0
478978000.0
232777000.0
780357000.0
334052000.0
268004000.0
218266000.0
245388000.0
451596000.0
235135000.0
473094000.0
714318000.0
260679000.0
387267000.0
481695000.0
656235000.0
301520000.0
318893000.0
199615000.0
331850000.0
550842000.0
288338000.0
407028000.0
312458000.0
407601000.0
200319000.0
427626000.0
191840000.0
302926000.0
321179000.0
275909000.0
328700000.0
608680000.0
171006000.0
242628000.0
266046000.0
154965000.0
469521000.0
280579000.0
546437000.0
293461000.0
565774000.0
364172000.0
567356000.0
219944000.0
171584000.0
440169000.0
666996000.0
370315000.0
483291000.0
262393000.0
332613000.0
305361000.0
261237000.0
755013000.0
179831000.0
256435000.0
296256000.0
439249000.0
325585000.0
781176000.0
578182000.0
275698000.0
203308000.0
514049000.0
195768000.0
176682000.0
309228000.0
365392000.0
398162000.0
433264000.0
211502000.0
308162000.0
274202000.0
505185000.0
230740000.0
212653000.0
304363000.0
252862000.0
194219000.0
337994000.0
393732000.0
346309000.0
431119000.0
231921000.0
303806000.0
542611000.0
192215000.0
397182000.0
222122000.0
493236000.0
461795000.0
501704000.0
331398000.0
504233000.0
291636000.0
300848000.0
516291000.0
142071000.0
192767000.0
223089000.0
250359000.0
208416000.0
322321000.0
224334000.0
462632000.0
412441000.0
485272000.0
234731000.0
479887000.0
373582000.0
503810000.0
194971000.0
192704000.0
584966000.0
375959000.0
336805000.0
395586000.0
403905000.0
288091000.0
310680000.0
316846000.0
422598000.0
224114000.0
282355000.0
320090000.0
295580000.0
594410000.0
788315000.0
568966000.0
325113000.0
711793000.0
201650000.0
270479000.0
750034000.0
489852000.0
267289000.0
557271000.0
448271000.0
796562000.0
537675000.0
264030000.0
202652000.0
357535000.0
388893000.0
784097000.0
218273000.0
188503000.0
420196000.0
266030000.0
273075000.0
475054000.0
241086000.0
155849000.0
211230000.0
211699000.0
185332000.0
213733000.0
194956000.0
284259000.0
634995000.0
568875000.0
264380000.0
653483000.0
223470000.0
466635000.0
742351000.0
666834000.0
807817000.0
342432000.0
409530000.0
574094000.0
565985000.0
280138000.0
388436000.0
282709000.0
538341000.0
195687000.0
202163000.0
363048000.0
309347000.0
443103000.0
475425000.0
400390000.0
245617000.0
521378000.0
241623000.0
214845000.0
277149000.0
818627000.0
493219000.0
201586000.0
255076000.0
193844000.0
361273000.0
289939000.0
446683000.0
205444000.0
590035000.0
222291000.0
248678000.0
709662000.0
200129000.0
527190000.0
174025000.0
169574000.0
384576000.0
159683000.0
275690000.0
336546000.0
284504000.0
234887000.0
322754000.0
438932000.0
217394000.0
298038000.0
596194000.0
573555000.0
197507000.0
722818000.0
406731000.0
214622000.0
260694000.0
411604000.0
154114000.0
229822000.0
182244000.0
202693000.0
393004000.0
647776000.0
485142000.0
363083000.0
285873000.0
257769000.0
221818000.0
400089000.0
312164000.0
250996000.0
247972000.0
189096000.0
312881000.0
352189000.0
554618000.0
325302000.0
512254000.0
334991000.0
251607000.0
296066000.0
274421000.0
246151000.0
369457000.0
299918000.0
389044000.0
541719000.0
224889000.0
625967000.0
165787000.0
638952000.0
152707000.0
565914000.0
675361000.0
268743000.0
384493000.0
495286000.0
253644000.0
228074000.0
211831000.0
179959000.0
352784000.0
223454000.0
233455000.0
397830000.0
370894000.0
186105000.0
332089000.0
678532000.0
230845000.0
490114000.0
629200000.0
243688000.0
656664000.0
223365000.0
212940000.0
848200000.0
335649000.0
441173000.0
315126000.0
185217000.0
417203000.0
782650000.0
551000000.0
272869000.0
394380000.0
366971000.0
320090000.0
409504000.0
337746000.0
342888000.0
190909000.0
538357000.0
334528000.0
167513000.0
286412000.0
223557000.0
462273000.0
378763000.0
196035000.0
578676000.0
295410000.0
523869000.0
747548000.0
274191000.0
410864000.0
324367000.0
395722000.0
294547000.0
324780000.0
379035000.0
421823000.0
311725000.0
178673000.0
664838000.0
238619000.0
217062000.0
297083000.0
257448000.0
235642000.0
220843000.0
175671000.0
355860000.0
459771000.0
469033000.0
190380000.0
191701000.0
261187000.0
343523000.0
357723000.0
632978000.0
175752000.0
307887000.0
485461000.0
248718000.0
174477000.0
213041000.0
670919000.0
291200000.0
588495000.0
663170000.0
455112000.0
334183000.0
261383000.0
262983000.0
415794000.0
143316000.0
150727000.0
366829000.0
186986000.0
435593000.0
698180000.0
370017000.0
180400000.0
161396000.0
178305000.0
376274000.0
293092000.0
371082000.0
297075000.0
362903000.0
343064000.0
203772000.0
230105000.0
194636000.0
325374000.0
713162000.0
347448000.0
412357000.0
191694000.0
363786000.0
281711000.0
319427000.0
325597000.0
367164000.0
275135000.0
239140000.0
240218000.0
414639000.0
621331000.0
286587000.0
269351000.0
366436000.0
294053000.0
219534000.0
181994000.0
217815000.0
187434000.0
244779000.0
466697000.0
457634000.0
261255000.0
718339000.0
316121000.0
513603000.0
263397000.0
285645000.0
533686000.0
212551000.0
480832000.0
309042000.0
201183000.0
193740000.0
210513000.0
364693000.0
201617000.0
319902000.0
460740000.0
549095000.0
196144000.0
481030000.0
440847000.0
257274000.0
325847000.0
572728000.0
280199000.0
390798000.0
522529000.0
735501000.0
246075000.0
218583000.0
380017000.0
244293000.0
289579000.0
266760000.0
269910000.0
371561000.0
244586000.0
322013000.0
272200000.0
167111000.0
443755000.0
213367000.0
527270000.0
177313000.0
490231000.0
266469000.0
240187000.0
533351000.0
258044000.0
246838000.0
382121000.0
316204000.0
223973000.0
346792000.0
278108000.0
209600000.0
393845000.0
337450000.0
683984000.0
751081000.0
261353000.0
500509000.0
375365000.0
149631000.0
251413000.0
293290000.0
435297000.0
617986000.0
249982000.0
659063000.0
157888000.0
565501000.0
594857000.0
577694000.0
241767000.0
217036000.0
625263000.0
278612000.0
509556000.0
311643000.0
144732000.0
246869000.0
187441000.0
537544000.0
580343000.0
793863000.0
316383000.0
191456000.0
458201000.0
521520000.0
492527000.0
579764000.0
404352000.0
203200000.0
218856000.0
236226000.0
280300000.0
206421000.0
295477000.0
282034000.0
289788000.0
245109000.0
395902000.0
358123000.0
455614000.0
372692000.0
416254000.0
310651000.0
194941000.0
280667000.0
288086000.0
216428000.0
416471000.0
434854000.0
665241000.0
248598000.0
268584000.0
659679000.0
585842000.0
430840000.0
279792000.0
456771000.0
779915000.0
553975000.0
384499000.0
390982000.0
424736000.0
235240000.0
195695000.0
477981000.0
180754000.0
726497000.0
618524000.0
346739000.0
307703000.0
331679000.0
651189000.0
255202000.0
333460000.0
422187000.0
212718000.0
350981000.0
453873000.0
301105000.0
167408000.0
224768000.0
249969000.0
468940000.0
451807000.0
271651000.0
283725000.0
279588000.0
381127000.0
655124000.0
191259000.0
604397000.0
270530000.0
235371000.0
499276000.0
384764000.0
428946000.0
189258000.0
395510000.0
265144000.0
138350000.0
516974000.0
414517000.0
620857000.0
393001000.0
437334000.0
197341000.0
656079000.0
490012000.0
176158000.0
189696000.0
438570000.0
597254000.0
283197000.0
561795000.0
247722000.0
392205000.0
262628000.0
545731000.0
622156000.0
244139000.0
278049000.0
225632000.0
313881000.0
157859000.0
267366000.0
295206000.0
396784000.0
374834000.0
246322000.0
265853000.0
421798000.0
225540000.0
492891000.0
515918000.0
379209000.0
379175000.0
259129000.0
378733000.0
395618000.0
321034000.0
324202000.0
203967000.0
425844000.0
304244000.0
415208000.0
292215000.0
237186000.0
177648000.0
233125000.0
409694000.0
431652000.0
237660000.0
228887000.0
243553000.0
399459000.0
810621000.0
745019000.0
406497000.0
435565000.0
181307000.0
231387000.0
413530000.0
428379000.0
196166000.0
581758000.0
323065000.0
265666000.0
285169000.0
168398000.0
214422000.0
325420000.0
168649000.0
190803000.0
650079000.0
510012000.0
268157000.0
407795000.0
301788000.0
211939000.0
257666000.0
454945000.0
266412000.0
269615000.0
309632000.0
213140000.0
217651000.0
237558000.0
410338000.0
187730000.0
219240000.0
423749000.0
301892000.0
193817000.0
211271000.0
618661000.0
214248000.0
653471000.0
790223000.0
470096000.0
255674000.0
274836000.0
544315000.0
508119000.0
548459000.0
284260000.0
255329000.0
282499000.0
323845000.0
244074000.0
186825000.0
247944000.0
563355000.0
294486000.0
556591000.0
823388000.0
406838000.0
279561000.0
146057000.0
261041000.0
182599000.0
219309000.0
243761000.0
292289000.0
252082000.0
243325000.0
599481000.0
326863000.0
580378000.0
759751000.0
191547000.0
642346000.0
229350000.0
388144000.0
356282000.0
290805000.0
480713000.0
247638000.0
225490000.0
282076000.0
430978000.0
784087000.0
313185000.0
263466000.0
295433000.0
345904000.0
224301000.0
287936000.0
273565000.0
228609000.0
327474000.0
206252000.0
221296000.0
233596000.0
684166000.0
324392000.0
548583000.0
490981000.0
671688000.0
196834000.0
379097000.0
337507000.0
294297000.0
192568000.0
565433000.0
715088000.0
487296000.0
237585000.0
248598000.0
323481000.0
197050000.0
214942000.0
277093000.0
244916000.0
282173000.0
307302000.0
204031000.0
280934000.0
203817000.0
382017000.0
241584000.0
359179000.0
377881000.0
275437000.0
310700000.0
245030000.0
570979000.0
313835000.0
427959000.0
804841000.0
267660000.0
373811000.0
180251000.0
223089000.0
467995000.0
447311000.0
374203000.0
469658000.0
276584000.0
425996000.0
535509000.0
397693000.0
283304000.0
270019000.0
352577000.0
274489000.0
465087000.0
448269000.0
340587000.0
548456000.0
208627000.0
625641000.0
282655000.0
442068000.0
259785000.0
316845000.0
483055000.0
215400000.0
187726000.0
349786000.0
485724000.0
314089000.0
766746000.0
351794000.0
507456000.0
238674000.0
300751000.0
224048000.0
166630000.0
257031000.0
418288000.0
801735000.0
290872000.0
340165000.0
209513000.0
300961000.0
439243000.0
200347000.0
193400000.0
652463000.0
321096000.0
222293000.0
372028000.0
274447000.0
237942000.0
351992000.0
301386000.0
695176000.0
361387000.0
726534000.0
238471000.0
336512000.0
424663000.0
290356000.0
428725000.0
252642000.0
210521000.0
527409000.0
375280000.0
192881000.0
656788000.0
275975000.0
281933000.0
311363000.0
361453000.0
199494000.0
185249000.0
205214000.0
399609000.0
265267000.0
209620000.0
251324000.0
382274000.0
553345000.0
308673000.0
508138000.0
180837000.0
261506000.0
372695000.0
768720000.0
851978000.0
474731000.0
313772000.0
238690000.0
395425000.0
136044000.0
177607000.0
283157000.0
338006000.0
510919000.0
570961000.0
378001000.0
197073000.0
533917000.0
234439000.0
188047000.0
388520000.0
792920000.0
237789000.0
559037000.0
408190000.0
720604000.0
321301000.0
191942000.0
384752000.0
440957000.0
377039000.0
599722000.0
286142000.0
230704000.0
245529000.0
162589000.0
288472000.0
339729000.0
224832000.0
564045000.0
311950000.0
227273000.0
204702000.0
426082000.0
428172000.0
516363000.0
195118000.0
422719000.0
356147000.0
567966000.0
173152000.0
262339000.0
819907000.0
290774000.0
560142000.0
246833000.0
234562000.0
170364000.0
525966000.0
189066000.0
250390000.0
251397000.0
333940000.0
460612000.0
464310000.0
575576000.0
398635000.0
240710000.0
656725000.0
410335000.0
363100000.0
357640000.0
360622000.0
371966000.0
199266000.0
314206000.0
223031000.0
328885000.0
302895000.0
308675000.0
709801000.0
333550000.0
247020000.0
165319000.0
632776000.0
230408000.0
255872000.0
728294000.0
496113000.0
325949000.0
444659000.0
316217000.0
295741000.0
243214000.0
171787000.0
676202000.0
295174000.0
788550000.0
250963000.0
151787000.0
580749000.0
547613000.0
663551000.0
224771000.0
331254000.0
293091000.0
416576000.0
446510000.0
388668000.0
478838000.0
182167000.0
515742000.0
698910000.0
159225000.0
330274000.0
606265000.0
268567000.0
201567000.0
213620000.0
328456000.0
281128000.0
261765000.0
264242000.0
219553000.0
179552000.0
756918000.0
362861000.0
193367000.0
522465000.0
325713000.0
626629000.0
372679000.0
212139000.0
301835000.0
306526000.0
218475000.0
222219000.0
645340000.0
421641000.0
276302000.0
167448000.0
375210000.0
289090000.0
450026000.0
397850000.0
169724000.0
539091000.0
