1.0121
1.00605
1.01182
1.00903
1.01812
1.11521
1.0405
1.09169
1.01027
1.01179
1.01701
1.01865
1.00553
1.09772
1.03612
1.04296
1.19077
1.01792
1.0354
1.06777
1.05496
1.00513
1.10247
1.00719
1.01153
1.025
1.04863
1.00138
1.07251
1.04691
1.05285
1.03049
1.03012
1.02908
1.00201
1.00375
1.05699
1.08297
1.03645
1.00735
1.05183
1.00146
1.0107
1.03435
1.02641
1.02829
1.01247
1.01239
1.04307
1.04399
1.01012
1.00824
1.13206
1.03603
1.00543
1.0068
1.03397
1.00357
1.0662
1.01669
1.02111
1.05045
1.03889
1.02589
1.01241
1.04463
1.00912
1.01229
1.01538
1.10684
1.03277
1.03824
1.0182
1.00327
1.0377
1.02085
1.06528
1.02932
1.08041
1.00866
1.06415
1.15606
1.04107
1.00733
1.18473
1.01206
1.0028
1.00541
1.01441
1.02099
1.07389
1.06278
1.01018
1.03325
1.04829
1.0062
1.07422
1.01208
1.02238
1.01924
1.01206
1.00662
1.00681
1.00682
1.0044
1.04938
1.05901
1.00537
1.03801
1.04213
1.01386
1.00274
1.02317
1.00712
1.01461
1.02144
1.05503
1.00752
1.02173
1.02075
1.00837
1.04439
1.01815
1.01482
1.00959
1.00684
1.06083
1.00902
1.00977
1.0738
1.03359
1.01685
1.02976
1.01159
1.09588
1.02286
1.00461
1.01931
1.0171
1.01695
1.03694
1.01561
1.09786
1.11915
1.03317
1.04869
1.04775
1.07676
1.01515
1.00391
1.07316
1.00968
1.00179
1.05032
1.12725
1.00319
1.01109
1.02286
1.03616
1.0044
1.01181
1.0126
1.03341
1.00092
1.04466
1.00497
1.02989
1.00297
1.09939
1.0217
1.02971
1.12558
1.01368
1.06773
1.00626
1.01612
1.05658
1.13109
1.09971
1.01463
1.0974
1.10528
1.01437
1.03174
1.0208
1.05212
1.05802
1.05733
1.01433
1.0055
1.02625
1.01163
1.09469
1.00863
1.02646
1.01547
1.01378
1.03005
1.01522
1.01289
1.03535
1.20292
1.09763
1.06901
1.13773
1.03376
1.04146
1.13922
1.0152
1.01044
1.00466
1.02401
1.01209
1.04373
1.03832
1.00679
1.12036
1.07049
1.02706
1.03264
1.01885
1.04822
1.15718
1.02739
1.05788
1.02394
1.09487
1.00673
1.02386
1.05384
1.01542
1.01684
1.01379
1.00443
1.01394
1.1136
1.00256
1.06783
1.039
1.02444
1.02073
1.08874
1.08873
1.01623
1.03347
1.00746
1.05063
1.00783
1.02747
1.02805
1.01048
1.0418
1.00691
1.01632
1.00747
1.03449
1.08574
1.03829
1.03534
1.07622
1.02498
1.01333
1.04611
1.05025
1.07456
1.00736
1.10939
1.04917
1.0432
1.10178
1.01154
1.132
1.04898
1.0112
1.00851
1.00389
1.01652
1.02614
1.01336
1.04857
1.06106
1.00348
1.01821
1.00772
1.01447
1.01379
1.02138
1.06328
1.03674
1.03613
1.02717
1.01967
1.00405
1.01083
1.03423
1.00546
1.07687
1.00892
1.01724
1.04284
1.03781
1.01506
1.01488
1.07076
1.02006
1.05805
1.01878
1.02098
1.0261
1.01784
1.01374
1.08115
1.01024
1.0103
1.01589
1.02404
1.0085
1.04898
1.0767
1.00143
1.00617
1.03188
1.00622
1.02711
1.00266
1.12063
1.00636
1.03617
1.06477
1.03471
1.05579
1.01151
1.0204
1.09698
1.04288
1.01529
1.09109
1.00421
1.09905
1.10839
1.01526
1.02637
1.03305
1.13267
1.02035
1.01102
1.00458
1.01881
1.03294
1.00661
1.00368
1.05973
1.01376
1.00472
1.01069
1.05625
1.00358
1.1145
1.00331
1.01883
1.02402
1.01759
1.00412
1.00311
1.0041
1.04333
1.02744
1.01835
1.00815
1.05508
1.04629
1.03824
1.01166
1.013
1.03126
1.15471
1.06642
1.02008
1.06646
1.04348
1.00526
1.04159
1.03926
1.06825
1.00392
1.02211
1.03457
1.00976
1.00989
1.01819
1.05816
1.07466
1.01089
1.05733
1.00695
1.02596
1.04885
1.10712
1.056
1.02151
1.00589
1.04318
1.07921
1.00489
1.01828
1.0486
1.00713
1.0094
1.14261
1.01531
1.02242
1.00923
1.01972
1.02622
1.08344
1.00666
1.10226
1.07766
1.06443
1.03562
1.06703
1.01093
1.038
1.06108
1.03035
1.02704
1.03787
1.00424
1.0088
1.00442
1.00839
1.15085
1.01158
1.05942
1.0951
1.01464
1.00813
1.02598
1.052
1.02664
1.02058
1.00509
1.03867
1.08747
1.0018
1.03827
1.05527
1.00903
1.09761
1.04659
1.00644
1.0172
1.05196
1.00874
1.04166
1.09302
1.02733
1.00527
1.05429
1.03032
1.00617
1.01358
1.0077
1.03302
1.0275
1.10315
1.03173
1.01094
1.12541
1.02078
1.0147
1.01475
1.0093
1.05928
1.02624
1.00391
1.02578
1.04087
1.01232
1.01461
1.00954
1.07737
1.03195
1.00174
1.04103
1.00619
1.0079
1.0117
1.02134
1.00635
1.01685
1.00842
1.02735
1.00694
1.02488
1.03746
1.03876
1.04278
1.00705
1.00466
1.00803
1.00826
1.0047
1.1352
1.0435
1.01472
1.01521
1.11405
1.01293
1.01478
1.00673
1.01405
1.032
1.01509
1.00342
1.02548
1.01558
1.028
1.02731
1.01562
1.04819
1.00478
1.0805
1.01911
1.01886
1.01599
1.01864
1.04145
1.0137
1.04216
1.07458
1.00792
1.01922
1.00236
1.0257
1.01151
1.01072
1.00755
1.00508
1.06404
1.05097
1.00515
1.00468
1.06845
1.01383
1.03352
1.0156
1.04757
1.07978
1.04957
1.00837
1.0058
1.00507
1.01175
1.0028
1.00263
1.00705
1.06982
1.03606
1.03199
1.00544
1.01137
1.02606
1.02487
1.0113
1.0149
1.05195
1.04641
1.03039
1.04025
1.09511
1.01037
1.00729
1.02379
1.04325
1.03542
1.03269
1.02685
1.03517
1.00534
1.01214
1.16917
1.01423
1.11971
1.01624
1.02144
1.04346
1.02737
1.04228
1.03524
1.02303
1.045
1.0137
1.00143
1.03141
1.01457
1.1142
1.0471
1.08352
1.02651
1.09458
1.01569
1.11676
1.02151
1.03228
1.08145
1.06181
1.00414
1.01801
1.0222
1.00816
1.01809
1.05451
1.00645
1.13517
1.01017
1.05121
1.06162
1.00943
1.01173
1.04035
1.00937
1.00999
1.00646
1.08761
1.03821
1.05334
1.01491
1.00083
1.01678
1.03551
1.00575
1.01691
1.00456
1.04386
1.0217
1.01783
1.00535
1.00961
1.07519
1.00124
1.03221
1.00627
1.01919
1.00574
1.03234
1.02104
1.02308
1.00182
1.00718
1.0296
1.02066
1.01264
1.04083
1.00357
1.01461
1.01233
1.04068
1.10013
1.00706
1.04722
1.04267
1.01427
1.06275
1.03059
1.11272
1.01524
1.02608
1.01191
1.03731
1.03467
1.06533
1.11617
1.00492
1.0521
1.00328
1.02601
1.04148
1.0066
1.00731
1.00744
1.01392
1.03785
1.03257
1.07297
1.08443
1.06257
1.03538
1.0028
1.03005
1.00782
1.0485
1.0052
1.03468
1.04845
1.0251
1.0039
1.01124
1.12713
1.06359
1.03971
1.02358
1.00132
1.01413
1.00639
1.00525
1.0247
1.10954
1.08275
1.00457
1.00524
1.01436
1.0205
1.00835
1.0055
1.12478
1.01118
1.03742
1.10699
1.0087
1.01549
1.04518
1.04006
1.00365
1.00447
1.02351
1.04587
1.02009
1.00962
1.02866
1.00276
1.03145
1.00826
1.03392
1.01073
1.0084
1.08333
1.00677
1.00679
1.14856
1.02187
1.00678
1.01231
1.00941
1.07423
1.01069
1.04936
1.01878
1.02394
1.07277
1.03125
1.15278
1.08185
1.00844
1.01138
1.00747
1.13008
1.02301
1.00366
1.00955
1.00637
1.06158
1.0078
1.03255
1.00787
1.05134
1.01513
1.00846
1.02352
1.00475
1.02064
1.01811
1.04814
1.04106
1.00349
1.12453
1.01128
1.00108
1.01176
1.05902
1.02015
1.01032
1.02274
1.01177
1.02467
1.03182
1.00635
1.02175
1.02603
1.00196
1.018
1.01639
1.04927
1.00682
1.00503
1.00721
1.07769
1.11624
1.01032
1.0633
1.03419
1.04323
1.01292
1.03005
1.03157
1.04886
1.02122
1.01589
1.07653
1.00415
1.0141
1.01054
1.01124
1.01781
1.04888
1.01285
1.11192
1.05777
1.08607
1.01915
1.01288
1.00519
1.01372
1.02408
1.01522
1.02563
1.03433
1.03462
1.07772
1.00661
1.0004
1.01685
1.01539
1.03378
1.0381
1.00836
1.0116
1.00379
1.00194
1.08513
1.00838
1.1065
1.21443
1.02118
1.01621
1.01566
1.04419
1.03893
1.07042
1.00967
1.00564
1.08159
1.02495
1.00587
1.06409
1.03634
1.04392
1.10164
1.01469
1.00956
1.01262
1.01669
1.00261
1.07932
1.00814
1.00802
1.00366
1.04392
1.01984
1.06414
1.07384
1.03832
1.04559
1.00255
1.0108
1.01346
1.09306
1.04329
1.00982
1.00843
1.03695
1.03012
1.04183
1.02644
1.0081
1.01426
1.01362
1.12729
1.01844
1.00635
1.00768
1.14766
1.12958
1.01671
1.00272
1.11949
1.00597
1.14468
1.01485
1.01635
1.03531
1.17034
1.03233
1.01161
1.01853
1.10484
1.00322
1.04411
1.03236
1.00941
1.00607
1.08184
1.03061
1.03991
1.05171
1.03602
1.00333
1.03993
1.01952
1.04692
1.06785
1.05664
1.02433
1.00645
1.00371
1.14242
1.09719
1.01537
1.03956
1.02704
1.0163
1.00697
1.00328
1.02827
1.01115
1.00338
1.02822
1.01399
1.01173
1.03583
1.02852
1.00409
1.01308
1.02343
1.00781
1.03732
1.04916
1.0153
1.01326
1.02285
1.0119
1.18139
1.00675
1.00386
1.00215
1.06474
1.00657
1.02441
1.01556
1.08608
1.02041
1.16439
1.0148
1.0748
1.02787
1.00966
1.02057
1.01188
1.01542
1.00187
1.07264
1.01426
1.01573
1.02517
1.00736
1.0013
1.0226
1.01009
1.01271
1.00961
1.00092
1.00332
1.00883
1.02033
1.00841
1.01992
1.0151
1.06048
1.06069
1.03407
1.13445
1.02334
1.00537
1.01578
1.01992
1.00124
1.0035
1.0461
1.00873
1.0288
1.09212
1.01706
1.01757
1.0173
1.05063
1.15969
1.05128
1.20298
1.03326
1.02126
1.02427
1.14227
1.02313
1.245
1.04961
1.13602
1.24244
1.0313
1.12762
1.11402
1.09655
1.01116
1.16642
1.01103
1.06335
1.41009
1.06851
1.01067
1.17522
1.06837
1.05758
1.0409
1.03656
1.10365
1.03961
1.01675
1.11425
1.50647
1.05492
1.01475
1.46253
1.00797
1.01812
1.07053
1.04333
1.0462
1.03064
1.02258
1.04998
1.31451
1.03221
1.02593
1.19659
1.16182
1.02882
1.01428
1.11773
1.02069
1.09362
1.03582
1.10975
1.11212
1.11136
1.06323
1.0324
1.05672
1.56391
1.06941
1.02956
1.14915
1.06585
1.06806
1.07772
1.0087
1.10827
1.02915
1.08237
1.09919
1.28369
1.02027
1.0854
1.33599
1.10887
1.0288
1.29871
1.01729
1.014
1.05107
1.02425
1.05009
1.11374
1.09445
1.02652
1.37352
1.06534
1.01816
1.19573
1.02295
1.0452
1.04306
1.03472
1.04314
1.02375
1.0152
1.00956
1.06227
1.13487
1.01079
1.24089
1.14285
1.03087
1.00475
1.03296
1.04785
1.10474
1.15901
1.20943
1.01076
1.09154
1.07408
1.03003
1.14888
1.02035
1.02729
1.02795
1.01217
1.09863
1.01786
1.02579
1.08186
1.1122
1.11705
1.05809
1.0389
1.14577
1.0284
1.0097
1.0789
1.02239
1.03735
1.08095
1.03385
1.15683
1.18573
1.04561
1.19488
1.06163
1.10779
1.02353
1.02741
1.59218
1.01326
1.00625
1.08906
1.39427
1.00937
1.02429
1.03969
1.51278
1.00893
1.04787
1.04792
1.0437
1.0034
1.08099
1.01034
1.08103
1.014
1.25351
1.03663
1.07569
1.263
1.03657
1.27885
1.04117
1.05261
1.21108
1.13983
1.21878
1.07268
1.15299
1.15921
1.02831
1.09529
1.03308
1.12032
1.08831
1.34361
1.04012
1.01344
1.04271
1.09363
1.12946
1.09482
1.06473
1.0356
1.03381
1.0457
1.0333
1.0261
1.05178
1.33368
1.40568
1.08462
1.19292
1.0534
1.27617
1.42496
1.04186
1.02605
1.01431
1.06472
1.0517
1.15679
1.12525
1.04924
1.2817
1.14715
1.13947
1.19934
1.03297
1.65865
1.71915
1.14541
1.07396
1.05824
1.10414
1.03005
1.08071
1.07657
1.06294
1.02847
1.03017
1.0092
1.02423
1.1988
1.01984
1.13557
1.18269
1.03499
1.05271
1.16886
1.27023
1.02951
1.04314
1.07415
1.06012
1.06427
1.05242
1.07905
1.03339
1.05653
1.01374
1.02553
1.01396
1.07343
1.15973
1.16799
1.0778
1.19472
1.04249
1.02353
1.4984
1.23493
1.2618
1.01863
1.16993
1.05795
1.05111
1.25515
1.02322
1.14277
1.06821
1.02586
1.01405
1.01262
1.02503
1.08194
1.02385
1.06627
1.096
1.01071
1.03227
1.02746
1.07087
1.02963
1.03333
1.09969
1.04833
1.08634
1.03235
1.14166
1.03135
1.02096
1.05322
1.00892
1.1014
1.0244
1.03299
1.05543
1.20747
1.03917
1.02394
1.08119
1.02681
1.1772
1.03134
1.14356
1.03811
1.03509
1.04718
1.12117
1.01366
1.03457
1.02448
1.1423
1.01494
1.10307
1.24322
1.01625
1.01268
1.04008
1.02988
1.03517
1.0233
1.18696
1.01403
1.12175
1.43595
1.0794
1.08174
1.02298
1.04356
1.14043
1.14699
1.03311
1.30311
1.04064
1.16133
1.28177
1.04262
1.18562
1.0748
1.19624
1.02968
1.0205
1.0307
1.08021
1.08537
1.01033
1.01016
1.11099
1.02745
1.01369
1.05914
1.0719
1.00796
1.1481
1.01067
1.03396
1.10622
1.02323
1.01387
1.01676
1.01226
1.396
1.04561
1.06863
1.05084
1.06568
1.06544
1.07494
1.06501
1.01812
1.20194
1.3933
1.09875
1.08646
1.22178
1.06119
1.02023
1.10963
1.06834
1.10307
1.01273
1.03188
1.07626
1.01388
1.01651
1.14115
1.07531
1.10383
1.01862
1.17557
1.01355
1.10162
1.22533
1.15466
1.07349
1.04367
1.02254
1.08115
1.15765
1.01452
1.03782
1.1129
1.01535
1.05521
1.21284
1.12459
1.18182
1.01607
1.02897
1.46156
1.13546
1.01654
1.34893
1.3678
1.0761
1.08363
1.40707
1.03323
1.0494
1.37465
1.04732
1.03674
1.11548
1.01235
1.0284
1.01617
1.05494
1.35414
1.03737
1.06905
1.16964
1.17576
1.02922
1.28714
1.11199
1.17622
1.02312
1.02781
1.09054
1.12912
1.01098
1.07629
1.17899
1.01637
1.22781
1.20233
1.01278
1.03904
1.2127
1.04042
1.05404
1.2443
1.04822
1.02056
1.15183
1.03518
1.19781
1.05016
1.04042
1.09782
1.09808
1.18158
1.71516
1.10956
1.14507
1.0466
1.02561
1.07013
1.01584
1.12083
1.03303
1.0108
1.10548
1.20877
1.02739
1.08319
1.02044
1.12702
1.06601
1.01426
1.12552
1.07292
1.04328
1.01702
1.03691
1.01235
1.03662
1.0128
1.63793
1.02093
1.03144
1.06199
1.26604
1.04966
1.04355
1.01172
1.02212
1.0146
1.01222
1.17257
1.41875
1.04353
1.05239
1.14701
1.02742
1.0955
1.0212
1.02697
1.15955
1.08172
1.01067
1.03605
1.02383
1.0443
1.13216
1.05912
1.13192
1.05129
1.17686
1.02601
1.29849
1.04929
1.03445
1.21918
1.11099
1.05387
1.09433
1.01758
1.0317
1.01122
1.04095
1.02163
1.01613
1.04157
1.03133
1.06607
1.0854
1.0134
1.01026
1.13371
1.02945
1.03835
1.03405
1.11874
1.15632
1.18958
1.01613
1.00832
1.01259
1.02886
1.03399
1.01127
1.01318
1.17355
1.04667
1.06063
1.01387
1.17231
1.06883
1.02814
1.02777
1.0277
1.06375
1.0697
1.0478
1.44619
1.19449
1.01941
1.02408
1.03845
1.07373
1.05986
1.05729
1.04416
1.03855
1.01717
1.0323
1.351
1.28466
1.2527
1.02058
1.02866
1.52101
1.04167
1.0832
1.0473
1.29363
1.65187
1.02183
1.01403
1.05553
1.02507
1.16469
1.05591
1.18661
1.03358
1.16734
1.02753
1.27132
1.06416
1.03682
1.19062
1.17116
1.01676
1.11815
1.12073
1.12158
1.03274
1.1177
1.01765
1.38918
1.01911
1.11286
1.11545
1.01484
1.09834
1.06569
1.02122
1.04915
1.01299
1.15245
1.07603
1.09368
1.06641
1.01198
1.02339
1.08654
1.04921
1.03853
1.04379
1.09725
1.07802
1.04693
1.02364
1.02938
1.12347
1.01787
1.08775
1.02528
1.12884
1.01158
1.04925
1.05162
1.15793
1.01426
1.01316
1.03966
1.16176
1.04148
1.08899
1.02207
1.10105
1.01932
1.04714
1.15658
1.01679
1.0696
1.36117
1.02687
1.08695
1.04361
1.25327
1.02512
1.0358
1.01815
1.07555
1.25874
1.39476
1.25252
1.0101
1.21989
1.01654
1.03457
1.04952
1.02591
1.05262
1.02073
1.01988
1.09373
1.04957
1.10113
1.21164
1.13968
1.05515
1.01645
1.04558
1.01917
1.19321
1.01828
1.11629
1.06276
1.06765
1.01725
1.02576
1.46196
1.07184
1.05464
1.03189
1.00688
1.03975
1.01511
1.02034
1.17116
1.1312
1.34894
1.02454
1.07736
1.09177
1.0434
1.05509
1.02751
1.36474
1.02872
1.11069
1.44263
1.01642
1.03055
1.08985
1.05213
1.00718
1.0168
1.12371
1.07665
1.05507
1.02301
1.05188
1.01002
1.03635
1.022
1.03847
1.03041
1.10283
1.15326
1.01776
1.01311
1.27125
1.10235
1.01838
1.02874
1.02275
1.13275
1.02601
1.0653
1.03444
1.04742
1.23644
1.03856
1.22111
1.10383
1.01649
1.01965
1.01915
1.61309
1.03021
1.01347
1.02341
1.01799
1.12805
1.0149
1.13209
1.01619
1.11218
1.0263
1.01788
1.06183
1.01068
1.03133
1.04923
1.06067
1.04727
1.01648
1.18486
1.02112
1.00652
1.01672
1.15524
1.06752
1.02516
1.03093
1.02623
1.03459
1.04851
1.01754
1.06727
1.10974
1.01645
1.02434
1.13872
1.1171
1.10464
1.018
1.02778
1.12194
1.50941
1.02393
1.24899
1.09118
1.09792
1.02289
1.05846
1.05291
1.22981
1.03141
1.04355
1.08589
1.00887
1.11623
1.01548
1.02052
1.04088
1.10353
1.0252
1.27199
1.06617
1.13226
1.07784
1.04004
1.00938
1.02417
1.06185
1.05483
1.15333
1.04639
1.09828
1.60452
1.01478
1.0058
1.03113
1.03427
1.10604
1.10002
1.01837
1.03149
1.01297
1.02676
1.13741
1.05679
1.12007
1.5088
1.07174
1.04071
1.02342
1.41723
1.08768
1.14961
1.09568
1.03972
1.31392
1.28002
1.04013
1.30807
1.04515
1.1796
1.11072
1.02474
1.01748
1.03126
1.02374
1.01041
1.11655
1.05529
1.04418
1.03968
1.06884
1.02867
1.12194
1.17071
1.05319
1.14825
1.02003
1.02759
1.02966
1.13619
1.09433
1.02687
1.01483
1.05169
1.54847
1.09487
1.04277
1.10723
1.0285
1.07185
1.24853
1.02484
1.01164
1.01087
1.43944
1.41156
1.04211
1.00794
1.21324
1.01718
1.25498
1.03
1.03157
1.05116
1.24099
1.08049
1.01904
1.05187
1.18436
1.00653
1.11138
1.03865
1.01902
1.01375
1.4211
1.20824
1.13025
1.15858
1.34573
1.00701
1.12308
1.03625
1.06828
1.10947
1.11135
1.03269
1.0196
1.00702
1.32778
1.3859
1.02511
1.05345
1.03796
1.02734
1.01373
1.01061
1.04112
1.03373
1.00734
1.04107
1.02542
1.03579
1.07402
1.03184
1.02479
1.03066
1.1755
1.03145
1.04011
1.05981
1.09956
1.05927
1.03166
1.02643
1.61097
1.09601
1.01607
1.01237
1.07752
1.01308
1.13484
1.07393
1.14789
1.06357
1.27124
1.02681
1.12236
1.03988
1.01842
1.02847
1.01444
1.05626
1.00229
1.14178
1.02393
1.03346
1.16998
1.01381
1.01372
1.03214
1.04295
1.0274
1.03828
1.00963
1.0081
1.02135
1.03224
1.0394
1.02777
1.02776
1.16713
1.06825
1.04923
1.19477
1.41206
1.00861
1.02176
1.0445
1.00896
1.01612
1.07091
1.02771
1.04192
1.90193
1.87463
1.02059
1.41361
2.98441
1.90616
2.27251
2.13583
2.59561
2.46773
1.67487
1.53266
1.71912
2.209
1.54685
1.63762
1.741
2.65301
1.75315
1.70836
1.44993
1.41904
2.15844
2.52425
3.01644
2.75832
2.28352
1.50368
1.66079
1.6634
1.11467
1.79136
1.94304
1.43715
1.61427
2.9808
1.84984
2.15153
1.92147
1.31329
2.91582
1.37667
1.75826
2.69789
1.49858
1.31173
3.11725
1.61344
1.20155
1.35362
2.49565
1.41013
1.69011
1.31623
2.48366
2.23634
1.28783
1.62918
2.60351
2.25857
1.78545
1.83343
1.49532
1.93258
1.32578
2.25997
2.46015
2.05135
3.10243
1.58988
3.07412
2.43546
1.54637
1.27619
3.14162
1.59684
2.00899
1.65886
2.30764
2.07758
1.41815
1.92698
3.34421
1.05965
2.2482
1.72204
1.98029
1.342
1.51357
2.02934
1.7211
1.57357
1.15849
2.29282
2.46873
1.45892
1.79525
1.38871
2.91521
2.09563
2.54153
1.52196
1.11462
1.47935
1.7751
2.20147
1.71858
1.38404
1.777
2.01085
1.3838
1.23233
1.23108
1.55501
2.56424
2.88382
2.23544
1.71572
3.12555
2.32679
2.31564
1.65398
1.69175
1.63436
1.75919
2.5419
2.26238
1.18195
1.81492
1.6012
1.21479
1.16439
1.73
3.51858
1.59261
1.41302
3.09603
1.61892
2.29673
1.73359
1.75957
1.76249
1.65956
1.89008
2.06937
2.31408
2.23625
1.73386
1.79609
1.61661
2.03073
1.13919
1.66125
2.87524
2.26949
3.31702
1.60258
1.18088
2.3813
1.12794
1.9118
1.82802
1.41003
2.88373
2.21777
1.05194
2.73384
2.17835
2.67233
1.21382
1.18293
1.76046
1.63792
2.20376
1.64605
2.17931
2.83221
1.68629
2.3174
2.43722
1.97538
1.90994
2.64892
2.01453
2.35555
1.48738
1.93366
1.66833
2.18628
1.30003
1.23165
2.5915
1.48838
1.10632
2.98117
3.25723
3.0583
1.8548
3.21143
1.90221
2.21129
1.98114
2.37782
1.33871
1.72763
2.52468
2.20641
2.71884
2.2775
2.66286
1.90627
2.68473
2.35924
1.24658
1.99568
1.69859
1.99644
1.76063
1.38617
2.49751
2.16475
2.62208
2.07548
2.96489
1.90999
2.47404
1.96552
2.19581
1.80858
2.4427
2.26352
2.99266
2.81722
1.95697
1.20073
1.58039
1.95381
1.94773
3.18813
2.22928
2.17923
1.31946
2.73849
1.96593
1.31262
1.18122
1.45841
1.56892
2.11532
2.4137
1.13527
2.54681
1.42535
2.12687
1.37183
2.84164
1.42236
2.54639
1.15761
1.59784
3.04071
1.12674
2.55948
1.56305
2.03634
2.91783
2.10709
1.37033
2.48244
2.33239
2.065
1.76165
1.7974
2.85904
1.20183
1.79762
2.22779
2.12548
2.02247
1.43292
1.92346
1.58635
1.53079
2.50185
1.4346
2.15847
1.15103
1.53478
1.95477
1.91885
1.38844
2.12733
2.76338
2.37045
1.45469
2.75445
1.43828
2.75771
1.6668
2.55834
2.40526
2.61393
1.76853
1.77057
2.69156
1.31695
2.50564
1.51682
2.51536
1.31359
2.96988
2.00632
3.1202
2.14983
3.39079
1.89924
2.40079
2.40968
2.13403
3.11385
2.49567
1.85948
2.92909
2.02552
2.11599
1.54633
2.81893
1.5758
1.54597
1.28391
2.47964
3.06231
2.30385
2.40151
1.34294
2.9307
2.71762
1.04777
2.87445
2.04946
2.21424
1.61943
2.04092
1.6602
2.04694
1.73385
1.11714
2.2036
1.98173
1.26292
2.68802
2.64006
2.87309
1.12628
1.81226
1.28185
2.80323
1.7373
2.69685
2.61902
2.20928
1.83164
3.36368
2.7197
1.23111
2.31941
1.54281
2.20945
2.65501
1.66121
1.29934
1.52746
1.17689
1.55303
1.50586
2.07559
1.6147
2.076
2.79876
2.03973
1.2158
2.49681
1.74119
1.44827
1.2739
1.8481
1.48279
2.54563
1.3473
2.42073
1.3235
2.02415
2.9684
1.44625
3.00071
1.54306
1.26481
1.9236
2.80279
2.54861
1.88011
2.78235
1.97569
2.95587
1.47625
1.60261
1.11933
1.47743
2.3554
3.06932
1.3153
1.32823
2.7912
2.14738
1.78453
2.17132
1.50565
1.86804
1.20693
1.75339
2.24276
1.2139
1.83255
2.57972
3.1367
2.06463
1.89409
2.32925
2.44564
2.30794
1.37362
1.62788
1.15568
1.15768
1.4087
2.07025
1.86105
1.6985
1.75226
2.20473
2.66798
2.92702
1.59796
1.51373
1.72459
1.54874
1.65572
2.32426
1.63442
1.66664
2.08038
2.27977
1.99121
2.03363
1.66614
2.20454
3.51446
2.12822
1.53581
1.27347
2.87011
1.25524
1.24111
1.96203
1.21313
1.48336
1.77591
2.98368
1.81777
2.076
1.06227
3.22224
1.41413
1.86771
2.30115
3.34644
1.19083
2.86224
2.76264
1.29456
1.06885
1.81906
2.14236
2.87839
2.20899
1.08643
3.37723
2.01937
2.88775
2.47975
3.21974
1.31316
2.06282
2.39306
2.43695
2.47086
2.46181
1.60131
1.14331
2.33109
1.75987
1.87935
1.09294
2.20456
2.39688
2.7829
1.16955
2.18578
1.94037
1.1242
1.35352
1.56428
1.19359
2.7804
2.90591
2.22146
2.3081
1.78349
3.50899
1.56028
1.208
1.34182
1.55673
1.50768
1.90205
1.41564
2.81479
1.75835
1.9075
2.63069
1.9217
1.82325
2.70944
1.23498
1.39613
2.57403
1.75019
1.53619
1.63189
2.20053
1.19934
2.29789
2.7337
3.13898
2.26539
2.39133
1.5088
1.66281
1.81077
1.77181
1.62415
1.16855
1.87458
1.90627
1.45066
1.91258
1.28332
2.10941
1.19458
2.77987
1.14305
1.46407
2.14024
1.091
2.83776
1.68541
1.7273
2.42806
1.51035
1.58164
2.15225
2.42572
1.66952
1.98325
2.77978
1.93361
2.4606
1.63844
1.20646
3.35285
1.88994
2.51078
2.22262
1.99638
1.30022
1.06695
2.4749
2.66922
2.62238
2.75466
2.98579
1.9767
2.47209
2.07969
1.79063
1.80344
1.86137
2.12057
2.32799
1.15954
2.06273
2.94758
1.90736
3.13102
2.88218
1.69704
2.60244
2.5789
1.78418
1.53466
2.05452
2.30612
2.37738
2.6461
2.30183
2.61106
2.04182
1.84952
1.21342
1.28827
2.41833
1.60965
3.24987
1.88841
1.98536
1.64997
2.03055
1.83632
1.8578
2.30909
3.11904
3.17083
2.32999
1.19267
2.17144
1.90467
1.2094
2.56274
1.76649
3.13546
2.54659
2.1877
2.68684
1.59687
2.28321
1.48559
2.01591
1.30105
1.15218
1.27875
2.14131
2.41674
1.16636
1.9141
2.69295
1.29515
2.07781
1.88142
2.86864
1.86343
1.75274
1.83248
2.00749
2.19456
2.65199
2.03896
2.60531
1.88599
2.66795
2.19214
2.58926
1.58255
2.25333
1.82487
1.5058
2.07823
1.67098
2.44041
1.91198
2.53798
1.53126
2.50168
1.44296
2.67549
2.09051
2.16671
1.80957
1.54095
1.4598
2.79923
1.20401
2.31765
2.78003
2.19134
3.0971
2.59247
2.07692
1.98222
2.10775
1.32022
2.93572
1.76476
3.01976
1.0556
2.36849
1.65906
2.06312
1.84687
1.92176
1.18542
1.84686
1.45762
2.3715
1.0682
1.72542
1.94741
2.68957
2.60515
2.82113
1.55726
1.52609
1.37106
1.10974
2.80096
2.63975
1.63498
1.63682
1.5709
1.56816
2.33758
1.17339
1.7856
1.79997
1.46594
1.56203
1.95544
2.31858
1.80554
1.63787
1.58214
2.26057
1.56614
1.22521
1.16353
1.4551
1.44429
1.3608
1.93588
2.39128
1.46938
1.67141
1.78914
2.5809
2.10691
1.64983
1.62737
2.22353
1.24303
1.70938
2.36723
1.99559
3.09484
2.71047
1.1655
2.7036
1.21561
1.71134
1.13151
2.9908
2.99863
2.31181
1.68024
1.78462
1.86833
1.06891
1.67676
2.31944
1.78603
2.38519
1.76765
2.80905
3.19341
1.46143
2.92512
1.96331
3.08772
1.70794
1.49641
1.3596
2.00227
2.30271
2.09661
2.06951
1.12908
2.452
1.44998
2.52518
1.99169
1.56564
1.57774
1.64011
2.80959
2.49615
1.61772
1.83531
2.30782
1.54685
3.30525
2.76863
1.15611
1.26252
2.14676
1.85166
2.55979
1.97056
1.29602
1.84419
1.39134
1.9074
2.88902
2.55647
2.03104
1.8357
1.36174
1.91509
1.7192
1.38937
1.51036
2.05935
1.98616
1.26013
2.43027
2.32274
2.26235
1.67247
1.32362
1.61682
2.97213
2.69337
2.48756
1.0834
1.83958
2.29365
2.32826
3.06064
2.84111
2.24518
2.37388
1.48935
1.11525
2.74873
3.27828
3.2574
1.04708
2.19405
1.53019
2.55441
1.23445
2.98756
1.07968
2.9037
1.80512
2.03417
1.39414
1.5505
1.49065
1.71674
1.47803
2.67066
2.25393
1.36351
2.60627
3.36548
2.34736
1.94482
1.85947
1.6896
2.92531
2.18335
1.13219
1.68076
2.05487
1.66154
2.23393
1.93441
2.15402
2.10029
1.44494
2.28043
1.0453
1.89148
2.40813
2.80436
2.372
2.85729
2.20976
1.59006
2.61999
1.74618
1.61365
2.10761
2.06821
3.18539
2.0173
1.75413
1.59956
1.02796
1.79671
1.25813
2.41286
1.16929
2.03497
2.44663
2.23185
1.59756
3.09495
2.26318
2.76217
2.50884
1.26679
1.80418
1.33713
1.6778
1.99475
2.78845
2.7917
3.32388
1.38531
1.72117
2.14709
1.15361
2.55815
2.83489
2.28408
2.37162
1.01817
2.51006
1.9229
2.24272
1.59109
1.71047
1.58217
2.78501
2.79852
1.80112
1.75313
1.53215
1.80559
1.3395
1.71303
1.19364
2.65444
1.73903
2.71712
1.32203
2.90066
2.28978
1.67064
1.68563
1.56203
1.22488
2.51556
1.75243
1.6948
2.22084
1.6619
1.19719
1.31132
1.29981
1.00393
2.05601
2.80318
2.56611
2.24282
1.47249
1.80935
2.45401
2.62776
1.61945
1.32388
1.79381
2.18484
2.79378
1.27375
2.715
2.66727
1.13241
1.98141
1.92266
1.6577
1.71723
1.57452
2.27231
2.68704
2.79464
1.40881
1.33494
1.54981
1.69105
1.24254
330736000.0
357853000.0
654685000.0
547439000.0
179039000.0
291372000.0
235307000.0
256883000.0
216654000.0
234893000.0
369118000.0
470173000.0
401247000.0
251047000.0
419389000.0
398647000.0
308193000.0
206134000.0
390548000.0
328167000.0
457310000.0
531659000.0
244361000.0
226378000.0
178564000.0
202911000.0
230677000.0
514950000.0
375927000.0
397830000.0
454178000.0
312681000.0
272083000.0
512514000.0
472869000.0
172598000.0
299121000.0
260222000.0
300038000.0
599273000.0
178754000.0
587613000.0
390502000.0
215240000.0
400960000.0
531285000.0
164304000.0
442993000.0
535237000.0
451984000.0
238293000.0
505923000.0
340468000.0
546970000.0
250603000.0
269954000.0
615458000.0
463893000.0
203869000.0
275528000.0
387992000.0
301954000.0
480066000.0
335210000.0
563270000.0
245075000.0
244576000.0
315371000.0
163731000.0
366108000.0
174513000.0
217951000.0
455327000.0
640677000.0
163887000.0
405134000.0
311001000.0
385413000.0
239711000.0
298924000.0
422689000.0
266084000.0
151737000.0
786385000.0
242544000.0
399785000.0
334350000.0
607594000.0
474931000.0
311201000.0
366978000.0
373663000.0
744538000.0
238151000.0
219909000.0
520801000.0
341195000.0
564798000.0
176210000.0
300225000.0
237376000.0
496844000.0
787261000.0
479424000.0
393016000.0
243998000.0
354359000.0
554011000.0
317028000.0
304525000.0
560689000.0
651523000.0
623557000.0
497162000.0
213995000.0
185336000.0
270153000.0
379411000.0
171246000.0
241823000.0
271622000.0
434066000.0
368010000.0
431638000.0
408744000.0
226593000.0
254727000.0
662428000.0
372726000.0
345566000.0
631098000.0
714381000.0
367516000.0
143290000.0
373798000.0
499946000.0
171654000.0
441198000.0
243321000.0
384055000.0
346494000.0
396589000.0
379129000.0
295845000.0
266527000.0
246273000.0
237216000.0
315771000.0
337022000.0
468626000.0
256286000.0
721226000.0
441216000.0
180258000.0
220993000.0
153773000.0
436652000.0
661653000.0
240315000.0
740359000.0
337610000.0
373128000.0
503911000.0
197518000.0
261758000.0
824549000.0
195194000.0
288471000.0
193388000.0
665542000.0
629679000.0
323824000.0
448599000.0
238873000.0
432840000.0
258723000.0
180022000.0
324817000.0
236716000.0
252150000.0
290496000.0
297738000.0
214277000.0
309310000.0
247121000.0
423478000.0
331653000.0
410548000.0
284427000.0
614021000.0
605013000.0
222685000.0
399634000.0
768782000.0
167222000.0
156793000.0
177199000.0
329822000.0
163984000.0
346226000.0
242348000.0
260405000.0
221242000.0
450483000.0
326233000.0
218094000.0
253033000.0
187742000.0
259648000.0
214181000.0
362171000.0
210951000.0
254995000.0
599006000.0
320344000.0
400396000.0
268180000.0
339444000.0
508106000.0
221381000.0
260679000.0
198746000.0
275820000.0
173227000.0
292215000.0
238940000.0
261154000.0
276647000.0
348829000.0
219525000.0
267742000.0
169563000.0
202415000.0
326223000.0
684859000.0
362563000.0
346207000.0
307508000.0
160472000.0
248388000.0
270976000.0
418636000.0
205004000.0
334314000.0
521915000.0
731079000.0
439006000.0
469497000.0
278566000.0
233861000.0
713335000.0
197193000.0
524344000.0
267145000.0
558755000.0
183265000.0
380384000.0
230075000.0
614961000.0
438582000.0
169577000.0
740442000.0
216904000.0
441062000.0
297203000.0
187264000.0
293328000.0
499686000.0
204225000.0
225422000.0
309731000.0
317015000.0
358269000.0
195167000.0
674592000.0
376560000.0
254691000.0
291097000.0
323291000.0
471953000.0
331775000.0
444597000.0
465606000.0
239782000.0
509489000.0
285259000.0
657819000.0
391569000.0
283714000.0
340745000.0
515565000.0
278761000.0
208802000.0
249415000.0
476272000.0
196341000.0
422213000.0
192037000.0
437550000.0
199804000.0
249270000.0
202067000.0
354258000.0
335242000.0
197846000.0
562648000.0
218414000.0
489964000.0
199729000.0
565620000.0
183008000.0
252817000.0
166323000.0
306228000.0
150636000.0
334134000.0
233620000.0
219281000.0
298578000.0
177687000.0
231470000.0
332996000.0
186944000.0
296556000.0
315471000.0
373083000.0
198755000.0
438367000.0
423329000.0
599676000.0
221150000.0
175001000.0
248174000.0
212801000.0
506492000.0
180309000.0
195737000.0
782236000.0
177272000.0
271603000.0
292167000.0
424509000.0
303193000.0
332564000.0
290883000.0
396270000.0
795707000.0
278324000.0
321049000.0
639913000.0
213059000.0
196242000.0
180002000.0
776585000.0
383552000.0
497584000.0
205589000.0
349473000.0
208078000.0
208406000.0
274757000.0
343237000.0
155235000.0
211144000.0
678881000.0
256609000.0
453405000.0
279091000.0
222352000.0
383091000.0
527670000.0
449287000.0
733455000.0
439054000.0
434629000.0
268139000.0
377587000.0
315813000.0
190579000.0
278477000.0
709701000.0
213661000.0
394007000.0
453493000.0
651300000.0
322903000.0
430154000.0
221182000.0
564306000.0
255251000.0
483720000.0
287102000.0
184558000.0
472219000.0
179291000.0
488699000.0
402801000.0
266921000.0
186516000.0
211237000.0
372850000.0
184129000.0
261481000.0
184478000.0
489898000.0
414518000.0
761252000.0
518816000.0
234801000.0
168537000.0
606937000.0
593890000.0
180590000.0
300487000.0
294972000.0
294185000.0
361433000.0
303949000.0
507081000.0
378023000.0
236454000.0
671733000.0
320511000.0
218354000.0
163603000.0
277564000.0
301003000.0
262341000.0
245002000.0
272031000.0
607599000.0
334068000.0
741686000.0
564647000.0
438713000.0
323795000.0
374808000.0
367609000.0
350046000.0
272687000.0
192606000.0
197185000.0
423143000.0
385140000.0
432616000.0
452194000.0
380383000.0
252200000.0
360600000.0
372462000.0
303461000.0
250056000.0
311045000.0
311477000.0
398233000.0
238049000.0
143173000.0
303773000.0
474906000.0
557807000.0
198587000.0
613770000.0
638258000.0
336609000.0
638234000.0
401118000.0
362705000.0
183922000.0
293165000.0
302619000.0
707867000.0
163712000.0
528579000.0
307269000.0
230002000.0
157317000.0
696323000.0
191099000.0
205373000.0
593347000.0
784419000.0
293008000.0
273254000.0
199339000.0
251410000.0
787159000.0
151641000.0
314708000.0
185721000.0
233330000.0
162689000.0
592693000.0
283877000.0
258945000.0
231685000.0
219789000.0
234710000.0
387723000.0
759211000.0
257653000.0
381951000.0
363886000.0
813886000.0
233269000.0
214367000.0
196168000.0
732804000.0
232334000.0
338156000.0
725225000.0
563755000.0
419415000.0
426696000.0
198492000.0
190819000.0
258229000.0
253734000.0
367318000.0
142619000.0
440931000.0
570627000.0
618897000.0
436962000.0
476925000.0
346891000.0
561390000.0
198834000.0
376345000.0
333022000.0
196867000.0
277703000.0
370349000.0
200345000.0
695006000.0
548845000.0
223255000.0
347789000.0
465304000.0
460912000.0
246638000.0
501108000.0
268535000.0
204396000.0
159293000.0
254936000.0
223374000.0
465301000.0
421619000.0
330052000.0
324851000.0
422361000.0
682860000.0
361714000.0
337550000.0
561153000.0
361063000.0
630037000.0
283281000.0
544517000.0
191347000.0
738117000.0
524456000.0
283009000.0
560715000.0
192912000.0
394229000.0
380423000.0
207203000.0
463772000.0
442606000.0
257553000.0
231654000.0
420855000.0
314036000.0
200422000.0
335093000.0
220800000.0
373651000.0
569905000.0
150755000.0
353363000.0
218860000.0
283621000.0
297700000.0
561219000.0
645560000.0
215642000.0
195527000.0
195967000.0
189907000.0
177338000.0
253423000.0
215827000.0
319728000.0
325325000.0
359481000.0
282406000.0
261694000.0
220156000.0
613553000.0
255045000.0
174259000.0
298006000.0
167209000.0
175421000.0
351117000.0
213176000.0
227351000.0
381021000.0
473772000.0
314234000.0
258696000.0
233985000.0
213194000.0
239914000.0
212318000.0
290219000.0
322276000.0
692413000.0
590779000.0
243669000.0
441574000.0
160039000.0
364204000.0
295250000.0
392041000.0
291199000.0
358423000.0
366231000.0
251766000.0
170440000.0
164460000.0
228293000.0
733644000.0
268434000.0
349424000.0
660853000.0
233521000.0
365855000.0
168930000.0
242891000.0
261229000.0
211027000.0
473001000.0
266667000.0
421531000.0
303432000.0
636883000.0
770896000.0
624869000.0
266387000.0
244416000.0
697165000.0
343597000.0
218110000.0
633559000.0
283530000.0
294223000.0
188864000.0
363225000.0
365761000.0
351782000.0
317918000.0
258237000.0
192086000.0
277598000.0
203786000.0
323426000.0
217567000.0
267300000.0
200067000.0
435141000.0
248389000.0
362212000.0
490320000.0
314726000.0
392296000.0
205891000.0
364977000.0
223833000.0
493249000.0
233596000.0
501825000.0
192085000.0
260083000.0
242737000.0
326908000.0
431238000.0
547912000.0
191821000.0
689891000.0
250565000.0
198624000.0
277091000.0
163522000.0
217852000.0
321741000.0
317288000.0
281396000.0
476018000.0
174530000.0
348284000.0
182909000.0
792547000.0
259402000.0
445985000.0
295253000.0
298341000.0
333632000.0
696338000.0
376081000.0
492348000.0
248119000.0
749974000.0
420665000.0
301515000.0
204491000.0
206345000.0
186769000.0
432697000.0
454794000.0
435432000.0
621251000.0
198214000.0
218196000.0
443947000.0
415403000.0
474217000.0
443542000.0
222173000.0
739392000.0
304817000.0
388887000.0
489360000.0
480507000.0
343709000.0
239293000.0
383602000.0
413163000.0
329020000.0
269434000.0
476445000.0
689210000.0
716869000.0
478474000.0
532137000.0
526934000.0
320842000.0
216671000.0
459619000.0
322095000.0
303008000.0
207411000.0
299410000.0
419311000.0
434769000.0
235548000.0
574875000.0
409148000.0
245612000.0
322836000.0
162929000.0
207103000.0
591442000.0
213330000.0
556805000.0
412726000.0
756574000.0
170212000.0
181251000.0
254921000.0
402039000.0
339146000.0
300150000.0
829556000.0
353586000.0
258232000.0
398648000.0
241303000.0
383784000.0
191490000.0
168325000.0
464185000.0
176583000.0
324755000.0
167078000.0
413056000.0
495551000.0
514241000.0
335207000.0
224619000.0
305504000.0
305054000.0
777526000.0
248837000.0
544755000.0
207555000.0
269881000.0
476489000.0
433808000.0
414654000.0
188968000.0
221880000.0
403906000.0
360630000.0
238397000.0
412955000.0
159027000.0
189336000.0
763431000.0
639098000.0
285425000.0
347215000.0
217358000.0
296162000.0
577066000.0
306639000.0
467951000.0
323396000.0
188152000.0
222864000.0
325306000.0
350155000.0
551686000.0
351992000.0
346339000.0
473154000.0
482802000.0
283769000.0
331255000.0
672563000.0
239987000.0
265025000.0
267685000.0
408604000.0
604011000.0
446764000.0
186477000.0
221236000.0
219713000.0
727405000.0
286197000.0
230852000.0
230205000.0
171217000.0
178621000.0
239831000.0
221662000.0
433236000.0
656231000.0
206032000.0
152904000.0
159386000.0
809714000.0
262980000.0
431109000.0
226780000.0
425917000.0
170587000.0
733453000.0
182260000.0
358249000.0
326119000.0
439439000.0
474635000.0
534966000.0
418069000.0
473751000.0
189218000.0
257073000.0
435090000.0
207857000.0
152297000.0
267641000.0
345304000.0
361865000.0
364910000.0
181040000.0
280199000.0
733206000.0
376677000.0
295335000.0
427927000.0
236621000.0
343991000.0
281964000.0
299013000.0
356204000.0
233088000.0
815989000.0
358047000.0
222550000.0
184374000.0
252341000.0
191597000.0
246414000.0
469289000.0
203525000.0
387097000.0
445838000.0
265118000.0
253002000.0
166319000.0
319603000.0
376496000.0
384273000.0
842174000.0
348064000.0
587741000.0
241985000.0
734798000.0
292037000.0
237913000.0
278291000.0
383361000.0
164634000.0
274499000.0
190899000.0
213579000.0
535787000.0
352151000.0
526821000.0
384427000.0
323515000.0
191226000.0
181735000.0
151133000.0
478219000.0
327230000.0
283634000.0
701151000.0
225862000.0
197703000.0
235057000.0
254892000.0
824793000.0
215516000.0
337732000.0
259644000.0
405993000.0
369802000.0
458325000.0
193873000.0
195537000.0
389389000.0
332997000.0
371997000.0
376555000.0
604292000.0
372807000.0
702764000.0
194202000.0
405494000.0
211740000.0
622267000.0
176106000.0
262886000.0
421329000.0
412810000.0
427612000.0
633372000.0
221874000.0
389097000.0
326741000.0
244945000.0
431346000.0
666925000.0
593573000.0
605786000.0
701822000.0
287999000.0
189616000.0
216496000.0
270257000.0
511390000.0
400201000.0
214443000.0
216643000.0
422597000.0
610709000.0
403294000.0
286506000.0
209392000.0
611352000.0
201299000.0
198958000.0
716890000.0
328941000.0
299398000.0
366195000.0
314828000.0
456096000.0
263508000.0
192533000.0
198675000.0
571638000.0
606048000.0
437570000.0
423225000.0
606642000.0
