1.00497
1.03411
1.01365
1.00599
1.02126
1.03263
1.03462
1.05117
1.09965
1.0294
1.0229
1.01557
1.09082
1.01716
1.0432
1.10385
1.02798
1.15116
1.03442
1.02566
1.0274
1.0694
1.0094
1.0089
1.09427
1.01653
1.01645
1.04933
1.08211
1.0471
1.04272
1.01465
1.01018
1.01241
1.01776
1.01369
1.05587
1.00259
1.01156
1.03545
1.11641
1.01078
1.04348
1.05937
1.01691
1.01492
1.02401
1.04858
1.01548
1.01269
1.00745
1.02087
1.07301
1.02479
1.02473
1.02367
1.04182
1.01242
1.05372
1.02747
1.01975
1.03834
1.00527
1.00659
1.01882
1.05187
1.03116
1.00584
1.23248
1.01826
1.00104
1.12894
1.04824
1.02003
1.04211
1.01711
1.02497
1.03467
1.0481
1.02043
1.02861
1.01676
1.04015
1.10043
1.04103
1.0759
1.01432
1.0595
1.01921
1.02144
1.0024
1.04064
1.01542
1.05582
1.02909
1.01079
1.09585
1.00376
1.00457
1.00952
1.117
1.00347
1.00857
1.00782
1.0153
1.01338
1.03104
1.07682
1.04939
1.00979
1.0246
1.00193
1.00976
1.00457
1.03854
1.02091
1.01723
1.04903
1.05441
1.0761
1.00946
1.02092
1.07966
1.03743
1.04693
1.08002
1.07786
1.00984
1.05879
1.03179
1.12105
1.03462
1.01923
1.03686
1.00885
1.00946
1.07357
1.06807
1.01523
1.00828
1.01577
1.13108
1.00627
1.01616
1.00664
1.01511
1.00257
1.01921
1.07436
1.03322
1.01963
1.05109
1.0336
1.0045
1.0194
1.01634
1.01387
1.05887
1.09761
1.01291
1.00861
1.07677
1.11496
1.02188
1.02299
1.0555
1.03465
1.00748
1.01833
1.0346
1.06574
1.00695
1.01614
1.02472
1.00301
1.0609
1.03195
1.0033
1.01757
1.08017
1.03077
1.08447
1.01397
1.01348
1.02741
1.00574
1.04396
1.01007
1.01886
1.02589
1.07349
1.04383
1.01736
1.02869
1.11791
1.01404
1.04236
1.00685
1.23154
1.01002
1.00946
1.0034
1.14829
1.02169
1.02722
1.00605
1.01672
1.12087
1.03385
1.01531
1.04254
1.02407
1.01473
1.01238
1.04951
1.076
1.01266
1.00915
1.00873
1.0496
1.03255
1.05015
1.01887
1.06407
1.00876
1.02495
1.01008
1.01356
1.00017
1.01138
1.02342
1.02003
1.04256
1.05047
1.00711
1.09373
1.04359
1.1395
1.02651
1.03319
1.0493
1.01196
1.01546
1.01045
1.10435
1.04357
1.01682
1.04926
1.02712
1.07078
1.02169
1.07419
1.03548
1.05641
1.00045
1.1708
1.01433
1.04431
1.02188
1.08319
1.01184
1.01639
1.00384
1.00599
1.01498
1.00676
1.00925
1.0366
1.13048
1.01912
1.0136
1.00669
1.02739
1.00969
1.05274
1.06276
1.03021
1.07583
1.11694
1.01674
1.09462
1.01288
1.00706
1.04308
1.05689
1.05619
1.01273
1.04003
1.03611
1.00464
1.10715
1.0233
1.04909
1.02251
1.05267
1.00532
1.1
1.03764
1.02561
1.01532
1.01115
1.0425
1.06566
1.00518
1.03813
1.00893
1.03565
1.03988
1.01818
1.00604
1.00558
1.0287
1.05864
1.07491
1.0419
1.0133
1.12143
1.03914
1.03318
1.00623
1.00678
1.06434
1.03244
1.01899
1.04284
1.06357
1.00753
1.02119
1.0261
1.00574
1.04618
1.02968
1.11859
1.01229
1.02505
1.01801
1.00618
1.00182
1.04414
1.07468
1.00357
1.08573
1.13712
1.0067
1.01231
1.01279
1.02082
1.00696
1.06618
1.02019
1.06761
1.01527
1.11343
1.04132
1.03858
1.02066
1.06163
1.06349
1.00856
1.0229
1.01768
1.07042
1.01326
1.04452
1.01023
1.00645
1.04525
1.0207
1.02928
1.07898
1.00913
1.07437
1.04677
1.00854
1.02519
1.06783
1.01686
1.02257
1.05184
1.09498
1.00051
1.01201
1.00588
1.07151
1.0432
1.01123
1.01379
1.00395
1.01655
1.05052
1.0321
1.01306
1.00698
1.07824
1.01585
1.01195
1.0242
1.00849
1.01278
1.03183
1.00313
1.02379
1.0192
1.00999
1.08301
1.00516
1.05871
1.02262
1.02086
1.06688
1.02607
1.02888
1.03191
1.02287
1.01615
1.00807
1.05346
1.07395
1.04286
1.08434
1.0076
1.00844
1.0823
1.00745
1.0216
1.00626
1.01601
1.02319
1.02325
1.01759
1.01238
1.01134
1.01144
1.04773
1.13255
1.02127
1.02635
1.03107
1.00453
1.05418
1.13862
1.01546
1.13565
1.01409
1.02099
1.0334
1.00291
1.00393
1.00733
1.04782
1.00333
1.04212
1.01263
1.02645
1.01695
1.01142
1.01741
1.03524
1.01626
1.02047
1.01912
1.01865
1.22204
1.02758
1.00949
1.02791
1.04832
1.0326
1.1701
1.00915
1.01736
1.04451
1.00918
1.01364
1.08719
1.00646
1.03101
1.07562
1.00402
1.01025
1.02448
1.00457
1.089
1.05029
1.03364
1.12264
1.03358
1.01344
1.00463
1.09478
1.02083
1.00434
1.01118
1.00194
1.05145
1.01745
1.09632
1.01352
1.15149
1.08032
1.02637
1.00162
1.02071
1.03631
1.00787
1.02016
1.01928
1.05532
1.07853
1.01231
1.01632
1.0302
1.13591
1.01512
1.04053
1.17712
1.13491
1.02153
1.00598
1.09051
1.01501
1.05858
1.04875
1.0378
1.00599
1.01594
1.00768
1.01101
1.06456
1.00734
1.12076
1.0724
1.00949
1.03559
1.04507
1.03473
1.04363
1.01027
1.02204
1.03037
1.01675
1.01567
1.09888
1.00589
1.03882
1.0748
1.04526
1.06369
1.03253
1.00214
1.03802
1.04725
1.0879
1.08294
1.04751
1.10693
1.10762
1.01209
1.02373
1.13948
1.01578
1.01702
1.02452
1.04044
1.01051
1.02285
1.03083
1.00656
1.06302
1.04514
1.05037
1.05068
1.01759
1.0082
1.01925
1.02788
1.01437
1.02004
1.006
1.02789
1.1273
1.01093
1.00712
1.06768
1.09873
1.01504
1.19153
1.03221
1.0152
1.08476
1.0158
1.01719
1.00072
1.04192
1.02418
1.17728
1.02743
1.01227
1.00302
1.02266
1.03691
1.01671
1.10678
1.03066
1.00899
1.01315
1.01754
1.0283
1.01605
1.07925
1.01177
1.02273
1.02269
1.03479
1.05519
1.01023
1.02982
1.16998
1.03863
1.00772
1.00444
1.03518
1.0031
1.01623
1.00506
1.01961
1.00162
1.08361
1.04462
1.09733
1.03151
1.00989
1.03755
1.11527
1.00985
1.0406
1.03143
1.01805
1.00774
1.03434
1.00312
1.03166
1.01441
1.01484
1.0366
1.17925
1.00845
1.14455
1.00884
1.06838
1.01225
1.01337
1.01945
1.01087
1.00668
1.01922
1.0971
1.00495
1.00768
1.08737
1.26902
1.00887
1.00726
1.02315
1.01064
1.0061
1.03312
1.02118
1.01367
1.05665
1.00649
1.01464
1.01311
1.01454
1.03592
1.03161
1.01541
1.03725
1.088
1.03504
1.02093
1.08713
1.00878
1.03251
1.03562
1.02691
1.00805
1.00838
1.00586
1.11392
1.00297
1.05949
1.02963
1.0126
1.05364
1.00024
1.16974
1.03437
1.06193
1.03415
1.01654
1.06685
1.02617
1.03965
1.00334
1.09998
1.01791
1.0066
1.0064
1.0211
1.05289
1.00537
1.03328
1.01005
1.00152
1.00612
1.01559
1.00715
1.04605
1.01369
1.10184
1.00931
1.00172
1.10809
1.03074
1.00531
1.02747
1.06554
1.06085
1.01189
1.09424
1.06687
1.03118
1.0202
1.00806
1.00158
1.02706
1.19917
1.02255
1.01321
1.01934
1.00722
1.00658
1.01524
1.02355
1.06187
1.0139
1.009
1.01077
1.01833
1.12007
1.10365
1.08037
1.00831
1.02378
1.01304
1.01745
1.02859
1.03052
1.03533
1.01655
1.05291
1.02645
1.03357
1.00816
1.00931
1.0064
1.00206
1.00653
1.0202
1.12307
1.01331
1.04592
1.02095
1.00444
1.01418
1.02164
1.01072
1.01342
1.01211
1.00515
1.05353
1.00685
1.05535
1.0063
1.03093
1.06345
1.00233
1.12558
1.00638
1.01782
1.03793
1.01772
1.06451
1.02177
1.01988
1.02918
1.01482
1.00869
1.00817
1.00033
1.02861
1.03283
1.04068
1.01764
1.04525
1.02751
1.01569
1.00667
1.00431
1.05578
1.0322
1.06698
1.01325
1.07149
1.01416
1.031
1.12154
1.11054
1.03566
1.03239
1.05987
1.02907
1.04671
1.0895
1.20244
1.03848
1.17427
1.00516
1.02216
1.01489
1.15923
1.0983
1.0641
1.03532
1.0043
1.02572
1.00349
1.08026
1.03929
1.01536
1.01689
1.01847
1.01285
1.09515
1.03537
1.04299
1.00614
1.01431
1.03048
1.01091
1.01315
1.0429
1.00528
1.00222
1.10289
1.00146
1.01774
1.00647
1.00773
1.02922
1.00936
1.1119
1.00551
1.00359
1.02072
1.02242
1.06505
1.13724
1.02686
1.01127
1.06359
1.14774
1.0528
1.01478
1.02361
1.03462
1.01094
1.03833
1.17801
1.01047
1.01369
1.00531
1.00722
1.01787
1.02128
1.0147
1.01984
1.10016
1.02447
1.11779
1.0164
1.00151
1.06508
1.01016
1.05186
1.17537
1.00085
1.18802
1.01136
1.0041
1.00334
1.03336
1.0101
1.08581
1.04532
1.03062
1.05912
1.0646
1.08231
1.09476
1.07442
1.01084
1.12584
1.02213
1.0175
1.0549
1.00581
1.03035
1.00698
1.06767
1.03204
1.01067
1.0181
1.05094
1.03741
1.01038
1.03168
1.00323
1.14911
1.00936
1.00878
1.05139
1.03838
1.01082
1.04588
1.05744
1.0512
1.01281
1.00684
1.02789
1.03887
1.1812
1.01737
1.04409
1.03805
1.04079
1.00792
1.01308
1.00408
1.01598
1.01985
1.03096
1.01786
1.04575
1.01945
1.03906
1.05838
1.00987
1.09297
1.01664
1.02581
1.06983
1.06761
1.00418
1.05694
1.00191
1.00159
1.04679
1.02349
1.0575
1.03771
1.0305
1.07383
1.10038
1.02502
1.05819
1.05003
1.10559
1.02739
1.00755
1.0558
1.01726
1.08953
1.00868
1.14547
1.07238
1.02603
1.03257
1.04165
1.02323
1.01223
1.01959
1.00325
1.03986
1.05193
1.02083
1.02963
1.02169
1.01487
1.01139
1.04212
1.031
1.00896
1.54084
1.05012
1.05393
1.10389
1.14389
1.04113
1.11083
1.02888
1.32029
1.03225
1.43181
1.17114
1.05335
1.28783
1.1474
1.04036
1.04112
1.08583
1.01925
1.0209
1.17802
1.12395
1.0671
1.29743
1.16659
1.76805
1.33079
1.06827
1.01594
1.05146
1.03542
1.04578
1.52031
1.01822
1.03935
1.08856
1.38901
1.13575
1.09351
1.14814
1.02474
1.05052
1.06477
1.10133
1.04391
1.0243
1.0389
1.03729
1.45324
1.04982
1.04223
1.09152
1.08802
1.02365
1.13799
1.04287
1.05515
1.06028
1.02417
1.01724
1.1121
1.10038
1.07769
1.02026
1.42103
1.06782
1.00114
1.16249
1.09107
1.08227
1.07793
1.02569
1.03953
1.09094
1.07704
1.07239
1.22649
1.03268
1.06118
1.11593
1.05323
1.16154
1.04374
1.11657
1.02861
1.03628
1.01127
1.17162
1.0439
1.08163
1.04911
1.02853
1.11895
1.00817
1.02276
1.0497
1.16838
1.01467
1.01381
1.01572
1.04378
1.03374
1.0722
1.20622
1.09353
1.02602
1.03606
1.01371
1.02135
1.02166
1.07132
1.03205
1.03856
1.13316
1.10698
1.12602
1.06661
1.1325
1.18977
1.29674
1.05901
1.14661
1.12724
1.01904
1.08074
1.08729
1.25888
1.06487
1.02687
1.06375
1.04636
1.02618
1.0838
1.07576
1.02121
1.02992
1.0298
1.17423
1.02097
1.05869
1.0175
1.03138
1.00683
1.1815
1.0844
1.12235
1.03282
1.11547
1.57576
1.02867
1.08875
1.02696
1.02914
1.27091
1.13904
1.03163
1.0176
1.26442
1.1441
1.05836
1.042
1.13242
1.1897
1.01745
1.02887
1.05548
1.07649
1.03327
1.03948
1.05433
1.03067
1.15432
1.09728
1.02565
1.02491
1.15224
1.07803
1.10091
1.03
1.0184
1.1023
1.03212
1.0784
1.01806
1.05064
1.08061
1.39564
1.05162
1.01925
1.03786
1.17171
1.05694
1.31736
1.02104
1.30421
1.02911
1.02952
1.0142
1.30724
1.03596
1.10285
1.17298
1.0203
1.22088
1.34137
1.03001
1.17156
1.11622
1.24537
1.01832
1.07214
1.12642
1.04756
1.0329
1.01542
1.07647
1.1114
1.12133
1.04039
1.121
1.03109
1.05916
1.02716
1.02244
1.00875
1.01674
1.04504
1.03341
1.07624
1.13775
1.03254
1.24858
1.07068
1.41889
1.02727
1.0624
1.11571
1.02117
1.02421
1.02026
1.20294
1.15561
1.03442
1.05745
1.0708
1.52236
1.11903
1.08371
1.04345
1.13105
1.03901
1.3093
1.03361
1.10655
1.03256
1.15457
1.07997
1.03107
1.02513
1.02063
1.0365
1.02198
1.05882
1.69393
1.30992
1.04291
1.02274
1.11126
1.05605
1.0898
1.20493
1.08618
1.04799
1.09862
1.65325
1.0316
1.24976
1.0276
1.01607
1.14108
1.0869
1.10266
1.0231
1.0623
1.05429
1.01757
1.17592
1.03671
1.25933
1.05302
1.47547
1.05473
1.18792
1.0552
1.09698
1.03206
1.0192
1.18667
1.10909
1.01434
1.3951
1.03436
1.08615
1.05238
1.07324
1.26688
1.01464
1.04981
1.26409
1.15928
1.12552
1.0299
1.32066
1.06276
1.05073
1.01608
1.01455
1.37223
1.07783
1.03546
1.55424
1.11077
1.0374
1.07467
1.03305
1.02932
1.53153
1.04003
1.12154
1.02137
1.04352
1.3029
1.03155
1.0208
1.05397
1.10949
1.01302
1.19142
1.27051
1.01663
1.11203
1.02839
1.07189
1.01773
1.14268
1.05494
1.15715
1.04362
1.16171
1.09614
1.10449
1.03195
1.1211
1.08526
1.02852
1.06558
1.03401
1.12564
1.03882
1.08778
1.01932
1.01943
1.18196
1.06487
1.07824
1.09322
1.02459
1.34596
1.07594
1.03315
1.03136
1.2134
1.03805
1.04484
1.47101
1.19479
1.00869
1.02218
1.01086
1.1801
1.10836
1.02764
1.03128
1.01878
1.03116
1.05663
1.1409
1.30798
1.01245
1.30919
1.02588
1.05222
1.0403
1.02677
1.02522
1.042
1.01677
1.05217
1.03202
1.02699
1.10771
1.01797
1.06537
1.04277
1.02489
1.10454
1.05052
1.05871
1.22807
1.04821
1.04056
1.03374
1.11873
1.12821
1.08398
1.16235
1.02795
1.02781
1.30393
1.0159
1.09413
1.01481
1.04962
1.1237
1.03066
1.03599
1.14852
1.03006
1.04306
1.05981
1.17387
1.03677
1.06143
1.05263
1.0203
1.21558
1.34594
1.05373
1.385
1.06355
1.07294
1.07394
1.01172
1.00829
1.01489
1.38178
1.02919
1.08219
1.09066
1.08393
1.0271
1.01982
1.02599
1.0648
1.02146
1.06153
1.03145
1.02962
1.37171
1.0345
1.02306
1.14793
1.31988
1.03932
1.2557
1.02183
1.08399
1.06203
1.15041
1.02929
1.1912
1.03476
1.0431
1.21675
1.01688
1.01429
1.0929
1.01495
1.79975
1.06421
1.12259
1.16624
1.09846
1.05031
1.01083
1.48451
1.04233
1.01357
1.02394
1.01169
1.59702
1.02494
1.13446
1.04032
1.29452
1.10063
1.08829
1.02666
1.02936
1.0942
1.02217
1.04035
1.03056
1.16375
1.08473
1.03436
1.11508
1.06073
1.33142
1.02957
1.20811
1.27194
1.22187
1.08033
1.02262
1.2571
1.02083
1.1576
1.10866
1.17157
1.04165
1.02455
1.02163
1.0294
1.08955
1.01544
1.30648
1.11695
1.02566
1.05102
1.0817
1.15774
1.09349
1.01808
1.09493
1.0435
1.18256
1.04076
1.19121
1.02422
1.0858
1.20375
1.05446
1.11844
1.19235
1.02341
1.07271
1.09238
1.10279
1.13555
1.06915
1.32279
1.24796
1.03574
1.03779
1.25429
1.06273
1.02633
1.04709
1.07566
1.02636
1.06727
1.04581
1.02313
1.07753
1.0847
1.25784
1.09794
1.03439
1.02232
1.04534
1.09328
1.01952
1.05092
1.01874
1.03375
1.20763
1.02775
1.02354
1.38668
1.19796
1.02082
1.48282
1.06606
1.03309
1.11497
1.02493
1.0328
1.00694
1.17331
1.0459
1.36266
1.1756
1.02787
1.01734
1.0417
1.0453
1.07189
1.13675
1.03672
1.07866
1.01907
1.04893
1.04604
1.10165
1.27752
1.0194
1.0319
1.69654
1.1396
1.11372
1.04188
1.15898
1.425
1.17546
1.07428
1.01076
1.06295
1.01002
1.14413
1.01846
1.33766
1.01182
1.1071
1.10496
1.1485
1.055
1.01929
1.10632
1.13089
1.02701
1.08312
1.07308
1.02453
1.03832
1.05323
1.01282
1.11733
1.0379
1.11328
1.27685
1.23674
1.02948
1.31941
1.05333
1.07576
1.02273
1.0755
1.0247
1.03265
1.02836
1.54768
1.12276
1.00623
1.01492
1.13088
1.75337
1.01538
1.02931
1.03525
1.09769
1.0224
1.04753
1.04015
1.04626
1.17413
1.01372
1.0394
1.0202
1.02869
1.08121
1.05834
1.05507
1.13779
1.16409
1.04934
1.06839
1.27535
1.01476
1.06291
1.09112
1.05846
1.03339
1.0128
1.02139
1.17585
1.01166
1.07938
1.03978
1.0184
1.13035
1.00781
1.4471
1.05994
1.10562
1.08172
1.0313
1.28772
1.04377
1.05888
1.00887
1.79034
1.05182
1.0257
1.01573
1.12545
1.29139
1.01546
1.0639
1.03365
1.00825
1.02797
1.03264
1.02606
1.0801
1.02806
1.25585
1.04156
1.02568
1.17297
1.04232
1.02811
1.03954
1.12425
1.23131
1.03811
1.4116
1.07651
1.04607
1.07771
1.06011
1.01506
1.07863
1.40792
1.13716
1.03898
1.05683
1.01661
1.0184
1.10829
1.0412
1.2937
1.05017
1.01909
1.0417
1.08697
1.21316
1.17383
1.12433
1.02273
1.07124
1.02753
1.10881
1.08083
1.03839
1.05414
1.02592
1.13169
1.10717
1.24126
1.01467
1.01799
1.05647
1.01541
1.01879
1.02703
1.39037
1.06882
1.05625
1.03598
1.01953
1.03156
1.05376
1.02204
1.03458
1.02577
1.01955
1.08566
1.01525
1.22727
1.03303
1.10189
1.21525
1.00596
1.29666
1.02774
1.03491
1.04729
1.03083
1.08506
1.29994
1.02608
1.04016
1.02817
1.01823
1.01671
1.0083
1.13438
1.0778
1.08612
1.03608
1.3053
1.12277
1.08602
1.02095
1.01042
1.31638
1.09041
1.08782
1.10234
1.11384
1.03677
1.08107
1.23799
1.14737
1.06737
1.12777
1.17476
1.05628
1.13574
1.11694
1.28658
1.05007
1.20641
1.03127
1.08328
1.02142
1.30677
1.1672
1.10605
1.12797
1.03341
1.03505
1.02227
1.10784
1.11128
1.02216
1.0291
1.02847
1.10029
1.16943
1.08292
1.12489
1.01347
1.02392
1.16468
1.02295
1.05031
1.07139
1.01373
1.00879
1.16346
1.02393
1.05766
1.04032
1.03658
1.11259
1.05606
1.22228
1.01701
1.00857
1.03556
1.03068
1.11273
1.28968
1.03516
1.0329
1.23195
1.30243
1.35022
1.02349
1.09181
1.0447
1.02251
1.07369
1.2548
1.02383
1.1363
1.0302
1.02649
1.02826
1.04087
1.02522
1.07647
1.13323
1.16356
1.2555
1.05152
1.01134
1.74956
1.02439
1.10038
1.40044
1.00718
1.41919
1.02482
1.00916
1.00467
1.0505
1.06524
1.20253
1.06104
1.05285
1.07202
1.2684
1.09795
1.43674
1.20512
1.10436
1.26009
1.03332
1.06
1.07414
1.08062
1.04019
1.01924
1.0903
1.06446
1.03333
1.02812
1.10329
1.11057
1.01562
1.07029
1.02499
1.28693
1.01779
1.07009
1.06396
1.08881
1.05055
1.10761
1.09673
1.08574
1.01744
1.01424
1.20366
1.19235
1.27329
1.04398
1.20135
1.05477
1.08142
1.05171
1.02372
1.03383
1.03174
1.10751
1.03502
1.08511
1.35003
1.07016
1.08451
1.14107
1.0288
1.10928
1.05398
1.09215
1.10196
1.1913
1.01557
1.21105
1.00847
1.01338
1.14591
1.14864
1.1888
1.07038
1.05399
1.11725
1.22704
1.03699
1.08358
1.32535
1.46331
1.14127
1.02136
1.15341
1.03049
1.35199
1.02838
1.52692
1.16942
1.05157
1.06483
1.06755
1.16075
1.01515
1.04125
1.01693
1.06725
1.07352
1.05875
1.24772
1.04136
1.03046
2.87217
1.90595
2.92566
1.20965
2.09695
1.53351
1.72925
1.23522
2.26194
2.3204
1.37186
1.47366
1.40143
2.04267
2.98367
2.13854
2.94349
2.36938
2.03645
1.26329
1.68557
1.43143
2.10498
1.38053
2.44357
1.65167
3.15808
2.62602
2.60893
2.47426
1.40185
1.98565
1.40326
1.55835
1.43132
1.1303
2.23563
1.65308
2.51161
1.50908
2.61531
2.01224
2.53658
1.56064
1.50589
1.54362
1.31377
1.95728
2.77703
2.41402
1.60562
3.2214
1.99883
2.64166
2.05086
1.76152
2.88221
2.45321
1.57802
2.03519
1.4542
1.45215
3.28785
1.22782
2.74582
2.49123
1.68721
1.10486
2.55032
2.55926
1.0012
1.8786
2.28442
1.2783
3.36493
1.72634
1.71734
1.90929
1.55221
2.32279
2.72998
2.3647
2.21079
2.00361
1.10989
2.10371
1.72677
2.066
1.87253
1.27594
1.59674
1.70367
2.20957
1.99037
2.81424
1.54172
1.72108
1.8236
2.05676
1.43032
2.78248
2.04348
1.7051
2.1208
2.05536
2.63288
2.64616
2.28179
1.61968
1.12692
1.82793
1.7552
1.13522
2.05154
2.3315
2.38559
2.93037
2.13714
1.72287
1.91593
2.54059
1.69549
1.84788
2.516
1.44658
2.11302
2.76795
1.38021
1.37143
1.37953
2.96686
3.01385
1.07531
3.06456
2.73624
1.59587
1.83669
1.69378
2.57666
1.6803
1.7939
2.10161
1.11839
1.47898
1.99073
2.67568
1.01646
2.60896
1.54053
2.11
1.79689
1.96763
2.74768
1.3897
1.80243
2.01225
3.11316
1.98341
2.70332
1.81224
1.65984
1.67449
2.58742
1.37959
1.97424
3.16309
2.58607
1.43692
1.70946
1.9123
1.34276
1.24193
2.72237
1.40259
1.1552
1.64821
1.24997
1.93551
1.294
1.44793
1.25913
1.69827
1.28448
3.00798
1.93683
1.71278
1.5397
2.28947
2.94952
1.63957
2.00977
2.26104
2.05943
1.16861
1.79417
3.22151
2.31866
3.23049
2.08624
1.44367
2.47171
2.63128
2.39841
2.07246
1.18982
1.17413
1.59088
1.48871
1.39295
2.70663
2.46537
1.71705
1.81781
2.28746
1.82821
2.29594
1.44394
1.84894
1.90357
2.46933
1.53711
1.47218
2.08025
2.27788
2.57731
1.34644
2.79426
2.68426
1.73679
2.48555
2.79637
2.06831
1.88786
2.02901
2.09221
2.47267
1.53127
2.30589
2.27065
3.03541
1.24597
2.55722
1.17032
1.62714
3.19084
2.0338
2.567
1.24407
2.43634
1.95762
1.41568
1.82828
1.12871
1.30338
3.18369
2.26042
2.4359
2.42166
1.82001
2.95694
2.27238
2.35438
1.33631
3.08398
3.10667
1.34028
2.3138
2.63543
2.02831
1.67621
1.41218
1.57464
2.19203
1.9665
3.35211
1.56032
2.44614
1.62661
2.6063
1.53471
1.88141
2.20425
2.16081
2.04491
1.67701
1.93496
2.13093
3.1666
1.62663
1.81173
1.59648
1.99825
2.61577
2.36125
2.86346
1.91092
1.61636
1.23997
1.88683
2.2005
2.18927
1.57276
2.24658
1.91312
2.40034
2.36856
1.7544
2.43566
1.3291
3.27342
1.14455
2.52287
2.98858
1.84867
1.8695
1.87284
1.61682
2.26641
1.63496
2.30432
2.20084
1.82937
1.74337
2.3439
2.38067
1.3587
1.55055
2.00507
2.08803
1.07237
3.28132
2.30963
2.27498
2.81132
2.16653
1.88816
1.33133
1.64348
1.79358
2.25986
2.43068
2.45212
2.04461
1.98706
3.11376
2.8805
1.59921
1.91664
2.60475
1.59539
2.69265
3.28377
1.59983
2.7074
1.31519
2.9619
1.46928
1.53772
2.97789
2.20799
2.03069
1.73968
1.56065
1.22426
2.00266
3.54854
2.65393
2.44522
1.36885
1.34545
2.19236
1.48226
2.80734
1.6556
2.00813
2.17056
2.64278
3.06167
2.70517
2.75408
1.24523
2.75724
1.55261
1.703
1.29559
2.34579
1.21569
1.07313
2.28769
2.22834
2.65264
1.7995
2.01999
2.38312
1.26661
1.80337
1.06638
2.00859
1.22502
1.52287
1.65597
3.19317
3.18648
1.39578
1.39982
1.23372
1.50123
1.92317
2.00907
2.24982
1.71813
2.99565
1.95709
1.35572
2.88851
2.16528
2.51104
2.001
2.24116
1.99407
1.03733
3.17334
1.83881
1.89483
1.74056
1.11464
1.1215
1.64492
2.01744
1.76951
1.62496
2.14634
2.36086
2.14998
1.96409
2.2009
2.16158
1.97081
1.32338
2.03278
2.19758
1.51503
3.18182
3.54263
3.24652
1.57147
1.83096
1.60907
2.53997
2.19607
2.68132
1.57391
2.48149
1.98431
3.13691
1.39819
1.44912
1.78345
1.08435
1.86829
2.24742
1.656
2.29187
1.6611
2.14099
3.1959
2.12725
1.47272
1.86224
2.04281
2.44466
2.23346
2.57001
2.19803
1.61355
2.44538
1.42459
2.30673
1.52084
1.95042
1.41203
3.15846
2.10564
1.81383
1.6027
2.48421
2.13948
1.78522
1.25747
2.06678
3.15737
1.20047
2.86052
1.25148
2.61104
1.99161
2.18215
3.70958
2.09329
1.70549
2.95304
2.39444
1.93045
1.4198
1.61757
2.1312
1.21744
2.48613
2.12959
2.71234
2.47135
2.72505
1.6396
2.93514
1.59056
2.27655
1.59488
1.86708
1.68118
2.40287
1.52366
3.5363
2.18703
2.27872
1.16336
1.94775
2.93707
2.18137
2.19375
1.56789
2.03358
2.98287
2.16712
1.83899
2.32154
1.25153
1.9436
1.84957
1.2628
2.24069
2.66813
3.14492
1.37459
3.56763
2.00279
3.00004
2.37278
2.23221
2.00748
1.19406
2.78539
2.35662
1.47784
1.53476
1.91532
2.15478
1.77031
2.73596
2.49061
3.0527
1.46481
2.37818
3.22862
1.38614
2.34207
2.23571
2.18069
1.72644
2.25978
2.19719
1.36595
1.82064
3.13321
1.47055
2.16453
3.01769
1.35902
2.06371
1.1171
1.08636
2.58864
1.47044
2.66529
2.49911
2.52768
1.84945
2.16033
1.27865
3.07496
2.0008
1.74298
1.87349
3.31301
1.66182
1.85227
1.85444
1.38667
2.89746
2.92207
1.16014
1.48581
1.85601
2.46119
1.80465
1.09482
1.92184
1.18508
3.03529
1.26113
2.52223
2.29851
1.17852
2.83278
1.77587
1.47711
2.84821
1.25851
1.95318
2.39399
2.96918
1.14561
2.83248
1.21651
1.44047
1.07315
2.44428
2.81644
1.8125
2.49529
1.91742
2.98109
2.59995
1.90697
1.32339
3.19256
2.12777
1.82985
1.15367
2.45782
2.26844
2.23913
3.36946
1.7587
3.04604
3.10776
2.49073
3.07872
3.00644
2.0875
1.52282
2.70244
3.06352
1.27875
1.44616
1.86128
2.42521
2.31386
1.00815
2.31543
1.6501
2.55926
1.87463
1.15899
2.87845
2.01075
2.55349
2.69746
1.1357
1.17438
1.49783
1.84316
2.47318
1.17557
3.10499
1.48697
2.75253
1.84089
1.90713
2.64343
1.33454
2.08873
1.99331
2.51616
1.48323
1.40757
2.04285
1.61501
2.96507
1.94201
1.98087
1.71252
1.33161
1.27037
1.59655
2.33786
1.4091
2.30226
2.31592
2.89454
1.86217
2.59234
1.38214
2.3215
1.56101
2.14833
2.43217
2.27782
1.30495
2.49423
3.16346
1.77558
2.84204
1.82407
2.51096
2.26034
1.55062
1.85072
2.06135
1.63379
1.28744
2.36871
1.37704
1.18849
1.67199
1.9839
2.39242
1.4895
2.65241
2.35109
1.84066
1.69448
1.49617
2.05414
1.27405
2.44577
1.56691
2.84538
1.70519
3.27103
1.87179
1.47365
2.97674
1.23868
2.96361
2.92325
2.00418
1.80213
2.02981
1.1645
2.2343
2.45273
1.74477
2.19517
1.2728
1.22611
3.36451
1.4992
2.66396
1.63419
2.5968
1.3378
1.64824
1.39192
1.28388
1.70002
1.5825
1.46455
3.19454
1.19301
2.60827
2.11393
1.35073
1.75398
3.29923
2.04698
1.62469
1.5809
2.50895
2.62157
2.83762
1.34438
1.67455
1.24836
2.36174
2.79865
3.14342
2.61057
1.86188
3.169
1.18684
2.58538
3.41972
2.86988
1.74617
1.61385
2.24002
2.10925
2.74908
2.39062
1.64798
2.69969
2.07732
2.66803
2.88892
3.41787
1.98671
2.26651
1.11928
2.77386
1.35492
1.48161
1.81986
1.32113
2.38329
3.13074
2.6895
2.34876
2.8558
1.44499
1.42414
2.45176
1.65734
2.43038
1.37497
2.00018
1.90192
1.13534
2.35719
1.70206
2.05483
3.26035
1.58379
2.26297
2.94186
1.34702
1.58835
1.06692
2.18199
1.70943
2.86879
2.82729
2.39786
1.09692
1.19036
2.96044
2.34517
1.91189
1.21165
2.10299
1.81059
3.21122
1.81773
2.11245
1.6687
2.8726
1.62654
3.08056
2.05335
1.15787
2.9427
2.37226
1.55255
1.34821
2.69797
1.01928
3.00331
1.44082
1.57164
2.12279
2.33059
1.40336
1.33263
2.0109
1.96248
1.09685
1.75909
2.53122
1.96103
1.56052
2.66252
1.17674
2.36032
2.58597
3.02202
2.3241
2.15551
1.54187
1.90278
1.7496
3.03148
2.48206
1.46345
2.85725
3.10301
1.15044
1.509
2.63055
1.26789
2.48629
1.60655
1.36636
1.00904
2.76859
1.08996
3.27806
2.48254
2.51498
1.45276
2.68429
1.4298
2.1385
1.48882
2.17111
1.54579
1.74329
2.73373
1.55553
1.08466
3.17047
1.21547
2.33249
2.07808
1.98909
2.67307
2.38107
1.69136
1.05286
1.64902
2.89368
2.6501
2.43855
1.68364
2.13966
1.31691
1.496
3.52226
2.10522
1.26928
2.5157
3.35249
2.43236
2.87034
1.97162
3.22498
1.43051
1.81735
2.58806
1.61644
1.22049
2.97827
2.79576
1.23085
2.45126
2.84338
2.72477
2.83203
1.56567
2.4508
1.38824
1.7098
2.56814
1.40825
1.49716
2.73713
1.70834
1.53606
2.20678
1.7933
2.02749
2.45321
2.18244
3.09949
2.69605
2.09312
2.16625
2.13738
1.64637
2.20593
2.61689
1.83086
1.44397
1.88518
1.49826
2.13851
1.78996
2.67528
2.29182
1.7728
2.97518
2.25566
2.36682
2.36437
2.33129
1.91515
1.49495
2.04679
1.56005
2.55425
1.79814
1.26374
185163000.0
310820000.0
186270000.0
646038000.0
303227000.0
442663000.0
347265000.0
539055000.0
242125000.0
240466000.0
580623000.0
493375000.0
392905000.0
301090000.0
173487000.0
253261000.0
175325000.0
217282000.0
309490000.0
574502000.0
378498000.0
418019000.0
288318000.0
564751000.0
239077000.0
426244000.0
165719000.0
215352000.0
195263000.0
222695000.0
527003000.0
317123000.0
539264000.0
494943000.0
521591000.0
738557000.0
233507000.0
452868000.0
231066000.0
468384000.0
211641000.0
336765000.0
204575000.0
386832000.0
435567000.0
473115000.0
537637000.0
313544000.0
197998000.0
238317000.0
457838000.0
158808000.0
302753000.0
199323000.0
308653000.0
403367000.0
191439000.0
240486000.0
436597000.0
266229000.0
487304000.0
421996000.0
161252000.0
666794000.0
198965000.0
213644000.0
378537000.0
799025000.0
212229000.0
220711000.0
540630000.0
283409000.0
229701000.0
645668000.0
156742000.0
387489000.0
371699000.0
346228000.0
422364000.0
249571000.0
198884000.0
239401000.0
244810000.0
276295000.0
515628000.0
238081000.0
390323000.0
291141000.0
333605000.0
615893000.0
468411000.0
416053000.0
278633000.0
291885000.0
189373000.0
483573000.0
345137000.0
380895000.0
321532000.0
545275000.0
188795000.0
326135000.0
432610000.0
295967000.0
315371000.0
220682000.0
200523000.0
268892000.0
364779000.0
744982000.0
357517000.0
411482000.0
752298000.0
318103000.0
216871000.0
229363000.0
179595000.0
287455000.0
389243000.0
264855000.0
220558000.0
412192000.0
333052000.0
216841000.0
424434000.0
267017000.0
185149000.0
550087000.0
482608000.0
539459000.0
176586000.0
172265000.0
638324000.0
164872000.0
210970000.0
456099000.0
312255000.0
328633000.0
207187000.0
432246000.0
342200000.0
265988000.0
752811000.0
484049000.0
329512000.0
202033000.0
854392000.0
214666000.0
409481000.0
286975000.0
376634000.0
303333000.0
193937000.0
590471000.0
375290000.0
299385000.0
168427000.0
299014000.0
193496000.0
331158000.0
411144000.0
412949000.0
193662000.0
534399000.0
301631000.0
158158000.0
205034000.0
530656000.0
388586000.0
319226000.0
448220000.0
666906000.0
203357000.0
538085000.0
772905000.0
412495000.0
623167000.0
358295000.0
583605000.0
431940000.0
588929000.0
307761000.0
613466000.0
169709000.0
339695000.0
412647000.0
428984000.0
269919000.0
175904000.0
394689000.0
273782000.0
227133000.0
287706000.0
627876000.0
341401000.0
162195000.0
255920000.0
160951000.0
239998000.0
529147000.0
244567000.0
226158000.0
220110000.0
290780000.0
627859000.0
446363000.0
428700000.0
384779000.0
535365000.0
195948000.0
218589000.0
418704000.0
384000000.0
259252000.0
310261000.0
229490000.0
496585000.0
366685000.0
342440000.0
206947000.0
453884000.0
491972000.0
301567000.0
255567000.0
225672000.0
555320000.0
197435000.0
202028000.0
421287000.0
212636000.0
188143000.0
290742000.0
304944000.0
315864000.0
318743000.0
202373000.0
453990000.0
247422000.0
226366000.0
176810000.0
560532000.0
216526000.0
656414000.0
422674000.0
157421000.0
273571000.0
223505000.0
522983000.0
243756000.0
318953000.0
543797000.0
329036000.0
559517000.0
511537000.0
173622000.0
222541000.0
234061000.0
235057000.0
337010000.0
174557000.0
268618000.0
234694000.0
617834000.0
173522000.0
174641000.0
605756000.0
253796000.0
194895000.0
282661000.0
394893000.0
541787000.0
485768000.0
266838000.0
351168000.0
149871000.0
422653000.0
233121000.0
403470000.0
214266000.0
446511000.0
275780000.0
279000000.0
289706000.0
245221000.0
401316000.0
303534000.0
296275000.0
159662000.0
392707000.0
379726000.0
345604000.0
300465000.0
215957000.0
243392000.0
182667000.0
349671000.0
361030000.0
536766000.0
323436000.0
279995000.0
271317000.0
456615000.0
250636000.0
360195000.0
238583000.0
259939000.0
375015000.0
209155000.0
563044000.0
161333000.0
753964000.0
217405000.0
168628000.0
299246000.0
339989000.0
355688000.0
410537000.0
231367000.0
407961000.0
254460000.0
262912000.0
349153000.0
389528000.0
258465000.0
228548000.0
529970000.0
496398000.0
294898000.0
262440000.0
819853000.0
157339000.0
239238000.0
221504000.0
187928000.0
279664000.0
347648000.0
609443000.0
459592000.0
352584000.0
221603000.0
244489000.0
218244000.0
301232000.0
337672000.0
169332000.0
176420000.0
448604000.0
342212000.0
192043000.0
401629000.0
187195000.0
161123000.0
379045000.0
193277000.0
574201000.0
175404000.0
447263000.0
420157000.0
187339000.0
274896000.0
295796000.0
340215000.0
473461000.0
535636000.0
317808000.0
143009000.0
193196000.0
233242000.0
508853000.0
447926000.0
283723000.0
397378000.0
195145000.0
415289000.0
277942000.0
272518000.0
206818000.0
173567000.0
185882000.0
192242000.0
692025000.0
189593000.0
457874000.0
372881000.0
533289000.0
249975000.0
651088000.0
839047000.0
250205000.0
225563000.0
204369000.0
365723000.0
317525000.0
243313000.0
627266000.0
386494000.0
576442000.0
321236000.0
616720000.0
422425000.0
435681000.0
161057000.0
158804000.0
557209000.0
434499000.0
644458000.0
409042000.0
315974000.0
309196000.0
250642000.0
365134000.0
173227000.0
333955000.0
567366000.0
186521000.0
287829000.0
224551000.0
254210000.0
259143000.0
255424000.0
719258000.0
158694000.0
328506000.0
342641000.0
407069000.0
757967000.0
750015000.0
452531000.0
294072000.0
368254000.0
465468000.0
286053000.0
252162000.0
266281000.0
277880000.0
271542000.0
297240000.0
302971000.0
623810000.0
289602000.0
276520000.0
476062000.0
161717000.0
141554000.0
160460000.0
450046000.0
369077000.0
439867000.0
222670000.0
274581000.0
216593000.0
446264000.0
234180000.0
311635000.0
162780000.0
535979000.0
511265000.0
308587000.0
653617000.0
349911000.0
255893000.0
394238000.0
227184000.0
380999000.0
306168000.0
157683000.0
266338000.0
445072000.0
289943000.0
324158000.0
230873000.0
243840000.0
228483000.0
277644000.0
406801000.0
241756000.0
490266000.0
251628000.0
494606000.0
331641000.0
517764000.0
165533000.0
250885000.0
288901000.0
454923000.0
219620000.0
242821000.0
396023000.0
668433000.0
261711000.0
159640000.0
707512000.0
187125000.0
665277000.0
197976000.0
295757000.0
238064000.0
135946000.0
279068000.0
374393000.0
182108000.0
252346000.0
313009000.0
521993000.0
439474000.0
288022000.0
617361000.0
223320000.0
242610000.0
212918000.0
225887000.0
205027000.0
327112000.0
178648000.0
436054000.0
229134000.0
346882000.0
358184000.0
432119000.0
241624000.0
472403000.0
143357000.0
251150000.0
246847000.0
741334000.0
331259000.0
183587000.0
286823000.0
231828000.0
475712000.0
286659000.0
176876000.0
278019000.0
321819000.0
232624000.0
535146000.0
305857000.0
348742000.0
637106000.0
250093000.0
204134000.0
166138000.0
370882000.0
144291000.0
333605000.0
175641000.0
217841000.0
264731000.0
331036000.0
744059000.0
188561000.0
236166000.0
407803000.0
425839000.0
281213000.0
285427000.0
353896000.0
213600000.0
230221000.0
167712000.0
508813000.0
240267000.0
165692000.0
525814000.0
263580000.0
285322000.0
270484000.0
418487000.0
245041000.0
259100000.0
526826000.0
328424000.0
164619000.0
519555000.0
281552000.0
172776000.0
560030000.0
279211000.0
780230000.0
579019000.0
198689000.0
524222000.0
214475000.0
218222000.0
217673000.0
354639000.0
234620000.0
582691000.0
175294000.0
265527000.0
388243000.0
335325000.0
160154000.0
397268000.0
330827000.0
304628000.0
564802000.0
181049000.0
191783000.0
672017000.0
441439000.0
347316000.0
213232000.0
316261000.0
765938000.0
321954000.0
655891000.0
167724000.0
618399000.0
222516000.0
255045000.0
630516000.0
197159000.0
353362000.0
402775000.0
194475000.0
594888000.0
302014000.0
233818000.0
187296000.0
752352000.0
179822000.0
690656000.0
493053000.0
836086000.0
242968000.0
201110000.0
292603000.0
228331000.0
290112000.0
170349000.0
210230000.0
344809000.0
382288000.0
158503000.0
276788000.0
330139000.0
652803000.0
243843000.0
257236000.0
284734000.0
151398000.0
357213000.0
176119000.0
169825000.0
207158000.0
171689000.0
176255000.0
310407000.0
402036000.0
210522000.0
174340000.0
550796000.0
530892000.0
348513000.0
212603000.0
218165000.0
710262000.0
247766000.0
322814000.0
208392000.0
361797000.0
744772000.0
177332000.0
337328000.0
227940000.0
189694000.0
689263000.0
701490000.0
456529000.0
343972000.0
220012000.0
700874000.0
163523000.0
498513000.0
189190000.0
368541000.0
359370000.0
189291000.0
525319000.0
310822000.0
320432000.0
224723000.0
486376000.0
541177000.0
314494000.0
419577000.0
176845000.0
345593000.0
299267000.0
417802000.0
479351000.0
585060000.0
426228000.0
247803000.0
562029000.0
252226000.0
250287000.0
180162000.0
301626000.0
202046000.0
495026000.0
254524000.0
400408000.0
298481000.0
238578000.0
268399000.0
627138000.0
230520000.0
167550000.0
350083000.0
182398000.0
363111000.0
225245000.0
284438000.0
484186000.0
355486000.0
316747000.0
405075000.0
626094000.0
237088000.0
568782000.0
731270000.0
371750000.0
307338000.0
256984000.0
463911000.0
206526000.0
227270000.0
348781000.0
389321000.0
370273000.0
303802000.0
636290000.0
251116000.0
495340000.0
184144000.0
298102000.0
156514000.0
362013000.0
502572000.0
173906000.0
663985000.0
188446000.0
176815000.0
294010000.0
386952000.0
309406000.0
711832000.0
259171000.0
234811000.0
362619000.0
231770000.0
636506000.0
600382000.0
151927000.0
395863000.0
205662000.0
417919000.0
198771000.0
542830000.0
381275000.0
523374000.0
558751000.0
424388000.0
444634000.0
534031000.0
164078000.0
694719000.0
203674000.0
252149000.0
578126000.0
350878000.0
157112000.0
310810000.0
446004000.0
471578000.0
227775000.0
213396000.0
200460000.0
591542000.0
372383000.0
590459000.0
250211000.0
200748000.0
164913000.0
200349000.0
361235000.0
163360000.0
715272000.0
210612000.0
148186000.0
184403000.0
319850000.0
437507000.0
242405000.0
270770000.0
203718000.0
246314000.0
424745000.0
219645000.0
311277000.0
199009000.0
175742000.0
148350000.0
303388000.0
258499000.0
728170000.0
202773000.0
587949000.0
494778000.0
367704000.0
496752000.0
231392000.0
159260000.0
188408000.0
257518000.0
176155000.0
388728000.0
514379000.0
214602000.0
417475000.0
244236000.0
528191000.0
273228000.0
275916000.0
584334000.0
219518000.0
415097000.0
295995000.0
155306000.0
317513000.0
253586000.0
177767000.0
558277000.0
474573000.0
625960000.0
294086000.0
351630000.0
178998000.0
182266000.0
242900000.0
680151000.0
666813000.0
173751000.0
215550000.0
307677000.0
665950000.0
294806000.0
380406000.0
163447000.0
373112000.0
283015000.0
430210000.0
193770000.0
331473000.0
179590000.0
306217000.0
771363000.0
184898000.0
243183000.0
486037000.0
405794000.0
202360000.0
843736000.0
168815000.0
469782000.0
371450000.0
250911000.0
236949000.0
549265000.0
421742000.0
271069000.0
292457000.0
732605000.0
399407000.0
203075000.0
323864000.0
421532000.0
192581000.0
709834000.0
260520000.0
228194000.0
176779000.0
232056000.0
287129000.0
451481000.0
355665000.0
344529000.0
171125000.0
209684000.0
530041000.0
196583000.0
162930000.0
749682000.0
464510000.0
204260000.0
678741000.0
230879000.0
446628000.0
587114000.0
705450000.0
184828000.0
746951000.0
155100000.0
215200000.0
216751000.0
407130000.0
197982000.0
441067000.0
245822000.0
475742000.0
296115000.0
377723000.0
378446000.0
189283000.0
424692000.0
559826000.0
163239000.0
691675000.0
222591000.0
287963000.0
333481000.0
203111000.0
245795000.0
337342000.0
762479000.0
371751000.0
188550000.0
189743000.0
236197000.0
446690000.0
257390000.0
566341000.0
513169000.0
144735000.0
281373000.0
508526000.0
218835000.0
150503000.0
246625000.0
177612000.0
256219000.0
163594000.0
459664000.0
297704000.0
228407000.0
457638000.0
657912000.0
185290000.0
194381000.0
653210000.0
210575000.0
190164000.0
197973000.0
185321000.0
443790000.0
228442000.0
560195000.0
350315000.0
232622000.0
553414000.0
361143000.0
197176000.0
428553000.0
477960000.0
292145000.0
405506000.0
288300000.0
231933000.0
282889000.0
173474000.0
200893000.0
275544000.0
250146000.0
238133000.0
397418000.0
248997000.0
197761000.0
376664000.0
523634000.0
319896000.0
461094000.0
269848000.0
379547000.0
207780000.0
257755000.0
364515000.0
179480000.0
248399000.0
252858000.0
237968000.0
253578000.0
351506000.0
454747000.0
272336000.0
441783000.0
220034000.0
377609000.0
620130000.0
