1.01452
1.01701
1.02625
1.01439
1.00158
1.01583
1.02367
1.00977
1.11132
1.00806
1.02613
1.08929
1.01249
1.01831
1.0233
1.00543
1.0977
1.03782
1.13133
1.01611
1.02698
1.11373
1.00219
1.01492
1.00822
1.00377
1.08852
1.01356
1.00802
1.03604
1.04648
1.03472
1.00308
1.07445
1.01247
1.0517
1.00938
1.00769
1.04635
1.0291
1.09453
1.00346
1.05081
1.01959
1.03553
1.01281
1.01863
1.01008
1.06541
1.0049
1.02889
1.01351
1.07604
1.01115
1.10124
1.26743
1.04262
1.00921
1.01667
1.04513
1.01806
1.01792
1.06106
1.02414
1.00962
1.02907
1.00913
1.018
1.04565
1.07712
1.02647
1.14758
1.07
1.02149
1.01512
1.04303
1.01685
1.06081
1.02864
1.01268
1.00395
1.05137
1.08148
1.0118
1.0023
1.04246
1.19187
1.07471
1.1172
1.0512
1.02803
1.19019
1.01262
1.08774
1.18938
1.03765
1.04796
1.00816
1.1791
1.05249
1.12431
1.05663
1.00804
1.02656
1.05725
1.1135
1.01615
1.01301
1.0231
1.01127
1.00028
1.02347
1.02489
1.0754
1.01395
1.03883
1.08015
1.08828
1.01155
1.09073
1.0147
1.01837
1.01675
1.03113
1.0147
1.032
1.01077
1.05677
1.01536
1.00721
1.0306
1.01898
1.03762
1.07293
1.01017
1.15035
1.01816
1.00748
1.00964
1.0222
1.14481
1.04771
1.01041
1.0238
1.00507
1.00112
1.00406
1.0225
1.01595
1.00663
1.0112
1.01369
1.02472
1.03125
1.07949
1.00648
1.06351
1.1248
1.01962
1.00678
1.01152
1.07586
1.07168
1.01204
1.05415
1.14727
1.09615
1.08574
1.05113
1.03058
1.0112
1.1145
1.00984
1.00329
1.00174
1.00427
1.01833
1.02905
1.00869
1.02608
1.02338
1.01058
1.06212
1.06199
1.01501
1.01157
1.00471
1.00705
1.01379
1.02212
1.05607
1.05474
1.01044
1.00753
1.07583
1.08043
1.02879
1.03185
1.02435
1.12425
1.02034
1.03567
1.03591
1.02119
1.0307
1.12749
1.06949
1.07327
1.12295
1.02049
1.01947
1.00252
1.02778
1.04875
1.17023
1.01537
1.02501
1.01043
1.05907
1.00755
1.0299
1.02091
1.04037
1.01713
1.12105
1.02533
1.00117
1.00747
1.17323
1.00018
1.03141
1.02307
1.02698
1.00527
1.01407
1.00855
1.02806
1.04929
1.03514
1.05164
1.09254
1.07717
1.0223
1.01251
1.00606
1.05522
1.02624
1.05631
1.0367
1.03815
1.03504
1.01361
1.00989
1.11952
1.00692
1.01373
1.06511
1.04318
1.0181
1.09475
1.03826
1.00521
1.00591
1.01644
1.04466
1.02754
1.01121
1.21822
1.03584
1.0147
1.00564
1.0083
1.02651
1.00438
1.01448
1.04514
1.01511
1.07275
1.0154
1.0234
1.02842
1.00513
1.14501
1.02827
1.10824
1.01213
1.01702
1.0061
1.05262
1.16923
1.08622
1.00544
1.02783
1.00388
1.01984
1.05009
1.01721
1.05871
1.00222
1.02167
1.00548
1.09787
1.03098
1.06242
1.06021
1.06014
1.05828
1.03461
1.05091
1.04651
1.02249
1.00149
1.02549
1.04251
1.0324
1.01532
1.11837
1.03513
1.0542
1.10415
1.06471
1.00771
1.03555
1.01128
1.01208
1.05475
1.00378
1.03719
1.04233
1.13056
1.04062
1.01418
1.0079
1.01304
1.01781
1.01099
1.08833
1.03323
1.12546
1.00892
1.03424
1.0104
1.02624
1.01025
1.00988
1.03209
1.07627
1.05055
1.04956
1.06637
1.00945
1.01487
1.06239
1.01447
1.01101
1.05922
1.01509
1.11266
1.00514
1.07306
1.09182
1.05719
1.01453
1.04156
1.00634
1.01993
1.01919
1.00461
1.02741
1.02592
1.01118
1.00446
1.02013
1.03498
1.02199
1.015
1.0123
1.01188
1.01437
1.11195
1.0071
1.07527
1.01904
1.06365
1.05353
1.04604
1.01565
1.00256
1.01848
1.0974
1.00475
1.00287
1.13374
1.00678
1.17416
1.01829
1.00352
1.11097
1.00913
1.01782
1.01334
1.02314
1.00214
1.09814
1.01591
1.01178
1.03408
1.03881
1.00866
1.0321
1.05112
1.00963
1.03401
1.0219
1.01465
1.05354
1.00647
1.07482
1.01654
1.02351
1.00855
1.03625
1.01758
1.10974
1.00375
1.01702
1.0466
1.07015
1.01723
1.09048
1.02282
1.16518
1.11477
1.03235
1.03242
1.031
1.03593
1.12451
1.00699
1.01807
1.05458
1.00764
1.09295
1.01043
1.01091
1.01084
1.00553
1.05595
1.00816
1.02352
1.12434
1.05945
1.00116
1.12329
1.01791
1.00283
1.17808
1.03874
1.04311
1.04432
1.02227
1.00601
1.09876
1.16257
1.0098
1.00697
1.05929
1.02608
1.03565
1.0812
1.00846
1.0135
1.00782
1.07528
1.0865
1.0314
1.03924
1.07349
1.07505
1.0046
1.09411
1.02069
1.03914
1.02541
1.04075
1.04446
1.00911
1.00485
1.02031
1.00254
1.0321
1.10052
1.02111
1.05389
1.00579
1.04937
1.03108
1.04371
1.09822
1.01146
1.07157
1.11656
1.05247
1.01286
1.03944
1.02644
1.06531
1.02691
1.08431
1.00936
1.01303
1.16237
1.06127
1.06993
1.09081
1.10853
1.0096
1.01408
1.00942
1.03114
1.06161
1.00458
1.19528
1.02812
1.0927
1.05578
1.02273
1.00685
1.07032
1.0263
1.0083
1.00535
1.10109
1.08448
1.04108
1.01787
1.02035
1.00408
1.00941
1.03324
1.04902
1.0197
1.0069
1.02654
1.09023
1.0439
1.05796
1.01513
1.03877
1.04179
1.04158
1.06634
1.03114
1.02413
1.01214
1.00277
1.01535
1.01559
1.00864
1.0688
1.03263
1.01039
1.00705
1.02215
1.05475
1.21439
1.08112
1.00744
1.00523
1.07552
1.01536
1.00549
1.06991
1.0378
1.00746
1.00853
1.17341
1.06465
1.01546
1.02449
1.09583
1.02707
1.00347
1.00792
1.05978
1.06723
1.01177
1.13248
1.01511
1.15943
1.03275
1.00418
1.01663
1.02073
1.04815
1.00515
1.03772
1.07001
1.00544
1.09307
1.10078
1.01626
1.01943
1.00313
1.13219
1.06603
1.0115
1.00725
1.01312
1.03893
1.11701
1.01163
1.00425
1.01497
1.00428
1.01161
1.00897
1.03007
1.00528
1.00543
1.03653
1.10997
1.06348
1.05179
1.00148
1.04663
1.02551
1.00645
1.01018
1.00282
1.04426
1.03335
1.01143
1.0296
1.06764
1.05435
1.01489
1.05519
1.00921
1.0226
1.14235
1.07376
1.03318
1.01862
1.00227
1.09086
1.04706
1.02382
1.01597
1.02223
1.00334
1.0032
1.01342
1.13991
1.00125
1.04162
1.07218
1.01454
1.01702
1.01293
1.00127
1.00807
1.02578
1.01463
1.04309
1.01791
1.02377
1.06722
1.08492
1.0351
1.00519
1.01094
1.01411
1.21925
1.0029
1.00556
1.04523
1.00351
1.04898
1.13382
1.0313
1.01558
1.01664
1.05405
1.0188
1.08087
1.0476
1.05921
1.02449
1.03713
1.04008
1.11774
1.02266
1.01171
1.03224
1.01478
1.00304
1.00363
1.00746
1.01699
1.02755
1.01921
1.01277
1.02913
1.00776
1.03946
1.07441
1.01627
1.07336
1.13755
1.12019
1.03184
1.04201
1.01666
1.04405
1.01863
1.00232
1.00485
1.00943
1.00313
1.01442
1.0052
1.06827
1.03573
1.01325
1.02344
1.03751
1.01688
1.04462
1.01817
1.04177
1.02862
1.0486
1.04404
1.03475
1.00607
1.01467
1.01336
1.0211
1.05447
1.00133
1.025
1.00668
1.04166
1.07141
1.01834
1.02504
1.00909
1.00462
1.01116
1.01678
1.01864
1.00383
1.01269
1.00772
1.00389
1.00523
1.00141
1.0175
1.00914
1.05626
1.03592
1.04621
1.02036
1.02121
1.01203
1.01001
1.00159
1.004
1.02036
1.03867
1.0453
1.03035
1.04991
1.01189
1.00869
1.0036
1.04857
1.02111
1.0171
1.01059
1.04171
1.01549
1.03252
1.00905
1.00563
1.01175
1.00595
1.09779
1.03759
1.05586
1.03688
1.00498
1.11698
1.01784
1.04684
1.07922
1.0551
1.08284
1.01049
1.08066
1.00576
1.07305
1.14322
1.01779
1.01511
1.01999
1.05621
1.0424
1.01487
1.01224
1.01551
1.01953
1.16654
1.00262
1.02362
1.00923
1.00497
1.12078
1.03263
1.03119
1.02305
1.13785
1.00661
1.00405
1.08798
1.06433
1.04409
1.04065
1.05438
1.00961
1.09372
1.00786
1.01373
1.02355
1.01404
1.05507
1.02594
1.04012
1.0706
1.05915
1.04702
1.05941
1.00348
1.01325
1.00918
1.06411
1.08547
1.06234
1.16337
1.01269
1.06928
1.12598
1.01698
1.0924
1.01107
1.01459
1.0119
1.02962
1.05411
1.11142
1.01469
1.11264
1.02304
1.02608
1.07306
1.09416
1.04809
1.00933
1.06979
1.00605
1.04879
1.00329
1.07825
1.0903
1.02371
1.02799
1.03768
1.04507
1.00738
1.02473
1.01347
1.00769
1.02093
1.04806
1.01181
1.04711
1.0106
1.02403
1.00467
1.00686
1.00771
1.02249
1.20184
1.01957
1.00822
1.01109
1.0286
1.01095
1.04328
1.02057
1.02114
1.0102
1.05317
1.01752
1.0729
1.01247
1.03166
1.04171
1.02312
1.00319
1.02128
1.0657
1.00049
1.00558
1.08878
1.07319
1.0815
1.0517
1.02229
1.05753
1.01174
1.04711
1.09918
1.13126
1.03855
1.00647
1.00314
1.02933
1.00549
1.04606
1.01536
1.00694
1.07554
1.01031
1.00777
1.0176
1.17822
1.0581
1.01758
1.05379
1.01879
1.00905
1.03244
1.01127
1.15049
1.03387
1.01267
1.04716
1.0113
1.00679
1.04715
1.00125
1.05679
1.06889
1.0081
1.02639
1.0056
1.01823
1.03978
1.03372
1.00639
1.00378
1.01218
1.04856
1.03052
1.00278
1.0319
1.02728
1.09705
1.07227
1.16887
1.03732
1.00265
1.05158
1.02536
1.03336
1.04639
1.08527
1.01455
1.01483
1.00426
1.05235
1.00715
1.01191
1.02213
1.08783
1.00511
1.01592
1.05659
1.06171
1.00441
1.06416
1.05805
1.00265
1.00341
1.01153
1.01369
1.05029
1.02644
1.0309
1.05425
1.04283
1.02561
1.01573
1.02367
1.28259
1.03495
1.14638
1.03127
1.45884
1.18586
1.04826
1.0934
1.03653
1.02322
1.23286
1.04365
1.4048
1.02752
1.0362
1.22412
1.0053
1.02353
1.01908
1.0317
1.1428
1.03388
1.01479
1.09204
1.09417
1.06626
1.00763
1.11446
1.03677
1.10532
1.0353
1.02218
1.18111
1.04908
1.25968
1.00899
1.11048
1.0976
1.06289
1.02438
1.0564
1.01865
1.11399
1.02296
1.81958
1.02613
1.19193
1.02478
1.20817
1.52771
1.11703
1.03018
1.04064
1.14877
1.03098
1.02857
1.07571
1.05062
1.02082
1.0688
1.02452
1.03125
1.14514
1.13959
1.0461
1.35856
1.14376
1.04344
1.15772
1.08781
1.03576
1.2542
1.11543
1.25225
1.01554
1.06709
1.11809
1.02055
1.01115
1.08871
1.65703
1.20538
1.2857
1.46505
1.07397
1.38568
1.03393
1.40135
1.44394
1.09041
1.20366
1.02288
1.26118
1.17639
1.14952
1.08248
1.01803
1.15519
1.25674
1.30115
1.0242
1.10888
1.03478
1.02221
1.0086
1.18538
1.05616
1.12612
1.03796
1.11764
1.09314
1.095
1.02174
1.11168
1.03886
1.0394
1.0631
1.04387
1.03279
1.19924
1.03834
1.07169
1.03591
1.01516
1.03409
1.16018
1.04446
1.12627
1.01776
1.65635
1.03026
1.02297
1.02912
1.03037
1.35413
1.07331
1.02918
1.03649
1.01294
1.00915
1.0097
1.05189
1.02813
1.00919
1.4967
1.03921
1.10831
1.04657
2.12749
1.01177
1.25878
1.28604
1.11198
1.01745
1.03921
1.18926
1.17544
1.01947
1.07679
1.27598
1.36233
1.27766
1.10522
1.06782
1.06494
1.19278
1.01719
1.04593
1.01933
1.02146
1.03684
1.09888
1.01994
1.05877
1.50221
1.04258
1.14528
1.18554
1.02396
1.05734
1.02355
1.02593
1.08448
1.0391
1.10569
1.17437
1.02065
1.01809
1.23639
1.14711
1.15206
1.04195
1.05304
1.20219
1.0484
1.79535
1.14848
1.14641
1.03466
1.30682
1.49541
1.08216
1.2274
1.03325
1.03877
1.01119
1.03457
1.13857
1.38154
1.0367
1.04718
1.01763
1.17063
1.04411
1.06823
1.05364
1.14863
1.05325
1.34165
1.04624
1.00811
1.0213
1.34651
1.01437
1.09138
1.07286
1.12253
1.02327
1.1414
1.0265
1.16852
1.07868
1.18893
1.22615
1.21057
1.23716
1.04346
1.05744
1.01509
1.20775
1.03583
1.07173
1.08567
1.18904
1.04475
1.02088
1.02162
1.17113
1.02832
1.02098
1.48588
1.0489
1.09635
1.2677
1.07639
1.01417
1.02823
1.0338
1.07851
1.20564
1.03837
1.3722
1.08112
1.02719
1.02009
1.01754
1.04951
1.01318
1.03081
1.06306
1.02499
1.21912
1.02197
1.04174
1.06429
1.01208
1.32164
1.07814
1.1601
1.03527
1.05682
1.01485
1.08416
1.91022
1.12366
1.01205
1.04462
1.01564
1.08295
1.09187
1.04207
1.12982
1.01971
1.15925
1.06683
1.20197
1.2529
1.29479
1.14388
1.24788
1.08129
1.10713
1.16069
1.10409
1.03738
1.01423
1.06205
1.08174
1.22833
1.02825
1.22114
1.07111
1.06735
1.11935
1.08345
1.02181
1.0471
1.04477
1.02382
1.21274
1.02137
1.0564
1.06126
1.35735
1.06993
1.02753
1.01719
1.03219
1.02722
1.03188
1.24085
1.07433
1.21551
1.02434
1.03749
1.0216
1.03712
1.02467
1.02231
1.04569
1.11336
1.08823
1.09586
1.12182
1.07015
1.0315
1.10186
1.04076
1.02714
1.08652
1.02747
1.29445
1.04261
1.16005
1.17716
1.08486
1.02263
1.08244
1.02062
1.03129
1.11709
1.01554
1.11562
1.05329
1.07333
1.01138
1.06058
1.14413
1.03049
1.04896
1.08607
1.04176
1.02604
1.21858
1.02217
1.0923
1.0906
1.15275
1.17924
1.05979
1.06329
1.00783
1.20309
1.267
1.01067
1.0123
1.34515
1.0343
1.50465
1.0966
1.0147
1.16689
1.01557
1.11629
1.02737
1.12904
1.01196
1.33885
1.06812
1.02498
1.14749
1.05896
1.0164
1.07803
1.0631
1.21709
1.16366
1.03665
1.03627
1.09362
1.03273
1.1251
1.03373
1.07608
1.01691
1.08645
1.08934
1.12297
1.02109
1.02784
1.12774
1.13361
1.03902
1.12626
1.04745
1.21169
1.19521
1.04998
1.12151
1.04673
1.04202
1.22577
1.02018
1.03023
1.07396
1.02297
1.18148
1.0206
1.02086
1.04577
1.02677
1.07792
1.02332
1.10448
1.13906
1.22341
1.00615
1.29032
1.0669
1.01486
1.35021
1.06818
1.31823
1.11115
1.05422
1.01514
1.17155
1.25227
1.03594
1.01948
1.1281
1.27213
1.05004
1.14467
1.01192
1.03769
1.02466
1.27798
1.18742
1.04191
1.0605
1.09433
1.08424
1.01245
1.28217
1.02698
1.08486
1.03418
1.0623
1.61176
1.02129
1.01264
1.03671
1.01598
1.30494
1.1604
1.05398
1.14994
1.02558
1.19409
1.04905
1.06499
1.20826
1.02867
1.13851
1.21935
1.10077
1.03882
1.19581
1.10904
1.10807
1.10878
1.16904
1.01336
1.07133
1.45194
1.10411
1.13753
1.14544
1.19644
1.03225
1.02616
1.21199
1.10932
1.3652
1.01428
1.33185
1.11708
1.15979
1.08743
1.02952
1.02475
1.23047
1.08791
1.01781
1.00818
1.13404
1.18715
1.04932
1.03738
1.03125
1.02865
1.0246
1.06069
1.05603
1.02521
1.03054
1.04345
1.12885
1.10227
1.07217
1.03528
1.09787
1.07596
1.09169
1.12376
1.10613
1.05058
1.02952
1.01739
1.03232
1.03751
1.01339
1.14497
1.03626
1.05399
1.03317
1.03076
1.16311
1.28206
1.13998
1.02123
1.01677
1.1021
1.02338
1.0134
1.12003
1.11221
1.01772
1.02446
1.28127
1.18988
1.02748
1.05051
1.12786
1.04124
1.02968
1.01687
1.15393
1.19135
1.03006
1.22943
1.03474
1.57661
1.23961
1.01035
1.04739
1.05945
1.08185
1.01351
1.07904
1.1068
1.011
1.10118
1.19499
1.02732
1.03003
1.00571
1.16153
1.11612
1.01604
1.01127
1.03513
1.09853
1.15997
1.0783
1.02227
1.01964
1.01614
1.02228
1.03661
1.08708
1.02935
1.03968
1.07468
1.237
1.1236
1.0677
1.01823
1.14268
1.03535
1.01958
1.01518
1.04308
1.05246
1.14805
1.02385
1.03401
1.20153
1.20109
1.05282
1.11816
1.03031
1.15298
1.2799
1.35375
1.12632
1.26837
1.01209
1.16278
1.16383
1.09578
1.03237
1.04781
1.02005
1.01209
1.02973
1.2074
1.00781
1.06666
1.55052
1.05632
1.11647
1.0285
1.01098
1.03403
1.0341
1.02444
1.06904
1.02564
1.03484
1.08684
1.16542
1.22412
1.01218
1.02874
1.07387
1.44845
1.00536
1.01402
1.07734
1.00935
1.10988
1.32697
1.12653
1.04122
1.02731
1.17176
1.0258
1.14441
1.41701
1.12521
1.1088
1.06792
1.08587
1.19114
1.10516
1.02432
1.06242
1.0493
1.01097
1.01368
1.01251
1.03667
1.06863
1.11224
1.03537
1.07882
1.01491
1.1067
1.10739
1.03443
1.14365
1.46882
1.27418
1.05397
1.45111
1.03535
1.11995
1.05246
1.0077
1.01265
1.0273
1.01922
1.02743
1.01666
1.15867
1.1018
1.05088
1.09102
1.05766
1.02693
1.10101
1.04033
1.1287
1.07383
1.17163
1.09369
1.13592
1.03227
1.0233
1.03358
1.06272
1.07271
1.01871
1.03552
1.02475
1.30366
1.07709
1.04726
1.03881
1.04091
1.0116
1.03119
1.03613
1.04031
1.01228
1.03064
1.02378
1.03037
1.01642
1.01732
1.12996
1.06705
1.07553
1.0444
1.19937
1.16483
1.04916
1.02206
1.02023
1.01112
1.01233
1.0407
1.08992
1.06809
1.03747
1.0918
1.02656
1.04483
1.02143
1.05755
1.04628
1.03735
1.02083
1.73262
1.06341
1.10315
1.01734
1.03778
1.02531
1.02472
1.19892
1.08077
1.07693
1.09415
1.02873
1.20015
1.03392
1.09705
1.17316
1.14922
1.1568
1.02874
1.44667
1.01395
1.13014
1.24296
1.03003
1.31353
1.04738
1.10384
1.05633
1.03865
1.02582
1.07078
1.07752
1.25544
1.01272
1.06277
1.02419
1.04183
1.36892
1.11158
1.06491
1.05955
1.69886
1.0235
1.0134
1.10195
1.14739
1.1091
1.05361
1.19189
1.02155
1.17854
1.02687
1.02141
1.03951
1.04863
1.12231
1.08222
1.24012
1.10331
1.076
1.1927
1.07174
1.01491
1.0297
1.05268
1.12436
1.1341
1.08457
1.35818
1.07719
1.0919
1.26915
1.0275
1.21248
1.02014
1.0341
1.03177
1.04859
1.0669
1.17831
1.03715
1.24104
1.03909
1.03527
1.10715
1.21005
1.05423
1.02525
1.09912
1.02849
1.07009
1.0103
1.17374
1.24974
1.044
1.05896
1.06391
1.06744
1.02169
1.05011
1.04154
1.0658
1.04885
1.28158
1.04693
1.12934
1.02891
1.08404
1.02935
1.0163
1.02666
1.04656
1.35621
1.0571
1.01353
1.04067
1.0396
1.04859
1.06126
1.04169
1.13678
1.01723
1.14993
1.02847
1.08184
1.02006
1.11606
1.06641
1.0885
1.01284
1.02758
1.13554
1.01145
1.01297
1.33309
1.18013
1.47245
1.07029
1.05945
1.10933
1.02047
1.05547
1.1693
1.15201
1.05043
1.04137
1.00889
1.08212
1.01786
1.414
1.03116
1.04096
1.17702
1.02868
1.03326
1.05759
1.20616
1.33718
1.03269
1.1321
1.0987
1.05229
1.18021
1.02262
1.25263
1.15633
1.09553
1.08861
1.03527
1.03038
1.05974
1.00721
1.2522
1.11409
1.0342
1.04807
1.0191
1.08889
1.07564
1.04628
1.01805
1.021
1.05526
1.26243
1.03912
1.00982
1.06022
1.04568
1.45002
1.08959
1.23343
1.04913
1.01507
1.09644
1.04171
1.09407
1.19557
1.18221
1.47692
1.02802
1.01197
1.06181
1.03394
1.03387
1.15884
1.23437
1.01851
1.06405
1.06907
1.13245
1.02556
1.2802
1.07587
1.01093
1.0153
1.05138
1.02981
1.10781
1.04682
2.24737
1.41642
2.48491
2.70523
3.38522
2.98688
1.84053
1.96282
2.87276
2.37193
1.53642
1.49659
1.21831
2.41349
1.75206
1.30212
2.24003
1.50125
1.80543
1.28972
1.60804
2.86459
2.34853
1.18297
2.95361
1.4182
1.99483
2.60255
2.4215
1.86678
1.67557
2.50392
3.5236
1.45927
3.16956
2.56735
2.00617
2.53276
2.91299
2.15883
1.54655
2.01653
1.79632
2.29436
2.64096
2.23732
2.46446
1.70809
2.63274
2.13848
3.02786
2.94078
2.24395
3.09048
2.09414
2.38065
1.72021
1.53291
1.55257
2.62985
2.58828
2.1421
1.78037
2.82607
2.39112
2.79311
1.95977
1.57363
2.8417
1.99633
2.40909
2.06448
1.73395
1.8199
1.23285
1.49933
1.25555
1.44663
1.15189
1.90959
3.0532
2.64722
2.33242
2.30944
1.32462
2.10383
2.23709
1.84035
1.65027
1.86654
2.90792
2.4947
2.04846
2.10495
2.47039
2.64608
1.49364
1.73106
2.64715
2.90753
1.57307
2.79369
1.24817
1.21205
1.84841
1.89533
2.74412
1.11675
2.35815
2.26421
1.34982
2.08798
2.10586
1.81998
1.3721
1.20962
1.49172
1.71246
3.2357
2.19995
2.73287
2.32464
2.51893
2.9729
1.54433
1.6332
2.57569
1.74989
1.51869
2.33599
1.13503
1.74237
1.29912
2.0662
2.54331
2.51024
2.2869
1.18196
1.9241
1.36985
1.73506
2.86948
2.34751
2.93296
3.00089
1.66056
1.06599
2.74653
1.29785
1.68102
3.03341
2.3352
1.66807
2.70377
2.59426
1.86771
1.53221
1.99199
2.03973
2.18088
1.65853
2.82524
2.87196
2.50539
2.01028
1.70041
2.81524
1.75415
2.21417
1.75728
1.71095
2.10726
1.67795
1.07503
1.86568
2.73574
2.67648
1.99892
1.97954
2.04446
2.52915
2.38175
1.69507
3.04517
3.12524
1.67881
1.80988
1.84815
2.52966
2.66967
2.04177
1.38959
1.12122
3.20716
1.83419
1.57837
1.67543
1.68714
2.06591
3.18812
2.83892
2.5179
2.13554
2.59917
2.50031
1.839
1.73785
2.04264
1.97123
2.22218
1.39476
1.9651
2.01236
1.68105
2.99108
2.09305
3.0456
1.75281
1.75144
1.95899
2.98734
1.87954
1.19208
1.41246
1.92872
3.57817
1.608
2.70049
2.22714
1.58878
2.54902
1.61637
3.10521
1.7178
2.93357
2.46804
1.51053
2.46543
1.27584
2.2996
1.71318
1.63927
1.12486
1.92492
1.14741
2.38208
1.21083
2.34108
1.85007
1.51826
1.66004
1.07475
2.87471
2.17541
2.29411
1.8961
2.95082
1.98377
2.77268
1.93055
1.26087
2.89775
2.61219
2.73929
1.29564
1.36006
1.22953
2.18616
2.10371
2.5276
1.52698
1.62581
2.25603
1.10175
1.07722
2.53008
2.18945
2.06622
2.02264
2.47892
2.63916
1.10508
1.89365
2.92283
1.90711
2.05169
3.24942
2.78854
2.96881
2.20854
2.51018
1.93145
2.05468
2.33627
1.67803
1.92277
2.87318
1.7018
1.41778
1.98988
1.0731
1.81019
2.00187
1.91562
3.475
1.28189
2.1348
2.56776
1.37527
2.34436
2.18681
1.28369
2.93024
1.35244
2.47895
2.01548
1.55749
2.7444
1.5288
1.85193
1.50266
1.76659
1.6318
2.05271
1.18689
1.50462
2.97581
2.72905
2.04873
1.83658
2.2446
1.57616
1.95359
1.72896
2.17143
1.42801
2.11364
2.49812
2.49168
1.52867
1.84563
1.5548
1.51995
2.26222
2.73136
1.5348
1.89708
2.79565
1.65156
1.67337
3.10528
2.95786
3.32903
3.22685
1.94014
2.78255
1.68348
2.20278
1.2113
2.63618
2.55468
1.98303
1.98221
1.27996
1.81168
1.52264
1.62613
1.88474
2.72767
3.18237
2.24208
1.02142
2.86563
1.81018
2.01715
1.79595
3.18733
1.76014
2.79228
2.4255
1.76285
1.87686
2.6165
1.95053
1.47932
1.49419
2.05651
2.33316
2.31101
2.56161
2.86566
2.02131
1.58538
2.77162
1.91547
1.23637
3.5283
1.82849
2.74601
1.59605
1.93516
2.62147
1.32433
1.64792
1.79339
3.0038
1.46688
1.39935
1.87686
3.15204
2.32419
1.44469
1.66832
1.80455
2.79517
2.17404
1.76122
2.38544
3.1708
2.91885
1.2719
2.17513
1.4091
2.00718
1.58968
1.87221
1.44939
1.61017
3.11993
1.51206
1.71185
1.65102
2.20816
1.58039
2.22025
2.3447
2.31602
1.95473
1.66067
3.04742
1.80515
1.72502
1.71348
2.48268
1.83149
1.84925
2.514
2.01464
1.57587
2.62421
1.87531
1.70033
1.21574
1.85734
2.47301
2.09491
1.72695
1.58238
2.18622
2.88898
1.74251
1.97927
1.5748
2.98458
2.77133
2.28453
2.89062
1.91841
2.13897
2.8324
2.14464
2.31026
1.51459
2.1032
1.621
2.61048
1.72519
2.28136
2.1103
1.05128
2.16345
1.60144
2.00075
2.06971
2.59078
2.32559
2.97747
1.07138
1.56384
1.75578
1.47279
1.87654
1.56218
2.90304
1.48043
2.42096
1.64138
2.19666
2.3912
2.49457
2.62337
1.92871
1.26921
2.86351
1.46623
1.8705
1.69323
1.72453
2.27059
1.039
2.01068
1.8652
1.91876
3.039
2.43036
2.02645
2.37894
2.42713
1.21432
2.97336
1.89978
1.82116
2.28121
1.98367
2.01491
2.46083
2.51968
1.82285
2.20963
2.10743
2.40813
1.2839
2.03571
2.21962
2.08905
3.40678
2.82458
1.87874
1.49341
2.41237
1.89984
2.1235
1.79457
1.13461
2.14631
3.14604
2.48137
2.9169
2.92687
1.43311
1.34607
2.62876
1.33362
1.79345
2.84243
1.73939
1.78703
2.22811
1.55533
2.94387
2.37912
1.97241
2.91996
1.12379
2.92369
2.67659
2.31778
2.3375
2.29577
1.20004
2.32469
1.81544
1.91782
2.62711
1.59019
3.36352
1.97918
1.71915
2.20892
2.07851
2.17177
1.7642
1.19809
2.56174
2.65184
2.51266
1.43296
1.63854
1.77882
2.81633
1.30375
2.31265
2.22535
2.2471
3.16606
2.42736
2.68745
1.27906
2.79598
1.44567
2.49962
2.0955
1.81784
3.31656
1.6639
1.56473
3.06598
2.11212
1.55516
1.53818
2.56097
1.54666
2.78616
1.53012
3.09043
2.82691
2.16537
1.63202
1.70409
2.03041
2.22797
1.71536
1.90129
1.34389
1.4896
2.84613
2.39225
1.18559
2.20864
1.85276
2.4695
1.96338
1.95969
1.83443
2.23449
1.47833
1.66738
1.84529
2.43615
1.94719
2.55876
2.24155
2.28642
2.20003
3.26353
2.17993
2.59574
2.19926
1.31989
1.92007
1.6188
2.70189
1.62462
2.17401
2.80914
2.2365
2.08375
2.84796
1.35092
2.40183
2.59495
1.94457
2.69377
2.3942
1.65538
1.24629
1.68696
2.30282
1.61611
1.23595
3.03727
3.33123
1.64723
2.43702
1.30394
1.0777
3.07448
1.70887
2.68239
1.60414
1.16313
2.98455
1.50924
1.93027
2.18219
3.0368
1.49559
2.22953
2.60115
1.4896
2.17979
1.74628
2.52152
3.20361
2.41132
1.4175
1.99483
1.79141
1.99902
1.3244
2.62451
2.21815
2.22037
2.14423
2.09062
2.88459
1.85845
2.79791
2.58219
1.97046
1.88777
1.89417
2.83217
3.40749
2.4623
2.98492
1.78221
2.13421
1.98588
1.4122
2.39179
1.63177
2.92499
2.20309
1.63845
2.66581
2.35297
1.64941
2.19732
3.55431
1.85413
1.15113
1.95923
2.4575
2.27676
2.57448
2.01017
2.55494
2.10311
2.4517
1.75184
2.65977
3.69357
2.56465
2.39692
1.68203
2.85812
1.14195
2.78991
1.20557
2.4369
2.9046
3.23133
1.70753
2.07042
1.20942
2.81176
3.11617
1.81231
2.31228
2.09289
1.72246
1.96141
2.41949
1.96369
1.51129
1.58445
2.03709
2.72698
2.67835
2.45153
1.65091
2.33633
2.84588
1.67333
1.42245
1.07366
1.26261
3.11677
1.72237
3.20603
2.51653
3.4947
2.09084
1.55565
1.62941
2.77225
2.21305
2.00838
1.87923
2.50006
2.01167
1.04009
2.22431
1.50475
2.11829
2.54158
1.82069
3.06177
1.69807
2.63968
1.09043
1.57273
3.25544
2.11875
1.76666
2.43695
2.25176
1.92938
2.57199
2.63776
2.10861
2.3139
1.84039
1.91398
1.47562
3.00938
1.50863
2.00287
1.18453
3.16347
3.27386
2.14377
2.14551
1.84692
2.76528
3.01529
2.24653
2.39523
1.46504
2.02429
2.37496
1.31202
1.95918
2.14054
1.79191
2.34623
2.73161
2.6996
1.34138
2.34652
1.39064
1.60281
1.55494
3.228
1.13214
1.86461
1.49277
2.4266
2.15534
1.7776
1.85824
2.35374
2.91905
2.12321
2.71945
1.42721
1.54077
2.38843
2.08179
1.56757
2.00704
1.77429
1.60352
1.14053
1.96034
2.27385
2.58293
1.91291
1.51198
1.19029
1.36028
2.44304
2.13795
1.72126
2.00667
2.57664
1.61959
3.04755
1.10221
3.58728
1.27224
1.28429
2.44
1.72177
1.81853
1.93465
1.62618
1.85546
2.42713
2.80308
2.12286
1.39449
2.16773
3.21715
1.55832
1.27831
2.82331
2.96589
2.40389
3.22119
2.41744
1.75691
1.84731
1.95308
1.18389
1.4213
2.53144
2.3796
2.25136
3.32774
2.05806
1.71789
2.57754
1.52894
2.93389
1.30813
2.40826
2.43545
1.19126
1.70675
1.95013
1.71553
1.47595
1.96247
1.44753
1.3858
1.72641
3.26636
3.15222
1.90098
1.74643
1.07893
1.37636
2.75706
3.0233
1.4557
2.20613
1.82371
1.58077
3.00455
1.74679
1.38298
2.09731
1.94759
3.13493
1.83877
2.26704
3.36967
1.25995
1.25984
1.73404
1.22525
2.39979
2.36522
1.1039
2.2484
1.99116
2.74173
2.4916
2.15544
1.48328
3.39696
1.65937
2.46154
2.78052
1.50059
3.60024
2.63611
2.5583
1.49317
1.67453
2.46327
1.30119
2.00276
1.97556
1.4204
2.45341
1.88592
2.22558
1.5008
1.6805
1.48076
2.03324
3.01702
2.81532
2.93517
1.22464
1.29894
2.15991
2.29635
2.24083
1.68768
1.3717
1.61748
2.26438
1.11859
3.55727
2.5026
1.72949
258088000.0
553791000.0
214575000.0
208601000.0
155388000.0
174631000.0
374958000.0
328570000.0
174333000.0
253773000.0
475654000.0
388035000.0
674093000.0
239942000.0
365889000.0
631742000.0
269374000.0
386856000.0
355315000.0
585724000.0
424150000.0
185577000.0
261885000.0
680462000.0
182500000.0
565569000.0
283331000.0
215095000.0
235413000.0
358600000.0
406338000.0
205033000.0
143515000.0
431240000.0
163169000.0
202880000.0
319912000.0
230203000.0
182527000.0
274400000.0
388134000.0
326491000.0
332959000.0
251100000.0
207487000.0
273914000.0
227761000.0
406847000.0
193964000.0
307014000.0
174856000.0
178071000.0
236552000.0
170070000.0
255752000.0
220334000.0
396410000.0
472673000.0
448715000.0
210784000.0
215471000.0
247856000.0
345397000.0
185335000.0
254534000.0
184763000.0
314600000.0
410889000.0
179603000.0
276218000.0
233432000.0
268606000.0
374519000.0
365932000.0
636337000.0
472790000.0
617811000.0
465612000.0
565295000.0
353455000.0
172229000.0
192993000.0
236379000.0
259903000.0
624940000.0
291399000.0
245643000.0
306967000.0
391700000.0
307929000.0
173347000.0
214657000.0
305261000.0
283661000.0
207909000.0
209232000.0
438020000.0
408976000.0
200688000.0
174116000.0
351772000.0
179249000.0
647097000.0
565357000.0
347861000.0
304757000.0
187773000.0
609202000.0
233660000.0
268736000.0
614553000.0
284857000.0
274218000.0
360862000.0
558276000.0
580234000.0
350317000.0
332895000.0
156672000.0
235556000.0
198236000.0
242074000.0
223215000.0
171910000.0
477912000.0
445278000.0
219005000.0
342774000.0
481221000.0
269997000.0
575263000.0
399767000.0
535559000.0
273085000.0
223173000.0
203984000.0
257645000.0
728928000.0
341117000.0
518963000.0
305594000.0
181604000.0
251775000.0
175845000.0
180915000.0
443413000.0
838656000.0
199740000.0
571266000.0
406797000.0
166805000.0
254295000.0
401027000.0
193316000.0
211504000.0
354233000.0
459266000.0
325049000.0
323271000.0
279613000.0
425552000.0
176611000.0
178832000.0
217210000.0
269314000.0
327623000.0
185426000.0
385507000.0
274173000.0
371058000.0
408182000.0
262854000.0
415313000.0
832467000.0
382824000.0
210363000.0
214414000.0
312753000.0
328184000.0
294189000.0
229896000.0
254715000.0
367522000.0
172443000.0
162675000.0
420403000.0
385159000.0
376114000.0
205560000.0
212494000.0
290741000.0
524112000.0
741248000.0
159069000.0
308458000.0
425720000.0
423514000.0
400946000.0
285006000.0
160663000.0
186540000.0
222892000.0
295489000.0
213076000.0
212740000.0
349445000.0
393918000.0
270006000.0
323569000.0
270000000.0
510139000.0
336992000.0
297413000.0
407565000.0
173832000.0
292050000.0
167776000.0
382982000.0
343188000.0
316343000.0
186076000.0
329260000.0
458661000.0
528973000.0
284966000.0
142890000.0
467897000.0
219736000.0
263772000.0
477725000.0
228286000.0
427462000.0
162974000.0
426299000.0
190387000.0
236538000.0
464997000.0
222107000.0
610199000.0
223084000.0
360222000.0
411381000.0
687624000.0
329678000.0
749986000.0
238337000.0
625676000.0
231616000.0
351994000.0
451083000.0
408521000.0
691341000.0
186625000.0
238055000.0
276807000.0
320425000.0
171324000.0
282244000.0
202380000.0
325299000.0
555021000.0
180974000.0
224783000.0
183717000.0
527392000.0
587871000.0
678562000.0
236962000.0
261057000.0
208541000.0
487399000.0
412122000.0
251504000.0
808989000.0
746676000.0
206245000.0
280754000.0
268649000.0
310501000.0
228319000.0
214877000.0
784071000.0
330567000.0
174496000.0
284066000.0
324852000.0
156207000.0
202020000.0
171341000.0
249036000.0
200523000.0
340013000.0
276605000.0
262971000.0
417195000.0
305863000.0
183142000.0
328310000.0
571582000.0
328244000.0
734343000.0
300917000.0
295422000.0
346680000.0
145583000.0
463227000.0
256693000.0
217263000.0
525313000.0
259117000.0
282330000.0
659253000.0
181576000.0
543586000.0
233124000.0
303120000.0
343893000.0
188284000.0
435496000.0
306680000.0
413844000.0
391115000.0
414400000.0
298275000.0
682362000.0
425044000.0
183890000.0
191102000.0
281566000.0
299308000.0
256668000.0
455205000.0
333192000.0
400711000.0
247078000.0
539818000.0
264957000.0
223971000.0
201838000.0
470862000.0
326738000.0
470630000.0
452185000.0
269416000.0
214408000.0
401112000.0
313037000.0
187884000.0
385219000.0
400256000.0
161910000.0
175292000.0
151900000.0
168466000.0
328916000.0
183894000.0
397977000.0
242520000.0
725127000.0
199553000.0
202914000.0
267226000.0
320387000.0
573564000.0
369420000.0
436624000.0
429994000.0
359428000.0
198182000.0
165557000.0
276946000.0
835278000.0
194147000.0
305308000.0
311840000.0
358431000.0
163499000.0
392471000.0
194133000.0
242394000.0
392656000.0
290234000.0
219666000.0
316781000.0
456023000.0
446109000.0
319767000.0
270256000.0
262263000.0
227824000.0
190718000.0
326194000.0
370451000.0
208307000.0
292822000.0
663253000.0
143190000.0
296219000.0
201377000.0
465286000.0
329898000.0
214624000.0
621782000.0
431333000.0
373353000.0
177111000.0
517138000.0
500216000.0
350608000.0
167090000.0
217224000.0
528546000.0
384108000.0
343988000.0
199697000.0
268803000.0
397230000.0
221805000.0
165570000.0
181489000.0
620454000.0
276408000.0
579212000.0
267742000.0
466403000.0
325609000.0
448381000.0
397397000.0
163636000.0
354193000.0
380553000.0
308763000.0
269659000.0
423468000.0
277207000.0
241498000.0
229491000.0
302752000.0
427576000.0
175342000.0
293375000.0
413164000.0
381264000.0
223277000.0
357206000.0
376677000.0
233447000.0
258716000.0
480655000.0
215676000.0
280785000.0
391532000.0
685116000.0
280608000.0
237034000.0
313147000.0
303448000.0
401183000.0
263547000.0
193037000.0
387784000.0
334403000.0
418322000.0
171781000.0
211366000.0
271640000.0
185867000.0
324019000.0
254548000.0
193424000.0
281405000.0
239600000.0
511145000.0
252520000.0
377643000.0
202972000.0
361196000.0
226880000.0
238352000.0
829807000.0
270603000.0
427474000.0
296650000.0
277246000.0
204210000.0
240794000.0
173248000.0
831772000.0
458233000.0
410464000.0
490811000.0
293138000.0
441442000.0
175936000.0
522755000.0
223931000.0
391204000.0
262812000.0
243042000.0
242400000.0
203286000.0
267380000.0
567821000.0
196716000.0
476743000.0
327098000.0
351187000.0
405193000.0
269786000.0
724946000.0
297133000.0
295261000.0
320641000.0
166613000.0
217434000.0
285913000.0
249455000.0
240217000.0
665354000.0
184449000.0
321818000.0
372755000.0
236890000.0
323651000.0
258501000.0
228689000.0
208213000.0
381585000.0
231476000.0
282517000.0
246253000.0
611185000.0
280468000.0
240161000.0
256345000.0
149363000.0
181623000.0
367549000.0
484853000.0
216164000.0
300458000.0
276097000.0
392142000.0
642550000.0
238880000.0
162618000.0
219444000.0
180229000.0
178398000.0
477978000.0
511212000.0
209904000.0
587176000.0
389768000.0
196467000.0
418528000.0
346929000.0
274341000.0
458129000.0
174080000.0
235761000.0
318662000.0
189330000.0
680747000.0
171605000.0
197505000.0
216245000.0
265339000.0
268193000.0
442728000.0
258156000.0
373771000.0
334057000.0
217004000.0
460684000.0
148968000.0
262571000.0
395216000.0
279771000.0
290240000.0
240605000.0
374863000.0
725617000.0
203254000.0
213011000.0
212720000.0
514742000.0
328704000.0
371519000.0
189616000.0
564686000.0
267255000.0
282973000.0
274265000.0
160417000.0
246232000.0
203036000.0
471862000.0
201306000.0
400648000.0
229405000.0
294217000.0
364235000.0
155268000.0
324349000.0
404863000.0
168430000.0
284340000.0
461128000.0
437539000.0
200733000.0
484932000.0
198430000.0
453108000.0
175367000.0
185342000.0
297674000.0
381649000.0
425596000.0
322356000.0
264462000.0
310344000.0
332649000.0
510269000.0
519788000.0
182286000.0
235379000.0
690147000.0
264613000.0
385395000.0
219461000.0
334940000.0
324159000.0
325028000.0
266054000.0
490842000.0
428865000.0
338246000.0
244901000.0
352345000.0
219023000.0
271609000.0
244713000.0
275249000.0
161316000.0
230127000.0
209454000.0
262798000.0
593481000.0
339933000.0
457661000.0
214066000.0
434963000.0
252096000.0
200555000.0
254091000.0
284028000.0
197858000.0
582455000.0
244919000.0
227452000.0
338050000.0
190233000.0
246957000.0
389966000.0
584221000.0
348802000.0
223686000.0
371501000.0
573771000.0
179529000.0
156885000.0
426571000.0
212486000.0
635408000.0
825676000.0
167055000.0
420119000.0
199561000.0
343630000.0
648150000.0
182576000.0
447705000.0
341840000.0
276840000.0
174384000.0
437756000.0
254756000.0
225316000.0
462694000.0
265738000.0
310212000.0
212543000.0
158065000.0
225177000.0
547303000.0
323698000.0
390510000.0
326168000.0
592016000.0
215488000.0
289287000.0
256646000.0
272902000.0
278097000.0
184469000.0
289597000.0
205721000.0
199202000.0
256310000.0
338977000.0
302904000.0
190003000.0
153593000.0
227784000.0
178940000.0
388181000.0
299599000.0
317824000.0
580773000.0
248877000.0
449201000.0
187570000.0
285158000.0
448155000.0
199843000.0
224338000.0
417283000.0
253583000.0
143611000.0
311152000.0
623943000.0
289664000.0
213825000.0
278612000.0
239211000.0
310893000.0
225250000.0
305185000.0
207419000.0
418672000.0
208267000.0
134913000.0
205319000.0
210653000.0
383685000.0
174642000.0
758161000.0
199116000.0
701778000.0
240838000.0
178920000.0
160164000.0
418955000.0
314982000.0
718194000.0
197318000.0
178333000.0
363865000.0
257233000.0
286546000.0
326472000.0
305306000.0
249806000.0
321438000.0
491415000.0
464065000.0
335647000.0
208008000.0
213039000.0
218227000.0
388979000.0
225784000.0
182568000.0
397311000.0
526541000.0
824632000.0
524528000.0
172160000.0
388354000.0
161899000.0
213245000.0
145402000.0
272177000.0
459252000.0
450368000.0
199921000.0
288798000.0
296495000.0
314396000.0
219515000.0
318055000.0
775038000.0
245181000.0
441564000.0
280826000.0
210418000.0
313943000.0
163983000.0
418997000.0
202760000.0
802508000.0
447397000.0
155424000.0
274280000.0
356465000.0
236135000.0
240035000.0
322831000.0
225650000.0
203142000.0
293980000.0
260662000.0
279717000.0
357711000.0
501694000.0
179942000.0
519004000.0
280979000.0
636016000.0
166016000.0
156200000.0
253400000.0
304182000.0
374314000.0
183949000.0
177713000.0
255660000.0
238916000.0
511661000.0
313572000.0
224406000.0
585549000.0
319203000.0
270328000.0
383866000.0
238197000.0
195229000.0
191930000.0
423557000.0
236364000.0
484212000.0
386036000.0
488899000.0
157260000.0
776755000.0
318520000.0
391550000.0
215608000.0
285800000.0
382216000.0
278109000.0
223277000.0
176722000.0
268062000.0
210328000.0
537585000.0
482589000.0
216360000.0
261015000.0
340359000.0
327354000.0
347463000.0
433308000.0
600078000.0
278506000.0
234137000.0
202587000.0
354064000.0
429685000.0
735848000.0
500783000.0
241635000.0
259594000.0
382544000.0
304354000.0
204699000.0
416761000.0
166105000.0
786745000.0
141404000.0
604077000.0
649599000.0
228985000.0
372338000.0
387006000.0
326085000.0
438375000.0
363741000.0
250703000.0
196076000.0
302565000.0
542171000.0
252697000.0
160779000.0
462103000.0
619435000.0
181939000.0
180046000.0
224342000.0
162290000.0
249886000.0
370937000.0
333358000.0
299693000.0
457092000.0
544202000.0
225878000.0
238667000.0
260569000.0
159471000.0
282188000.0
388493000.0
232028000.0
491348000.0
187504000.0
486994000.0
237946000.0
207506000.0
639122000.0
369819000.0
328606000.0
318173000.0
390975000.0
264454000.0
431446000.0
566033000.0
415325000.0
165578000.0
169468000.0
339307000.0
372954000.0
810867000.0
376021000.0
202426000.0
178577000.0
520174000.0
233389000.0
368473000.0
447001000.0
170708000.0
404908000.0
581005000.0
302150000.0
329438000.0
172553000.0
369306000.0
280191000.0
152013000.0
615360000.0
664903000.0
364682000.0
691897000.0
230354000.0
232384000.0
778431000.0
271796000.0
331510000.0
198561000.0
234093000.0
272257000.0
503549000.0
150576000.0
421993000.0
231044000.0
181862000.0
499325000.0
139927000.0
211051000.0
223815000.0
432531000.0
302637000.0
225822000.0
646453000.0
303247000.0
306926000.0
493744000.0
231978000.0
301991000.0
253710000.0
475361000.0
434777000.0
438835000.0
326324000.0
176342000.0
202677000.0
172708000.0
680470000.0
602135000.0
236629000.0
223106000.0
276732000.0
372815000.0
477814000.0
463448000.0
282591000.0
662161000.0
141318000.0
225840000.0
332823000.0
