1.13474
1.01809
1.01103
1.07864
1.00444
1.08782
1.01292
1.06426
1.03345
1.00177
1.01693
1.03787
1.02261
1.07185
1.01542
1.02308
1.10061
1.00821
1.01844
1.19408
1.01059
1.02828
1.05369
1.00817
1.00475
1.02931
1.00248
1.00911
1.10053
1.09848
1.01861
1.16734
1.02511
1.0187
1.00457
1.00967
1.13016
1.0855
1.01979
1.06484
1.00461
1.06756
1.18404
1.04614
1.00032
1.01841
1.06091
1.03509
1.09768
1.02339
1.04305
1.01202
1.06102
1.03801
1.04702
1.01111
1.00968
1.11014
1.03776
1.05259
1.00714
1.02046
1.04056
1.21051
1.01903
1.04607
1.02595
1.01842
1.00757
1.09573
1.01832
1.00646
1.00675
1.03042
1.03636
1.00538
1.1047
1.0289
1.01085
1.01272
1.00453
1.00939
1.12071
1.0347
1.08327
1.18468
1.00786
1.03564
1.16045
1.01558
1.04329
1.00611
1.01011
1.03751
1.04786
1.00744
1.17022
1.0159
1.06276
1.08085
1.00999
1.0328
1.00993
1.05334
1.10772
1.03826
1.00192
1.01948
1.02528
1.01786
1.02655
1.03177
1.01306
1.033
1.02027
1.08072
1.00668
1.10076
1.04833
1.22669
1.02036
1.04959
1.00251
1.10147
1.02973
1.00794
1.05116
1.00307
1.15714
1.0391
1.00194
1.03731
1.00233
1.01786
1.00858
1.02048
1.01702
1.03146
1.00323
1.0602
1.03105
1.0518
1.15967
1.05332
1.11512
1.06265
1.03537
1.05079
1.01016
1.02325
1.00218
1.02664
1.02247
1.00058
1.0023
1.00685
1.06679
1.02327
1.03844
1.05615
1.0777
1.16124
1.06836
1.00474
1.02438
1.00985
1.07606
1.02389
1.00626
1.04901
1.00755
1.00473
1.05753
1.04247
1.03777
1.00838
1.00634
1.02343
1.12622
1.01301
1.0199
1.04073
1.01037
1.12172
1.01746
1.0085
1.05823
1.07983
1.03265
1.00786
1.02505
1.10943
1.04858
1.01943
1.01174
1.04271
1.04928
1.00189
1.00769
1.0521
1.00636
1.00441
1.02408
1.01618
1.03799
1.01473
1.02761
1.0207
1.0986
1.00296
1.00221
1.06346
1.00866
1.01465
1.06227
1.10484
1.04705
1.00743
1.04687
1.10583
1.09762
1.0126
1.01472
1.02287
1.00087
1.0093
1.04314
1.02237
1.00828
1.00263
1.05495
1.05149
1.0074
1.03078
1.13
1.05394
1.04917
1.03992
1.05301
1.02765
1.01616
1.02333
1.03101
1.03684
1.00684
1.00726
1.10791
1.00272
1.02914
1.02271
1.02139
1.05653
1.10523
1.00927
1.0206
1.04776
1.03403
1.00699
1.01553
1.04234
1.05271
1.01531
1.00422
1.05852
1.00726
1.07088
1.00886
1.07977
1.01454
1.01578
1.00515
1.02056
1.03522
1.02135
1.11287
1.0254
1.01468
1.00553
1.00555
1.04843
1.02072
1.0047
1.10384
1.00443
1.08276
1.09203
1.09687
1.02465
1.01969
1.00533
1.06495
1.0514
1.0198
1.00965
1.16887
1.034
1.01477
1.01532
1.12101
1.03426
1.1521
1.03381
1.0069
1.08622
1.00808
1.0082
1.10833
1.02256
1.00443
1.14848
1.0247
1.01551
1.01891
1.06558
1.00827
1.09242
1.04952
1.01949
1.00853
1.14631
1.04889
1.0536
1.01051
1.12909
1.01943
1.02702
1.00119
1.03296
1.17395
1.0088
1.00029
1.0454
1.05617
1.02777
1.03
1.01537
1.03757
1.05627
1.01333
1.03866
1.03147
1.00474
1.01028
1.02229
1.0266
1.15719
1.02847
1.02569
1.01995
1.01556
1.00688
1.01722
1.01879
1.0234
1.09156
1.02144
1.01746
1.00916
1.02556
1.00513
1.00963
1.0067
1.00496
1.05389
1.01629
1.02335
1.01948
1.03237
1.04051
1.00915
1.01414
1.01254
1.07103
1.0139
1.03252
1.00798
1.03631
1.02709
1.00762
1.0046
1.00583
1.13036
1.02587
1.03265
1.02312
1.05123
1.0807
1.00451
1.03022
1.01238
1.01225
1.00423
1.00745
1.05983
1.09724
1.01337
1.01382
1.01275
1.02978
1.02579
1.02298
1.07517
1.0091
1.03733
1.02159
1.00896
1.06308
1.0361
1.09124
1.04459
1.0024
1.02581
1.00258
1.00861
1.01512
1.00537
1.00702
1.02179
1.00335
1.046
1.0261
1.04194
1.02338
1.09374
1.03915
1.01215
1.07367
1.08468
1.02189
1.01214
1.00995
1.08127
1.03465
1.01421
1.01087
1.13731
1.12171
1.07914
1.00587
1.03213
1.0202
1.00903
1.10099
1.01417
1.05347
1.02729
1.02328
1.03637
1.0437
1.0199
1.02121
1.10359
1.11157
1.01784
1.00441
1.11244
1.01756
1.00401
1.28034
1.02274
1.01221
1.01368
1.01728
1.13029
1.00252
1.03255
1.05664
1.23921
1.02818
1.04613
1.01809
1.06449
1.0414
1.0119
1.07332
1.00661
1.0596
1.08009
1.01679
1.01587
1.00162
1.01977
1.01389
1.0264
1.00524
1.03877
1.05564
1.06974
1.03263
1.07795
1.01708
1.0677
1.00604
1.01514
1.01133
1.03441
1.08393
1.06878
1.01249
1.03316
1.01697
1.01529
1.04842
1.04826
1.1563
1.02277
1.03556
1.03429
1.0104
1.05993
1.16082
1.23238
1.01373
1.04417
1.01641
1.002
1.05521
1.0209
1.0558
1.04591
1.00155
1.01244
1.19408
1.01807
1.06019
1.03125
1.0469
1.06744
1.12632
1.13402
1.03779
1.01054
1.07368
1.00815
1.00974
1.02904
1.05694
1.04094
1.03722
1.00076
1.0057
1.08801
1.01612
1.124
1.03799
1.04267
1.03283
1.06537
1.08634
1.01335
1.00908
1.01979
1.11646
1.08788
1.03139
1.03703
1.00426
1.05596
1.08728
1.03963
1.00588
1.02935
1.02327
1.06892
1.04357
1.00718
1.14272
1.00714
1.0073
1.02423
1.02385
1.00896
1.09475
1.09375
1.0228
1.06334
1.01898
1.10223
1.12921
1.05972
1.0041
1.01974
1.00787
1.01282
1.06744
1.01472
1.02387
1.02763
1.03901
1.02451
1.01066
1.05744
1.01416
1.00434
1.00489
1.0091
1.17852
1.03668
1.00997
1.01023
1.05889
1.00369
1.00286
1.02025
1.00333
1.03312
1.00635
1.02654
1.00893
1.00977
1.0101
1.1284
1.02147
1.01323
1.12341
1.0097
1.04709
1.01423
1.00868
1.00261
1.00894
1.0233
1.15341
1.14239
1.01382
1.0159
1.00773
1.07397
1.01191
1.03057
1.04281
1.05492
1.00667
1.05702
1.01107
1.04017
1.07759
1.05897
1.00536
1.11349
1.0248
1.02005
1.01912
1.02116
1.0321
1.08079
1.08066
1.01696
1.09302
1.01196
1.00902
1.01231
1.09128
1.10107
1.03573
1.00172
1.00425
1.03251
1.0199
1.03592
1.00683
1.00933
1.09445
1.02542
1.02731
1.03494
1.01428
1.02546
1.00829
1.02158
1.01986
1.00515
1.08344
1.03318
1.04887
1.06569
1.02627
1.04493
1.04305
1.02253
1.00624
1.09743
1.10326
1.08875
1.0446
1.02725
1.04181
1.03034
1.01158
1.02061
1.08233
1.03102
1.02078
1.00657
1.00437
1.07946
1.00737
1.1038
1.01769
1.04791
1.01086
1.06577
1.02164
1.02106
1.00125
1.05504
1.14856
1.00674
1.06116
1.00866
1.00815
1.03517
1.00595
1.01323
1.01161
1.01843
1.1389
1.07277
1.07227
1.02233
1.00287
1.00426
1.02028
1.00384
1.01322
1.05532
1.00786
1.04475
1.08911
1.0146
1.00562
1.04099
1.02804
1.05856
1.01354
1.03625
1.00662
1.01558
1.01048
1.02752
1.00723
1.00864
1.00046
1.00409
1.024
1.03549
1.02299
1.00189
1.02156
1.0004
1.03177
1.02132
1.01754
1.18276
1.03838
1.00843
1.00672
1.01689
1.02555
1.07801
1.04757
1.00772
1.00515
1.08104
1.00403
1.07577
1.02859
1.01474
1.01592
1.022
1.00437
1.08402
1.02572
1.01024
1.20397
1.00879
1.00412
1.01356
1.01203
1.0066
1.00731
1.00337
1.0154
1.04474
1.0522
1.03207
1.03554
1.00694
1.01395
1.00996
1.01136
1.00564
1.05551
1.00446
1.00979
1.03812
1.05631
1.025
1.00649
1.00749
1.06739
1.07407
1.00244
1.00145
1.01811
1.06829
1.03725
1.00977
1.01988
1.00613
1.00532
1.0381
1.06568
1.01717
1.01882
1.04185
1.05246
1.01856
1.04717
1.01477
1.01379
1.01452
1.03814
1.01539
1.00295
1.12832
1.03
1.19272
1.01628
1.01069
1.20483
1.01989
1.12579
1.00847
1.00407
1.11647
1.02129
1.08553
1.00651
1.05986
1.08638
1.02405
1.00629
1.02209
1.01455
1.02072
1.02399
1.00342
1.03305
1.00405
1.03927
1.00786
1.01436
1.08076
1.06343
1.03877
1.00473
1.02355
1.01139
1.02059
1.01668
1.02563
1.01061
1.02424
1.01018
1.03933
1.01406
1.0378
1.02233
1.01336
1.05686
1.09204
1.01462
1.01212
1.01161
1.05657
1.01063
1.00811
1.04449
1.01565
1.02156
1.02624
1.00784
1.05044
1.02119
1.03378
1.12404
1.02337
1.00672
1.03127
1.02056
1.01637
1.00849
1.00946
1.0119
1.05696
1.01473
1.04247
1.03297
1.0304
1.03219
1.01813
1.08919
1.00968
1.05637
1.00248
1.00863
1.01391
1.08046
1.00643
1.00939
1.00711
1.02341
1.09597
1.00313
1.07627
1.01052
1.01538
1.02726
1.02389
1.01723
1.10257
1.02478
1.00982
1.01261
1.13002
1.00732
1.01834
1.02417
1.01266
1.03456
1.00714
1.07326
1.02631
1.01063
1.02721
1.02223
1.00315
1.04533
1.00855
1.0301
1.01066
1.01313
1.03068
1.07967
1.0228
1.0393
1.03482
1.038
1.02472
1.02304
1.00987
1.00171
1.01772
1.00884
1.0233
1.01201
1.01636
1.0071
1.02825
1.03032
1.03251
1.08677
1.01852
1.09473
1.00814
1.12385
1.0066
1.0283
1.05562
1.04828
1.02511
1.02819
1.10602
1.09867
1.02965
1.09425
1.00393
1.09963
1.06196
1.00759
1.05778
1.06926
1.00722
1.04805
1.07624
1.05165
1.04275
1.02809
1.00353
1.03099
1.0239
1.00214
1.02682
1.00418
1.00744
1.00379
1.10354
1.00869
1.01358
1.24548
1.06906
1.06463
1.15463
1.019
1.34184
1.03157
1.16561
1.11091
1.00925
1.04438
1.07897
1.05046
1.11724
1.03012
1.03759
1.16076
1.0202
1.04489
1.46254
1.02143
1.04663
1.1468
1.0275
1.0759
1.0486
1.01062
1.01816
1.50815
1.12082
1.10565
1.41905
1.09453
1.03401
1.01497
1.02538
1.16335
1.0965
1.08718
1.13584
1.01761
1.43769
1.33002
1.12182
1.00619
1.04551
1.11147
1.17088
1.26329
1.06028
1.05426
1.02335
1.11047
1.05608
1.08039
1.02965
1.03634
1.15247
1.08693
1.12114
1.01606
1.05053
1.09864
1.45312
1.03891
1.07252
1.06694
1.12884
1.02041
1.11919
1.02308
1.02586
1.02543
1.06188
1.05744
1.01399
1.17835
1.05153
1.01997
1.01851
1.02048
1.0459
1.15896
1.08634
1.14253
1.36461
1.03242
1.25573
1.23456
1.08758
1.10148
1.01817
1.02223
1.08073
1.06286
1.02909
1.59933
1.028
1.11076
1.0931
1.02772
1.04815
1.02626
1.11012
1.4514
1.05258
1.01353
1.07451
1.05058
1.10197
1.04214
1.05877
1.03273
1.05797
1.03286
1.09541
1.02355
1.32608
1.2822
1.49407
1.03512
1.17458
1.00941
1.2148
1.0405
1.02997
1.0675
1.00448
1.17865
1.06847
1.01148
1.0525
1.01881
1.03539
1.03341
1.04892
1.03495
1.05003
1.01618
1.14886
1.20916
1.0784
1.39652
1.144
1.18041
1.10612
1.10506
1.07413
1.04355
1.02966
1.01973
1.14381
1.06566
1.01374
1.01714
1.02432
1.07502
1.02941
1.08784
1.08244
1.11434
1.30648
1.07835
1.01416
1.10556
1.02429
1.09803
1.06158
1.01354
1.08817
1.01587
1.02272
1.08871
1.07885
1.07562
1.0291
1.01369
1.08342
1.57091
1.02033
1.11559
1.08547
1.0165
1.15053
1.02815
1.07808
1.16633
1.13106
1.05399
1.02366
1.09202
1.29217
1.34625
1.11687
1.0217
1.05903
1.12705
1.0318
1.02166
1.13453
1.02643
1.00861
1.06204
1.0935
1.05348
1.0274
1.20339
1.0347
1.14636
1.0121
1.00752
1.09929
1.08254
1.03879
1.44916
1.14681
1.13276
1.01579
1.15812
1.39912
1.13328
1.02358
1.02152
1.03021
1.01627
1.018
1.0767
1.02992
1.04868
1.02095
1.22363
1.09244
1.01559
1.04237
1.56014
1.08514
1.06678
1.07348
1.08549
1.04011
1.03666
1.048
1.04911
1.06985
1.046
1.02704
1.31293
1.0256
1.0554
1.03491
1.04151
1.10233
1.15869
1.01911
1.04283
1.06106
1.04083
1.01082
1.02802
1.10212
1.31013
1.04142
1.03518
1.16064
1.02582
1.14566
1.02521
1.13706
1.02187
1.26223
1.01307
1.03255
1.11268
1.06083
1.30299
1.08934
1.02728
1.01258
1.01466
1.17736
1.04205
1.01514
1.14603
1.01703
1.32755
1.16428
1.19924
1.03706
1.02934
1.02262
1.15229
1.2681
1.03194
1.02594
1.22642
1.04776
1.04465
1.03119
1.15422
1.05605
1.25671
1.1053
1.01618
1.15783
1.02024
1.01724
1.12486
1.04696
1.04383
1.49604
1.03839
1.02627
1.08259
1.12687
1.01868
1.23883
1.14727
1.04502
1.02852
1.28192
1.06821
1.3445
1.02533
1.21699
1.04198
1.10833
1.01284
1.14816
1.6167
1.01693
1.00706
1.21757
1.09589
1.04494
1.11711
1.03336
1.18496
1.50557
1.03728
1.14434
1.05357
1.01829
1.02495
1.05664
1.05331
1.35402
1.0649
1.03974
1.07304
1.04637
1.01305
1.05528
1.12214
1.09017
1.12784
1.03112
1.03827
1.02793
1.0546
1.01984
1.03206
1.02039
1.01546
1.11874
1.03676
1.04422
1.14374
1.09005
1.08511
1.02079
1.03595
1.03428
1.60466
1.0264
1.05328
1.01461
1.06723
1.0321
1.03739
1.00954
1.02973
1.16053
1.03597
1.0912
1.03151
1.14658
1.12653
1.01302
1.04204
1.03712
1.02
1.00955
1.02175
1.08029
1.21641
1.03203
1.03057
1.02911
1.13007
1.22312
1.07604
1.10221
1.02155
1.07308
1.03435
1.03245
1.17983
1.05256
1.19479
1.05653
1.01474
1.05174
1.01314
1.03112
1.02947
1.02288
1.06198
1.10321
1.01022
1.15428
1.06528
1.16914
1.10259
1.14087
1.07933
1.03366
1.14237
1.15042
1.03286
1.03277
1.02112
1.17185
1.04433
1.02343
1.42598
1.19699
1.18053
1.2103
1.01712
1.07752
1.09739
1.01688
1.19742
1.02516
1.10326
1.05563
1.03647
1.13675
1.13563
1.07617
1.03613
1.2075
1.2072
1.03004
1.01861
1.45719
1.04931
1.01562
1.57403
1.06217
1.01832
1.02532
1.15218
1.28092
1.02997
1.07939
1.09603
1.36733
1.05953
1.06958
1.05055
1.08992
1.07528
1.0202
1.09245
1.01119
1.07501
1.20078
1.02742
1.11276
1.01922
1.02831
1.02568
1.09277
1.00962
1.12953
1.53315
1.10166
1.05427
1.11057
1.09393
1.17419
1.02229
1.02072
1.04061
1.07676
1.21159
1.13093
1.0353
1.25128
1.03145
1.08984
1.08674
1.44749
1.61549
1.12864
1.09804
1.05309
1.06114
1.13689
1.42753
1.5314
1.03087
1.09467
1.06226
1.01265
1.0977
1.02897
1.09624
1.05987
1.00968
1.06845
1.58991
1.03809
1.63936
1.06103
1.06787
1.11602
1.23226
1.23924
1.08579
1.03945
1.13998
1.01844
1.02837
1.04856
1.66084
1.08099
1.06184
1.01453
1.02727
1.24106
1.11155
1.2723
1.05572
1.14697
1.04735
1.32626
1.1438
1.02639
1.02852
1.13282
1.14743
1.17383
1.06231
1.04762
1.01438
1.21357
1.25607
1.12446
1.01703
1.05178
1.04671
1.09572
1.07595
1.02977
1.25335
1.04006
1.03503
1.04124
1.06834
1.05378
1.1572
1.21938
1.02805
1.15692
1.03058
1.11692
1.26894
1.12294
1.01195
1.04196
1.01662
1.02746
1.1046
1.05779
1.05344
1.05979
1.05926
1.20153
1.02125
1.08335
1.0589
1.00976
1.01725
1.09141
1.23252
1.10509
1.02116
1.02846
1.22497
1.01536
1.01479
1.04354
1.01088
1.08347
1.02721
1.03831
1.0182
1.02018
1.01535
1.21423
1.04382
1.03418
1.29521
1.07113
1.09426
1.0425
1.04313
1.01679
1.02253
1.05706
1.27488
1.38314
1.02614
1.04365
1.03313
1.09782
1.01973
1.04261
1.08097
1.14138
1.04395
1.15644
1.02519
1.78112
1.14967
1.38771
1.02076
1.20596
1.04844
1.11212
1.11495
1.04361
1.04663
1.18166
1.22703
1.0432
1.58273
1.05332
1.02437
1.02107
1.12705
1.20229
1.04672
1.0144
1.01266
1.06049
1.33845
1.04086
1.01653
1.02335
1.1167
1.0461
1.08154
1.07008
1.03584
1.03289
1.01388
1.08648
1.05412
1.01966
1.11515
1.06692
1.07047
1.12817
1.09593
1.05454
1.12433
1.23049
1.02747
1.15578
1.32045
1.36705
1.2552
1.04724
1.0516
1.03802
1.01704
1.07403
1.30975
1.05564
1.0396
1.02164
1.01039
1.18153
1.02126
1.13359
1.02712
1.08938
1.02145
1.12376
1.03551
1.06914
1.0157
1.13549
1.27551
1.02451
1.12307
1.20872
1.04015
1.07777
1.02707
1.02442
1.01942
1.04598
1.24707
1.19897
1.13481
2.2581
1.01305
1.02137
1.23208
1.01964
1.09688
1.18223
1.01702
1.07708
1.13154
1.02506
1.02023
1.06493
1.05017
1.14876
1.05475
1.11188
1.0127
1.03887
1.02033
1.06603
1.0458
1.02054
1.00923
1.0116
1.02904
1.14626
1.07472
1.01428
1.07008
1.02596
1.24178
1.26624
1.08616
1.58036
1.08021
1.02544
1.03182
1.0552
1.076
1.26631
1.097
1.0181
1.04478
1.16148
1.01076
1.28232
1.04784
1.02836
1.03748
1.04696
1.01329
1.33379
1.04667
1.06197
1.54027
1.04098
1.0123
1.03284
1.02944
1.03205
1.02075
1.0088
1.03424
1.14808
1.07292
1.0459
1.10095
1.03472
1.02167
1.02552
1.05662
1.02098
1.16616
1.01452
1.01493
1.05878
1.07203
1.03441
1.02068
1.05716
1.35786
1.44545
1.01152
1.0107
1.03609
1.09963
1.07395
1.01528
1.0456
1.03806
1.02333
1.17367
1.08668
1.02836
1.03214
1.06252
1.46232
1.10128
1.17153
1.02578
1.06909
1.02924
1.08948
1.02461
1.01203
1.19549
1.05068
1.25276
1.03174
1.03028
1.29646
1.03045
1.21326
1.03988
1.01841
1.17915
1.14916
1.53674
1.01734
1.07016
1.1416
1.04373
1.01501
1.02903
1.03665
1.0759
1.0312
1.00892
1.04885
1.02183
1.06545
1.01879
1.02597
1.10427
1.09176
1.05628
1.01651
1.17991
1.05629
1.03758
1.02922
1.04281
1.01745
1.03089
1.01627
1.05929
1.11354
1.04578
1.05804
1.04545
1.13519
1.16761
1.0366
1.02011
1.05028
1.13087
1.02551
1.054
1.36886
1.02989
1.0438
1.06408
1.0204
1.1062
1.0921
1.05213
1.17173
1.03959
1.0268
1.03966
1.03983
1.06269
1.01502
1.02458
1.02011
1.14178
1.06233
1.1211
1.05435
1.21624
1.06288
1.04087
1.14916
1.02002
1.14273
1.02507
1.02819
1.02302
1.19579
1.0247
1.02074
1.0163
1.05564
1.21869
1.02119
1.08945
1.02176
1.10695
1.13054
1.73615
1.026
1.28673
1.0379
1.03278
1.03398
1.15325
1.03839
1.03364
1.04324
1.04476
1.04901
1.01964
1.17408
1.04963
1.0259
1.062
1.03664
1.01212
1.16399
1.04192
1.04287
1.02228
1.01895
1.04523
1.11192
1.02899
1.11125
1.44032
1.05072
1.06955
1.03727
1.04294
1.0183
1.09228
1.01792
1.03138
1.02168
1.02778
1.01454
1.04171
1.04426
1.05298
1.10929
1.03589
1.13322
1.01493
1.211
1.02364
1.11307
1.12598
1.18818
1.0816
1.04618
1.17602
1.11392
1.06302
1.11084
1.0078
1.27912
1.11139
1.01378
1.17396
1.09287
1.024
1.11329
1.09817
1.16059
1.10087
1.07093
1.00984
1.13782
1.05544
1.0109
1.05151
1.00867
1.02142
1.08053
1.11636
1.04116
1.0247
1.81252
2.98862
1.46632
1.83072
1.35834
2.72154
3.07375
2.16344
1.86815
1.31215
1.57714
2.81493
2.31238
1.95228
2.45794
2.4731
2.16216
1.82678
1.37801
2.68855
2.76038
3.20767
1.61157
1.06802
1.34013
1.5228
1.83475
1.69307
1.77266
2.57755
2.53548
2.07453
2.6138
1.30376
2.88634
3.0474
1.68189
2.00721
1.78074
1.90533
1.97003
1.66302
2.12697
2.22954
1.56804
1.33595
2.40792
3.30884
2.3994
2.80992
2.82121
2.91678
1.77355
1.50466
2.70442
1.9766
1.39331
1.71141
2.17872
2.30066
1.12519
1.97216
1.80009
2.11858
2.70487
1.33634
2.01578
1.71834
1.45181
1.336
2.42157
1.16416
1.52106
1.90362
1.39519
1.07859
1.99174
1.85285
2.10312
1.8615
2.29576
1.98873
1.598
2.10443
1.91637
2.40655
2.03649
2.18261
2.22608
1.3089
2.38782
1.99099
1.35406
1.18149
2.11657
2.40977
1.77101
2.42581
1.9403
1.5684
2.55
1.78954
2.79325
3.23444
2.6805
2.56701
2.16285
2.04885
1.52425
2.0999
1.50749
2.75324
2.21645
2.99134
2.55605
1.94148
1.92839
1.93856
2.20842
2.52209
1.94274
2.16031
3.14021
2.50887
1.54551
1.96424
1.96547
1.00656
1.65935
2.47546
2.57916
2.80256
1.95657
2.4366
1.73707
2.78245
2.3694
1.53856
2.08368
2.77353
1.95634
2.92352
1.97615
2.58058
1.72774
2.637
1.17381
1.44778
1.45083
2.2242
2.16791
1.76693
3.22007
1.47364
2.66798
3.28589
1.53931
2.26088
2.55543
1.81403
1.95186
2.30535
1.7406
1.89689
2.0589
2.66342
1.51117
2.70223
1.68218
2.90344
1.90684
2.7391
2.57485
1.67963
2.65333
1.60793
2.81796
2.21945
2.32089
1.35719
2.08689
1.86465
2.37106
2.29844
2.74334
1.83779
1.26534
1.71201
1.68995
1.7643
2.28975
2.0793
2.33932
1.65957
2.29074
2.98744
2.34212
1.9374
1.55485
2.51116
1.28927
1.48109
2.06468
2.11954
1.74773
2.31789
1.67223
3.18219
1.80886
2.41566
1.16147
2.35291
2.03273
2.22578
2.83524
1.67653
1.48584
1.90106
2.07305
1.78006
2.6313
2.14109
2.79794
1.17152
2.447
1.4969
2.89534
1.9531
1.41451
2.45855
2.04559
1.66228
2.36332
1.60938
2.09727
2.01834
1.66807
2.25247
2.90594
1.48369
2.21187
2.2296
2.39262
1.6548
2.59666
1.7039
1.75758
1.66257
2.95584
1.75636
2.22898
1.29542
2.35645
1.30887
3.15357
1.76664
1.40205
2.46907
1.51554
2.13951
2.64601
1.71975
2.12534
2.3244
2.09279
1.98621
2.75946
2.60128
1.25218
1.85306
1.45085
2.74814
1.43166
1.15717
2.49574
1.95014
1.77516
2.68606
1.15378
2.70726
3.37367
1.67899
1.34918
1.86416
2.30019
1.4749
2.04968
2.93019
2.20092
1.22053
1.89906
2.04927
2.12089
3.15197
2.19699
2.04942
3.11945
2.60825
2.06218
1.57491
2.29452
1.6896
2.50499
1.80603
3.02527
2.4128
1.87221
2.79373
1.27399
2.27949
2.8234
2.97947
2.26237
2.77359
2.09752
2.12548
1.43077
2.1043
2.10813
1.89972
1.43662
1.47696
3.15177
2.18586
2.6727
2.00366
2.69457
3.01016
1.89877
1.1678
2.29551
1.28105
1.18988
2.17074
2.33529
2.9443
2.9349
2.62508
1.34256
2.82073
1.72587
2.8972
2.89613
2.49299
1.16679
2.02747
1.50902
2.38827
1.92322
1.1502
2.31849
2.5295
1.78286
1.68725
1.55811
1.43884
2.46644
2.56221
1.80751
1.60052
2.91813
1.28845
1.40854
2.30835
1.8106
3.56541
2.09644
2.47104
2.42134
1.55667
2.66899
3.04994
2.56261
2.48369
2.42568
1.18564
2.36712
1.45868
1.78399
1.47618
1.46946
1.49909
1.85503
2.82686
1.2387
1.24041
2.27167
1.93924
2.67725
2.61522
1.10928
1.04864
1.57913
1.84216
3.18838
3.14643
2.0426
1.65943
1.22841
1.44237
1.37347
2.54028
3.23609
2.64741
2.31968
2.51383
1.26026
2.42572
2.27813
1.34831
1.27852
1.31762
1.56621
2.24466
1.92133
2.32
3.26365
2.03971
1.9923
1.24871
3.24215
2.02423
2.35838
1.63887
2.00098
1.6791
1.8117
3.22945
2.03435
2.49979
1.58754
2.49235
2.08886
2.93967
2.66099
1.99716
2.85955
1.55426
2.42644
2.11043
2.04331
1.59061
1.58608
2.74058
2.88699
1.25514
1.48029
2.70126
3.42681
2.15744
2.63009
2.24072
2.79471
2.67732
1.72374
2.18061
3.02261
1.6555
2.81689
2.57441
2.9214
1.58577
1.24694
2.69758
1.61156
1.6509
2.06612
2.65317
2.21626
1.94222
2.08954
1.84481
2.55188
1.67798
1.31867
2.2739
1.65823
2.33458
2.94468
1.50025
3.07071
1.05721
3.25613
1.40342
2.26532
2.82609
2.47589
1.41597
2.11714
2.20993
1.83209
2.77783
1.19881
2.60569
2.72279
1.76916
1.63697
2.10235
1.53837
2.75446
1.81822
1.72489
1.56156
2.76693
2.55024
2.43347
2.33462
1.67076
2.85571
2.75626
2.21943
3.10512
2.03058
1.54195
1.17781
1.64046
1.43184
2.41972
2.1518
2.10306
1.86743
2.06466
3.35454
2.02997
2.96983
3.07088
1.97796
1.82568
2.73723
1.62336
3.24887
1.78075
2.11801
2.4263
3.35582
2.58949
2.45039
1.68108
1.36967
1.8712
2.15764
1.91426
1.60369
2.60166
2.6528
1.87891
2.6644
2.37307
1.90153
2.02792
2.21246
2.94701
1.85261
2.87507
1.43062
1.54386
1.32492
2.69474
1.46382
1.70924
1.60148
2.21466
2.68702
2.01866
2.59107
2.21786
2.17166
1.89374
2.6199
2.7913
1.87445
2.68708
2.05563
1.69069
2.45316
2.34114
3.14391
1.67403
1.98535
2.93922
1.52449
1.69378
1.07773
2.98284
2.56114
1.19714
1.92821
1.64698
2.66689
2.83929
1.50718
2.11418
2.29464
1.1042
1.45687
2.58983
1.70615
1.50098
1.40175
2.07175
2.31559
1.04371
2.28552
3.26279
2.22385
2.74189
1.67861
2.15605
2.67226
1.67968
2.77067
1.98752
2.44484
2.184
1.81838
1.68933
2.19725
1.77736
2.14672
2.58508
1.77501
3.66006
2.93023
1.75156
2.20506
2.16621
2.57677
1.57587
1.65621
1.77027
2.39232
1.91995
2.50138
1.35849
1.70741
2.11877
3.05976
2.36452
1.86928
1.92293
2.11423
1.73344
1.71922
3.29444
1.72982
1.69054
3.09401
1.47784
2.02501
1.1851
2.9527
1.10428
1.45324
1.50575
1.22174
2.37479
1.11655
2.86412
1.60317
1.28454
2.71281
2.93109
1.62298
2.7497
1.23435
1.55454
2.18801
1.48958
1.56807
1.57316
1.35511
2.0257
1.64137
2.49051
1.83247
1.65539
3.0849
2.40242
2.71368
2.94629
1.66564
2.14019
1.55935
2.30811
2.90797
3.30767
2.43759
1.4618
3.33598
2.05447
2.18701
2.76988
3.02894
1.52315
1.06475
1.44808
2.49631
1.69678
2.64203
2.90931
2.07308
1.90691
3.06502
1.43521
1.41163
2.25111
2.47247
1.13854
2.40994
2.77552
1.07213
2.74145
1.13089
1.43295
2.1494
1.55705
2.85414
2.56003
2.22581
2.79678
1.57479
3.1336
1.59509
1.4152
1.36204
1.60399
1.89551
1.76212
2.75346
3.10667
1.50321
3.28567
1.98269
2.63694
1.6844
1.32231
1.78872
2.14981
2.55999
1.4842
1.45327
1.68017
1.34768
2.04968
1.44619
2.79027
2.11656
1.84552
1.97436
1.32099
1.52818
2.1423
1.81145
1.95753
3.03032
2.53969
2.40739
2.07665
1.86929
2.52024
2.09899
1.43096
2.76033
3.07997
1.17128
1.91938
1.61395
1.63258
1.4673
1.33858
2.87515
2.37945
2.69909
1.78889
1.74234
2.85001
1.9249
2.93519
1.24993
1.06829
2.37531
3.18638
2.57542
2.06375
2.83586
1.63167
1.46328
2.50861
2.0714
1.76921
1.38319
1.68419
3.049
1.51244
2.38637
1.54509
1.97901
1.75974
1.65359
2.46542
1.9254
1.64374
1.80757
1.78213
2.75083
1.46221
1.98955
1.1123
2.11169
2.68743
2.52056
3.00449
1.60135
1.1633
2.33232
2.36467
2.27062
2.15543
3.3376
3.11483
1.66695
2.8927
1.78087
3.11708
2.75081
2.42371
2.342
1.7036
1.59561
1.39792
2.43193
1.51359
2.16507
2.32439
2.97871
2.00318
1.17933
1.78447
3.03409
1.69457
2.26702
1.69198
1.12166
2.62168
1.37464
2.53977
1.97513
1.37579
2.47646
1.79754
1.76424
1.04494
3.11915
1.56794
2.49808
1.85177
1.25774
1.79938
1.40041
2.42197
1.55891
2.51429
1.53275
1.10856
1.05782
1.51437
1.49792
1.27638
2.52302
1.72422
1.34732
1.44369
1.71165
2.42986
2.19792
1.77418
2.16066
2.10025
1.77022
1.28084
1.9621
1.31358
1.38702
2.77655
2.28836
2.91277
2.51866
2.06234
2.21521
1.93728
1.15361
3.03956
1.83279
2.92082
2.0513
1.68846
1.82022
2.51348
2.29655
3.02749
1.79195
1.63069
2.69345
3.22553
1.40396
1.7584
3.13574
1.60622
1.59134
3.05649
2.06899
2.63605
1.15665
2.27855
1.02873
1.26618
2.85064
1.34992
1.23549
2.20764
1.83094
2.00988
2.37514
2.73343
1.67647
1.55631
2.10694
2.95543
2.4681
1.55075
1.65352
2.13505
2.091
2.0361
2.19958
2.21523
2.56635
1.32634
1.36947
1.79479
1.30524
2.64708
1.80076
2.41212
2.25891
2.50136
2.40709
2.39543
1.46715
1.25418
2.85217
1.28401
1.87428
2.47657
2.99441
1.37333
1.2764
3.24516
1.2751
1.25237
1.74198
1.5904
1.28128
1.8656
1.42067
1.43912
1.89704
1.17626
1.86531
1.85233
2.13342
1.16546
2.88027
2.58307
2.29448
2.50936
1.79055
1.87796
2.07575
1.60203
2.27349
2.77077
2.66
2.06036
1.22994
2.10408
1.68305
1.65053
2.928
2.26546
2.71189
2.65287
2.50555
1.40153
2.52409
2.00869
1.68826
2.17877
1.80917
3.22171
292620000.0
179232000.0
529141000.0
315440000.0
598200000.0
190677000.0
166499000.0
232377000.0
353790000.0
636582000.0
456765000.0
186274000.0
260849000.0
304065000.0
237717000.0
218926000.0
259583000.0
377450000.0
553903000.0
190864000.0
200337000.0
161273000.0
411535000.0
814610000.0
613421000.0
462185000.0
376822000.0
417495000.0
355082000.0
195180000.0
238449000.0
262603000.0
214800000.0
600516000.0
185450000.0
174211000.0
298670000.0
264122000.0
344160000.0
287450000.0
336700000.0
387957000.0
249986000.0
262891000.0
484967000.0
566389000.0
231664000.0
154461000.0
222742000.0
188819000.0
180504000.0
180742000.0
372484000.0
428999000.0
192888000.0
317703000.0
576564000.0
320787000.0
284953000.0
252525000.0
729471000.0
310860000.0
335232000.0
261425000.0
200066000.0
530500000.0
320062000.0
407303000.0
528878000.0
416894000.0
225710000.0
736609000.0
482908000.0
337720000.0
516732000.0
792398000.0
268607000.0
343325000.0
286535000.0
343783000.0
278055000.0
332628000.0
337656000.0
279464000.0
275952000.0
231519000.0
329335000.0
266439000.0
227059000.0
618475000.0
227937000.0
335207000.0
589243000.0
590907000.0
258637000.0
251288000.0
313807000.0
240183000.0
282682000.0
366493000.0
236557000.0
362457000.0
202111000.0
157446000.0
192793000.0
202943000.0
303122000.0
303768000.0
477073000.0
282978000.0
444306000.0
192331000.0
278965000.0
177560000.0
211901000.0
265120000.0
351257000.0
286503000.0
255513000.0
218469000.0
313883000.0
273632000.0
170871000.0
204698000.0
430245000.0
335057000.0
279833000.0
760035000.0
303779000.0
211413000.0
233977000.0
185790000.0
348381000.0
221351000.0
397206000.0
199146000.0
224991000.0
400839000.0
313843000.0
198598000.0
339624000.0
172774000.0
303005000.0
197131000.0
326932000.0
212817000.0
591437000.0
469183000.0
550063000.0
249438000.0
304255000.0
371730000.0
159489000.0
539284000.0
220104000.0
157144000.0
389422000.0
263519000.0
229482000.0
295199000.0
288889000.0
231070000.0
335216000.0
364181000.0
305745000.0
208831000.0
438751000.0
210359000.0
422878000.0
179376000.0
323496000.0
208628000.0
198862000.0
373288000.0
188653000.0
461909000.0
197062000.0
273650000.0
246930000.0
546949000.0
311427000.0
347586000.0
250610000.0
222948000.0
189961000.0
379188000.0
573912000.0
302970000.0
397137000.0
385071000.0
243285000.0
287167000.0
255442000.0
441642000.0
254993000.0
175205000.0
226645000.0
353005000.0
476918000.0
219214000.0
631542000.0
511740000.0
283478000.0
306838000.0
347475000.0
255786000.0
401716000.0
157997000.0
322012000.0
244003000.0
751302000.0
219300000.0
327030000.0
281564000.0
190430000.0
333834000.0
477564000.0
345974000.0
292647000.0
344842000.0
192092000.0
283205000.0
190813000.0
628937000.0
252612000.0
490279000.0
173750000.0
322246000.0
556058000.0
249571000.0
306443000.0
394794000.0
247215000.0
434204000.0
269226000.0
273224000.0
395176000.0
272241000.0
185708000.0
446219000.0
271558000.0
266164000.0
240472000.0
370962000.0
228913000.0
423489000.0
348544000.0
447056000.0
171232000.0
374832000.0
259731000.0
472711000.0
236588000.0
597678000.0
158514000.0
348213000.0
471614000.0
225572000.0
455354000.0
288556000.0
192930000.0
386541000.0
303826000.0
258335000.0
302344000.0
316868000.0
202720000.0
195078000.0
613321000.0
384563000.0
532042000.0
192319000.0
493368000.0
682358000.0
226161000.0
318884000.0
398120000.0
207629000.0
740141000.0
211047000.0
154148000.0
438520000.0
412768000.0
361560000.0
237748000.0
393328000.0
260132000.0
176945000.0
245942000.0
663269000.0
287553000.0
285938000.0
281178000.0
163847000.0
250489000.0
262799000.0
162228000.0
205993000.0
248333000.0
396220000.0
231363000.0
412707000.0
226227000.0
348953000.0
181159000.0
238105000.0
300864000.0
198278000.0
680595000.0
240607000.0
184774000.0
169860000.0
265450000.0
191614000.0
285201000.0
254528000.0
490448000.0
293991000.0
305372000.0
273030000.0
466090000.0
399716000.0
165400000.0
276625000.0
198330000.0
314597000.0
214030000.0
178530000.0
285899000.0
703399000.0
277035000.0
568557000.0
536601000.0
271455000.0
267150000.0
182722000.0
181640000.0
194787000.0
547319000.0
191566000.0
384665000.0
190465000.0
179855000.0
222724000.0
612595000.0
290903000.0
478362000.0
229551000.0
349714000.0
630158000.0
257228000.0
227259000.0
402164000.0
425579000.0
372259000.0
444968000.0
217669000.0
224599000.0
358986000.0
466226000.0
186455000.0
645138000.0
556792000.0
254564000.0
375179000.0
141320000.0
278205000.0
240529000.0
217774000.0
452901000.0
217340000.0
178870000.0
214945000.0
227817000.0
231276000.0
665194000.0
217157000.0
473200000.0
402151000.0
525472000.0
538678000.0
334934000.0
319780000.0
178407000.0
590933000.0
578655000.0
227096000.0
342166000.0
203231000.0
217128000.0
709809000.0
831441000.0
458560000.0
312891000.0
158565000.0
162363000.0
321171000.0
414153000.0
640186000.0
538044000.0
581222000.0
200650000.0
157952000.0
197923000.0
241686000.0
242302000.0
478547000.0
237789000.0
245292000.0
522605000.0
646821000.0
575140000.0
491371000.0
280937000.0
326645000.0
264592000.0
164542000.0
319566000.0
335270000.0
618903000.0
155552000.0
320078000.0
257201000.0
326061000.0
305601000.0
422087000.0
330072000.0
155794000.0
281323000.0
226086000.0
453301000.0
223140000.0
272294000.0
181296000.0
216501000.0
275432000.0
178226000.0
446034000.0
235502000.0
256919000.0
321336000.0
450403000.0
353935000.0
193545000.0
179903000.0
614477000.0
459972000.0
191832000.0
148457000.0
299319000.0
200406000.0
246822000.0
184940000.0
204466000.0
427449000.0
250025000.0
173447000.0
450370000.0
180481000.0
220288000.0
184402000.0
435911000.0
673950000.0
191305000.0
481983000.0
438971000.0
259546000.0
204109000.0
269668000.0
322837000.0
304643000.0
299326000.0
220154000.0
398661000.0
401336000.0
262945000.0
339026000.0
219564000.0
180132000.0
508927000.0
179066000.0
694568000.0
156382000.0
547556000.0
270495000.0
196527000.0
217151000.0
422700000.0
290645000.0
267004000.0
327350000.0
195043000.0
705994000.0
192711000.0
201179000.0
379924000.0
402605000.0
300843000.0
461915000.0
189416000.0
340309000.0
424996000.0
451557000.0
199901000.0
201718000.0
240033000.0
232311000.0
414316000.0
197147000.0
202070000.0
258417000.0
167449000.0
287106000.0
462867000.0
685700000.0
455155000.0
500765000.0
233278000.0
256389000.0
267739000.0
376141000.0
301370000.0
155322000.0
321000000.0
174883000.0
178523000.0
278806000.0
277065000.0
192147000.0
339527000.0
156589000.0
382278000.0
276400000.0
244684000.0
151702000.0
196268000.0
211798000.0
402387000.0
525040000.0
371870000.0
293805000.0
329737000.0
435397000.0
206680000.0
194223000.0
343548000.0
200104000.0
252250000.0
284717000.0
287463000.0
283813000.0
183229000.0
300767000.0
181603000.0
494822000.0
389912000.0
598778000.0
203641000.0
461994000.0
405169000.0
442194000.0
266140000.0
198137000.0
294014000.0
199536000.0
283813000.0
232024000.0
360766000.0
221114000.0
187601000.0
337123000.0
208484000.0
253143000.0
367843000.0
224784000.0
220734000.0
160706000.0
308600000.0
275177000.0
178436000.0
503207000.0
415119000.0
795197000.0
169590000.0
204671000.0
705352000.0
321499000.0
422553000.0
188709000.0
177829000.0
493774000.0
261424000.0
267113000.0
784609000.0
542552000.0
222900000.0
307140000.0
458896000.0
557243000.0
299581000.0
249127000.0
855535000.0
281001000.0
159424000.0
285302000.0
198818000.0
437715000.0
273086000.0
212034000.0
409906000.0
192767000.0
307674000.0
220569000.0
284262000.0
330035000.0
439926000.0
251722000.0
381708000.0
301411000.0
225710000.0
377258000.0
137037000.0
175778000.0
313240000.0
269534000.0
272288000.0
227234000.0
356029000.0
378098000.0
343043000.0
213276000.0
319301000.0
242429000.0
506665000.0
416010000.0
236358000.0
164611000.0
253301000.0
364484000.0
315933000.0
285443000.0
409329000.0
397629000.0
163280000.0
359612000.0
354688000.0
165158000.0
500173000.0
300698000.0
738169000.0
177956000.0
744040000.0
441083000.0
402736000.0
581073000.0
264620000.0
803164000.0
196811000.0
415359000.0
545341000.0
211064000.0
181529000.0
320953000.0
195963000.0
578358000.0
460750000.0
289036000.0
465941000.0
459467000.0
408188000.0
553438000.0
329540000.0
367945000.0
213030000.0
301167000.0
376962000.0
165333000.0
229240000.0
195620000.0
185055000.0
446157000.0
237779000.0
437342000.0
244346000.0
180598000.0
153262000.0
209485000.0
411866000.0
153116000.0
284873000.0
278712000.0
197779000.0
167618000.0
487213000.0
815659000.0
440287000.0
240393000.0
353139000.0
194423000.0
187565000.0
304657000.0
323391000.0
165121000.0
518507000.0
571495000.0
262577000.0
230655000.0
746810000.0
224160000.0
201416000.0
772540000.0
186184000.0
785918000.0
525102000.0
288877000.0
469139000.0
193280000.0
197634000.0
234264000.0
182433000.0
474216000.0
171773000.0
462084000.0
556677000.0
612493000.0
420844000.0
329008000.0
331553000.0
182240000.0
163738000.0
504267000.0
157144000.0
303133000.0
205100000.0
362416000.0
585486000.0
383864000.0
300343000.0
206280000.0
504269000.0
535761000.0
428325000.0
620791000.0
318649000.0
458491000.0
192433000.0
291299000.0
384637000.0
317600000.0
644062000.0
484711000.0
295381000.0
356387000.0
264204000.0
177493000.0
236936000.0
257563000.0
317525000.0
337799000.0
231873000.0
295502000.0
544553000.0
206474000.0
165285000.0
744684000.0
315600000.0
424855000.0
413717000.0
518535000.0
565379000.0
190573000.0
252494000.0
203796000.0
375133000.0
291685000.0
184987000.0
340659000.0
189000000.0
655089000.0
822968000.0
258121000.0
167061000.0
211434000.0
312544000.0
176854000.0
379966000.0
476878000.0
236015000.0
289659000.0
369253000.0
550792000.0
430126000.0
166907000.0
492546000.0
234994000.0
397663000.0
272648000.0
369243000.0
439576000.0
238549000.0
322925000.0
410810000.0
370551000.0
403314000.0
208689000.0
409168000.0
300860000.0
741939000.0
307191000.0
205748000.0
242281000.0
167257000.0
417810000.0
671638000.0
261062000.0
240302000.0
259850000.0
295620000.0
150890000.0
169539000.0
408827000.0
178643000.0
377381000.0
163785000.0
212563000.0
208227000.0
240619000.0
306845000.0
416890000.0
560613000.0
227532000.0
417690000.0
244790000.0
264828000.0
185130000.0
279446000.0
571603000.0
337751000.0
167308000.0
327422000.0
232006000.0
382641000.0
720580000.0
206168000.0
548940000.0
212734000.0
287601000.0
591801000.0
216189000.0
389531000.0
314885000.0
830410000.0
167828000.0
331664000.0
205473000.0
314847000.0
649924000.0
383315000.0
581761000.0
221846000.0
466869000.0
206824000.0
465434000.0
629522000.0
763641000.0
432591000.0
501001000.0
556123000.0
221057000.0
402693000.0
544022000.0
419555000.0
401331000.0
229014000.0
290622000.0
377275000.0
296077000.0
315117000.0
369578000.0
601822000.0
307797000.0
583311000.0
563948000.0
189686000.0
261484000.0
172936000.0
200367000.0
276491000.0
288563000.0
287175000.0
592025000.0
175217000.0
371716000.0
191264000.0
292301000.0
403326000.0
347069000.0
212298000.0
259413000.0
172468000.0
359900000.0
431889000.0
196481000.0
164290000.0
499213000.0
421946000.0
169476000.0
441924000.0
342846000.0
173754000.0
307968000.0
216787000.0
668717000.0
250441000.0
786483000.0
449569000.0
179758000.0
590038000.0
675928000.0
269316000.0
352263000.0
261818000.0
232603000.0
212421000.0
423326000.0
323986000.0
318991000.0
175185000.0
222648000.0
496557000.0
386352000.0
293767000.0
271891000.0
289420000.0
287267000.0
280583000.0
207213000.0
604983000.0
525355000.0
386776000.0
555902000.0
215805000.0
376982000.0
225562000.0
248884000.0
200889000.0
226992000.0
240962000.0
447528000.0
619200000.0
187414000.0
601692000.0
366011000.0
238491000.0
179352000.0
516790000.0
636890000.0
155235000.0
628493000.0
592272000.0
338253000.0
446642000.0
429353000.0
344039000.0
425001000.0
522130000.0
284913000.0
734512000.0
377734000.0
362453000.0
245941000.0
645976000.0
179731000.0
210491000.0
227141000.0
225969000.0
286907000.0
368765000.0
285345000.0
431060000.0
252087000.0
194349000.0
191308000.0
311112000.0
548913000.0
253308000.0
388591000.0
397038000.0
170147000.0
265677000.0
205477000.0
205412000.0
242125000.0
509883000.0
225467000.0
329960000.0
442029000.0
243456000.0
383778000.0
162259000.0
