1.01884
1.0084
1.01307
1.0538
1.0864
1.00315
1.01637
1.00104
1.00596
1.06056
1.02617
1.00579
1.08724
1.03865
1.09157
1.08168
1.04333
1.00767
1.0779
1.00021
1.02335
1.01723
1.04075
1.03142
1.00246
1.01605
1.01108
1.00928
1.01164
1.12538
1.00795
1.08564
1.02301
1.01374
1.00727
1.00374
1.05167
1.16029
1.02243
1.00358
1.1189
1.13283
1.12493
1.11321
1.01678
1.06229
1.04479
1.0189
1.08392
1.03395
1.0434
1.00552
1.02954
1.02695
1.01997
1.00363
1.05542
1.01769
1.01701
1.01007
1.01252
1.03277
1.00238
1.04533
1.00718
1.04985
1.01238
1.08304
1.01079
1.02669
1.00354
1.01228
1.0149
1.0597
1.05379
1.10551
1.00727
1.00792
1.00715
1.00526
1.12891
1.00972
1.03166
1.00438
1.10336
1.02655
1.10874
1.0134
1.01458
1.02111
1.01796
1.08677
1.03606
1.0917
1.05659
1.04494
1.0481
1.01449
1.01666
1.02522
1.00723
1.02289
1.01629
1.0818
1.01887
1.06817
1.02976
1.01266
1.01213
1.0423
1.0416
1.00942
1.02254
1.00614
1.00662
1.05652
1.09934
1.00795
1.08858
1.05188
1.04423
1.01336
1.02835
1.02045
1.00884
1.02297
1.00641
1.02185
1.0019
1.00781
1.05335
1.03589
1.01102
1.02542
1.00989
1.01172
1.03269
1.01807
1.03548
1.02857
1.06116
1.05761
1.01113
1.10112
1.01922
1.12687
1.00691
1.00388
1.00982
1.02813
1.08274
1.00187
1.09759
1.0027
1.01101
1.00589
1.02493
1.09599
1.1915
1.09598
1.00884
1.00963
1.01127
1.01966
1.01421
1.01047
1.04234
1.01431
1.01868
1.04453
1.01591
1.04882
1.02895
1.04957
1.02315
1.04614
1.01649
1.00842
1.09859
1.01167
1.11834
1.01608
1.0161
1.00111
1.01349
1.00916
1.02363
1.04322
1.05922
1.06637
1.04036
1.04626
1.04528
1.05872
1.01003
1.05795
1.00479
1.09794
1.02479
1.0239
1.03819
1.02388
1.01216
1.01416
1.01866
1.10737
1.01436
1.03782
1.14725
1.05575
1.08466
1.08914
1.04146
1.00439
1.06816
1.09698
1.04808
1.00885
1.02169
1.04905
1.02557
1.02496
1.0542
1.01293
1.07664
1.01697
1.01821
1.02408
1.09514
1.06459
1.02252
1.0088
1.01485
1.00954
1.03329
1.00387
1.01173
1.07525
1.16296
1.04619
1.06246
1.02604
1.00759
1.03633
1.02959
1.02328
1.0495
1.01902
1.02383
1.03286
1.0157
1.02893
1.05176
1.07288
1.0083
1.03812
1.01493
1.03004
1.01134
1.01569
1.00361
1.0373
1.02277
1.21288
1.0238
1.04532
1.00787
1.04857
1.05801
1.09399
1.07658
1.02259
1.02406
1.01891
1.03125
1.1416
1.01538
1.00267
1.02054
1.01423
1.01176
1.01665
1.06969
1.07062
1.1073
1.01773
1.00141
1.08498
1.01584
1.00757
1.04383
1.12535
1.02187
1.12116
1.00428
1.10005
1.02745
1.03581
1.0256
1.02456
1.05553
1.01183
1.02334
1.0489
1.01981
1.01916
1.00796
1.03854
1.02336
1.06105
1.00556
1.13493
1.0216
1.07291
1.01522
1.00175
1.1692
1.00627
1.02693
1.02488
1.12606
1.02388
1.00431
1.02661
1.00369
1.01176
1.01102
1.12917
1.03193
1.00349
1.0283
1.01317
1.00567
1.036
1.00942
1.00994
1.00138
1.0214
1.06498
1.01884
1.02092
1.00922
1.11376
1.01941
1.11819
1.0225
1.02934
1.01776
1.00231
1.04279
1.03721
1.10175
1.01506
1.01007
1.0463
1.01295
1.01592
1.06494
1.09506
1.03105
1.02684
1.00729
1.05614
1.02814
1.00659
1.02889
1.11303
1.03395
1.04537
1.1149
1.01665
1.04722
1.03493
1.1701
1.01477
1.01822
1.03075
1.10955
1.05273
1.03112
1.0338
1.0233
1.02687
1.00018
1.09907
1.06393
1.02619
1.02626
1.00996
1.02574
1.09007
1.00426
1.01289
1.01031
1.04818
1.03238
1.08765
1.00302
1.00738
1.04766
1.02206
1.05211
1.03216
1.01148
1.01536
1.04539
1.04095
1.18299
1.04131
1.05199
1.07034
1.02785
1.00913
1.0618
1.02234
1.05126
1.03708
1.02834
1.03602
1.0118
1.01063
1.08787
1.18113
1.11253
1.03842
1.0957
1.0622
1.04945
1.06135
1.00605
1.03044
1.01053
1.01336
1.00973
1.06415
1.01647
1.00781
1.03149
1.00493
1.01685
1.01939
1.03338
1.00882
1.03817
1.01004
1.00551
1.03285
1.04457
1.00901
1.04224
1.04188
1.01732
1.06035
1.05595
1.05462
1.0241
1.01589
1.00804
1.01833
1.04197
1.01033
1.01562
1.03393
1.0088
1.00316
1.04277
1.05096
1.03009
1.0058
1.02987
1.07006
1.04271
1.04648
1.03453
1.06099
1.13569
1.00861
1.05372
1.09243
1.01113
1.0068
1.00788
1.0318
1.07872
1.01001
1.00772
1.03247
1.01643
1.05436
1.01177
1.04332
1.05237
1.01424
1.09239
1.05826
1.07589
1.03194
1.02579
1.06613
1.00656
1.16406
1.03412
1.00925
1.0383
1.03287
1.01132
1.13164
1.09518
1.10688
1.08245
1.09495
1.02976
1.00558
1.15454
1.13114
1.00946
1.00686
1.04956
1.03242
1.01022
1.00675
1.09059
1.03301
1.01578
1.04268
1.00553
1.02367
1.01028
1.01626
1.01927
1.02542
1.01128
1.03973
1.04565
1.06455
1.03483
1.00768
1.00505
1.02217
1.06313
1.00921
1.01474
1.06295
1.05161
1.01759
1.04105
1.01234
1.01185
1.00781
1.02363
1.08057
1.00724
1.00174
1.01198
1.01345
1.01991
1.04632
1.01466
1.06589
1.01241
1.00593
1.00826
1.01647
1.00633
1.00228
1.01776
1.37296
1.07577
1.068
1.11263
1.01158
1.01374
1.01615
1.04703
1.10511
1.00946
1.00533
1.01369
1.00547
1.00784
1.01901
1.01955
1.05728
1.13614
1.00241
1.0033
1.03413
1.01992
1.04019
1.01883
1.04269
1.07632
1.03934
1.04193
1.01261
1.03083
1.05866
1.02944
1.02248
1.01056
1.01471
1.01261
1.06665
1.00996
1.01252
1.03698
1.04053
1.0176
1.06196
1.01383
1.01837
1.04589
1.04478
1.05653
1.00123
1.01013
1.01191
1.0227
1.15357
1.05145
1.15353
1.05759
1.00765
1.01698
1.14873
1.04228
1.02497
1.0017
1.01001
1.00111
1.11765
1.06025
1.04862
1.01517
1.01206
1.05017
1.17554
1.16555
1.04268
1.04286
1.10981
1.00546
1.00663
1.23034
1.01438
1.10186
1.00813
1.02131
1.01327
1.04243
1.04352
1.01519
1.0837
1.007
1.00641
1.02688
1.01506
1.01298
1.05493
1.00609
1.00453
1.03862
1.00326
1.00036
1.0044
1.01924
1.16817
1.00713
1.01286
1.02663
1.02072
1.00461
1.0387
1.00234
1.05095
1.00577
1.00637
1.00389
1.01143
1.00619
1.0385
1.08684
1.00584
1.01407
1.02002
1.05485
1.03431
1.00556
1.00011
1.07155
1.00565
1.03127
1.06036
1.0055
1.00738
1.01078
1.01184
1.00131
1.10075
1.01474
1.00293
1.00369
1.0633
1.03408
1.00482
1.00847
1.01666
1.05006
1.09692
1.01116
1.0635
1.07824
1.01617
1.01561
1.03601
1.01225
1.01828
1.08051
1.02993
1.00914
1.06865
1.06259
1.01996
1.00767
1.0393
1.01214
1.0334
1.01125
1.03094
1.03455
1.05127
1.01728
1.01827
1.02836
1.04476
1.01972
1.00553
1.04611
1.00292
1.00771
1.02182
1.01245
1.00795
1.08009
1.0085
1.01496
1.09585
1.0151
1.02408
1.00556
1.04925
1.0898
1.01538
1.03622
1.05011
1.00435
1.03871
1.00172
1.01148
1.03451
1.00553
1.05207
1.01298
1.00892
1.00421
1.0968
1.02449
1.03205
1.01806
1.07083
1.05605
1.21317
1.00664
1.0127
1.08317
1.04668
1.08121
1.02972
1.15337
1.00249
1.02734
1.07211
1.14861
1.01571
1.01984
1.01309
1.00805
1.01444
1.13205
1.08741
1.01971
1.05029
1.13095
1.01144
1.03261
1.01748
1.02624
1.05176
1.01985
1.03687
1.03157
1.02199
1.16601
1.00295
1.08432
1.08957
1.05978
1.02351
1.00546
1.00719
1.00806
1.01349
1.03034
1.01403
1.06102
1.08994
1.04067
1.01629
1.09453
1.14814
1.01128
1.0552
1.09417
1.0051
1.05113
1.09692
1.01419
1.01937
1.04899
1.01501
1.01553
1.0158
1.12032
1.03232
1.08184
1.00555
1.04583
1.02123
1.01097
1.09444
1.04164
1.04896
1.02694
1.01344
1.01798
1.0572
1.004
1.05208
1.15117
1.07992
1.07185
1.01003
1.10549
1.03206
1.02635
1.07136
1.00787
1.00241
1.04842
1.04828
1.01274
1.01234
1.05245
1.00841
1.00954
1.04308
1.01405
1.01473
1.06667
1.04086
1.03287
1.00393
1.02922
1.03683
1.00806
1.00872
1.00448
1.00777
1.00688
1.0702
1.01893
1.03407
1.01156
1.01224
1.03776
1.01361
1.01214
1.00787
1.02532
1.03037
1.03308
1.10571
1.00565
1.00893
1.0054
1.04603
1.00247
1.01183
1.0185
1.04553
1.10364
1.02762
1.01787
1.00436
1.12445
1.05411
1.0578
1.01622
1.0048
1.00973
1.01202
1.03581
1.20083
1.04657
1.03136
1.04521
1.00826
1.03896
1.03648
1.02295
1.0076
1.00724
1.02965
1.05197
1.04564
1.02139
1.00658
1.00553
1.03215
1.00904
1.02189
1.00816
1.1117
1.03685
1.06327
1.19661
1.00583
1.01596
1.09477
1.03025
1.1334
1.03036
1.00534
1.00639
1.02885
1.02844
1.01466
1.06885
1.05218
1.02733
1.02704
1.1197
1.0059
1.00918
1.0112
1.01995
1.01698
1.01004
1.02812
1.00489
1.004
1.0469
1.00681
1.01317
1.05472
1.01462
1.0101
1.14968
1.03276
1.01669
1.02796
1.03539
1.0169
1.05099
1.00488
1.00797
1.09511
1.0954
1.01033
1.10119
1.05177
1.08133
1.06049
1.06061
1.05174
1.00426
1.06722
1.04773
1.01139
1.09091
1.06448
1.02786
1.00406
1.01729
1.0056
1.01252
1.02312
1.01345
1.01166
1.00968
1.03087
1.11511
1.04582
1.07397
1.19881
1.00912
1.0842
1.01686
1.01862
1.18216
1.04168
1.03104
1.12955
1.04954
1.24939
1.16736
1.07898
1.02184
1.10612
1.01564
1.07328
1.02606
1.07607
1.05652
1.02339
1.06136
1.01871
1.02514
1.04238
1.65842
1.02495
1.14777
1.03481
1.04109
1.09231
1.0121
1.08738
1.20803
1.06686
1.02841
1.2556
1.2097
1.21591
1.19017
1.24078
1.18387
1.05991
1.03575
1.17762
1.0457
1.10104
1.02324
1.04737
1.05771
1.05944
1.01894
1.14782
1.04856
1.03182
1.04779
1.03316
1.22246
1.01375
1.27519
1.0404
1.32549
1.03073
1.09927
1.02789
1.04635
1.04648
1.05406
1.04017
1.09614
1.23983
1.1331
1.01546
1.03343
1.02878
1.01358
1.20761
1.0306
1.04735
1.01579
1.25864
1.06217
1.15877
1.01737
1.05273
1.06183
1.11809
1.16917
1.14052
1.1606
1.09465
1.05949
1.07557
1.03715
1.04984
1.04447
1.18383
1.04159
1.03884
1.12165
1.08104
1.13892
1.07874
1.02959
1.03647
1.08726
1.07634
1.06354
1.03402
1.01678
1.02081
1.10744
1.30993
1.01751
1.36404
1.07321
1.06589
1.03108
1.04442
1.04412
1.01914
1.04153
1.08799
1.04346
1.01279
1.01765
1.47348
1.13702
1.11753
1.04321
1.01808
1.02001
1.06099
1.07947
1.04828
1.05598
1.17986
1.25709
1.05466
1.15891
1.03755
1.36661
1.02109
1.01395
1.04063
1.04891
1.38434
1.00978
1.55704
1.01881
1.14982
1.10953
1.06604
1.50321
1.51843
1.22318
1.02702
1.01898
1.03784
1.04602
1.0488
1.05563
1.27393
1.10082
1.03432
1.13588
1.04482
1.10937
1.17395
1.14533
1.09469
1.06691
1.04396
1.02066
1.13771
1.10606
1.42613
1.04416
1.02823
1.01443
1.02566
1.01917
1.04067
1.06063
1.07503
1.17615
1.05575
1.07127
1.10723
1.07962
1.03683
1.11902
1.01099
1.21948
1.04736
1.07181
1.04305
1.04515
1.03643
1.39829
1.07743
1.17732
1.10383
1.07491
1.37032
1.16963
1.35481
1.20464
1.07347
1.01406
1.07969
1.16269
1.05581
1.02366
1.04658
1.06466
1.04766
1.03461
1.07717
1.02853
1.16565
1.05647
1.05154
1.05294
1.16158
1.09159
1.04448
1.04852
1.02319
1.09138
1.05773
1.00988
1.02241
1.10311
1.44575
1.06068
1.14542
1.05264
1.02272
1.04664
1.08996
1.04309
1.06735
1.0297
1.03672
1.064
1.04008
1.0376
1.10104
1.17812
1.02408
1.07728
1.0307
1.06621
1.02491
1.03804
1.01065
1.08576
1.06906
1.42938
1.09798
1.09373
1.01608
1.11963
1.27417
1.23373
1.13413
1.04087
1.14808
1.02596
1.04971
1.32109
1.02983
1.00646
1.06331
1.02554
1.01558
1.0327
1.12653
1.09998
1.17126
1.03789
1.0164
1.1395
1.0361
1.02118
1.08848
1.18813
1.08083
1.15842
1.01178
1.34052
1.06357
1.07286
1.06379
1.08864
1.14986
1.02843
1.0351
1.06914
1.04079
1.04816
1.0315
1.05389
1.03677
1.07389
1.01619
1.20996
1.04914
1.22282
1.02751
1.0146
1.31992
1.01575
1.04313
1.03377
1.25713
1.05013
1.01671
1.03821
1.01445
1.02501
1.02304
1.23978
1.09977
1.05613
1.09324
1.02433
1.01653
1.25013
1.02456
1.03331
1.00698
1.03256
1.11277
1.03113
1.10448
1.03044
1.1342
1.04561
1.33133
1.08528
1.12964
1.04497
1.01398
1.35936
1.07294
1.10989
1.0759
1.02074
1.09187
1.03674
1.06754
1.07257
1.41098
1.0564
1.04593
1.019
1.24525
1.03687
1.02927
1.12315
1.18689
1.05892
1.10547
1.21602
1.03221
1.05782
1.09088
1.24988
1.03987
1.0421
1.04863
1.36234
1.20994
1.04621
1.11757
1.04259
1.05565
1.01554
1.17247
1.13515
1.04715
1.03974
1.02565
1.07449
1.23485
1.02345
1.03681
1.0273
1.08609
1.08125
1.19488
1.01346
1.02243
1.20397
1.03383
1.25622
1.04911
1.03415
1.09685
1.05547
1.05536
1.38153
1.11028
1.08506
1.0903
1.14621
1.08778
1.08364
1.08511
1.1113
1.16047
1.05243
1.11097
1.04988
1.12421
1.29659
1.3256
1.16821
1.05999
1.18609
1.12795
1.08785
1.16609
1.02429
1.17099
1.02659
1.02545
1.0296
1.13885
1.04859
1.05452
1.18672
1.01859
1.05074
1.03839
1.04025
1.0146
1.05901
1.05369
1.02434
1.07947
1.0963
1.0266
1.05057
1.09295
1.02952
1.1449
1.07471
1.23768
1.03236
1.08307
1.01573
1.02867
1.47497
1.05052
1.02621
1.04965
1.02714
1.02193
1.10011
1.07396
1.03755
1.02282
1.04819
1.12846
1.26285
1.06121
1.04673
1.16826
1.29009
1.1499
1.0793
1.35648
1.02064
1.02667
1.0206
1.04499
1.11812
1.01936
1.0212
1.03582
1.03167
1.0763
1.02308
1.12247
1.10644
1.0274
1.16356
1.07826
1.08129
1.06717
1.05407
1.08338
1.02893
1.51464
1.04278
1.0185
1.92639
1.07738
1.07828
1.21383
1.17836
1.2627
1.13948
1.19843
1.06478
1.02511
1.22696
1.18623
1.02549
1.01414
1.5664
1.04485
1.01708
1.09643
1.15045
1.1007
1.03046
1.06266
1.04389
1.03489
1.02494
1.02803
1.05906
1.044
1.01811
1.06704
1.17884
1.08102
1.04964
1.01963
1.01472
1.0326
1.16166
1.05304
1.03567
1.08852
1.21073
1.03596
1.06886
1.02837
1.05157
1.02388
1.09896
1.20629
1.01589
1.00738
1.03647
1.03649
1.03271
1.0783
1.03496
1.15881
1.0407
1.01675
1.02456
1.09728
1.02
1.01049
1.03221
1.95897
1.13561
1.17363
1.22223
1.04338
1.02376
1.03267
1.06925
1.33888
1.04478
1.02226
1.02684
1.01414
1.04235
1.02861
1.03676
1.3198
1.33928
1.00611
1.0347
1.08513
1.05836
1.09485
1.0503
1.06265
1.1175
1.17293
1.11818
1.02433
1.04214
1.20204
1.13005
1.03314
1.028
1.02165
1.03423
1.17042
1.01435
1.06806
1.04413
1.1147
1.03579
1.16313
1.03167
1.03558
1.12276
1.14803
1.10389
1.00993
1.32172
1.02841
1.03022
1.20744
1.08873
1.30042
1.23266
1.01919
1.03584
1.24888
1.1297
1.32429
1.01135
1.02045
1.01725
1.23572
1.14108
1.15869
1.04947
1.03901
1.11474
1.37077
1.22335
1.3385
1.15941
1.1359
1.03004
1.02181
1.36389
1.02195
1.25069
1.03366
1.06713
1.045
1.06087
1.11021
1.03006
1.25
1.01884
1.02392
1.10538
1.02336
1.04426
1.09595
1.04678
1.01393
1.06398
1.0198
1.01461
1.01741
1.03988
1.26494
1.01529
1.02731
1.06447
1.03947
1.01351
1.06149
1.01519
1.15154
1.04684
1.03037
1.01279
1.02328
1.02105
1.0832
1.24131
1.02822
1.26546
1.04188
1.16504
1.06678
1.02707
1.005
1.19804
1.01891
1.0453
1.122
1.01757
1.01992
1.03258
1.02152
1.02112
1.15522
1.04433
1.01572
1.01736
1.07865
1.04777
1.01735
1.02757
1.02253
1.06907
1.1148
1.02161
1.08541
1.27573
1.03242
1.03225
1.06348
1.03364
1.06516
1.15155
1.05436
1.02092
1.15734
1.57282
1.03945
1.01649
1.09314
1.02745
1.04882
1.03515
1.16575
1.34409
1.06727
1.04925
1.19367
1.06831
1.10463
1.03323
1.01725
1.06594
1.01709
1.02574
1.0496
1.52215
1.02319
1.14931
1.04433
1.09985
1.17747
1.02926
1.03354
1.02257
1.10129
1.25114
1.0304
1.08044
1.06704
1.01916
1.05645
1.01125
1.02831
1.09681
1.01566
1.42153
1.03983
1.01852
1.01559
1.13334
1.05333
1.12478
1.03759
1.15596
1.40459
1.37197
1.01992
1.0446
1.16567
1.13739
1.13904
1.05368
1.46544
1.01849
1.05938
1.10012
1.30495
1.03456
1.06762
1.03201
1.01917
1.03701
1.23842
1.10406
1.0698
1.11084
1.31492
1.02249
1.05793
1.07141
1.1057
1.36396
1.04349
1.09992
1.11071
1.32296
1.25663
1.01767
1.1679
1.14895
1.11286
1.03191
1.02237
1.01911
1.04219
1.0453
1.37306
1.03417
1.09678
1.11442
1.1002
1.08543
1.15042
1.22747
1.02305
1.07365
1.30906
1.01061
1.19101
1.2865
1.08098
1.04853
1.76621
1.0429
1.03192
1.03289
1.18438
1.05718
1.17657
1.04379
1.13129
1.04724
1.04527
1.20826
1.07076
1.16617
1.05644
1.02085
1.02847
1.12
1.01365
1.06211
1.3847
1.09915
1.11419
1.05394
1.16152
1.04715
1.08136
1.0803
1.0133
1.01396
1.06674
1.08708
1.03759
1.11729
1.08532
1.01965
1.03798
1.09542
1.0328
1.02593
1.17229
1.1657
1.18026
1.00991
1.05646
1.13887
1.02187
1.03108
1.00947
1.02702
1.05526
1.1287
1.06807
1.15866
1.029
1.05342
1.05688
1.02464
1.02633
1.02344
1.05028
1.07813
1.08164
1.1201
1.01245
1.02046
1.03517
1.23474
1.01281
1.02966
1.03527
1.1387
1.22138
1.09232
1.03355
1.0092
1.33775
1.07249
1.09682
1.0227
1.01991
1.03833
1.02424
1.06047
1.32543
1.1462
1.06691
1.3689
1.02812
1.06455
1.12352
1.057
1.03317
1.01469
1.16197
1.07378
1.06686
1.03861
1.02406
1.0153
1.10631
1.02458
1.09888
1.01411
1.2844
1.0782
1.08976
1.54265
1.03168
1.08987
1.16838
1.05485
1.2458
1.19833
1.01695
1.01795
1.05497
1.03763
1.03538
1.12816
1.18253
1.04937
1.10126
1.22163
1.02288
1.03089
1.0985
1.03468
1.04743
1.01769
1.07902
1.01502
1.01365
1.15297
1.03276
1.04685
1.08745
1.02447
1.02651
1.23527
1.13641
1.02993
1.12711
1.05277
1.03408
1.15469
1.02946
1.01294
1.14913
1.28159
1.04151
1.125
1.25521
1.15386
1.30851
1.16747
1.15397
1.01991
1.13439
1.07305
1.02211
1.14512
1.19076
1.08346
1.01976
1.0326
1.02588
1.02545
1.05465
1.07423
1.03379
1.03675
2.35814
1.43836
2.97233
2.03321
1.88189
1.19214
2.43639
1.23513
1.17708
1.84263
1.63235
1.17921
1.9131
1.73423
1.66964
1.43318
1.55213
2.13921
2.26466
3.11406
1.21659
2.45997
1.36613
2.04577
2.8585
3.11081
1.17429
2.13946
1.33745
2.65245
2.16994
2.72594
2.5695
1.61415
2.90041
2.12026
1.48991
1.99875
1.23832
3.70467
2.92699
1.95249
1.76011
2.99215
1.57839
1.51285
2.37552
2.36613
2.24652
2.52023
2.26448
1.13329
1.29771
3.01873
1.64971
1.54088
2.21578
1.79154
2.4137
1.70345
3.18897
2.64794
2.00556
2.76488
1.12571
1.50924
2.55872
1.75376
2.96653
3.12851
1.42135
1.9987
1.51482
1.58665
2.12407
1.85412
1.08865
1.65752
2.39606
3.04147
1.7419
1.34243
3.00745
2.48332
2.45207
2.76308
2.12982
2.27346
1.86211
2.60285
2.31359
2.21621
2.0554
1.75671
3.68337
1.35207
2.78825
2.14379
1.53774
1.84181
1.5553
2.53022
1.81814
2.99046
1.96509
1.69062
2.33597
2.40752
2.23521
3.30366
1.64338
1.08991
2.02917
1.48813
2.06735
2.18979
2.16553
1.71889
1.93244
1.73934
2.39309
1.93535
1.33057
2.53419
2.26146
2.63192
1.09888
1.90799
1.99773
1.60156
2.00299
1.55903
1.73463
2.25005
2.84539
2.55825
1.76787
2.26601
2.06066
2.17782
1.56379
2.83364
2.18284
2.3779
2.05748
1.63781
2.54095
2.15182
2.92646
1.80613
1.69096
2.1405
2.10341
1.58536
1.78949
2.01942
1.6594
2.38986
2.22288
1.85175
1.91911
1.85857
1.89094
1.62155
1.65867
1.88959
2.55355
2.34016
2.96355
2.79404
3.03321
1.6648
1.45352
1.51894
2.12044
2.29983
1.23709
2.63779
2.0615
2.2649
2.42203
2.13536
2.40255
1.27887
1.12663
1.8529
1.37421
1.71149
2.42482
2.39736
2.20489
1.77604
2.00483
1.15747
2.19525
2.0019
1.80874
1.50486
1.92254
1.40888
1.33076
2.35805
2.06233
3.57177
2.48142
1.44311
1.22039
3.1429
2.28776
1.55672
1.72579
1.978
2.51443
1.87191
2.58832
1.36175
2.71422
1.95156
2.79185
1.85107
2.73721
1.46593
2.15808
1.06592
1.69015
3.03386
2.81876
1.53518
1.7281
1.87964
1.23901
1.8249
2.65498
2.01929
2.63668
1.09384
1.26544
2.24188
1.83156
1.85551
3.0031
2.66391
2.47605
2.49555
1.77696
3.10145
1.5216
1.92357
1.77443
1.59007
1.87761
1.18665
2.84248
1.4254
1.65798
2.5341
1.63699
2.55377
2.22502
2.14969
1.63679
2.75664
2.02962
2.10738
2.14452
1.27514
1.07244
2.04149
2.69764
2.85448
1.5259
1.52551
1.8503
1.4306
1.46011
2.21583
1.34134
2.29433
2.38172
2.89486
1.3883
1.22267
1.76937
2.73119
1.63431
2.56262
1.42275
1.61879
2.66396
1.65364
2.74275
2.02925
1.86911
2.49163
1.19632
2.19052
1.47472
1.97408
3.19648
3.07749
2.58718
3.2803
1.81632
1.93042
1.94897
2.14073
2.79633
1.62327
1.44185
1.37431
2.59345
1.61077
3.36836
2.25459
1.13645
1.10637
2.11076
2.07215
2.40892
2.88017
2.08099
2.81014
1.94218
2.91771
1.32168
3.4094
2.57834
1.70584
1.63422
1.69996
1.92159
2.44607
1.48306
2.32523
1.22336
3.02981
1.82805
2.26237
2.75413
1.35261
1.98378
2.63765
1.43164
2.16112
2.73252
1.9096
1.52467
1.889
2.59418
2.88762
2.62939
1.91921
3.1435
1.26274
2.32899
1.86135
1.13377
2.28833
2.90595
2.04616
1.84725
2.64844
1.8564
2.00911
1.48316
2.6537
1.795
1.25249
2.52531
2.3334
1.53648
2.56744
2.35846
1.56668
3.00739
2.25847
2.41461
1.59735
1.35089
1.57653
1.37249
2.76075
1.87955
1.77567
1.87468
3.01583
2.80613
2.19965
2.47515
2.18354
2.57615
2.72232
2.52686
2.19698
1.76478
2.28539
2.12393
2.09156
3.07646
2.19549
1.28074
1.43182
2.01865
2.14201
2.65501
1.34514
2.0186
2.09583
2.61598
2.42612
2.45977
1.96496
2.12738
1.74308
1.39558
1.96349
1.35141
2.84253
2.48309
1.90763
1.15013
2.06264
2.17414
1.84409
1.7352
1.6129
1.75002
1.63479
2.87956
1.98351
2.36775
1.39128
1.41071
1.82244
2.30635
1.68731
1.57429
2.08699
3.18195
2.40739
2.24579
1.24915
2.80091
2.1792
3.44507
2.768
2.46889
1.64847
1.98242
1.16985
2.67878
1.8458
1.32758
2.19171
3.09855
1.65454
1.31618
1.09382
1.275
2.24704
2.13606
1.48376
1.51618
2.94341
1.75344
2.30958
2.72393
2.18216
1.90558
2.18272
2.21392
1.632
2.16579
2.73886
1.80767
2.08136
3.11131
1.38256
1.79394
1.6381
2.08222
2.18167
2.11889
1.7809
3.31551
1.32298
2.60128
1.98364
2.22931
3.02151
2.53511
1.86028
3.32257
2.3667
2.4562
2.02426
1.55174
2.92193
1.86423
1.62845
1.68628
1.85594
1.33393
2.48195
2.23675
1.40918
2.15865
1.3669
1.8849
2.06126
1.46366
2.24813
1.98111
2.12952
1.69885
3.18918
1.83696
2.61785
2.21161
2.42785
1.53373
2.72926
1.82252
1.06542
1.89927
1.47498
1.99334
2.19073
1.19164
1.66666
2.02915
1.73256
1.63462
2.52749
2.54351
1.94441
1.08992
1.94884
1.66055
1.99592
1.57109
2.65977
1.97995
1.93528
2.48436
2.54597
2.51046
1.66224
1.59985
1.30682
2.32558
1.7326
1.45759
1.29726
1.79506
2.59734
3.08114
1.46524
3.12187
2.17824
1.64737
1.55759
2.75453
1.60515
2.7134
1.4488
2.92653
1.45396
1.6328
1.93101
1.09431
1.8022
2.95054
1.88262
1.51194
2.24561
1.55019
1.56573
2.84843
1.27832
1.69279
2.5802
2.3936
2.00447
1.01367
1.34438
2.18595
2.24899
3.45556
2.49428
1.71411
1.91331
1.73417
1.79292
2.00658
1.83003
1.75052
1.88825
1.65547
1.65872
2.41886
1.93963
2.40358
2.83836
1.17186
1.31752
1.31685
3.08758
1.7539
1.87916
2.05078
1.68026
2.39174
2.324
2.96464
1.67855
2.5215
2.24035
1.4355
3.09011
1.86431
2.79167
2.3799
2.59618
2.91255
2.96022
2.46788
1.50998
1.35281
1.57447
2.15967
1.62785
2.72151
1.73475
3.30513
2.04531
2.10582
1.79218
2.448
3.10962
1.78639
3.21803
2.96778
2.94578
2.03207
1.89411
1.72955
1.93162
1.92503
2.52285
2.53117
2.93808
1.55268
1.34018
3.24762
2.43328
1.73427
2.65667
2.70768
1.40303
1.79754
2.77991
1.64921
1.78702
3.24553
2.77566
2.2222
1.87728
2.60052
1.7181
3.10871
2.35051
2.26935
3.71028
2.82525
1.67325
1.28331
3.2594
2.4193
2.51436
2.68052
1.92426
1.43193
3.00964
1.08797
3.02384
3.09835
1.66524
1.90632
2.57621
2.57362
2.56042
2.58579
1.3388
1.5792
1.37555
1.23876
1.26814
2.46622
2.2522
3.4101
1.90705
1.8906
2.09864
1.26542
2.4021
1.15536
2.82182
1.59625
2.58676
2.22359
1.76686
2.74734
1.71821
2.57249
2.49109
1.22113
1.3243
3.13642
2.36038
1.65949
2.12993
2.80598
1.5251
1.83318
1.61693
2.73128
3.39041
2.61777
2.99594
1.43361
2.45802
1.6446
3.41069
1.91027
1.78887
1.25748
1.92928
1.64903
3.21627
2.38783
1.67548
1.3548
2.26047
1.32315
1.44979
2.01951
2.73616
1.25067
1.61009
2.52258
2.49892
1.69123
1.70724
2.17352
2.57176
1.20244
3.04152
1.64882
2.06472
1.75519
2.62498
1.82577
1.12486
1.65417
1.67069
2.40493
1.55759
2.69292
2.23293
1.85207
1.81431
2.41691
2.82831
2.08078
1.66965
3.43571
2.37389
1.89679
1.25773
1.42072
1.94816
2.76397
3.48216
2.85719
1.88912
2.17317
3.19813
2.48677
1.3402
2.02418
1.85394
2.64443
3.34162
2.8118
1.73933
1.23589
2.17556
3.03516
2.78579
1.5882
2.46855
2.25352
1.26016
2.6404
3.11077
1.99704
2.17337
2.12528
1.5632
1.8068
2.3456
2.72145
2.24795
1.30927
2.27236
2.38214
2.0599
1.62859
2.71824
2.03349
2.17891
2.10196
2.41859
2.53149
2.51397
2.25975
2.83546
1.78682
1.1657
1.33647
2.14523
2.2953
2.63298
1.83754
2.3548
1.65649
2.81304
1.70443
1.99494
1.72062
1.45214
1.37138
2.33407
1.09915
2.17629
2.39672
1.42638
2.93618
1.76776
1.29469
1.23637
1.60394
1.62141
2.72734
1.26595
1.13313
1.24187
2.59403
2.99881
1.38861
1.15755
1.20317
2.09947
1.98737
1.58988
2.80931
1.63543
2.63708
1.90387
2.19449
2.65945
1.62795
2.44042
1.2112
1.47292
1.69323
1.30773
1.75046
2.23263
1.17144
1.95281
3.05656
1.50078
3.08458
1.56143
1.62173
3.03452
1.79357
1.58649
2.67588
1.7118
1.78301
1.12761
1.4241
2.5936
1.28448
2.59262
2.67788
3.04599
2.39483
1.64838
1.18259
1.02194
1.52583
1.713
2.5278
1.04004
1.22147
1.3859
1.22546
2.18579
2.89814
3.07458
1.749
1.73337
1.32677
2.95407
3.01832
2.45498
1.72695
1.35714
1.71014
1.6364
1.73821
3.58967
1.64351
2.75111
3.18406
2.01705
1.53495
1.52466
1.70126
2.26508
2.25432
2.28055
1.22231
2.91855
1.98565
2.00147
2.00523
2.36244
1.32497
1.71798
2.98296
2.38879
1.19049
2.08058
1.39768
1.20112
2.92671
1.51611
3.07179
2.01362
1.60128
1.58706
2.55735
2.39475
2.12414
2.86674
1.80613
1.69885
1.51688
1.31023
2.07999
2.04246
3.33053
1.78109
2.09428
2.48016
1.33243
2.78764
1.76434
1.46553
1.83066
1.99218
1.55258
2.04368
2.40618
2.44812
1.76705
1.78808
2.3461
1.94671
2.43901
1.4276
2.17101
2.87466
2.09024
1.71415
1.64674
1.55874
2.42644
3.06993
2.27343
1.4771
1.73124
1.96254
1.35838
2.70197
240063000.0
526295000.0
188982000.0
290111000.0
345609000.0
727377000.0
246091000.0
684209000.0
732829000.0
322378000.0
420850000.0
710972000.0
302035000.0
378894000.0
378049000.0
403959000.0
446049000.0
305443000.0
230511000.0
175797000.0
655627000.0
219331000.0
521980000.0
307585000.0
202135000.0
165108000.0
692073000.0
288181000.0
581197000.0
198044000.0
297991000.0
187094000.0
208004000.0
437565000.0
187460000.0
303514000.0
382269000.0
262657000.0
623058000.0
137561000.0
175084000.0
274721000.0
292232000.0
181942000.0
471023000.0
423836000.0
216314000.0
234223000.0
250692000.0
201699000.0
263881000.0
765949000.0
551327000.0
177838000.0
434015000.0
499591000.0
263083000.0
389722000.0
242022000.0
413988000.0
165547000.0
213534000.0
338191000.0
189183000.0
781948000.0
455820000.0
225619000.0
307684000.0
180461000.0
161297000.0
555382000.0
337406000.0
486113000.0
398146000.0
288878000.0
284354000.0
783757000.0
440288000.0
246003000.0
170666000.0
295496000.0
579394000.0
169411000.0
229825000.0
208701000.0
199116000.0
251559000.0
270892000.0
381674000.0
215870000.0
260392000.0
264272000.0
324965000.0
359505000.0
135627000.0
522803000.0
181244000.0
286478000.0
460430000.0
332306000.0
467851000.0
202419000.0
347615000.0
170851000.0
336625000.0
342684000.0
265946000.0
235156000.0
287017000.0
154774000.0
422016000.0
748300000.0
289862000.0
502225000.0
319320000.0
262909000.0
276124000.0
414931000.0
287659000.0
329146000.0
217741000.0
330971000.0
570065000.0
203909000.0
268490000.0
197610000.0
715647000.0
333771000.0
337141000.0
436666000.0
283462000.0
422742000.0
417600000.0
256409000.0
194810000.0
221258000.0
352878000.0
281895000.0
277019000.0
278407000.0
388617000.0
190305000.0
288690000.0
240163000.0
289178000.0
332247000.0
226876000.0
295584000.0
187065000.0
349796000.0
407972000.0
305001000.0
278319000.0
484232000.0
376342000.0
340594000.0
416497000.0
225310000.0
239236000.0
313895000.0
341214000.0
347422000.0
350644000.0
364098000.0
419607000.0
348926000.0
220292000.0
262550000.0
180846000.0
188309000.0
171054000.0
430064000.0
508240000.0
457556000.0
298825000.0
235329000.0
666485000.0
213639000.0
248661000.0
279188000.0
243228000.0
293816000.0
233772000.0
665443000.0
709982000.0
360165000.0
543996000.0
333189000.0
211359000.0
216893000.0
238439000.0
322956000.0
304367000.0
467836000.0
288873000.0
303896000.0
385910000.0
442677000.0
309516000.0
536908000.0
516253000.0
249940000.0
304403000.0
141308000.0
245188000.0
427143000.0
669430000.0
167714000.0
234795000.0
407687000.0
334341000.0
291578000.0
228161000.0
370834000.0
199284000.0
448423000.0
190127000.0
339205000.0
192730000.0
318893000.0
191013000.0
469198000.0
255744000.0
776891000.0
381340000.0
182111000.0
194604000.0
443139000.0
351404000.0
323740000.0
632582000.0
367233000.0
211222000.0
338278000.0
205290000.0
798547000.0
635531000.0
224765000.0
322487000.0
334826000.0
167414000.0
195521000.0
236076000.0
201727000.0
362867000.0
167793000.0
405644000.0
328943000.0
368700000.0
433751000.0
363817000.0
605642000.0
181628000.0
465721000.0
436182000.0
201115000.0
428234000.0
220080000.0
275525000.0
269467000.0
453692000.0
191299000.0
313824000.0
238019000.0
287181000.0
548246000.0
793216000.0
270699000.0
200325000.0
180330000.0
441877000.0
463166000.0
352496000.0
507074000.0
473747000.0
252632000.0
577133000.0
273436000.0
257271000.0
179452000.0
528119000.0
641550000.0
322761000.0
187088000.0
368037000.0
204896000.0
572273000.0
398234000.0
211413000.0
427292000.0
193854000.0
263672000.0
357357000.0
209894000.0
687059000.0
242030000.0
473695000.0
317466000.0
165507000.0
179291000.0
213402000.0
160261000.0
354380000.0
294733000.0
340699000.0
289888000.0
195451000.0
382582000.0
494983000.0
442154000.0
223752000.0
344803000.0
150699000.0
236888000.0
695153000.0
813848000.0
273807000.0
299133000.0
235231000.0
174844000.0
282492000.0
190561000.0
340269000.0
174010000.0
621817000.0
150850000.0
217419000.0
378235000.0
414996000.0
437174000.0
334403000.0
242327000.0
521358000.0
253528000.0
690520000.0
178510000.0
383176000.0
262006000.0
197884000.0
554893000.0
306527000.0
220082000.0
376927000.0
274418000.0
186190000.0
331289000.0
438218000.0
362259000.0
226112000.0
185419000.0
194178000.0
278024000.0
170627000.0
630985000.0
238975000.0
361352000.0
732378000.0
221625000.0
185978000.0
301120000.0
317226000.0
213123000.0
310376000.0
277123000.0
509309000.0
201460000.0
316545000.0
593251000.0
230884000.0
215544000.0
452850000.0
199450000.0
253798000.0
358696000.0
179475000.0
267173000.0
239821000.0
336279000.0
555395000.0
423771000.0
550632000.0
204430000.0
327133000.0
412939000.0
318110000.0
170780000.0
188328000.0
276371000.0
238001000.0
272899000.0
217714000.0
212496000.0
211276000.0
279859000.0
380959000.0
273422000.0
259541000.0
310636000.0
175831000.0
278017000.0
590909000.0
488877000.0
308053000.0
288459000.0
209967000.0
479606000.0
273901000.0
244123000.0
208607000.0
235986000.0
208013000.0
330282000.0
297241000.0
354099000.0
553617000.0
308831000.0
577882000.0
180914000.0
233398000.0
350198000.0
721746000.0
265024000.0
261168000.0
325377000.0
384176000.0
379697000.0
365579000.0
373803000.0
190085000.0
327957000.0
252372000.0
543413000.0
515751000.0
372692000.0
242986000.0
392656000.0
458568000.0
299940000.0
168808000.0
248101000.0
271145000.0
546708000.0
190715000.0
248116000.0
148820000.0
207785000.0
220352000.0
401758000.0
328792000.0
593959000.0
193982000.0
331235000.0
508404000.0
248443000.0
165501000.0
405329000.0
581025000.0
771435000.0
528544000.0
271854000.0
294529000.0
481428000.0
445093000.0
190981000.0
407684000.0
266890000.0
195139000.0
265199000.0
355487000.0
257510000.0
235611000.0
429644000.0
262899000.0
197748000.0
347615000.0
252974000.0
165147000.0
486702000.0
333784000.0
428941000.0
305505000.0
288796000.0
282458000.0
359701000.0
152937000.0
601480000.0
193049000.0
313908000.0
255480000.0
172191000.0
226410000.0
316598000.0
155445000.0
217746000.0
205438000.0
257999000.0
442441000.0
177110000.0
303111000.0
450126000.0
302894000.0
326384000.0
573440000.0
221657000.0
260252000.0
573251000.0
247090000.0
462473000.0
333393000.0
264325000.0
441567000.0
267384000.0
334895000.0
242524000.0
313450000.0
161578000.0
365060000.0
205452000.0
263362000.0
242265000.0
504920000.0
185682000.0
357643000.0
711797000.0
319937000.0
517059000.0
300409000.0
270320000.0
669254000.0
403891000.0
309301000.0
381624000.0
363012000.0
216576000.0
203728000.0
327294000.0
788030000.0
351218000.0
398046000.0
291244000.0
449571000.0
210265000.0
279498000.0
326543000.0
234154000.0
207293000.0
224943000.0
434599000.0
461758000.0
605580000.0
242431000.0
386254000.0
537315000.0
631644000.0
373920000.0
219199000.0
162659000.0
517200000.0
172327000.0
282731000.0
432153000.0
466132000.0
207278000.0
466914000.0
213127000.0
497931000.0
178701000.0
430989000.0
420815000.0
291987000.0
788107000.0
350394000.0
174251000.0
305292000.0
382462000.0
292658000.0
486583000.0
460110000.0
192527000.0
659469000.0
397920000.0
219530000.0
242796000.0
287679000.0
866925000.0
598615000.0
269061000.0
273108000.0
144562000.0
227411000.0
358724000.0
306161000.0
398251000.0
373603000.0
309727000.0
345018000.0
381608000.0
350387000.0
405938000.0
436161000.0
241482000.0
343376000.0
221231000.0
178104000.0
726591000.0
521540000.0
524229000.0
170021000.0
387283000.0
346181000.0
305489000.0
391322000.0
233501000.0
230517000.0
187237000.0
427062000.0
225230000.0
227738000.0
361049000.0
168168000.0
290142000.0
196179000.0
251863000.0
220710000.0
187613000.0
174515000.0
239758000.0
517405000.0
544898000.0
495923000.0
248775000.0
428579000.0
190894000.0
400213000.0
156069000.0
254862000.0
254462000.0
299603000.0
217015000.0
170046000.0
286368000.0
167298000.0
183014000.0
171155000.0
301163000.0
337652000.0
422426000.0
351475000.0
340557000.0
201431000.0
212751000.0
181945000.0
428593000.0
575659000.0
161126000.0
244665000.0
385322000.0
224754000.0
200481000.0
572715000.0
380971000.0
186580000.0
441648000.0
393759000.0
160158000.0
193338000.0
228166000.0
355150000.0
211575000.0
404802000.0
171841000.0
257019000.0
242643000.0
136085000.0
196690000.0
439912000.0
657078000.0
160709000.0
242913000.0
243981000.0
208513000.0
318785000.0
533035000.0
171176000.0
667185000.0
167953000.0
169309000.0
436243000.0
366061000.0
213775000.0
226897000.0
199433000.0
218580000.0
599483000.0
474725000.0
537733000.0
629326000.0
667438000.0
214146000.0
276227000.0
151451000.0
356535000.0
273047000.0
274904000.0
661080000.0
249941000.0
649354000.0
184193000.0
354560000.0
226423000.0
250424000.0
372553000.0
199917000.0
400404000.0
204424000.0
229248000.0
645145000.0
382412000.0
166263000.0
247753000.0
399750000.0
252258000.0
189193000.0
486530000.0
319323000.0
432784000.0
190641000.0
151188000.0
214806000.0
170338000.0
425363000.0
236550000.0
433985000.0
146909000.0
329077000.0
379763000.0
645381000.0
292187000.0
453062000.0
154662000.0
239955000.0
414856000.0
577083000.0
242545000.0
599714000.0
533447000.0
293863000.0
203836000.0
614161000.0
445318000.0
227861000.0
205040000.0
405623000.0
396091000.0
243970000.0
229402000.0
596355000.0
180866000.0
437760000.0
290105000.0
396235000.0
205793000.0
357545000.0
738489000.0
441564000.0
364827000.0
250477000.0
458192000.0
202997000.0
260317000.0
343638000.0
290864000.0
253737000.0
201796000.0
288478000.0
321232000.0
151444000.0
239709000.0
278236000.0
672527000.0
546087000.0
319630000.0
180444000.0
145876000.0
193267000.0
346694000.0
276258000.0
165284000.0
225982000.0
444189000.0
326527000.0
320764000.0
195970000.0
154164000.0
183131000.0
390577000.0
644022000.0
290805000.0
177225000.0
193038000.0
475011000.0
225407000.0
232431000.0
673431000.0
191472000.0
163888000.0
272220000.0
263255000.0
294877000.0
472055000.0
389401000.0
247319000.0
194845000.0
274900000.0
488825000.0
228204000.0
248818000.0
308744000.0
352837000.0
193295000.0
308581000.0
249938000.0
294184000.0
244042000.0
223716000.0
213383000.0
271904000.0
199169000.0
283276000.0
705515000.0
580504000.0
282010000.0
238655000.0
211875000.0
353121000.0
255584000.0
429531000.0
205007000.0
409880000.0
281021000.0
389654000.0
495706000.0
457112000.0
248108000.0
657260000.0
249259000.0
252595000.0
466169000.0
172207000.0
310129000.0
498569000.0
643348000.0
359031000.0
422703000.0
200498000.0
492864000.0
732148000.0
678731000.0
212968000.0
174358000.0
564526000.0
732864000.0
542355000.0
299649000.0
324582000.0
434325000.0
199608000.0
426341000.0
206022000.0
325634000.0
260619000.0
214349000.0
387337000.0
229526000.0
683348000.0
529662000.0
419072000.0
621915000.0
414525000.0
245622000.0
708942000.0
331118000.0
168299000.0
511468000.0
162725000.0
444047000.0
423248000.0
178497000.0
361281000.0
444311000.0
217899000.0
334792000.0
373278000.0
748018000.0
562372000.0
211242000.0
649403000.0
220824000.0
203981000.0
167433000.0
239043000.0
445444000.0
684791000.0
836711000.0
377448000.0
384313000.0
202023000.0
597643000.0
688018000.0
571816000.0
648016000.0
262226000.0
178595000.0
162316000.0
349195000.0
392235000.0
589736000.0
171501000.0
169823000.0
242379000.0
412310000.0
559046000.0
419195000.0
389083000.0
343679000.0
141141000.0
452187000.0
207960000.0
163355000.0
321023000.0
497907000.0
458163000.0
388533000.0
256958000.0
223314000.0
247150000.0
693138000.0
184161000.0
286530000.0
300948000.0
249690000.0
236738000.0
598010000.0
415545000.0
174145000.0
244396000.0
659526000.0
261972000.0
521134000.0
629737000.0
185622000.0
345463000.0
174657000.0
319294000.0
468097000.0
433204000.0
214515000.0
232101000.0
275082000.0
195204000.0
381183000.0
407643000.0
514457000.0
618194000.0
263695000.0
306444000.0
153278000.0
295673000.0
281935000.0
225542000.0
604864000.0
183755000.0
394239000.0
498664000.0
387685000.0
319599000.0
341707000.0
282363000.0
253709000.0
204508000.0
340584000.0
283386000.0
236047000.0
346799000.0
244530000.0
548139000.0
241206000.0
174067000.0
302690000.0
376726000.0
425511000.0
473747000.0
247283000.0
166643000.0
279592000.0
495241000.0
407638000.0
330515000.0
561702000.0
215712000.0
