1.02241
1.08674
1.00528
1.02675
1.00683
1.0109
1.01436
1.03993
1.00671
1.00718
1.02289
1.12835
1.02465
1.04333
1.01295
1.01743
1.02145
1.01595
1.01897
1.02458
1.0118
1.09551
1.15999
1.16074
1.07665
1.04334
1.09031
1.03492
1.01954
1.00513
1.18608
1.01004
1.17537
1.00312
1.07208
1.0147
1.00828
1.13093
1.17185
1.10434
1.13555
1.07503
1.00936
1.02073
1.06041
1.00782
1.01509
1.08977
1.01457
1.00853
1.02301
1.00684
1.08471
1.00497
1.06005
1.11665
1.02999
1.03015
1.01792
1.00657
1.10875
1.04105
1.03973
1.02764
1.0145
1.02018
1.07628
1.01788
1.0067
1.15592
1.01711
1.11028
1.05231
1.01205
1.02843
1.0362
1.02343
1.03004
1.0555
1.02408
1.06454
1.01319
1.00795
1.02674
1.02679
1.08484
1.00858
1.00625
1.09191
1.01211
1.01533
1.05451
1.00696
1.06293
1.00047
1.04142
1.10491
1.01015
1.00911
1.04144
1.00177
1.00807
1.01164
1.01838
1.02888
1.08844
1.02235
1.10293
1.18877
1.12548
1.01532
1.08592
1.03685
1.00846
1.11416
1.00646
1.00645
1.01492
1.05445
1.0175
1.00656
1.0609
1.0243
1.0208
1.01286
1.01065
1.01188
1.08579
1.01322
1.05198
1.04565
1.08424
1.03996
1.00277
1.00785
1.01429
1.10052
1.17097
1.03075
1.01338
1.03259
1.0156
1.00747
1.04144
1.01418
1.03428
1.01853
1.07518
1.02247
1.05155
1.01872
1.03095
1.03385
1.04405
1.00923
1.05597
1.04239
1.02151
1.04708
1.01776
1.05878
1.08011
1.02132
1.03442
1.02158
1.03283
1.04216
1.00728
1.00985
1.01634
1.01452
1.02382
1.03031
1.0463
1.01688
1.0179
1.02407
1.02356
1.00066
1.02458
1.05352
1.03552
1.00973
1.01001
1.12656
1.00709
1.01554
1.01925
1.00728
1.00945
1.03762
1.11658
1.00126
1.02277
1.08056
1.01307
1.22016
1.03017
1.01974
1.00218
1.04648
1.0104
1.13394
1.1233
1.0269
1.10781
1.09091
1.05322
1.04647
1.04458
1.00258
1.02472
1.02159
1.04034
1.04776
1.01685
1.11769
1.02141
1.0184
1.00807
1.00492
1.02986
1.22759
1.06497
1.04372
1.00409
1.0786
1.00862
1.03936
1.01239
1.01211
1.01387
1.01944
1.12431
1.0637
1.04348
1.09331
1.02216
1.07027
1.02164
1.06075
1.0251
1.00968
1.04129
1.02838
1.16227
1.03862
1.06518
1.01926
1.02871
1.03014
1.00707
1.00764
1.12904
1.01885
1.04979
1.06436
1.01348
1.04811
1.13306
1.01439
1.02972
1.00702
1.08871
1.01545
1.08286
1.04111
1.04795
1.10543
1.01566
1.01392
1.2257
1.03987
1.09904
1.07045
1.02681
1.00773
1.08599
1.01152
1.0474
1.00032
1.00413
1.04744
1.00274
1.0229
1.03028
1.06597
1.1915
1.00413
1.00673
1.00264
1.0264
1.00624
1.14489
1.05786
1.13195
1.00817
1.00647
1.02279
1.13387
1.0397
1.00312
1.06564
1.00911
1.0094
1.02892
1.00488
1.02684
1.12482
1.02765
1.0285
1.03141
1.01447
1.11082
1.01881
1.04661
1.04465
1.0049
1.02221
1.10388
1.04333
1.09323
1.02839
1.00244
1.00344
1.00404
1.04378
1.00872
1.08633
1.12307
1.08748
1.0479
1.04361
1.23146
1.01077
1.02172
1.14649
1.03746
1.00381
1.01609
1.01161
1.05463
1.00255
1.02603
1.00931
1.01458
1.02185
1.0162
1.10247
1.0675
1.00641
1.14163
1.03457
1.01048
1.00893
1.0639
1.01928
1.02924
1.01008
1.05775
1.01481
1.18153
1.00697
1.09632
1.01717
1.01449
1.04093
1.01139
1.01405
1.03349
1.04155
1.00606
1.02008
1.00898
1.16412
1.01123
1.01863
1.01296
1.0376
1.02762
1.02115
1.00574
1.09913
1.01608
1.01724
1.05065
1.0345
1.12948
1.04934
1.02406
1.00395
1.0608
1.07327
1.11183
1.04608
1.0158
1.05719
1.00671
1.13365
1.00985
1.0069
1.00062
1.04068
1.01884
1.02288
1.00103
1.00969
1.01362
1.06027
1.01163
1.04554
1.02627
1.02193
1.06095
1.01682
1.02888
1.02751
1.01306
1.01902
1.01346
1.02529
1.00908
1.12263
1.07115
1.08156
1.00749
1.05543
1.03743
1.03968
1.00988
1.00828
1.06248
1.00313
1.17165
1.03327
1.03703
1.01713
1.03015
1.00605
1.16959
1.06819
1.07529
1.00455
1.02772
1.09114
1.05783
1.02861
1.03366
1.01399
1.00752
1.00678
1.00434
1.11736
1.01383
1.03413
1.05087
1.04325
1.03205
1.0316
1.04133
1.0885
1.05753
1.04054
1.04992
1.00267
1.05238
1.02645
1.08862
1.00211
1.08058
1.08702
1.02459
1.10733
1.04515
1.04429
1.00418
1.00814
1.05078
1.02293
1.00512
1.02204
1.01261
1.06317
1.01029
1.01158
1.21815
1.01003
1.00185
1.00328
1.08267
1.04211
1.00102
1.04514
1.02842
1.07798
1.01962
1.01048
1.09207
1.0485
1.02061
1.07987
1.00464
1.00265
1.03812
1.03187
1.10779
1.04453
1.05332
1.031
1.02485
1.03504
1.07933
1.04159
1.10191
1.03234
1.02319
1.02997
1.09997
1.01048
1.02871
1.02915
1.0055
1.01237
1.01119
1.01144
1.04788
1.12079
1.05261
1.00891
1.07669
1.01456
1.0293
1.04969
1.09396
1.07183
1.01956
1.01187
1.00182
1.00741
1.0069
1.00523
1.00989
1.02549
1.0175
1.01949
1.05242
1.02565
1.0066
1.04034
1.02819
1.02124
1.01058
1.0363
1.00969
1.03298
1.12054
1.01886
1.06961
1.00246
1.01033
1.022
1.02811
1.09004
1.02076
1.0091
1.00904
1.08478
1.13921
1.03373
1.0438
1.01084
1.06434
1.03816
1.0351
1.06421
1.00797
1.0996
1.00756
1.05135
1.01947
1.02726
1.01735
1.0098
1.00768
1.00719
1.10245
1.00816
1.01147
1.0184
1.04387
1.02077
1.00564
1.08453
1.01415
1.06092
1.03476
1.02624
1.00756
1.10858
1.00613
1.04003
1.02852
1.03525
1.00868
1.02609
1.02309
1.02229
1.00728
1.00541
1.00632
1.01545
1.04128
1.05043
1.05548
1.02149
1.02411
1.03307
1.01572
1.08041
1.00493
1.04023
1.01379
1.13921
1.0233
1.01651
1.14375
1.01493
1.05149
1.02093
1.03127
1.01637
1.11856
1.05229
1.01513
1.06204
1.01208
1.00528
1.00701
1.07315
1.04777
1.11394
1.04282
1.00768
1.00179
1.18345
1.01417
1.0195
1.0183
1.10663
1.05431
1.06882
1.12136
1.12275
1.00159
1.03944
1.01233
1.00941
1.01327
1.02016
1.03836
1.01846
1.11508
1.03882
1.02266
1.05167
1.01146
1.02754
1.00133
1.01247
1.01645
1.02802
1.04832
1.09361
1.0118
1.02886
1.01192
1.02096
1.01725
1.01023
1.01266
1.1286
1.06257
1.01988
1.01154
1.08125
1.10904
1.12811
1.03256
1.0147
1.07439
1.00709
1.02728
1.00727
1.0358
1.01508
1.00917
1.0137
1.00223
1.04294
1.00886
1.0458
1.00678
1.05371
1.00717
1.02618
1.01795
1.05447
1.01176
1.01214
1.0069
1.00657
1.00815
1.01442
1.12519
1.06909
1.01665
1.02085
1.03932
1.00593
1.08297
1.00734
1.04454
1.01834
1.01621
1.01709
1.00273
1.02787
1.12784
1.06812
1.05424
1.1541
1.01865
1.01057
1.01998
1.0804
1.02462
1.01035
1.01776
1.00319
1.04259
1.06257
1.09089
1.0186
1.00905
1.01653
1.0177
1.00812
1.01936
1.01781
1.02265
1.0197
1.04116
1.05585
1.00961
1.02457
1.02911
1.02772
1.11919
1.04654
1.00502
1.00588
1.03351
1.00541
1.04422
1.03832
1.01067
1.01663
1.11798
1.05607
1.03939
1.13156
1.01037
1.01002
1.01719
1.02568
1.01289
1.01074
1.01899
1.01182
1.09592
1.08637
1.06563
1.04599
1.00465
1.06592
1.01674
1.03247
1.12691
1.00286
1.00684
1.03294
1.01392
1.00696
1.09381
1.15906
1.01323
1.01553
1.05198
1.1044
1.01058
1.02743
1.03062
1.02744
1.025
1.01267
1.04599
1.06709
1.00758
1.03242
1.036
1.04789
1.03657
1.00379
1.05402
1.04554
1.07601
1.0197
1.00422
1.04184
1.01154
1.00786
1.06676
1.00438
1.01709
1.07817
1.09791
1.03088
1.01112
1.04315
1.10136
1.0203
1.00532
1.0075
1.057
1.02322
1.02456
1.09658
1.06364
1.01256
1.03227
1.10921
1.00991
1.03017
1.10369
1.12539
1.06922
1.01341
1.01555
1.01686
1.00631
1.01879
1.04768
1.00326
1.00208
1.00006
1.01584
1.05279
1.04575
1.01125
1.01898
1.05073
1.03787
1.00347
1.18773
1.02494
1.02607
1.07774
1.00786
1.05466
1.01489
1.00969
1.07073
1.01566
1.04391
1.04612
1.03234
1.04471
1.00803
1.01992
1.12818
1.09625
1.02648
1.039
1.00821
1.05028
1.00714
1.03524
1.01711
1.03131
1.20195
1.01945
1.0276
1.01631
1.0534
1.02113
1.0841
1.0008
1.00287
1.00351
1.11123
1.03399
1.08111
1.07972
1.05952
1.08842
1.01348
1.02741
1.00769
1.03428
1.05059
1.00771
1.05882
1.10018
1.019
1.01712
1.05548
1.04862
1.02421
1.03477
1.01483
1.00539
1.01237
1.03047
1.04634
1.10387
1.02962
1.00652
1.01494
1.03046
1.09178
1.04676
1.01509
1.02093
1.13141
1.02926
1.01899
1.013
1.03416
1.02281
1.06266
1.01649
1.05205
1.11273
1.03675
1.07707
1.01568
1.0598
1.0422
1.01424
1.0153
1.0122
1.1272
1.02281
1.02693
1.08049
1.01787
1.00884
1.07012
1.01854
1.03078
1.00807
1.00173
1.00514
1.02943
1.00738
1.05471
1.0247
1.00205
1.0943
1.01093
1.00697
1.12089
1.0259
1.01274
1.02691
1.00636
1.05013
1.01054
1.09543
1.01325
1.00697
1.11815
1.01398
1.13224
1.01353
1.03894
1.01723
1.16565
1.03517
1.00185
1.13131
1.01664
1.03124
1.01998
1.02222
1.0097
1.00924
1.04666
1.07013
1.02019
1.13209
1.19968
1.02089
1.29459
1.01912
1.01826
1.02482
1.06808
1.0245
1.01031
1.04427
1.34808
1.12972
1.23126
1.02769
1.02635
1.04844
1.0274
1.04987
1.07014
1.07084
1.11691
1.32473
1.31148
1.13921
1.16898
1.1677
1.18474
1.02978
1.0498
1.25317
1.02244
1.3899
1.01733
1.25381
1.0363
1.01297
1.24138
1.48944
1.13682
1.43719
1.1013
1.0184
1.06976
1.10734
1.05202
1.04511
1.14237
1.08076
1.01568
1.0499
1.01423
1.09779
1.01515
1.19304
1.36964
1.10026
1.04758
1.03354
1.04335
1.17399
1.08912
1.05701
1.04667
1.02663
1.02776
1.10344
1.07257
1.01902
1.24459
1.0555
1.27066
1.14482
1.05168
1.0442
1.04801
1.08798
1.03628
1.31433
1.04008
1.30709
1.02839
1.03332
1.08008
1.04172
1.1685
1.02726
1.0214
1.10598
1.02654
1.03017
1.0862
1.0329
1.13962
1.01357
1.06866
1.26287
1.01715
1.03155
1.15125
1.01226
1.0207
1.05949
1.03179
1.04126
1.15679
1.04447
1.17301
1.33646
1.22665
1.02775
1.33179
1.86112
1.03063
1.26237
1.02577
1.02168
1.02337
1.17649
1.26368
1.01555
1.09071
1.22114
1.03466
1.02364
1.03237
1.02273
1.13805
1.03558
1.09485
1.11215
1.09432
1.05858
1.02709
1.01525
1.07893
1.13624
1.3099
1.064
1.02824
1.12858
1.03719
1.0227
1.07712
1.04455
1.22938
1.02914
1.18266
1.038
1.23036
1.02684
1.13151
1.51772
1.20199
1.02653
1.20303
1.08578
1.14796
1.14421
1.03389
1.5679
1.14331
1.04233
1.06543
1.42959
1.07463
1.06438
1.02816
1.02171
1.03848
1.04794
1.05153
1.29351
1.06608
1.06073
1.02807
1.04411
1.04334
1.01089
1.04836
1.18062
1.08784
1.01772
1.0201
1.17238
1.03074
1.03454
1.03789
1.03672
1.0357
1.08451
1.19367
1.00935
1.04852
1.15075
1.03477
1.59762
1.07087
1.12227
1.02113
1.07043
1.09073
1.27723
1.33562
1.12332
1.16066
1.13987
1.3195
1.14521
1.07573
1.02833
1.05021
1.06806
1.05894
1.10239
1.03517
1.13966
1.03508
1.04603
1.01426
1.02316
1.12996
1.39173
1.1549
1.0706
1.02351
1.10355
1.02134
1.19119
1.02116
1.02088
1.03323
1.0418
1.19195
1.44991
1.15813
1.12578
1.1277
1.09662
1.06993
1.14916
1.07937
1.04624
1.15877
1.26878
1.23134
1.05375
1.27787
1.03182
1.04089
1.0904
1.04247
1.02252
1.23681
1.05455
1.1748
1.12512
1.08223
1.13651
1.25206
1.02785
1.15926
1.02224
1.12035
1.02428
1.57876
1.12934
1.14652
1.16684
1.09606
1.04114
1.44975
1.06454
1.11844
1.1107
1.07324
1.01909
1.29449
1.02127
1.07825
1.01455
1.01442
1.24701
1.02537
1.03978
1.05363
1.22302
1.44832
1.0304
1.01486
1.01815
1.0395
1.02184
1.16694
1.32801
1.22362
1.01692
1.02923
1.05963
1.24326
1.12016
1.01576
1.13527
1.01915
1.02726
1.09731
1.01788
1.06871
1.15116
1.04722
1.0432
1.04148
1.03277
1.24717
1.03878
1.1037
1.05319
1.02968
1.10439
1.15372
1.19759
1.18627
1.04435
1.01477
1.01795
1.0264
1.17358
1.01542
1.17838
1.28029
1.15094
1.06214
1.06187
1.51657
1.06351
1.15989
1.19784
1.16146
1.03226
1.03551
1.06569
1.08724
1.01038
1.03808
1.01767
1.0257
1.06714
1.04873
1.16522
1.12805
1.02687
1.25791
1.08512
1.02568
1.03362
1.10386
1.02926
1.04755
1.02899
1.12956
1.02308
1.39905
1.01583
1.37358
1.03344
1.02828
1.08256
1.02496
1.03371
1.08348
1.08295
1.02472
1.14835
1.02058
1.32443
1.03305
1.03599
1.02377
1.34628
1.08485
1.02674
1.01563
1.1717
1.06788
1.0701
1.11133
1.07557
1.29313
1.10594
1.02909
1.00814
1.10406
1.08542
1.30799
1.08852
1.0875
1.10723
1.03055
1.19366
1.03519
1.01693
1.01216
1.06935
1.07575
1.03356
1.02555
1.04822
1.03608
1.14167
1.02295
1.07473
1.04065
1.07321
1.13051
1.03961
1.17622
1.04258
1.0582
1.04222
1.0266
1.11047
1.01448
1.27932
1.16777
1.14202
1.02724
1.11636
1.06776
1.08359
1.02517
1.03293
1.15511
1.02398
1.33722
1.05712
1.05045
1.04657
1.17805
1.02085
1.26726
1.14534
1.16537
1.028
1.09688
1.11335
1.1138
1.04937
1.12941
1.02283
1.01991
1.01874
1.01943
1.18504
1.03713
1.07764
1.15106
1.197
1.19309
1.08019
1.04713
1.24927
1.24279
1.06383
1.19655
1.01937
1.06593
1.05426
1.14117
1.0118
1.27829
1.122
1.06157
1.13915
1.08107
1.33144
1.01144
1.05237
1.13409
1.04952
1.01532
1.06033
1.03472
1.11098
1.02054
1.03264
1.70298
1.02037
1.00878
1.02958
1.14741
1.07772
1.01275
1.17577
1.04487
1.19302
1.03722
1.06339
1.10842
1.0786
1.07692
1.14858
1.01409
1.00536
1.05482
1.05797
1.18802
1.22729
1.11413
1.05373
1.05617
1.05871
1.17813
1.07685
1.12163
1.06183
1.07185
1.1092
1.11693
1.01977
1.07019
1.05524
1.04131
1.0408
1.0237
1.02974
1.11431
1.34925
1.07152
1.02227
1.43395
1.02419
1.037
1.11346
1.12777
1.38952
1.02501
1.08232
1.01202
1.02608
1.01521
1.01702
1.02271
1.05895
1.05238
1.20331
1.61903
1.0369
1.03007
1.07432
1.07507
1.03595
1.07656
1.06277
1.01805
1.07055
1.16383
1.03117
1.10696
1.01262
1.02449
1.03866
1.0726
1.18844
1.03543
1.04001
1.02036
1.1531
1.20653
1.06203
1.10839
1.02983
1.19934
1.06228
1.06651
1.09877
1.02816
1.23258
1.01789
1.13188
1.05337
1.05599
1.02998
1.04129
1.01592
1.03023
1.45248
1.02376
1.03505
1.05197
1.14664
1.0602
1.01161
1.14188
1.05109
1.07572
1.07983
1.11588
1.022
1.15276
1.01926
1.10381
1.03725
1.07581
1.03003
1.0355
1.04662
1.04539
1.02323
1.04222
1.02227
1.02709
1.05447
1.15394
1.18756
1.04862
1.05314
1.12401
1.04083
1.15547
1.00833
1.05849
1.03641
1.15901
1.03398
1.03342
1.27807
1.02577
1.10797
1.08206
1.06166
1.02545
1.21691
1.19677
1.02894
1.08599
1.02191
1.04144
1.01477
1.16795
1.08026
1.93943
1.29982
1.01231
1.02265
1.28009
1.77094
1.08146
1.03524
1.18856
1.0714
1.12352
1.23349
1.26665
1.01888
1.07554
1.02293
1.02476
1.04225
1.47223
1.14194
1.04213
1.19372
1.14953
1.03709
1.07849
1.02402
1.07538
1.01745
1.03723
1.0421
1.30645
1.09044
1.14495
1.02848
1.08934
1.02539
1.04977
1.06181
1.01833
1.02794
1.22344
1.1746
1.05818
1.03021
1.1716
1.16238
1.23293
1.05444
1.03171
1.12582
1.01945
1.03888
1.02603
1.04613
1.02997
1.02626
1.02355
1.00596
1.05083
1.01294
1.06541
1.0166
1.34726
1.03544
1.04954
1.02979
1.12499
1.07339
1.03995
1.03222
1.01983
1.02764
1.02112
1.21117
1.09015
1.02401
1.04131
1.05236
1.02208
1.28702
1.0223
1.13294
1.04013
1.08183
1.04255
1.01561
1.03671
1.25809
1.08512
1.09948
1.19298
1.04054
1.02719
1.11664
1.11787
1.04009
1.02767
1.04538
1.01118
1.21341
1.09529
1.11429
1.07494
1.0167
1.0346
1.02979
1.01428
1.02731
1.0314
1.09517
1.08254
1.07016
1.43423
1.02832
1.0453
1.04278
1.065
1.24895
1.08022
1.02157
1.04472
1.0472
1.02204
1.14964
1.05963
1.02109
1.0789
2.23968
1.08628
1.07252
1.1734
1.02066
1.02916
1.03269
1.0443
1.02695
1.06254
1.08542
1.02829
1.15766
1.22754
1.24119
1.09589
1.01673
1.09165
1.06252
2.4303
1.32187
1.01205
1.03416
1.0958
1.02266
1.01631
1.25546
1.48403
1.03034
1.02882
1.06438
1.12817
1.02038
1.09983
1.04953
1.08794
1.0729
1.04003
1.43063
1.08617
1.02302
1.04415
1.04991
1.07979
1.06157
1.01217
1.11077
1.08115
1.15695
1.03737
1.01718
2.02273
1.03428
1.03201
1.10584
1.02876
1.03026
1.42216
1.16774
1.05455
1.02703
1.25171
1.18674
1.0446
1.03201
1.02708
1.16911
1.04371
1.10313
1.12319
1.10026
1.033
1.07707
1.16981
1.02917
1.05635
1.17769
1.3079
1.25225
1.02846
1.06923
1.0396
1.01991
1.04439
1.08366
1.01307
1.01423
1.00781
1.0322
1.07176
1.06964
1.04177
1.02991
1.07549
1.07246
1.02256
1.39325
1.15298
1.03873
1.1601
1.09157
1.17828
1.04407
1.02763
1.26689
1.03448
1.13822
1.08146
1.09034
1.13918
1.02939
1.02974
1.18356
1.1421
1.08075
1.0757
1.01961
1.06763
1.02333
1.13508
1.03257
1.06929
1.37469
1.02886
1.03824
1.02628
1.06639
1.02961
1.2142
1.02016
1.00757
1.02193
1.29697
1.22869
1.24415
1.11125
1.07782
1.10532
1.02916
1.04293
1.02099
1.42829
1.07867
1.03105
1.20342
1.19594
1.06538
1.02968
1.09254
1.293
1.04432
1.19221
1.03193
1.0238
1.02818
1.05608
1.21427
1.21299
1.03859
1.01918
1.02755
1.04079
1.22288
1.07188
1.05277
1.03838
1.28096
1.05898
1.03002
1.03655
1.1485
1.0516
1.09342
1.02814
1.09016
1.14446
1.06006
1.20731
1.02567
1.36404
1.09037
1.03763
1.02108
1.03565
1.55876
1.04763
1.09949
1.58973
1.03538
1.01747
1.15796
1.02814
1.56658
1.03835
1.01956
1.01283
1.0659
1.04117
1.08429
1.04574
1.00713
1.2316
1.02727
1.01605
1.40216
1.04331
1.03291
1.16253
1.02375
1.12806
1.0216
1.24127
1.02576
1.0265
1.24985
1.06386
1.21728
1.03707
1.08206
1.03655
1.18595
1.05228
1.01461
1.50495
1.03883
1.24757
1.07968
1.03485
1.02327
1.09377
1.09486
1.10793
1.04281
2.43343
1.49029
1.58703
1.57823
1.05523
2.48169
1.54653
2.02761
2.18066
2.28076
3.23125
1.99263
2.19601
1.69371
1.96528
1.93766
3.20319
2.82979
2.53776
1.83435
1.87395
1.77317
2.54637
2.90635
1.91264
2.32004
2.18977
2.33799
2.62071
1.54041
1.87996
2.31605
1.84642
1.10417
2.47031
2.84718
1.72378
1.47371
2.56543
1.38155
1.75698
2.25368
2.47007
1.38517
2.40984
1.70948
3.07989
2.12368
1.42733
1.26915
3.24088
1.66553
2.1613
1.47062
1.80298
1.85938
2.00634
2.49392
3.00781
1.49092
2.3736
1.87535
2.88651
2.19745
2.40921
1.15132
1.69538
1.37224
2.51771
2.7064
1.46682
2.53196
3.35847
1.50476
1.56696
1.5036
2.41788
1.34654
2.56345
1.5449
2.04743
1.87377
2.97941
2.01265
1.52696
1.82835
1.32018
2.22521
1.49164
1.46899
1.90342
1.29079
1.27039
2.10215
1.93623
2.29334
2.10867
1.08115
2.20581
2.293
1.81656
2.17654
2.2668
2.06297
2.62319
2.05866
3.06183
1.79736
2.82148
1.43264
1.17266
2.13934
2.51159
1.39945
1.87577
2.13825
3.32555
1.27433
2.05791
2.57916
1.76778
2.09708
2.81189
1.30415
2.0645
2.08537
2.37168
1.78512
2.88255
1.47929
1.88731
1.24613
1.92813
1.17651
1.37171
1.91992
1.90375
1.81918
3.00308
2.16184
2.35448
1.36773
3.39097
1.5978
2.16971
2.67778
1.74549
1.59844
1.986
2.45148
1.68166
2.71137
3.08026
2.65621
1.39998
1.80013
1.32838
2.84984
2.06766
1.94163
1.60287
1.83431
3.07157
3.38492
2.08088
2.10247
2.31299
1.28754
2.82271
1.73665
2.96903
3.32392
1.95434
2.08447
1.4242
3.12184
2.13813
1.06045
1.26625
3.3928
2.01161
1.79143
1.84864
1.80758
1.91385
2.56056
2.09735
2.5308
3.40758
1.36617
2.46283
2.7358
2.7969
3.45146
1.86483
2.16712
3.00573
1.75837
1.78357
1.25512
1.27591
1.14261
2.30486
1.68495
2.37581
1.35888
1.34879
2.44265
2.8652
2.74146
2.82397
2.35159
2.06097
2.46173
1.38409
2.08871
1.7944
2.58347
2.76992
2.00276
2.15123
1.92282
2.21629
2.64171
1.6237
1.4522
1.95448
2.65114
2.23358
2.32389
2.86471
1.93833
1.74709
1.56635
2.72764
2.02573
2.26255
2.34942
1.63836
1.8062
2.23116
2.9631
2.29176
2.91866
1.9067
2.71511
1.20446
1.46994
2.05296
1.67754
2.24532
1.13861
2.43502
1.38369
3.101
3.27311
2.09854
2.27902
2.23133
2.30918
2.23344
2.13308
2.9044
1.70748
2.0169
2.17522
2.60352
3.00188
2.29235
2.17442
1.72957
2.41196
2.26134
2.09529
2.13552
2.73839
2.08244
2.63495
3.2816
2.14421
1.67681
1.8505
2.79775
1.59184
1.62761
2.09837
2.83094
2.11171
2.63133
1.91416
3.31571
1.67989
1.41481
1.73961
2.70583
1.65307
3.09272
1.56348
1.70676
2.03149
2.1059
1.65247
1.97645
1.60981
2.62793
2.43733
1.46681
1.19589
1.96286
3.33437
2.0131
1.4242
2.79208
1.6825
2.75035
1.82942
1.43657
1.82227
2.37944
2.30991
2.17735
1.64853
2.76012
1.62152
1.48661
1.66883
1.34139
1.37469
1.59316
2.24127
2.02998
1.39537
2.75643
2.30251
2.28661
1.64511
2.60013
1.78343
1.55035
2.24118
1.6535
2.58875
3.49138
1.72798
2.27537
1.4216
1.39581
2.19187
1.9207
2.72577
1.98338
1.97589
2.32968
2.77517
1.1251
1.3454
1.83857
2.54002
2.58122
1.37543
2.11488
2.60828
2.71644
2.15202
2.38387
2.47825
1.7862
1.42395
2.12164
2.72994
2.5623
2.08883
2.73922
2.07
2.44924
2.89069
3.35718
1.40508
1.66107
1.23375
1.68864
1.22885
1.92999
2.53925
1.73
1.73981
2.10469
2.41575
2.7512
1.30811
1.48939
3.3852
1.89828
2.55174
2.45601
2.13896
2.75404
1.19849
1.82989
1.60368
2.27479
1.65158
3.58911
2.6133
2.74373
2.10265
1.80104
2.60685
1.81909
1.15065
1.60137
2.2441
1.56385
2.82636
2.67958
2.20251
1.86134
1.98815
2.73882
2.87677
1.92323
1.42791
1.63971
3.11959
1.89926
1.14103
1.94747
3.58004
2.46058
2.6013
1.36473
1.7587
1.66703
2.23083
2.37003
1.30919
1.96486
1.74299
1.64049
1.73108
1.96374
2.00802
1.18875
3.06129
1.79726
1.82039
1.61687
2.26941
1.10623
2.16814
1.36641
2.17956
1.75546
2.94642
1.70954
2.13566
2.0466
2.97898
2.609
1.24039
2.78615
1.93326
2.75071
1.5138
3.61974
1.2756
2.72526
1.87966
3.1396
1.83122
1.75076
2.89546
1.97623
2.94634
1.73103
1.65483
2.0203
1.26621
2.02753
2.94425
1.30214
1.75076
2.09342
1.50285
1.85244
2.43979
2.08599
1.57147
1.37075
1.69761
1.80823
2.36183
1.7009
1.98466
1.66225
2.31575
2.13582
1.57451
1.98568
1.68086
2.2699
2.18432
2.79436
1.14765
2.02886
1.97174
1.59505
1.65748
2.63593
2.13061
2.45991
1.69209
1.72131
2.26871
2.76891
2.60456
1.34797
1.9377
1.27
1.49032
1.8716
2.47528
1.70304
2.23501
3.12635
1.42055
2.04067
2.97056
1.56562
1.50979
1.39699
2.06415
1.82255
2.47165
2.85192
1.34887
1.4671
2.34772
1.22101
2.29971
2.3545
1.65999
1.30568
1.62109
2.54614
1.74927
2.0838
2.78572
1.57249
2.50627
1.4991
1.25367
2.89445
2.96449
2.65587
1.44739
2.3328
1.9572
1.89028
3.21862
1.9099
1.94276
2.71362
2.58482
1.25311
1.38622
2.80654
2.14297
3.17937
1.8314
3.01061
1.70354
2.58037
1.18085
1.49665
2.01345
1.88023
1.93224
2.19883
2.67343
2.70119
1.34811
2.11199
2.13756
2.46274
1.58744
1.57278
1.73549
3.45308
1.92291
1.78613
2.02856
1.96241
1.39052
2.60153
1.9289
2.71792
1.6421
2.27577
2.29593
2.86245
1.7485
2.20641
1.46219
1.08053
1.96346
2.36967
2.22669
3.36648
1.66917
1.22241
2.50807
2.82561
2.11442
2.51861
2.08659
1.26621
1.2275
1.61135
1.619
1.26997
1.8107
1.8353
2.17669
2.59995
2.7276
1.95051
3.07797
1.99641
2.89375
2.86507
2.44874
1.41932
2.09253
2.35385
3.20312
2.15808
1.54903
2.40439
1.3221
2.63773
1.40175
1.10933
2.21469
2.11508
1.90689
1.44211
1.72353
1.81286
1.97554
3.21837
2.02471
2.49952
2.24515
2.17559
2.49438
3.25916
2.05346
1.87704
1.63796
2.91436
1.81138
2.18106
1.63163
1.78047
2.13088
2.24898
1.41652
2.64779
3.68032
2.17721
1.77158
2.26394
2.44245
1.82975
1.73469
1.76386
2.81422
2.42722
1.62304
2.94715
1.61994
1.95758
1.67224
2.99346
1.9858
2.34402
2.66552
3.19322
2.6
1.45575
1.91126
2.65545
1.42458
1.09904
2.77256
1.2112
1.01421
2.3526
1.82444
2.4703
3.34622
2.86392
1.99999
1.79454
2.33089
2.58568
2.65706
1.92422
1.86985
1.98039
2.91345
1.66748
2.06701
1.50948
1.16162
2.20426
2.41176
2.20306
2.28725
2.31883
1.33619
3.33239
1.63829
2.02965
1.15282
2.51291
2.0775
2.02488
2.47613
2.32757
1.64091
2.85099
1.40007
1.75436
2.06513
1.07833
1.71389
1.34634
1.74526
1.87724
1.66779
1.89288
1.18075
1.70667
2.56507
2.95734
1.07762
2.18452
2.72345
1.41457
2.2577
1.85449
2.3081
1.22858
1.15598
2.21686
2.10238
2.59572
1.43039
1.61771
2.74224
3.54923
2.72169
1.5132
1.22247
2.18396
2.42654
2.44722
1.8006
2.4065
2.06811
2.19175
2.287
2.5398
2.16141
1.17518
2.09477
2.21863
1.61541
1.62302
2.82001
1.23461
1.09221
1.53818
1.90026
2.91654
1.87121
1.98134
3.25056
1.96735
2.62845
2.18036
1.90545
2.43381
1.8546
2.3302
2.42042
1.90092
2.18362
1.93595
2.24016
1.97918
2.37951
1.50237
2.50598
2.469
2.16154
2.24173
2.59721
1.61534
1.32114
1.93813
1.85761
3.55906
1.50503
2.53462
2.61205
2.67905
2.45965
1.65533
1.78303
2.72254
2.84034
1.49481
1.60554
2.31412
1.13877
2.32086
2.37752
1.30782
2.63746
1.29247
1.64949
1.87817
1.51431
1.60336
2.63333
2.49886
1.42665
3.3842
3.16517
2.61566
1.61976
1.81237
1.55152
2.41583
1.37209
3.03823
1.04411
1.59941
1.96799
1.45148
3.33626
2.91484
2.23313
1.50633
1.46515
2.23832
1.69554
1.6072
2.7331
1.21528
1.96281
1.80169
1.55419
1.5242
2.17007
1.60238
2.69027
1.68791
2.03088
1.66089
2.07313
2.59148
1.86947
3.07334
1.30164
2.56754
1.59713
2.23766
1.35512
1.53713
1.29897
1.5822
2.88983
1.83849
1.90993
2.12088
1.85574
2.38824
2.28277
2.45971
2.64619
1.46777
1.86126
1.86273
1.7371
1.54839
2.27633
3.16734
2.01082
1.95555
1.89757
1.56099
1.2685
1.49747
1.58851
3.21935
2.48454
1.37651
1.79976
2.97627
2.18662
2.78514
1.924
2.15046
2.39591
1.43669
1.15986
2.75743
3.4315
1.76312
1.43436
1.31783
2.56885
2.8686
1.878
2.56111
1.88825
1.38325
1.72287
2.60454
2.15534
2.24729
2.42702
2.79068
1.73412
2.69198
1.36929
2.04592
1.54908
2.06296
1.83533
1.71621
1.41207
2.25908
3.12593
2.33326
1.21873
2.57884
2.19059
2.22659
2.13479
1.7278
1.74403
3.19883
1.98494
1.13173
2.94394
1.25889
1.72961
1.39335
1.96748
3.15235
1.44732
2.10234
1.54218
2.05346
1.44602
2.63668
2.71799
2.17329
1.47583
1.62387
3.22495
2.61308
2.91966
2.15434
1.99569
2.49854
1.92569
1.43556
2.20663
2.08215
3.06027
2.21701
1.93424
2.2643
3.08637
2.5637
1.47289
2.7156
2.99831
1.81396
2.18736
2.65829
1.66475
1.39738
1.21885
232609000.0
376832000.0
457343000.0
465681000.0
827766000.0
227486000.0
452400000.0
279797000.0
287256000.0
253166000.0
156178000.0
272099000.0
289483000.0
423891000.0
327715000.0
325513000.0
158628000.0
189379000.0
223060000.0
361540000.0
357632000.0
348673000.0
220295000.0
182019000.0
300650000.0
250407000.0
280951000.0
250744000.0
209694000.0
481282000.0
269211000.0
259036000.0
297705000.0
802950000.0
214148000.0
185647000.0
389671000.0
372749000.0
224013000.0
400833000.0
317418000.0
264061000.0
237229000.0
546058000.0
223682000.0
393940000.0
172141000.0
261259000.0
528283000.0
621647000.0
159382000.0
426865000.0
238190000.0
516826000.0
362898000.0
340597000.0
306219000.0
220972000.0
171755000.0
520336000.0
223548000.0
328991000.0
174386000.0
265461000.0
236766000.0
666873000.0
339416000.0
548738000.0
222422000.0
188291000.0
500036000.0
203461000.0
156127000.0
489666000.0
428429000.0
442899000.0
241524000.0
511918000.0
222135000.0
436961000.0
293672000.0
345122000.0
184208000.0
305877000.0
443312000.0
304361000.0
565774000.0
282151000.0
409752000.0
501216000.0
341323000.0
496042000.0
661134000.0
297007000.0
346932000.0
227257000.0
281327000.0
776451000.0
285135000.0
243408000.0
386607000.0
286461000.0
274678000.0
291574000.0
198159000.0
278603000.0
168474000.0
351470000.0
179004000.0
387077000.0
695682000.0
281418000.0
216647000.0
561587000.0
319986000.0
305858000.0
152017000.0
608441000.0
296873000.0
229014000.0
401036000.0
281828000.0
191610000.0
590519000.0
301614000.0
302212000.0
236598000.0
293280000.0
187864000.0
424961000.0
365750000.0
454202000.0
299186000.0
751100000.0
552342000.0
353135000.0
286592000.0
312408000.0
178347000.0
283275000.0
247053000.0
554931000.0
155061000.0
431331000.0
289740000.0
219752000.0
371669000.0
413684000.0
309848000.0
230867000.0
356834000.0
207023000.0
176056000.0
191121000.0
551945000.0
371025000.0
567130000.0
191738000.0
274741000.0
324682000.0
352063000.0
320759000.0
165485000.0
153303000.0
302571000.0
287729000.0
244761000.0
636380000.0
196581000.0
396366000.0
185843000.0
157114000.0
325230000.0
259027000.0
524728000.0
166851000.0
280341000.0
564214000.0
672434000.0
151250000.0
311309000.0
354230000.0
342361000.0
384903000.0
286830000.0
229008000.0
297725000.0
227926000.0
149753000.0
590130000.0
220255000.0
191715000.0
205644000.0
147005000.0
326503000.0
292673000.0
174421000.0
396069000.0
382263000.0
674940000.0
527253000.0
769155000.0
245793000.0
360856000.0
235805000.0
430467000.0
455090000.0
241198000.0
174557000.0
187752000.0
202724000.0
246494000.0
310828000.0
227173000.0
530627000.0
304193000.0
298452000.0
199461000.0
195975000.0
322887000.0
299422000.0
345365000.0
238070000.0
195139000.0
385062000.0
540473000.0
307687000.0
217424000.0
252464000.0
249238000.0
184460000.0
335569000.0
402697000.0
377419000.0
204508000.0
316225000.0
241363000.0
254296000.0
323589000.0
366919000.0
226534000.0
176450000.0
271955000.0
183104000.0
338957000.0
185763000.0
598750000.0
456112000.0
289287000.0
373758000.0
284094000.0
721783000.0
243388000.0
428339000.0
175320000.0
155032000.0
262759000.0
271022000.0
284858000.0
230473000.0
266515000.0
296048000.0
188160000.0
346740000.0
302393000.0
248882000.0
213729000.0
181288000.0
222372000.0
289294000.0
412543000.0
222047000.0
234572000.0
247019000.0
243820000.0
192377000.0
306748000.0
201878000.0
160928000.0
271596000.0
435633000.0
372602000.0
183934000.0
479521000.0
424599000.0
290804000.0
184025000.0
261230000.0
225849000.0
341678000.0
157346000.0
386644000.0
557934000.0
297136000.0
190198000.0
329877000.0
171140000.0
488958000.0
390367000.0
256999000.0
294823000.0
441147000.0
288755000.0
439244000.0
220968000.0
236098000.0
537294000.0
619293000.0
263673000.0
156572000.0
303244000.0
491514000.0
207630000.0
364589000.0
194410000.0
334738000.0
445254000.0
374433000.0
248026000.0
230021000.0
271607000.0
357520000.0
190391000.0
458587000.0
526038000.0
439603000.0
550174000.0
543503000.0
329336000.0
225371000.0
292431000.0
474312000.0
184408000.0
223315000.0
277206000.0
450736000.0
196163000.0
370620000.0
487859000.0
277472000.0
421956000.0
199366000.0
147661000.0
355433000.0
265013000.0
513973000.0
567619000.0
282894000.0
290647000.0
209178000.0
343797000.0
289529000.0
254872000.0
188258000.0
778967000.0
487033000.0
358871000.0
199046000.0
227358000.0
494685000.0
279227000.0
193840000.0
198885000.0
267754000.0
246316000.0
230660000.0
378976000.0
502694000.0
287640000.0
207308000.0
209324000.0
308803000.0
195048000.0
307802000.0
208934000.0
194334000.0
155549000.0
535421000.0
403863000.0
607951000.0
384561000.0
682561000.0
307416000.0
234574000.0
417647000.0
359590000.0
311283000.0
236798000.0
196492000.0
557923000.0
489365000.0
149054000.0
305590000.0
203566000.0
216203000.0
287189000.0
183132000.0
710011000.0
295099000.0
453384000.0
266653000.0
452214000.0
138964000.0
210805000.0
183725000.0
316434000.0
377398000.0
223144000.0
363550000.0
699976000.0
391766000.0
260247000.0
465102000.0
200437000.0
210075000.0
279453000.0
320469000.0
325322000.0
195266000.0
187870000.0
335341000.0
543184000.0
366536000.0
161595000.0
291894000.0
738870000.0
309356000.0
141719000.0
218435000.0
225106000.0
562353000.0
365738000.0
447716000.0
225866000.0
240608000.0
531030000.0
330087000.0
381280000.0
450878000.0
302286000.0
285590000.0
310565000.0
744466000.0
165989000.0
301206000.0
348521000.0
411753000.0
256192000.0
716909000.0
283874000.0
568932000.0
293960000.0
318856000.0
185520000.0
387924000.0
272369000.0
313833000.0
182045000.0
210396000.0
545383000.0
181832000.0
324880000.0
187928000.0
491733000.0
141732000.0
477005000.0
203949000.0
298975000.0
170346000.0
282344000.0
293906000.0
191510000.0
282702000.0
183360000.0
407544000.0
428708000.0
324257000.0
577373000.0
312857000.0
183678000.0
614029000.0
385280000.0
278807000.0
498258000.0
362804000.0
216939000.0
298990000.0
479527000.0
597974000.0
331288000.0
362610000.0
261194000.0
415153000.0
299397000.0
358645000.0
256942000.0
297911000.0
356306000.0
307898000.0
409310000.0
252863000.0
290181000.0
194372000.0
633566000.0
310283000.0
273450000.0
427259000.0
401794000.0
196415000.0
290349000.0
214293000.0
346541000.0
352657000.0
237543000.0
188841000.0
216708000.0
563514000.0
269888000.0
602594000.0
491817000.0
342836000.0
242120000.0
413190000.0
269672000.0
162818000.0
479339000.0
319031000.0
170622000.0
449159000.0
377896000.0
555002000.0
292416000.0
359771000.0
207611000.0
176008000.0
548807000.0
485536000.0
259364000.0
654626000.0
262775000.0
258725000.0
417908000.0
512663000.0
435402000.0
222781000.0
365832000.0
280260000.0
210124000.0
415748000.0
230889000.0
467292000.0
665901000.0
183650000.0
181625000.0
201167000.0
383250000.0
261793000.0
283002000.0
364044000.0
162862000.0
327695000.0
320726000.0
191222000.0
202241000.0
667578000.0
561422000.0
185816000.0
260113000.0
161690000.0
370931000.0
175402000.0
364257000.0
208701000.0
643371000.0
411016000.0
329000000.0
329292000.0
338641000.0
283408000.0
199752000.0
189211000.0
532112000.0
310474000.0
297636000.0
244885000.0
328560000.0
475452000.0
391760000.0
149104000.0
327317000.0
362647000.0
316174000.0
305232000.0
550895000.0
202043000.0
321329000.0
203410000.0
435942000.0
227326000.0
268892000.0
187090000.0
373270000.0
272643000.0
521354000.0
668586000.0
328757000.0
237597000.0
275468000.0
150780000.0
418447000.0
635594000.0
208788000.0
198452000.0
291339000.0
215414000.0
282482000.0
564172000.0
632959000.0
350633000.0
450719000.0
534965000.0
363844000.0
278572000.0
246977000.0
213264000.0
197331000.0
316631000.0
173646000.0
319261000.0
178048000.0
175896000.0
208547000.0
540952000.0
288883000.0
236851000.0
158879000.0
304132000.0
458497000.0
231551000.0
490350000.0
190510000.0
456990000.0
758589000.0
298228000.0
265664000.0
330264000.0
524430000.0
381968000.0
290407000.0
290729000.0
160732000.0
288254000.0
209669000.0
287325000.0
279654000.0
227101000.0
156398000.0
312695000.0
367843000.0
417022000.0
190407000.0
295377000.0
266184000.0
435621000.0
355783000.0
283975000.0
267443000.0
572793000.0
220514000.0
136671000.0
269178000.0
373836000.0
236714000.0
234564000.0
359428000.0
387324000.0
390413000.0
204057000.0
242801000.0
429209000.0
170936000.0
402945000.0
320252000.0
419157000.0
173147000.0
306905000.0
221816000.0
193010000.0
161101000.0
216868000.0
540970000.0
316554000.0
220351000.0
485934000.0
732987000.0
197711000.0
645770000.0
816915000.0
215014000.0
338445000.0
222279000.0
151979000.0
194668000.0
317645000.0
372834000.0
240133000.0
227035000.0
209138000.0
320999000.0
367125000.0
338212000.0
189754000.0
404389000.0
296929000.0
403693000.0
668454000.0
273187000.0
211749000.0
292316000.0
250474000.0
269820000.0
557973000.0
153263000.0
439712000.0
317983000.0
769222000.0
202711000.0
287157000.0
273528000.0
226499000.0
228803000.0
428202000.0
197903000.0
561135000.0
312235000.0
289765000.0
755571000.0
405027000.0
590411000.0
398469000.0
330001000.0
357386000.0
363850000.0
704269000.0
396543000.0
215589000.0
174517000.0
646010000.0
271778000.0
204409000.0
520273000.0
261079000.0
357364000.0
262275000.0
652215000.0
652485000.0
257057000.0
280656000.0
217572000.0
552340000.0
461853000.0
190325000.0
141672000.0
202128000.0
468179000.0
662859000.0
285454000.0
220326000.0
207876000.0
344901000.0
209793000.0
303362000.0
291133000.0
263469000.0
216367000.0
277068000.0
722478000.0
309536000.0
264495000.0
358047000.0
387902000.0
195691000.0
577192000.0
815160000.0
391756000.0
354222000.0
175610000.0
309173000.0
341711000.0
160878000.0
339514000.0
204226000.0
278269000.0
327041000.0
221903000.0
346124000.0
244240000.0
212908000.0
293425000.0
284233000.0
326226000.0
248879000.0
332000000.0
247706000.0
494174000.0
218708000.0
208003000.0
281459000.0
251646000.0
205591000.0
392704000.0
574699000.0
350767000.0
308731000.0
141197000.0
436858000.0
223575000.0
225596000.0
198110000.0
245973000.0
415612000.0
301046000.0
213308000.0
186116000.0
456796000.0
373230000.0
245415000.0
752883000.0
233137000.0
230420000.0
578356000.0
220933000.0
618413000.0
403626000.0
347067000.0
487012000.0
314919000.0
195400000.0
233709000.0
497889000.0
149640000.0
164643000.0
205500000.0
371502000.0
309433000.0
454205000.0
232559000.0
563136000.0
168485000.0
836276000.0
424122000.0
308512000.0
532708000.0
154372000.0
198054000.0
261927000.0
445126000.0
421387000.0
282555000.0
398973000.0
416749000.0
204989000.0
709342000.0
274758000.0
397149000.0
429616000.0
415195000.0
284194000.0
425795000.0
214874000.0
409996000.0
256472000.0
433162000.0
297184000.0
194340000.0
331973000.0
168489000.0
614313000.0
215067000.0
325079000.0
233598000.0
554268000.0
403576000.0
612232000.0
403813000.0
180975000.0
351680000.0
320170000.0
297046000.0
312541000.0
231732000.0
234506000.0
226213000.0
191276000.0
435199000.0
333226000.0
370859000.0
401839000.0
492007000.0
249352000.0
165173000.0
318284000.0
298866000.0
295464000.0
348599000.0
633403000.0
456979000.0
458574000.0
156674000.0
206997000.0
580818000.0
333273000.0
168058000.0
282751000.0
196996000.0
284128000.0
280841000.0
239019000.0
499318000.0
703348000.0
208315000.0
147183000.0
355239000.0
498678000.0
389119000.0
203863000.0
182927000.0
322579000.0
197428000.0
301083000.0
504581000.0
409242000.0
213407000.0
280934000.0
283214000.0
237726000.0
199890000.0
378692000.0
205265000.0
471567000.0
296444000.0
436830000.0
246602000.0
350653000.0
361960000.0
529516000.0
262873000.0
161289000.0
240963000.0
639751000.0
219603000.0
267486000.0
256711000.0
254928000.0
306993000.0
387537000.0
160994000.0
285406000.0
695720000.0
178900000.0
664587000.0
428563000.0
572284000.0
326341000.0
171099000.0
427558000.0
289325000.0
497398000.0
301606000.0
527788000.0
214430000.0
191175000.0
265754000.0
512807000.0
443805000.0
158919000.0
202981000.0
180988000.0
286467000.0
312883000.0
238889000.0
262020000.0
537984000.0
260705000.0
309810000.0
167609000.0
274438000.0
265657000.0
260162000.0
177257000.0
197421000.0
525037000.0
185661000.0
180642000.0
356439000.0
274913000.0
217786000.0
392355000.0
421706000.0
675495000.0
