1.0367
1.10022
1.00421
1.0818
1.00945
1.03176
1.09373
1.08638
1.08201
1.00286
1.01813
1.06527
1.00746
1.02551
1.01008
1.00877
1.04997
1.02001
1.04079
1.01248
1.06537
1.05662
1.01325
1.00771
1.02217
1.12685
1.02611
1.01733
1.02129
1.00281
1.00533
1.00341
1.02367
1.03854
1.0105
1.05565
1.01821
1.00713
1.00572
1.0658
1.07289
1.00781
1.02465
1.00814
1.02013
1.00443
1.01535
1.0283
1.05921
1.00397
1.11482
1.00192
1.02218
1.00572
1.02622
1.01481
1.01816
1.00825
1.04267
1.05814
1.11035
1.0657
1.06736
1.01116
1.0266
1.03111
1.01447
1.01143
1.05626
1.05529
1.0096
1.01273
1.023
1.10677
1.09333
1.04177
1.00146
1.00686
1.00264
1.04781
1.02968
1.0221
1.02557
1.03521
1.11525
1.0019
1.07386
1.03039
1.01458
1.01077
1.1222
1.09288
1.0069
1.01262
1.00567
1.03549
1.01727
1.0046
1.06496
1.01285
1.00417
1.1785
1.14898
1.02407
1.00819
1.07651
1.00575
1.01411
1.18863
1.00088
1.10603
1.0817
1.06276
1.0523
1.01264
1.08617
1.04865
1.05614
1.11236
1.00826
1.10057
1.03743
1.0669
1.00427
1.17638
1.01268
1.11789
1.00731
1.0403
1.01636
1.04928
1.12259
1.03924
1.01146
1.05836
1.00503
1.003
1.00446
1.0058
1.00348
1.01245
1.01334
1.02652
1.00123
1.02802
1.00317
1.03277
1.05941
1.01862
1.10377
1.04683
1.00971
1.17741
1.00445
1.01785
1.08871
1.03437
1.025
1.04535
1.04034
1.03179
1.03458
1.01535
1.01064
1.0187
1.02062
1.04836
1.0228
1.05238
1.0067
1.00715
1.00535
1.00535
1.03953
1.01792
1.00309
1.01644
1.10934
1.00797
1.03963
1.07514
1.03178
1.0359
1.21573
1.15081
1.00771
1.0841
1.00652
1.03204
1.06438
1.03454
1.00416
1.0617
1.0392
1.05287
1.02027
1.00764
1.12483
1.01208
1.04176
1.10017
1.09409
1.01112
1.00943
1.01906
1.01778
1.04946
1.13989
1.10702
1.05674
1.03366
1.03058
1.04117
1.00224
1.0088
1.03199
1.04732
1.00421
1.01072
1.09927
1.01218
1.09549
1.02216
1.04415
1.01127
1.00406
1.04291
1.0461
1.02273
1.11138
1.04102
1.00616
1.01881
1.011
1.04197
1.12663
1.02593
1.00243
1.0322
1.01755
1.00349
1.04312
1.00972
1.04963
1.02374
1.01048
1.01639
1.01267
1.06646
1.04711
1.01383
1.01218
1.04694
1.00512
1.02962
1.0422
1.00374
1.00336
1.02519
1.01842
1.05483
1.01198
1.10117
1.02212
1.0495
1.03288
1.08066
1.03336
1.05883
1.01239
1.04586
1.0321
1.02707
1.01233
1.00687
1.02126
1.02301
1.01159
1.02244
1.09835
1.11233
1.19623
1.01273
1.05399
1.00324
1.05385
1.01434
1.08222
1.10247
1.01644
1.05881
1.1736
1.09648
1.02292
1.01528
1.00138
1.05532
1.0276
1.01231
1.02304
1.00988
1.02977
1.06763
1.01876
1.03212
1.00703
1.00519
1.00867
1.03771
1.03676
1.03053
1.07296
1.0056
1.02093
1.01307
1.14908
1.07364
1.00188
1.07278
1.02957
1.04158
1.06516
1.0033
1.02187
1.00389
1.03401
1.04453
1.05854
1.01787
1.08119
1.0866
1.01949
1.04707
1.02237
1.00959
1.05128
1.01554
1.02362
1.02137
1.103
1.02907
1.01274
1.04773
1.00962
1.08002
1.01702
1.03934
1.05195
1.00229
1.01965
1.0299
1.05188
1.02955
1.03938
1.01495
1.00133
1.02884
1.00363
1.01987
1.00538
1.02048
1.04304
1.03719
1.02275
1.0115
1.02937
1.02649
1.02698
1.00521
1.00753
1.07078
1.01699
1.01612
1.02664
1.06543
1.09243
1.28694
1.08389
1.02487
1.00763
1.00225
1.09883
1.15812
1.00897
1.00899
1.01833
1.06501
1.04583
1.17669
1.11316
1.00373
1.00192
1.02733
1.03825
1.10077
1.04534
1.02906
1.03988
1.02547
1.03363
1.10833
1.06627
1.15695
1.00365
1.0105
1.00926
1.11937
1.02079
1.01128
1.04201
1.07239
1.01942
1.04724
1.06981
1.0047
1.01989
1.00273
1.00177
1.02295
1.01622
1.02461
1.01642
1.0659
1.00846
1.00426
1.12263
1.1274
1.05704
1.0176
1.12166
1.0504
1.00625
1.00342
1.05148
1.00442
1.23973
1.05366
1.00863
1.0028
1.05828
1.03429
1.0866
1.02743
1.00661
1.0353
1.0448
1.00035
1.06556
1.07989
1.01301
1.05332
1.08968
1.00472
1.04198
1.01712
1.01762
1.0163
1.00929
1.06455
1.02466
1.08773
1.00924
1.01435
1.05608
1.00451
1.06592
1.03489
1.02144
1.03327
1.03231
1.00691
1.03726
1.00155
1.10954
1.13832
1.02377
1.02432
1.0536
1.00353
1.01101
1.22826
1.01174
1.01239
1.04448
1.01111
1.08207
1.0923
1.02914
1.00657
1.00508
1.03306
1.03235
1.15094
1.00747
1.02847
1.02761
1.00589
1.10026
1.02636
1.02346
1.00886
1.10806
1.00987
1.07272
1.02315
1.05205
1.02576
1.06055
1.02541
1.00579
1.09453
1.12556
1.03915
1.03834
1.00721
1.07202
1.01743
1.01358
1.01595
1.01744
1.09539
1.01739
1.01006
1.01919
1.03081
1.04317
1.03898
1.0701
1.0254
1.03672
1.00511
1.04614
1.02146
1.07346
1.03539
1.03426
1.02464
1.04971
1.01594
1.11903
1.00532
1.00956
1.052
1.00019
1.01317
1.01875
1.05552
1.02073
1.08619
1.05221
1.03935
1.00602
1.06898
1.01855
1.00833
1.00627
1.00492
1.0234
1.01626
1.00767
1.0559
1.02727
1.05236
1.04939
1.0194
1.00767
1.02079
1.01305
1.01558
1.02345
1.05759
1.02415
1.01702
1.00916
1.01661
1.14804
1.00178
1.11298
1.0364
1.07379
1.02176
1.0339
1.02099
1.0195
1.05409
1.02597
1.06191
1.02488
1.04697
1.01858
1.046
1.03558
1.00497
1.01456
1.07397
1.05019
1.03467
1.08306
1.00683
1.0256
1.02551
1.02201
1.02542
1.00767
1.03999
1.02411
1.00662
1.01489
1.02419
1.01205
1.05319
1.11883
1.00867
1.00985
1.06726
1.07163
1.0516
1.06645
1.05325
1.02372
1.05282
1.01113
1.00671
1.04062
1.01667
1.03151
1.00797
1.01476
1.02301
1.05544
1.00565
1.00609
1.01382
1.07777
1.00787
1.01662
1.01984
1.05267
1.01624
1.01345
1.01253
1.03276
1.00975
1.06446
1.00633
1.02705
1.00396
1.01388
1.06038
1.01543
1.00397
1.01798
1.0119
1.01073
1.01522
1.00312
1.04798
1.00822
1.0514
1.05122
1.00469
1.04014
1.03453
1.02079
1.01794
1.02525
1.00369
1.00607
1.05582
1.01578
1.01201
1.01215
1.00717
1.06189
1.0062
1.03197
1.0051
1.06422
1.01888
1.03178
1.00944
1.00208
1.00829
1.02425
1.00983
1.02799
1.09892
1.01906
1.00645
1.01388
1.03268
1.00441
1.02319
1.11475
1.16956
1.03312
1.01377
1.01716
1.00203
1.06832
1.12819
1.04272
1.11831
1.00796
1.01692
1.07878
1.0188
1.01054
1.06102
1.0302
1.01051
1.01396
1.22231
1.01455
1.00969
1.01917
1.01901
1.05531
1.06435
1.10363
1.04197
1.00597
1.0147
1.00549
1.00143
1.16176
1.00393
1.05238
1.01118
1.01423
1.07624
1.01198
1.01286
1.04491
1.11884
1.06939
1.0223
1.0121
1.02676
1.01408
1.03346
1.11941
1.06987
1.10575
1.0128
1.1186
1.02856
1.00497
1.09454
1.08314
1.03035
1.11746
1.01606
1.07948
1.00443
1.05895
1.00747
1.07034
1.02594
1.05444
1.04988
1.15281
1.01859
1.01836
1.01369
1.02352
1.07455
1.04295
1.10129
1.09228
1.00634
1.00809
1.08082
1.00878
1.01798
1.06312
1.00939
1.05773
1.00458
1.04588
1.07795
1.10461
1.07991
1.0185
1.00441
1.01671
1.03085
1.02175
1.00408
1.02077
1.03458
1.00758
1.06877
1.00554
1.01069
1.03179
1.00585
1.03755
1.16016
1.01011
1.00079
1.01835
1.05982
1.01764
1.10703
1.06063
1.01798
1.01536
1.04076
1.01004
1.01649
1.00314
1.05467
1.06288
1.03363
1.00636
1.03391
1.01108
1.00854
1.06065
1.01714
1.10487
1.00332
1.06144
1.19125
1.0654
1.13035
1.0949
1.04181
1.00544
1.00313
1.03121
1.09927
1.16839
1.07521
1.03428
1.04158
1.0193
1.02042
1.03088
1.15592
1.01756
1.01006
1.01129
1.04667
1.00766
1.01108
1.05949
1.01537
1.00455
1.02422
1.00785
1.06547
1.00398
1.01216
1.03313
1.12929
1.00014
1.11114
1.04217
1.1214
1.01842
1.01538
1.23633
1.0071
1.00745
1.03518
1.07537
1.0097
1.03192
1.0199
1.0304
1.0228
1.08311
1.00951
1.02509
1.01303
1.02638
1.17045
1.03242
1.01978
1.00302
1.07324
1.01964
1.00205
1.0192
1.01139
1.10869
1.1282
1.03841
1.01538
1.02316
1.0731
1.01092
1.0157
1.02307
1.01331
1.00117
1.04478
1.01985
1.00947
1.14573
1.03075
1.01294
1.01269
1.1717
1.00466
1.00217
1.06142
1.0206
1.01745
1.01643
1.04076
1.01982
1.00377
1.16575
1.06457
1.01101
1.02319
1.03352
1.01963
1.01821
1.01639
1.01537
1.01955
1.00475
1.01362
1.00423
1.05004
1.16643
1.0153
1.03206
1.00372
1.00642
1.02786
1.01339
1.05553
1.08904
1.01249
1.00448
1.06444
1.02726
1.02928
1.07189
1.07056
1.03268
1.02012
1.12262
1.06251
1.01348
1.15414
1.08881
1.03383
1.02106
1.04086
1.03557
1.05308
1.02942
1.04103
1.02443
1.0431
1.09524
1.0199
1.01444
1.00281
1.01296
1.01187
1.00638
1.02697
1.15678
1.01035
1.10272
1.0833
1.0189
1.00986
1.01365
1.02863
1.05624
1.00762
1.01219
1.00712
1.0127
1.13279
1.02329
1.0181
1.02764
1.00361
1.0194
1.01434
1.03188
1.02152
1.06399
1.00729
1.03863
1.02592
1.01668
1.00844
1.00605
1.0045
1.00981
1.05387
1.17436
1.0214
1.09364
1.021
1.05428
1.18345
1.16865
1.13454
1.02663
1.06956
1.16721
1.01746
1.1016
1.01654
1.02513
1.15679
1.0388
1.05857
1.03366
1.22321
1.15865
1.03212
1.04009
1.03586
1.20016
1.05575
1.03495
1.04153
1.01372
1.01433
1.01983
1.08444
1.17491
1.01999
1.07777
1.04982
1.13775
1.01249
1.11042
1.17337
1.05647
1.03991
1.03469
1.04655
1.03324
1.02285
1.17137
1.2464
1.01761
1.21108
1.00732
1.05638
1.01241
1.03841
1.05816
1.06283
1.02446
1.05645
1.09437
1.33145
1.3959
1.31692
1.26445
1.14758
1.04585
1.0341
1.03579
1.15252
1.12768
1.01977
1.07731
1.03089
1.1891
1.3217
1.11104
1.01224
1.0182
1.01257
1.14529
1.11114
1.04948
1.50636
1.09317
1.19897
1.01495
1.09743
1.07053
1.05271
1.02286
1.45248
1.19063
1.01773
1.02539
1.01972
1.06482
1.0345
1.02103
1.0982
1.03962
1.02266
1.26155
1.4023
1.03706
1.02113
1.12392
1.01677
1.02815
1.29986
1.11764
1.22565
1.13376
1.10706
1.13967
1.02814
1.09302
1.94684
1.07776
1.30058
1.02099
1.17219
1.10971
1.11987
1.01663
1.29803
1.02745
1.32973
1.03105
1.0599
1.03449
1.20198
1.29442
1.06416
1.03469
1.21567
1.02705
1.01506
1.01544
1.01688
1.01285
1.05155
1.03184
1.05812
1.01635
1.1798
1.03171
1.06404
1.10213
1.08415
1.44087
1.08045
1.05227
1.35774
1.0217
1.03998
1.14703
1.12353
1.05205
1.13034
1.09104
1.05047
1.05087
1.04223
1.0245
1.04034
1.07504
1.16953
1.0399
1.07821
1.02732
1.02652
1.01883
1.0124
1.06036
1.05186
1.01359
1.04252
1.18529
1.02653
1.05208
1.14022
1.07455
1.06323
1.32329
1.3612
1.02546
1.17567
1.01974
1.03984
1.08527
1.04775
1.01845
1.0983
1.08408
1.17711
1.04275
1.01431
1.29296
1.0214
1.08715
1.43659
1.13857
1.0279
1.02438
1.04256
1.02591
1.12907
1.16874
1.16861
1.083
1.11029
1.04702
1.0567
1.01225
1.02869
1.0603
1.0852
1.03026
1.02872
1.65302
1.02905
1.16348
1.24893
1.12663
1.0252
1.01607
1.12141
1.05734
1.03752
1.15528
1.06478
1.01642
1.02562
1.03894
1.15362
1.1935
1.04069
1.01634
1.11628
1.03074
1.01997
1.1114
1.05085
1.23107
1.04266
1.02594
1.02715
1.03724
1.14874
1.37726
1.07425
1.05213
1.06277
1.01937
1.08477
1.16716
1.01639
1.00988
1.03038
1.04805
1.09702
1.03306
1.14877
1.06683
1.06044
1.34167
1.11729
1.05102
1.0866
1.02332
1.06196
1.1913
1.08186
1.01717
1.02612
1.04149
1.06508
1.04543
1.04451
1.16333
1.3279
1.75606
1.01956
1.16344
1.01733
1.13227
1.03203
1.11061
1.25317
1.0383
1.07565
1.27554
1.1644
1.06998
1.03675
1.02179
1.08085
1.06157
1.0608
1.03953
1.02521
1.2181
1.08583
1.02701
1.07
1.03363
1.02804
1.02271
1.06856
1.08585
1.08303
1.17952
1.02987
1.04836
1.02766
1.37624
1.11233
1.01524
1.21932
1.06994
1.06575
1.32804
1.01068
1.03329
1.17983
1.73745
1.12964
1.142
1.0423
1.17287
1.10624
1.06145
1.14686
1.12753
1.02273
1.10778
1.02191
1.04589
1.07836
1.18498
1.12
1.02398
1.15193
1.02338
1.20713
1.06357
1.13001
1.16387
1.01633
1.04575
1.06621
1.07679
1.04729
1.05107
1.0254
1.01102
1.05043
1.01821
1.04237
1.01988
1.06992
1.14498
1.06895
1.03907
1.05097
1.13764
1.04195
1.19451
1.0149
1.02488
1.1079
1.08208
1.03401
1.03594
1.30601
1.2769
1.65767
1.19403
1.04489
1.03276
1.02276
1.13817
1.21865
1.03002
1.02353
1.03667
1.28343
1.07767
1.39318
1.49016
1.01821
1.01346
1.05485
1.08614
1.16639
1.06655
1.0412
1.05733
1.08855
1.05018
2.12726
1.37046
1.2966
1.01696
1.02909
1.01795
1.16104
1.04996
1.03354
1.09484
1.12326
1.03131
1.1422
1.11145
1.01429
1.13298
1.01664
1.01446
1.05493
1.03123
1.06878
1.04052
1.20988
1.02774
1.02747
1.28384
1.19986
1.07121
1.02806
1.61356
1.1172
1.08101
1.02129
1.06656
1.02577
1.39785
1.09304
1.0193
1.01398
1.08156
1.07224
1.39252
1.04453
1.01456
1.1331
1.08298
1.00989
1.15611
1.2485
1.03157
1.09377
1.10857
1.0111
1.08696
1.58352
1.04476
1.04557
1.01638
1.10008
1.06726
1.21428
1.01695
1.06259
1.23233
1.01429
1.11712
1.10404
1.11857
1.13816
1.17876
1.01802
1.13992
1.0179
1.25084
1.25712
1.06002
1.06627
1.0866
1.01599
1.09462
1.49208
1.03657
1.16897
1.24118
1.03374
1.13784
1.15489
1.07453
1.03351
1.023
1.15712
1.09463
1.27239
1.03429
1.2539
1.04397
1.01859
1.38846
1.04018
1.04234
1.06003
1.18745
1.04336
1.27384
1.03277
1.09036
1.03688
1.16577
1.26032
1.0297
1.15344
1.25121
1.09134
1.05734
1.028
1.15445
1.03833
1.03412
1.02937
1.03248
1.25401
1.06954
1.03206
1.0673
1.06995
1.20882
1.11903
1.12987
1.08487
1.09374
1.03127
1.11181
1.05156
1.23294
1.066
1.04792
1.05132
1.08406
1.04313
1.22179
1.02119
1.01521
1.11977
1.00567
1.09885
1.05466
1.16023
1.03814
1.1147
1.06447
1.14115
1.01825
1.07842
1.05951
1.02683
1.02702
1.02086
1.07032
1.04928
1.02708
1.19302
1.05825
1.58811
1.11551
1.02914
1.01671
1.04407
1.02419
1.02464
1.03949
1.12006
1.03592
1.04125
1.01913
1.03463
1.30367
1.02661
1.18422
1.19373
1.14221
1.03336
1.14118
1.04517
1.03408
1.11702
1.05466
1.24229
1.31041
1.18002
1.03761
1.06154
1.09327
1.04179
1.05981
1.2402
1.08713
1.11764
1.15423
1.04043
1.08185
1.04134
1.05152
1.04277
1.02056
1.04867
1.03687
1.0186
1.03689
1.0513
1.0285
1.08964
1.51474
1.02938
1.02812
1.14549
1.08883
1.09405
1.11388
1.09817
1.05903
1.07774
1.02217
1.02445
1.18872
1.03946
1.07074
1.02745
1.04616
1.03582
1.35309
1.01941
1.02325
1.033
1.27521
1.0289
1.03244
1.04073
1.1429
1.04744
1.02466
1.02898
1.06085
1.0318
1.21059
1.04707
1.04791
1.02977
1.03105
1.15123
1.03631
1.0198
1.03703
1.03028
1.05215
1.06642
1.0144
1.15473
1.02827
1.18734
1.0591
1.01798
1.05593
1.07613
1.1196
1.03146
1.06128
1.0187
1.01556
1.08243
1.03126
1.02125
1.02673
1.01691
1.09583
1.02918
1.11568
1.03062
1.1128
1.04489
1.16178
1.05063
1.03299
1.03769
1.03311
1.02934
1.04035
1.15214
1.02695
1.01043
1.07907
1.09183
1.0117
1.03691
1.17751
1.39711
1.06894
1.02431
1.03299
1.01062
1.16457
1.41918
1.09619
1.18923
1.01627
1.16572
1.25693
1.02874
1.03782
1.10791
1.04193
1.02781
1.05665
1.36375
1.09435
1.0477
1.02274
1.07427
1.68192
1.45741
1.23299
1.10096
1.02275
1.03467
1.02714
1.01781
1.29021
1.02004
1.14926
1.02706
1.05058
1.12041
1.02858
1.07032
1.1465
1.34039
1.14207
1.03205
1.04469
1.17375
1.03058
1.06303
1.37406
1.10613
1.11612
1.03115
1.23676
1.03718
1.03685
1.12092
1.12115
1.09797
1.15969
1.15
1.25995
1.02174
1.10271
1.02127
1.15171
1.09694
1.11865
1.128
1.3067
1.04239
1.03594
1.54689
1.05469
1.15551
1.08001
1.33678
1.17399
1.01557
1.02307
1.34207
1.02481
1.02591
1.41299
1.02565
1.33085
1.01875
1.07597
1.09933
1.31753
1.16212
1.08228
1.02103
1.09775
1.08196
1.03506
1.01471
1.04822
1.04529
1.01945
1.08543
1.01764
1.01889
1.05281
1.01779
1.10797
1.42215
1.02557
1.01214
1.04204
1.19609
1.04752
1.14579
1.07506
1.10786
1.06035
1.06981
1.02317
1.03906
1.01048
1.08667
1.1479
1.15803
1.02578
1.04737
1.01805
1.02306
1.14607
1.04274
1.15589
1.01705
1.14895
1.25629
1.10929
1.25472
1.19996
1.31699
1.02425
1.01372
1.13435
1.19376
1.50224
1.13048
1.0808
1.09083
1.04367
1.02936
1.05233
1.27274
1.04149
1.06581
1.03559
1.07067
1.02958
1.02104
1.11123
1.03724
1.02051
1.05855
1.02495
1.24024
1.01733
1.03237
1.08339
1.33755
1.01579
1.33443
1.07991
1.28767
1.15315
1.03411
1.50676
1.0241
1.02436
1.07004
1.20952
1.02174
1.04789
1.3634
1.12646
1.05343
1.1013
1.03805
1.0734
1.02816
1.10553
1.27419
1.05763
1.04435
1.01964
1.22582
1.04679
1.01869
1.0373
1.0828
1.27531
1.37569
1.07775
1.02356
1.04023
1.17363
1.02765
1.02916
1.06688
1.05812
1.00887
1.05902
1.03662
1.03371
1.26958
1.04925
1.17052
1.02015
1.31023
1.01613
1.02276
1.12632
1.10617
1.03523
1.05674
1.06106
1.03591
1.02714
1.27146
2.03184
1.03301
1.04705
1.57573
1.03934
1.05992
1.06596
1.02827
1.04168
1.02442
1.03058
1.01707
1.09822
1.6355
1.02248
1.07522
1.00999
1.02197
1.04799
1.03651
1.12761
1.19531
1.02433
1.01816
1.09438
1.05143
1.10106
1.11755
1.09555
1.06343
1.02868
1.23885
1.24408
1.02695
1.30057
1.18018
1.03981
1.03707
2.27011
1.05427
1.12194
1.06445
1.12398
1.61969
1.05745
1.28512
1.03755
1.03765
1.03024
1.09735
1.03883
1.02542
1.17242
1.42077
1.02503
1.20302
1.11466
1.04849
1.02009
1.1514
1.03979
1.12889
1.02838
1.04019
1.01487
1.09462
1.1474
1.03573
1.03863
1.03966
1.02339
1.05063
1.04392
1.05059
1.0283
1.09788
1.03357
1.10618
1.05878
1.03833
1.02661
1.02572
1.01967
1.02049
1.75061
1.32265
1.53786
1.42505
1.67495
2.25007
1.789
2.46571
2.80593
1.7579
2.45086
1.58553
2.6226
1.56323
1.54129
1.85603
2.07273
2.49793
1.87293
1.67252
1.41729
1.77044
2.90256
1.40278
1.15591
1.58028
2.82061
2.60478
2.79093
1.64754
1.66114
1.89056
1.24405
1.98757
2.60608
1.67961
3.2983
1.40814
1.64023
2.22473
1.70631
1.49615
2.52844
1.93327
3.71232
1.93416
2.41741
1.8459
2.39836
1.54972
2.89656
1.0208
2.83831
1.81054
1.92132
1.54417
2.52818
3.17009
2.51334
1.16509
1.59327
2.88707
1.69144
2.32891
1.58559
2.6757
2.98259
1.94983
2.37534
1.3211
1.25605
2.07204
1.37145
1.90712
1.70979
1.32074
2.8436
1.9237
1.81062
2.28646
2.9454
3.29438
2.22679
1.58817
2.52212
2.39368
2.28077
1.29953
2.13323
1.97535
2.43666
2.51124
3.13895
1.12479
2.68041
2.21563
1.85693
2.06306
1.24695
1.99376
1.49645
2.04284
3.38873
2.74855
1.26196
3.56723
1.3359
2.38134
1.85366
1.11791
2.40015
1.64677
1.76063
1.6761
2.49565
1.56434
2.53575
2.78103
1.67604
2.62195
1.37747
2.9089
1.54405
2.0842
2.58759
1.91783
2.08198
1.20487
1.58821
2.42678
3.23868
2.20606
1.38128
1.89349
1.55197
1.87579
1.13831
1.21459
1.98041
1.4062
2.75004
3.22139
2.75794
1.6194
2.44786
3.18758
2.03429
1.27077
2.97173
1.73365
1.68859
1.11883
2.44072
1.77302
2.91357
2.9896
1.40777
3.04959
1.71455
1.53034
1.68192
1.76558
1.90223
2.82941
2.09156
1.44518
2.08704
1.71606
1.42533
2.47136
2.94774
2.14556
2.59909
2.43728
2.38687
3.13263
1.62262
1.68734
1.36544
1.7747
1.48019
2.54685
2.8367
2.15287
2.02769
1.17781
2.95011
1.57544
2.17771
1.28579
2.43121
1.62841
2.76237
2.49048
2.08405
2.72364
3.00062
2.37168
1.35851
1.80863
2.57644
1.7849
1.54566
1.46364
1.98668
1.81107
2.26833
2.23563
2.31172
1.46624
2.40937
1.86839
1.43701
1.38066
1.36925
3.04733
1.69956
1.55892
2.28476
2.34509
1.26413
1.66802
3.17542
1.75209
2.73583
1.91857
1.20597
2.34203
1.62445
2.46887
2.22784
2.53419
1.86039
2.12519
2.31855
1.58661
1.63779
2.77567
2.31067
2.45154
1.38595
2.57537
1.45531
2.92165
1.82649
3.48808
2.51439
2.82664
2.4734
1.91936
1.84614
2.43649
2.07898
1.87582
1.77701
2.59172
2.24448
1.02788
1.67024
1.82262
1.56018
1.26824
2.20487
1.73447
1.47366
2.76006
2.26238
2.60848
2.52667
3.05464
2.0128
1.92464
2.42003
1.41452
2.1211
2.61761
2.01614
2.78859
2.93673
1.79085
1.98665
2.25141
2.00448
2.42664
2.48465
3.00734
3.36373
2.00286
2.20859
2.3326
1.79233
2.26889
2.72503
1.74568
2.09394
1.27969
1.34405
1.69737
2.48443
2.38268
1.23051
2.78549
1.52265
2.83694
1.24678
2.7799
2.99773
1.90543
2.57873
1.63359
1.82171
1.81626
1.82291
2.44172
2.70736
2.27452
1.66752
2.3273
2.11771
2.1627
1.28726
1.40022
1.44337
2.31696
2.09845
2.84704
2.42175
2.15144
2.03988
2.62547
2.27315
2.07476
1.9494
1.88964
3.16085
3.5149
1.3649
1.10117
1.48828
2.25063
1.68345
1.71665
1.68581
2.53989
2.37162
1.13688
2.5098
1.77075
1.59476
1.65523
2.67312
2.15087
2.5574
2.05801
1.25435
1.24009
2.51412
1.34541
2.23295
3.07149
1.41498
1.5518
2.58395
2.23879
2.2362
2.27914
2.48166
2.39383
1.04967
2.5808
1.50301
2.47323
2.10344
1.21045
2.58341
3.06335
2.41312
3.12602
2.22034
2.27244
2.12862
2.69541
2.1039
2.36127
3.07417
2.31566
1.57926
1.24465
1.98409
1.73288
2.91913
1.64498
3.63797
2.6527
1.96557
2.88425
2.16116
1.77657
1.32502
1.30551
2.97956
2.44707
2.43766
2.10463
2.62443
2.17143
2.92797
1.41784
1.93156
1.76956
3.04752
1.35741
1.71341
1.52753
2.28356
2.01683
2.45681
2.03024
2.19887
1.82856
2.86141
2.26815
1.91498
2.31933
1.36805
2.20631
2.19912
1.65429
2.22339
2.01132
2.70709
2.45023
2.30041
2.00905
1.79213
2.16349
2.68612
1.12333
3.31538
2.98447
1.28445
1.61985
1.76372
3.09231
1.58689
1.3484
2.10751
1.83044
2.57246
2.62829
1.22186
1.2449
2.84481
2.84858
1.81858
2.21279
1.12378
1.27324
1.82431
2.46722
2.58752
3.25508
1.55069
2.15492
1.23985
2.29574
1.50639
2.82972
2.19544
3.1635
2.86159
2.33472
1.35036
2.39692
1.87498
1.36516
1.99433
2.30286
1.37679
3.04552
1.94853
2.32792
2.8819
3.12892
2.91442
1.56084
1.696
2.11478
2.39908
1.28163
1.19483
2.31516
2.06383
1.69928
2.64266
1.62396
2.55663
3.18765
2.1068
2.54978
1.38663
2.86267
1.53236
2.7412
2.17365
1.96964
2.48876
1.94383
1.83915
1.12228
2.40243
2.26573
1.92607
2.03618
1.56193
2.86276
1.19025
2.7902
2.611
3.10521
2.56143
2.01294
2.35231
1.12419
1.50932
2.1643
1.43354
2.64096
2.48426
1.49061
1.17221
2.25316
2.95048
1.97754
1.43396
2.10153
2.72027
1.81341
2.47567
1.83908
1.55024
2.81202
2.38698
2.31334
2.34915
1.54817
1.92635
1.10709
1.86672
1.92012
2.7444
3.10546
1.28549
2.60448
1.60017
3.01644
2.27474
1.74511
3.03577
2.38171
1.92331
2.9482
2.74812
1.40234
2.04208
2.05347
1.36568
2.74406
1.13414
1.92004
1.56042
2.39271
1.19819
2.65254
1.85294
1.99694
1.73369
1.82128
1.77437
2.76807
1.33398
2.36639
1.08661
2.71645
2.73995
1.37171
1.97522
2.69288
2.29222
2.70729
1.53725
2.5311
1.72297
2.29693
2.10352
2.36207
1.52602
1.95634
2.04142
1.56931
1.84882
3.05059
1.85354
1.35618
2.44335
1.43421
2.40861
2.17407
1.85156
1.04694
1.92778
2.73376
2.38906
3.26637
3.23944
1.62606
2.879
3.04131
2.48862
3.18327
2.15194
2.79731
1.61254
1.61304
2.17698
2.02446
1.58394
1.29243
2.39204
2.16796
1.42514
1.39256
1.7293
2.14576
1.5894
1.93215
1.2046
2.44771
2.62869
1.70183
3.28048
1.32244
2.87143
2.45174
1.46472
1.72445
1.3776
2.63214
2.45942
2.8399
1.63586
2.52436
1.51458
1.2554
2.81666
2.62444
2.17183
2.625
2.02141
1.75932
1.4902
1.6495
2.67777
2.02576
1.43974
1.27002
1.32703
1.1127
2.90735
2.31948
2.55375
2.75233
2.49517
1.74801
1.72868
3.1152
1.75603
2.36197
1.87294
3.03691
2.47584
1.59002
2.13459
1.09803
1.84633
1.28486
1.73338
1.09229
1.03823
1.61362
2.04523
1.72214
2.90934
2.45046
1.69073
1.41231
1.58955
2.5679
2.32774
2.29848
2.4609
1.47594
2.97694
1.42907
2.31547
1.93167
1.98695
2.20775
1.51043
2.34813
1.18415
2.40869
2.42256
2.04722
1.98761
2.62145
2.67371
2.7324
2.51755
1.96346
1.64499
2.07017
1.56907
3.23325
1.64331
2.75707
1.56757
3.0551
3.00493
1.26997
2.6163
2.06594
2.82401
1.96318
1.59416
1.68125
1.41153
3.03295
2.50301
2.28441
2.06129
1.66087
1.53157
2.48819
1.28571
2.04488
2.94184
1.45226
2.53362
1.82648
3.15131
1.48645
3.0915
1.66309
2.97155
2.30086
2.109
2.4218
2.23399
2.3075
1.85895
2.41271
2.66367
1.92702
2.7003
2.14572
3.18796
2.1141
2.56768
1.97185
1.12598
3.28189
2.81388
1.77915
2.67526
3.26766
2.28772
2.57271
1.87826
2.18268
2.05097
1.98073
1.8641
1.71279
2.60288
1.75916
2.55708
2.72022
1.91039
2.83903
1.97902
2.28958
2.02078
3.01155
2.50352
3.01701
1.93633
2.81688
1.91599
1.91803
1.20511
1.33982
2.29191
3.35068
1.66642
2.03126
1.19549
1.63511
3.47993
1.24344
2.84177
1.03805
1.97653
2.43805
1.41585
2.40726
3.15189
2.28349
1.55651
2.77693
1.58584
1.70795
1.34518
1.37162
1.92743
2.26958
2.07874
2.13014
2.56254
3.5501
2.58957
1.53753
1.93056
2.52558
2.24056
1.66303
1.7102
2.3418
1.28467
3.68685
2.60116
2.90661
1.48201
2.66358
3.33612
2.56987
2.38187
2.28393
2.02582
2.3484
1.29076
2.09684
2.78897
2.37711
1.84891
2.41884
2.36093
2.6102
2.70129
1.93105
2.18602
2.08094
3.22945
1.93506
2.72123
3.1606
2.73522
1.41831
2.51024
2.74358
2.92512
2.35222
1.97992
2.29455
1.94307
1.96718
1.81972
1.78456
2.6419
3.05384
2.59833
1.93312
1.49872
3.53917
1.74346
2.87962
1.98029
1.8287
1.77787
1.70498
1.97949
2.81983
1.85324
2.00222
2.73922
2.24882
1.25962
1.7194
2.70188
2.20088
1.75928
2.68325
2.87302
2.10739
2.41945
1.50898
1.70854
1.33221
2.07574
2.55781
1.68188
1.92506
1.28042
2.83873
1.89002
2.45051
2.29364
2.68011
2.03271
2.32911
2.60775
1.63912
1.62257
1.20042
1.51284
1.8007
2.05134
1.39296
1.53641
2.71667
1.32114
2.71085
1.02348
2.55159
2.35999
2.13405
1.61402
3.16114
2.43447
3.01033
2.13486
3.03218
1.6629
2.55611
2.94471
2.14774
2.63498
3.0663
2.23328
1.60124
1.59966
1.77726
2.066
1.55236
2.99471
2.00463
2.06958
1.45412
2.32647
2.59035
2.78802
2.5577
1.88881
2.44784
1.845
2.71656
1.51851
3.02894
3.0324
2.51698
2.07378
1.82828
1.69895
2.98698
1.57657
2.87007
2.5222
1.43578
2.44088
1.21082
1.88308
1.89754
2.15454
2.02493
2.56204
1.6557
2.31197
1.27879
2.45421
2.25046
2.23222
2.9148
2.0912
1.8217
3.10834
2.63775
2.29709
1.71719
1.2936
2.6978
384972000.0
420766000.0
488944000.0
392445000.0
415712000.0
239471000.0
328728000.0
238157000.0
192831000.0
407902000.0
250980000.0
451499000.0
217480000.0
447497000.0
460462000.0
360596000.0
318634000.0
226553000.0
320417000.0
411504000.0
487056000.0
313846000.0
190695000.0
573203000.0
684548000.0
329580000.0
184016000.0
213641000.0
194123000.0
452933000.0
425788000.0
368834000.0
604514000.0
328659000.0
218094000.0
353806000.0
162097000.0
574065000.0
430353000.0
246207000.0
374971000.0
522818000.0
224396000.0
351590000.0
135260000.0
359619000.0
232995000.0
352256000.0
225852000.0
489259000.0
181392000.0
873522000.0
193425000.0
379238000.0
323820000.0
495273000.0
235476000.0
165685000.0
209217000.0
489472000.0
339134000.0
180442000.0
382956000.0
260150000.0
468349000.0
202634000.0
177484000.0
330623000.0
241274000.0
532941000.0
631812000.0
308400000.0
514627000.0
299196000.0
395314000.0
566818000.0
202862000.0
344843000.0
384250000.0
263691000.0
173986000.0
152263000.0
257496000.0
430683000.0
218091000.0
257049000.0
238989000.0
618054000.0
280936000.0
334982000.0
220497000.0
222118000.0
162769000.0
742660000.0
211747000.0
254642000.0
336674000.0
308940000.0
520556000.0
335637000.0
523515000.0
246432000.0
154155000.0
192587000.0
643318000.0
141495000.0
588144000.0
245138000.0
274081000.0
582199000.0
208229000.0
400566000.0
327121000.0
376434000.0
220824000.0
369493000.0
210138000.0
190070000.0
351578000.0
212592000.0
426566000.0
173752000.0
424111000.0
313266000.0
207612000.0
313487000.0
257117000.0
716091000.0
428436000.0
220400000.0
155937000.0
227134000.0
497909000.0
351283000.0
416809000.0
362373000.0
771308000.0
680946000.0
335370000.0
554236000.0
196945000.0
161787000.0
201629000.0
472704000.0
241946000.0
171765000.0
289096000.0
539416000.0
184452000.0
361785000.0
375165000.0
777954000.0
219734000.0
405883000.0
190208000.0
168809000.0
532540000.0
176223000.0
361514000.0
458042000.0
399833000.0
339569000.0
342218000.0
187577000.0
297880000.0
547830000.0
271318000.0
385871000.0
481261000.0
242869000.0
190263000.0
298895000.0
225642000.0
232144000.0
242575000.0
167312000.0
426966000.0
370233000.0
586821000.0
342974000.0
425817000.0
217645000.0
191269000.0
254164000.0
265242000.0
727965000.0
176421000.0
464880000.0
260981000.0
457587000.0
225165000.0
456563000.0
182316000.0
231305000.0
299760000.0
193205000.0
179230000.0
235496000.0
561779000.0
350077000.0
210427000.0
299635000.0
469143000.0
526782000.0
312985000.0
365868000.0
230429000.0
231939000.0
240073000.0
437794000.0
237614000.0
345619000.0
460448000.0
586172000.0
573509000.0
168634000.0
369224000.0
493062000.0
270718000.0
230298000.0
652550000.0
362828000.0
170201000.0
391830000.0
201889000.0
344497000.0
572005000.0
226311000.0
401823000.0
227251000.0
238195000.0
227247000.0
328791000.0
293600000.0
241730000.0
347974000.0
421201000.0
209646000.0
256232000.0
234755000.0
575706000.0
211083000.0
529031000.0
172516000.0
340529000.0
143728000.0
217934000.0
193889000.0
211105000.0
329826000.0
367468000.0
249264000.0
263287000.0
367388000.0
378266000.0
224821000.0
276387000.0
859948000.0
384637000.0
367279000.0
413140000.0
643592000.0
259277000.0
334487000.0
420887000.0
205417000.0
220051000.0
193967000.0
217066000.0
164022000.0
287478000.0
339650000.0
223128000.0
546211000.0
311043000.0
214520000.0
326039000.0
204534000.0
184144000.0
313204000.0
292099000.0
232315000.0
310514000.0
233888000.0
242106000.0
173176000.0
151429000.0
275271000.0
235780000.0
255019000.0
297960000.0
242577000.0
199652000.0
373011000.0
295348000.0
647946000.0
480262000.0
404653000.0
233040000.0
236475000.0
670818000.0
200597000.0
426839000.0
184519000.0
582966000.0
203271000.0
182345000.0
341198000.0
197619000.0
425370000.0
352409000.0
359920000.0
375599000.0
227931000.0
211434000.0
235692000.0
381090000.0
267345000.0
262304000.0
289072000.0
565391000.0
432764000.0
512047000.0
232131000.0
315081000.0
195797000.0
233656000.0
268889000.0
304377000.0
195241000.0
239366000.0
320828000.0
316320000.0
332101000.0
170688000.0
148456000.0
561045000.0
644182000.0
515072000.0
243951000.0
426263000.0
376259000.0
388964000.0
230066000.0
257420000.0
748931000.0
227853000.0
392227000.0
479923000.0
411808000.0
203693000.0
266531000.0
208174000.0
276481000.0
632465000.0
689665000.0
201328000.0
610415000.0
258635000.0
174764000.0
562650000.0
480221000.0
216239000.0
248624000.0
288739000.0
263315000.0
227395000.0
248344000.0
832431000.0
222961000.0
418315000.0
226344000.0
298345000.0
604584000.0
213438000.0
165189000.0
212767000.0
166403000.0
267290000.0
282036000.0
310164000.0
188912000.0
269671000.0
262494000.0
167919000.0
257212000.0
454685000.0
576480000.0
275791000.0
349426000.0
192574000.0
450747000.0
138253000.0
203821000.0
302603000.0
180588000.0
260759000.0
338902000.0
543162000.0
563353000.0
172052000.0
228027000.0
238990000.0
309991000.0
223856000.0
286013000.0
171897000.0
494027000.0
344165000.0
345553000.0
168796000.0
543997000.0
413828000.0
388323000.0
268637000.0
304866000.0
248897000.0
330600000.0
259742000.0
360129000.0
186543000.0
272890000.0
334682000.0
263093000.0
599225000.0
271903000.0
236342000.0
364387000.0
267830000.0
282050000.0
192911000.0
249815000.0
277409000.0
285083000.0
396996000.0
237723000.0
195817000.0
748857000.0
154424000.0
167256000.0
564705000.0
346321000.0
358757000.0
168392000.0
462159000.0
535040000.0
310505000.0
343734000.0
222371000.0
214529000.0
532189000.0
424373000.0
190439000.0
194190000.0
353716000.0
281851000.0
695342000.0
592556000.0
348649000.0
238653000.0
197356000.0
158275000.0
454426000.0
256245000.0
675020000.0
232334000.0
484511000.0
195880000.0
260888000.0
159670000.0
190436000.0
235205000.0
597862000.0
240185000.0
287173000.0
509919000.0
328347000.0
244570000.0
562953000.0
175012000.0
265549000.0
264993000.0
182633000.0
163656000.0
188350000.0
370259000.0
367189000.0
285918000.0
260676000.0
655523000.0
603567000.0
246334000.0
247578000.0
429536000.0
218310000.0
422869000.0
224023000.0
157649000.0
287010000.0
215834000.0
572263000.0
185068000.0
470992000.0
192545000.0
262072000.0
302928000.0
214751000.0
316833000.0
353346000.0
787797000.0
227406000.0
243982000.0
324597000.0
269910000.0
488086000.0
177747000.0
698457000.0
200513000.0
205935000.0
167166000.0
220120000.0
318768000.0
249860000.0
743602000.0
492881000.0
275933000.0
527175000.0
204104000.0
245375000.0
480372000.0
739475000.0
259203000.0
175836000.0
330497000.0
489757000.0
275029000.0
200309000.0
334604000.0
240983000.0
324316000.0
478819000.0
184983000.0
238449000.0
271365000.0
249298000.0
438998000.0
323183000.0
687768000.0
298265000.0
275489000.0
196284000.0
161643000.0
450815000.0
209112000.0
459706000.0
177598000.0
280714000.0
387547000.0
182970000.0
260564000.0
337004000.0
180297000.0
192531000.0
529091000.0
303327000.0
301754000.0
567342000.0
197095000.0
691603000.0
309466000.0
442079000.0
231055000.0
679202000.0
214613000.0
338845000.0
277247000.0
425610000.0
314893000.0
380231000.0
193181000.0
554417000.0
232385000.0
713508000.0
194226000.0
196568000.0
557247000.0
322507000.0
192662000.0
259745000.0
205594000.0
439561000.0
202828000.0
410716000.0
263191000.0
277099000.0
247286000.0
392209000.0
271604000.0
300974000.0
451453000.0
337293000.0
180595000.0
326587000.0
564662000.0
219360000.0
476124000.0
250333000.0
273092000.0
356239000.0
790277000.0
306845000.0
186932000.0
253489000.0
153720000.0
156010000.0
390485000.0
174138000.0
166904000.0
241060000.0
170147000.0
265034000.0
195400000.0
457588000.0
440397000.0
276617000.0
331427000.0
468658000.0
594190000.0
232718000.0
260629000.0
534478000.0
584152000.0
384828000.0
288611000.0
480483000.0
318060000.0
687352000.0
209527000.0
216425000.0
399734000.0
156079000.0
525652000.0
190974000.0
237440000.0
539717000.0
364200000.0
601943000.0
217520000.0
219205000.0
187445000.0
456366000.0
219808000.0
486167000.0
632203000.0
195540000.0
221117000.0
274581000.0
221225000.0
315171000.0
331608000.0
511520000.0
416264000.0
192891000.0
302595000.0
522057000.0
589917000.0
605355000.0
786049000.0
174364000.0
254140000.0
218682000.0
198257000.0
232502000.0
338103000.0
405021000.0
165296000.0
415563000.0
234585000.0
346610000.0
166434000.0
239188000.0
486632000.0
283923000.0
667477000.0
363510000.0
547449000.0
322926000.0
663759000.0
794029000.0
460022000.0
320366000.0
412849000.0
176918000.0
213168000.0
305186000.0
525903000.0
432054000.0
217164000.0
270877000.0
230324000.0
221527000.0
509170000.0
174503000.0
535709000.0
265423000.0
299202000.0
310325000.0
272412000.0
426839000.0
234452000.0
693451000.0
253302000.0
212918000.0
314475000.0
341901000.0
196763000.0
211626000.0
183534000.0
214005000.0
306653000.0
392505000.0
317465000.0
465725000.0
163595000.0
445852000.0
181819000.0
478398000.0
172775000.0
177576000.0
631403000.0
206030000.0
310757000.0
200267000.0
306307000.0
403182000.0
392880000.0
481724000.0
182867000.0
237221000.0
262362000.0
295105000.0
378485000.0
415396000.0
206293000.0
584108000.0
307217000.0
173261000.0
554035000.0
205661000.0
312284000.0
164588000.0
374814000.0
174152000.0
337492000.0
185990000.0
244556000.0
296070000.0
216047000.0
281734000.0
245911000.0
334818000.0
230596000.0
196570000.0
316730000.0
210199000.0
287480000.0
162183000.0
291907000.0
198099000.0
280695000.0
761131000.0
157628000.0
189499000.0
368738000.0
196539000.0
157936000.0
259900000.0
202914000.0
355948000.0
265685000.0
258034000.0
336965000.0
331257000.0
404568000.0
219488000.0
386910000.0
226471000.0
197478000.0
349341000.0
195589000.0
287001000.0
269362000.0
283252000.0
178621000.0
218193000.0
171512000.0
347902000.0
182308000.0
281652000.0
352001000.0
728119000.0
561961000.0
263267000.0
156615000.0
305521000.0
266009000.0
644644000.0
433047000.0
148358000.0
657152000.0
196850000.0
861598000.0
298134000.0
212100000.0
516191000.0
255456000.0
158323000.0
240835000.0
456084000.0
190545000.0
463023000.0
341047000.0
611847000.0
539077000.0
265049000.0
258247000.0
269217000.0
274779000.0
222137000.0
142244000.0
222757000.0
437756000.0
263788000.0
211615000.0
237537000.0
428089000.0
399763000.0
257623000.0
583185000.0
135606000.0
194485000.0
189260000.0
485229000.0
216610000.0
149080000.0
227614000.0
251072000.0
228823000.0
318683000.0
263790000.0
589190000.0
304024000.0
184796000.0
252823000.0
362557000.0
236123000.0
228160000.0
227830000.0
188790000.0
318220000.0
259539000.0
310327000.0
160085000.0
265065000.0
204677000.0
161375000.0
192695000.0
431357000.0
229502000.0
194092000.0
182258000.0
261628000.0
311644000.0
240896000.0
334748000.0
325898000.0
365566000.0
383081000.0
199741000.0
173862000.0
209116000.0
352751000.0
439528000.0
143024000.0
404869000.0
192719000.0
344091000.0
295685000.0
296867000.0
350909000.0
313266000.0
187943000.0
305053000.0
312366000.0
194208000.0
262271000.0
638505000.0
415636000.0
189447000.0
269233000.0
399409000.0
206827000.0
184893000.0
304102000.0
239797000.0
345783000.0
412407000.0
624554000.0
298051000.0
216312000.0
405325000.0
345205000.0
566365000.0
186223000.0
367418000.0
219345000.0
223752000.0
213810000.0
317174000.0
260626000.0
219823000.0
450300000.0
441521000.0
663322000.0
452869000.0
392899000.0
304485000.0
582395000.0
472615000.0
197223000.0
570481000.0
197936000.0
873271000.0
227898000.0
238442000.0
304165000.0
428971000.0
159004000.0
239133000.0
181399000.0
250631000.0
174937000.0
431706000.0
205063000.0
173040000.0
270804000.0
206033000.0
169693000.0
252201000.0
432421000.0
347798000.0
318892000.0
287286000.0
454824000.0
168122000.0
291047000.0
278512000.0
502819000.0
238514000.0
214309000.0
180247000.0
205008000.0
337878000.0
242964000.0
387247000.0
207221000.0
491309000.0
182612000.0
170535000.0
200091000.0
305930000.0
328920000.0
344505000.0
182196000.0
434466000.0
197602000.0
215279000.0
519372000.0
244990000.0
699242000.0
350336000.0
351712000.0
241082000.0
285936000.0
227918000.0
406344000.0
279120000.0
621743000.0
234832000.0
257985000.0
260214000.0
173815000.0
309021000.0
333891000.0
178180000.0
213510000.0
254764000.0
413190000.0
624611000.0
207691000.0
