1.02898
1.03318
1.0071
1.06773
1.00895
1.01172
1.01746
1.10056
1.02553
1.13064
1.00316
1.03122
1.05056
1.0533
1.18956
1.06023
1.0675
1.0042
1.05104
1.02429
1.02355
1.06634
1.02851
1.03104
1.02516
1.12827
1.0177
1.05774
1.03446
1.0324
1.03958
1.03409
1.02521
1.16038
1.02988
1.01317
1.00784
1.01512
1.07009
1.02498
1.04482
1.00666
1.02329
1.02657
1.02149
1.02701
1.03035
1.0485
1.02577
1.01601
1.06386
1.0191
1.00757
1.04242
1.02298
1.0199
1.09682
1.07658
1.02752
1.03002
1.01121
1.01978
1.0177
1.00304
1.02513
1.01624
1.00821
1.00254
1.03699
1.02493
1.026
1.03567
1.00928
1.01514
1.04101
1.01991
1.00229
1.01419
1.03366
1.02509
1.18007
1.01204
1.0137
1.03513
1.09142
1.00502
1.06069
1.0011
1.03413
1.01144
1.03022
1.06222
1.00954
1.03498
1.02082
1.00669
1.05677
1.01661
1.14233
1.04368
1.00878
1.09323
1.00796
1.02723
1.03518
1.04019
1.0178
1.01405
1.05164
1.02952
1.01587
1.00241
1.01754
1.04717
1.10156
1.01023
1.05298
1.01007
1.07255
1.01079
1.02498
1.04354
1.09445
1.01823
1.08757
1.05427
1.00647
1.01064
1.07969
1.0112
1.07926
1.01709
1.01047
1.02147
1.04644
1.0228
1.00138
1.00288
1.02091
1.0479
1.0098
1.09696
1.07385
1.01262
1.01283
1.0143
1.0202
1.01049
1.01995
1.00613
1.0991
1.01004
1.01772
1.01375
1.02256
1.01196
1.1144
1.00933
1.00192
1.00576
1.02871
1.01295
1.01009
1.00882
1.02999
1.0094
1.03585
1.02086
1.00739
1.02558
1.05456
1.11674
1.07272
1.00099
1.02152
1.01037
1.0252
1.00352
1.00071
1.02131
1.07361
1.00391
1.16418
1.00077
1.01244
1.06868
1.06286
1.09294
1.05708
1.03395
1.1038
1.02198
1.00614
1.01073
1.00254
1.0039
1.00626
1.0077
1.01671
1.06532
1.01205
1.02198
1.09591
1.10642
1.02833
1.01317
1.05576
1.05034
1.04945
1.01228
1.15411
1.0344
1.0917
1.03099
1.10695
1.02453
1.05935
1.0594
1.04434
1.02002
1.01539
1.13185
1.06123
1.0578
1.04555
1.0371
1.00818
1.0098
1.02415
1.01247
1.06335
1.05484
1.01612
1.03074
1.0136
1.05343
1.00414
1.05401
1.10267
1.0184
1.00762
1.04241
1.01014
1.07008
1.0041
1.00372
1.02234
1.00596
1.00424
1.00381
1.06444
1.03323
1.0145
1.00723
1.101
1.02317
1.00707
1.06186
1.03818
1.00845
1.00657
1.03874
1.00697
1.05259
1.06531
1.01998
1.02807
1.0639
1.04178
1.0196
1.04944
1.02467
1.00927
1.02804
1.01807
1.01504
1.02236
1.10543
1.19682
1.19612
1.16231
1.10427
1.00012
1.03329
1.12307
1.03491
1.01625
1.05035
1.01021
1.0807
1.01748
1.03725
1.05599
1.05478
1.00756
1.01033
1.21933
1.01293
1.14646
1.01585
1.00571
1.02864
1.03918
1.01633
1.00815
1.04293
1.00341
1.01222
1.00809
1.02489
1.01251
1.03584
1.01414
1.02198
1.06784
1.00888
1.01256
1.05049
1.05071
1.12316
1.01917
1.10737
1.10366
1.05799
1.03144
1.00693
1.01131
1.05143
1.03185
1.04042
1.12157
1.02187
1.03864
1.03074
1.00871
1.06127
1.01802
1.0031
1.02615
1.02833
1.03023
1.10311
1.08342
1.01334
1.00677
1.04829
1.00402
1.01018
1.00622
1.13188
1.12031
1.03032
1.10112
1.03444
1.13265
1.00456
1.02281
1.02082
1.01519
1.00568
1.04173
1.00554
1.00891
1.0163
1.02224
1.01297
1.02836
1.01542
1.00375
1.07115
1.04045
1.03009
1.00826
1.09487
1.16021
1.0774
1.02256
1.06448
1.00731
1.04381
1.05435
1.0797
1.02866
1.02855
1.00353
1.00408
1.08892
1.00531
1.03412
1.0064
1.05945
1.00678
1.02094
1.02479
1.03902
1.07834
1.08334
1.23619
1.04538
1.02296
1.03552
1.02668
1.01139
1.06325
1.01021
1.02486
1.10005
1.00582
1.08228
1.04083
1.01866
1.01578
1.04515
1.00993
1.01114
1.02285
1.02286
1.0226
1.0447
1.04278
1.01102
1.03989
1.00875
1.0084
1.15748
1.12071
1.16765
1.04521
1.06442
1.03731
1.01013
1.0128
1.015
1.00694
1.00792
1.00919
1.05277
1.00826
1.00671
1.00871
1.01845
1.00962
1.00578
1.00627
1.13883
1.07606
1.05393
1.01742
1.01303
1.05712
1.16157
1.00337
1.01538
1.0113
1.00932
1.13008
1.07204
1.00351
1.06298
1.12018
1.10865
1.0394
1.02479
1.02936
1.04769
1.02914
1.02204
1.09913
1.03738
1.06576
1.13987
1.00541
1.01709
1.04793
1.06621
1.04704
1.03901
1.11125
1.01935
1.10876
1.00779
1.04981
1.0263
1.00036
1.00796
1.06779
1.03464
1.02492
1.09416
1.00962
1.01685
1.02712
1.11966
1.05536
1.0364
1.00265
1.00423
1.00178
1.0509
1.00947
1.01928
1.04653
1.01009
1.22022
1.04858
1.05305
1.04997
1.05614
1.04122
1.03571
1.03985
1.0433
1.01832
1.01245
1.12126
1.02409
1.02921
1.01021
1.03563
1.01977
1.00572
1.01135
1.10882
1.02351
1.0335
1.01375
1.08952
1.02367
1.01073
1.03272
1.02592
1.05093
1.04199
1.04702
1.09747
1.04543
1.02376
1.08803
1.01184
1.01735
1.05483
1.01171
1.05342
1.02982
1.02395
1.01297
1.08546
1.00839
1.04066
1.00613
1.01631
1.08297
1.11299
1.0074
1.01069
1.02459
1.02376
1.01395
1.06856
1.03445
1.03036
1.02609
1.02192
1.10247
1.05275
1.01296
1.00741
1.00984
1.01446
1.03035
1.05992
1.01534
1.03642
1.05051
1.02545
1.01093
1.03144
1.0765
1.05703
1.00913
1.00843
1.01281
1.03683
1.00747
1.03512
1.01169
1.1032
1.03398
1.24226
1.04381
1.02042
1.02363
1.07105
1.01876
1.02152
1.04698
1.02146
1.01032
1.02608
1.00085
1.05186
1.04636
1.01059
1.0105
1.00645
1.03747
1.01303
1.06335
1.01622
1.07605
1.1084
1.01516
1.04956
1.16777
1.01108
1.02363
1.02548
1.02424
1.00268
1.04041
1.14652
1.02666
1.03505
1.06145
1.0591
1.02661
1.00915
1.04813
1.00494
1.02802
1.01052
1.00993
1.01921
1.03841
1.07251
1.04747
1.00924
1.00408
1.02209
1.18281
1.02154
1.01626
1.01489
1.00974
1.01505
1.11456
1.08073
1.04275
1.01374
1.05466
1.05057
1.11106
1.09616
1.01117
1.02946
1.00944
1.14253
1.00493
1.05851
1.08403
1.03608
1.13519
1.10521
1.05736
1.01402
1.01598
1.02435
1.01524
1.04648
1.01293
1.04303
1.01547
1.00492
1.00775
1.01344
1.00994
1.01789
1.00681
1.0084
1.00213
1.01112
1.02497
1.06267
1.02462
1.12433
1.03952
1.00946
1.029
1.01758
1.06786
1.127
1.04179
1.01557
1.08582
1.00378
1.04718
1.0229
1.08901
1.10328
1.00528
1.03543
1.09885
1.02328
1.00552
1.03098
1.02672
1.03829
1.03003
1.10248
1.01864
1.00225
1.01376
1.03072
1.03163
1.01319
1.24016
1.00881
1.00503
1.01656
1.04366
1.10599
1.02072
1.01553
1.0701
1.00178
1.01431
1.03292
1.01616
1.02304
1.02143
1.01085
1.03436
1.03679
1.0548
1.00024
1.02873
1.02611
1.00561
1.04185
1.00682
1.05112
1.04244
1.02897
1.08399
1.04248
1.01841
1.02445
1.0846
1.01075
1.03794
1.24856
1.00865
1.00179
1.13689
1.00679
1.00443
1.07026
1.04701
1.02064
1.0384
1.0314
1.01345
1.00266
1.00802
1.05807
1.00696
1.01809
1.01402
1.15938
1.0319
1.01539
1.01593
1.02825
1.00541
1.01377
1.01166
1.04221
1.0319
1.01764
1.11729
1.03397
1.03891
1.05802
1.03588
1.02237
1.08901
1.05026
1.01187
1.09253
1.03027
1.0545
1.02908
1.08631
1.07152
1.03058
1.01533
1.00699
1.01923
1.01333
1.05392
1.03193
1.00905
1.0111
1.00974
1.02346
1.02808
1.13264
1.01923
1.00296
1.04508
1.00807
1.066
1.0272
1.14577
1.00869
1.01572
1.06645
1.10821
1.01248
1.00711
1.00232
1.03577
1.01384
1.00964
1.09735
1.00342
1.01778
1.02111
1.01002
1.10456
1.01103
1.00727
1.00534
1.07744
1.0484
1.0334
1.0651
1.08469
1.02199
1.01118
1.01765
1.02575
1.04061
1.02607
1.05232
1.03573
1.00848
1.01811
1.05459
1.00651
1.00977
1.0797
1.01084
1.02114
1.02477
1.00831
1.02882
1.01979
1.00456
1.00571
1.02273
1.11205
1.01455
1.08959
1.01594
1.07034
1.00522
1.01371
1.04997
1.03155
1.02439
1.00819
1.02321
1.04444
1.02251
1.00375
1.05777
1.01743
1.0274
1.02566
1.10693
1.00867
1.01378
1.03228
1.05636
1.16473
1.02633
1.01697
1.07976
1.07064
1.0128
1.00598
1.02771
1.01136
1.014
1.00284
1.01099
1.114
1.02957
1.03169
1.02306
1.00707
1.08545
1.00395
1.01072
1.04413
1.03023
1.02498
1.08588
1.08186
1.02893
1.01715
1.0286
1.01556
1.04273
1.07591
1.00189
1.03683
1.00536
1.01344
1.01172
1.01247
1.08832
1.05702
1.06378
1.04732
1.05434
1.02639
1.02999
1.01287
1.10067
1.03566
1.02476
1.03054
1.0093
1.01097
1.02742
1.09784
1.0237
1.03558
1.01057
1.18133
1.00779
1.04362
1.01206
1.02402
1.02786
1.03197
1.04096
1.00808
1.01795
1.03641
1.06059
1.03005
1.02046
1.0268
1.03656
1.01331
1.01298
1.01334
1.05744
1.01976
1.01941
1.18062
1.07086
1.00626
1.01231
1.02029
1.017
1.03345
1.01127
1.0084
1.06018
1.02742
1.02802
1.00678
1.04614
1.0303
1.00841
1.00538
1.01339
1.1052
1.02125
1.00389
1.0497
1.01112
1.0084
1.03152
1.08741
1.09397
1.001
1.02935
1.01599
1.01215
1.02815
1.07211
1.02243
1.00632
1.11649
1.01413
1.20958
1.09538
1.01779
1.08267
1.04513
1.03721
1.12418
1.16634
1.04163
1.24865
1.02653
1.11901
1.69794
1.07407
1.53406
1.26353
1.59281
1.01576
1.09381
1.03737
1.03922
1.23468
1.04919
1.1031
1.44052
1.30972
1.04374
1.28077
1.07162
1.25423
1.06504
1.05463
1.04498
1.26564
1.10301
1.04229
1.04183
1.04153
1.10252
1.07951
1.05423
1.02258
1.04604
1.06845
1.04247
1.21249
1.06807
1.05872
1.03479
1.04584
1.39767
1.03861
1.01744
1.07146
1.04461
1.06809
1.28466
1.2361
1.07818
1.05318
1.02577
1.04379
1.05393
1.0159
1.04064
1.07521
1.01979
1.02302
1.07466
1.04581
1.04342
1.05536
1.01694
1.02415
1.0741
1.06812
1.01588
1.02526
1.12453
1.04819
1.31345
1.02868
1.01964
1.07119
1.26579
1.02344
1.13915
1.01187
1.04838
1.01909
1.04881
1.1046
1.04234
1.06515
1.03747
1.02321
1.12055
1.04442
1.25361
1.27235
1.03343
1.14333
1.02831
1.05822
1.09126
1.06426
1.02931
1.06799
1.13742
1.06109
1.03999
1.01672
1.03605
1.07601
1.22552
1.03693
1.08665
1.02736
1.11049
1.01584
1.06319
1.07997
1.25459
1.04415
1.39575
1.08526
1.03307
1.02181
1.41162
1.05592
1.17617
1.03967
1.03287
1.05129
1.12538
1.02881
1.00842
1.01548
1.0473
1.09114
1.02147
1.14055
1.41786
1.0429
1.01828
1.10484
1.04851
1.02897
1.03533
1.03231
1.24321
1.03189
1.02273
1.0469
1.04356
1.05622
1.30559
1.03441
1.01279
1.03881
1.04
1.02967
1.02863
1.0262
1.05518
1.02429
1.0453
1.05351
1.17408
1.04474
1.0664
1.19758
1.29993
1.01323
1.04181
1.05021
1.05833
1.02036
1.01054
1.03881
1.23295
1.0079
1.27118
1.01233
1.03795
1.15838
1.1117
1.23016
1.11085
1.07781
1.20749
1.05051
1.01375
1.07398
1.02329
1.0147
1.03014
1.02687
1.0414
1.11283
1.03042
1.03614
1.13461
1.13802
1.05042
1.02954
1.13409
1.07474
1.32895
1.01944
1.19793
1.08352
1.15674
1.10385
1.16052
1.06158
1.17549
1.08537
1.11698
1.06088
1.04036
1.45411
1.08603
1.19697
1.09925
1.16326
1.04575
1.0238
1.03692
1.05676
1.11595
1.06911
1.04562
1.05413
1.02901
1.09224
1.00798
1.08324
1.26704
1.0426
1.01899
1.12487
1.02448
1.08423
1.01946
1.01696
1.18242
1.0409
1.028
1.01863
1.0915
1.06997
1.04002
1.02426
1.18176
1.03129
1.04008
1.12297
1.14044
1.02337
1.07542
1.07142
1.03757
1.11013
1.10811
1.04008
1.08807
1.08255
1.09214
1.04629
1.16162
1.04126
1.03026
1.11823
1.04382
1.07008
1.0359
1.21306
1.45161
1.31697
1.19709
1.18022
1.01283
1.05953
1.19318
1.23239
1.04458
1.15374
1.03369
1.10978
1.05057
1.04767
1.12737
1.20214
1.01924
1.06155
1.48277
1.04384
1.40654
1.02886
1.01706
1.06089
1.35211
1.0371
1.05023
1.0876
1.02277
1.05087
1.023
1.0999
1.02737
1.04761
1.03301
1.04144
1.17118
1.02593
1.02788
1.1188
1.08235
1.15494
1.05756
1.61013
1.88582
1.09397
1.05708
1.02766
1.03772
1.1057
1.05079
1.06718
1.19678
1.0622
1.05502
1.04253
1.02368
1.07545
1.03857
1.01211
1.06269
1.04125
1.2784
1.23545
1.66107
1.03084
1.01769
1.06783
1.01228
1.27849
1.018
1.17355
1.17029
1.07166
1.15791
1.11087
1.21601
1.02017
1.05647
1.05508
1.03084
1.03399
1.14112
1.01417
1.01673
1.06121
1.04659
1.02884
1.13268
1.03492
1.02285
1.15824
1.0559
1.04221
1.05005
1.6656
1.35075
1.18479
1.04035
1.2725
1.06382
1.17603
1.13392
1.19566
1.05844
1.11653
1.01714
1.03543
2.01422
1.02196
1.167
1.04089
1.07706
1.02257
1.03868
1.05006
1.05816
1.1445
1.28745
1.50677
1.06464
1.29311
1.21423
1.04353
1.03452
1.41415
1.03594
1.39462
1.18909
1.02905
1.09456
1.06156
1.03263
1.05282
1.06614
1.02563
1.02416
1.05268
1.04223
1.06306
1.06248
1.05601
1.04583
1.07155
1.03656
1.0264
1.30902
1.2644
1.26346
1.12051
1.18627
1.05296
1.03405
1.03265
1.03345
1.0609
1.01275
1.02199
1.08304
1.02705
1.01692
1.03884
1.02613
1.02588
1.02584
1.02171
1.22255
1.14147
1.11468
1.16826
1.02723
1.09369
1.35193
1.01963
1.02264
1.02346
1.02477
1.40261
1.14327
1.01595
1.08825
1.16211
1.17865
1.11724
1.06253
1.05529
1.07507
1.04385
1.07082
1.12851
1.06947
1.21781
1.18879
1.0247
1.04542
1.1024
1.12668
1.18924
1.11425
1.34172
1.05473
1.2549
1.0242
1.09695
1.0369
1.01522
1.02498
1.0913
1.05947
1.06362
1.18014
1.01544
1.04771
1.14235
1.38245
1.08235
1.10307
1.03087
1.01947
1.01646
1.14118
1.03587
1.03993
1.06277
1.05919
1.2965
1.13901
1.2923
1.09554
1.12325
1.25817
1.14377
1.05885
1.08375
1.04053
1.03768
1.76707
1.10234
1.13263
1.0555
1.04751
1.04156
1.02854
1.02945
1.25252
1.0492
1.04998
1.02773
1.17686
1.03638
1.02275
1.06075
1.18851
1.12376
1.10288
1.06616
1.24099
1.06959
1.06761
1.13447
1.09616
1.05169
1.10013
1.03455
1.17949
1.05351
1.04685
1.05191
1.15748
1.02807
1.10848
1.0168
1.04005
1.44805
1.39118
1.02616
1.02861
1.04746
1.07258
1.02256
1.07782
1.07732
1.07775
1.0523
1.11841
1.20684
1.08533
1.04407
1.02121
1.03015
1.03824
1.11383
1.1502
1.03505
1.04693
1.08122
1.05608
1.03562
1.07239
1.11366
1.25545
1.0656
1.0226
1.0258
1.11025
1.03524
1.29043
1.047
1.34532
1.10797
1.33035
1.07415
1.06278
1.06386
1.10272
1.02501
1.0442
1.08784
1.0457
1.03285
1.03708
1.0191
1.24277
1.06773
1.03672
1.05159
1.02136
1.10858
1.03892
1.11458
1.02741
1.1477
1.18857
1.05901
1.07165
1.24392
1.02146
1.06899
1.04781
1.05827
1.01507
1.10229
1.32763
1.15474
1.08059
1.10756
1.13672
1.05576
1.02369
1.18475
1.07915
1.0837
1.02658
1.02919
1.05309
1.1061
1.11288
1.05443
1.02132
1.01763
1.03361
1.40995
1.03241
1.04421
1.03219
1.04098
1.05492
1.23214
1.16495
1.07195
1.03717
1.08834
1.18036
1.22315
1.18204
1.02565
1.07137
1.02679
1.16887
1.02642
1.09289
1.51081
1.06625
1.36623
1.35446
1.18015
1.02934
1.03773
1.4106
1.03836
1.0727
1.04429
1.05917
1.21552
1.02082
1.02943
1.03351
1.02203
1.0481
1.02098
1.04223
1.01787
1.02889
1.10752
1.09084
1.04083
1.19702
1.0746
1.03368
1.11267
1.03638
1.17525
1.28522
1.13393
1.03842
1.17672
1.02321
1.10723
1.03931
1.1391
1.38691
1.0166
1.08042
1.16351
1.03893
1.01496
1.06781
1.05253
1.17666
1.16165
1.47679
1.033
1.01158
1.02651
1.10475
1.05321
1.04516
1.39758
1.03253
1.03946
1.04234
1.09174
1.19727
1.04797
1.04365
1.23538
1.0184
1.09357
1.04285
1.06637
1.04037
1.0441
1.03371
1.04919
1.08224
1.07092
1.01988
1.0556
1.06928
1.01677
1.14572
1.03133
1.13292
1.11553
1.05816
1.21866
1.15521
1.02907
1.05124
1.17231
1.04829
1.0526
1.5768
1.03369
1.00879
1.31229
1.02137
1.02126
1.32663
1.10771
1.10571
1.12874
1.05115
1.02899
1.02949
1.06078
1.21857
1.01634
1.04409
1.03431
1.28021
1.11242
1.04075
1.02925
1.0504
1.01748
1.0328
1.02669
1.06451
1.06023
1.02848
1.19858
1.05235
1.38817
1.10533
1.0653
1.03848
1.20336
1.06671
1.05485
1.12683
1.08324
1.11664
1.15306
1.20981
1.13943
1.07931
1.08601
1.01882
1.1086
1.04498
1.1297
1.19936
1.02508
1.03232
1.01994
1.05859
1.07782
1.25899
1.0887
1.00994
1.06523
1.04345
1.14029
1.0374
1.22322
1.02202
1.03418
1.17363
1.18043
1.03041
1.01626
1.0107
1.09689
1.04406
1.0324
1.18019
1.01106
1.05307
1.04654
1.05016
1.26699
1.02675
1.02384
1.02452
1.1216
1.10815
1.08887
1.12753
1.76551
1.03481
1.06001
1.03317
1.0993
1.08914
1.0649
1.0689
1.17565
1.01944
1.06182
1.10346
1.02843
1.01872
1.32249
1.03424
1.04784
1.41097
1.0567
1.07892
1.12836
1.01789
1.02655
1.03652
1.17495
1.03731
1.13639
1.03664
1.09956
1.03995
1.05235
1.22235
1.13968
1.04263
1.0203
1.07014
1.54212
1.04228
1.01115
1.13208
1.05515
1.0694
1.04361
1.12918
1.0258
1.04087
1.06942
1.07968
1.4969
1.04736
1.04141
1.09966
1.10712
1.14026
1.03584
1.05306
1.02597
1.03578
1.01653
1.03859
1.16344
1.085
1.08436
1.05239
1.02915
1.16733
1.03461
1.03964
1.14769
1.04924
1.07651
1.13076
1.11347
1.08519
1.03164
1.08533
1.03405
1.09626
1.10478
1.06723
1.07229
1.02507
1.02578
1.07503
1.02477
1.12829
1.11539
1.08911
1.37597
1.07791
1.04169
1.03954
1.06383
1.21622
1.07223
1.05239
1.04414
1.02414
1.03052
1.05849
1.14399
1.04335
1.15171
1.01974
1.44834
1.01658
1.11933
1.02587
1.06451
1.07085
1.11067
1.06562
1.0222
1.03255
1.05225
1.09329
1.09326
1.12732
1.04647
1.1039
1.03562
1.0492
1.03227
1.08888
1.07638
1.0381
1.30494
1.14585
1.01628
1.03503
1.03685
1.03181
1.0548
1.04127
1.02262
1.1078
1.06321
1.13058
1.02871
1.06208
1.04833
1.02125
1.03757
1.02466
1.20206
1.04906
1.02086
1.09673
1.02767
1.05036
1.78509
1.18192
1.20668
1.01629
1.10054
1.05844
1.02587
1.05519
1.24297
1.10881
1.04273
1.18531
1.03123
1.89141
1.47949
2.06164
2.10791
2.48393
3.23413
2.19521
2.81199
2.89973
1.926
1.94466
2.14481
2.70403
2.65566
1.77307
1.55345
2.05249
2.37014
2.73092
2.18317
1.38254
2.64152
1.41242
2.71309
1.89666
1.60602
3.08731
2.62058
1.69231
1.50134
1.52262
1.39558
2.07198
1.49816
2.37446
3.15745
1.83999
1.44751
2.64589
1.33242
1.69987
2.42698
2.07711
1.66248
1.09885
2.96937
2.62132
2.61307
1.44784
2.58875
2.53856
3.4756
1.20968
2.39424
2.25656
1.79409
2.07973
2.85575
1.28704
2.54607
3.31917
1.20998
1.35812
2.58672
2.47718
1.47338
1.97646
1.35975
1.83671
1.20591
1.74436
2.07541
1.40322
2.46708
2.63216
1.69911
1.59213
2.8895
2.70687
2.14714
2.10767
1.41047
1.403
1.22272
1.61384
1.71228
1.57274
1.86513
1.99137
2.48231
2.1784
2.729
1.17945
2.09049
1.21464
2.29521
2.93137
2.29239
3.08372
2.86921
2.02431
2.41329
2.0133
1.97707
2.87947
1.67071
2.08538
2.00206
2.05411
1.31022
1.87743
3.57511
2.4259
2.47361
1.77759
1.5431
2.56175
2.46304
1.74173
2.80057
1.87609
2.87647
1.74531
2.77726
2.04069
2.40522
1.41529
1.79285
1.86624
1.51921
1.81913
1.9956
1.93854
1.86465
1.559
1.60165
1.51532
1.34506
1.43083
2.41864
1.74063
2.20371
2.04752
2.7348
1.52975
1.54356
2.73428
2.45705
3.20609
1.05125
1.50082
1.89966
2.8856
1.87529
1.8727
1.34063
2.60441
1.33743
2.06307
1.61944
1.92949
2.42913
1.34261
1.17806
2.52006
1.22542
2.58441
2.26719
3.42484
1.60424
1.48671
1.70623
2.55811
1.37329
1.48264
3.18787
2.52311
1.51147
1.30715
2.65685
2.57556
1.02052
1.90218
2.43069
1.2124
2.68925
2.87966
2.02804
1.3847
2.58041
2.65844
2.8122
1.31604
2.43148
2.34731
1.72498
2.00903
1.83124
2.9198
1.87317
1.18718
2.35225
2.68467
2.16784
2.79345
2.85346
1.76473
2.08436
1.9601
2.19119
1.97502
1.95146
1.43583
2.89532
2.35339
2.02701
2.41345
2.30023
1.65031
1.3124
2.24127
2.35774
2.57108
2.57955
1.32896
1.79452
2.42902
2.38211
2.86044
1.4389
1.49281
2.43955
1.73051
1.6155
2.21067
3.19713
1.6378
2.49189
2.89014
2.27989
2.03162
1.40917
3.41654
1.29694
3.15466
1.84345
1.51951
1.83808
2.06606
2.83606
2.11614
2.81765
2.64126
2.39806
3.0021
1.94377
1.60616
1.3855
1.93433
2.06018
1.19205
2.13586
2.25489
2.23855
2.14284
1.61129
1.34174
2.50482
2.33358
2.21979
2.41342
2.55913
2.39343
2.13965
2.02543
2.6285
2.0712
1.47604
2.48404
1.63511
2.4586
1.81325
1.25555
1.35653
2.54305
1.85725
3.07815
1.82804
2.95982
2.90455
2.78262
1.85345
2.80505
2.2478
1.79788
1.92169
2.85656
2.17839
2.71055
2.24908
1.18211
1.68936
1.98882
1.77014
1.2849
2.72952
1.87328
3.137
1.2514
2.29794
2.328
3.01131
1.3301
2.08524
1.39567
1.9629
2.86135
1.91042
2.27369
1.46183
1.99609
2.63136
2.25838
2.63676
1.22975
1.46837
1.99
1.867
1.32448
2.40758
1.51551
1.83445
2.15141
1.63829
1.16583
1.17425
2.25623
1.26216
2.38678
2.21498
1.28949
2.29044
2.12002
2.69784
1.20306
2.53587
3.09547
2.83968
2.59574
1.97965
1.75695
1.80074
2.34886
1.53088
1.80855
2.89506
1.33559
1.8942
2.90493
1.04214
1.86962
2.6071
1.09339
3.09178
2.09967
1.56235
1.68939
1.71661
2.31812
1.76937
2.48055
1.39123
1.94594
1.99448
2.36642
2.68445
2.44
3.04096
2.66684
1.86703
1.97599
1.6309
3.06859
1.61619
2.25051
2.0152
2.52588
1.85978
1.84156
1.75297
2.00737
2.18778
2.08922
1.44559
2.72032
2.59319
1.80375
2.77111
1.89086
2.28208
1.53936
2.61429
1.54502
2.68614
2.5932
2.24995
2.87926
2.54383
1.91998
2.66702
1.08299
2.23643
1.64027
1.35502
2.36279
1.85655
2.43865
1.5413
2.7135
1.68626
2.13989
2.62925
2.76866
1.23402
2.27132
2.2625
1.87974
1.66984
2.24271
1.60445
1.4765
1.78175
1.62405
2.22974
3.02517
1.19571
1.77027
1.44601
1.22249
1.25074
1.38497
3.195
2.91839
3.40358
1.75752
2.03667
1.84906
2.9656
2.50283
2.36515
2.69442
3.01563
1.92384
1.15399
1.35475
1.99437
2.19955
1.28317
2.46078
1.31681
2.47697
1.53226
2.86354
3.35392
2.6677
1.30845
1.74796
1.93987
3.29229
1.70029
1.86257
2.34005
1.81734
2.89236
1.90881
2.09335
1.41868
2.65639
2.23851
1.64805
2.36307
2.55782
2.32908
1.24759
3.15582
1.9885
1.61435
2.64227
1.27706
1.32642
3.03344
2.11971
1.73225
2.24479
3.14853
1.03716
1.8182
2.31644
1.47514
2.84059
1.4548
1.45349
1.22149
1.87772
3.58822
1.98464
2.90526
2.15849
2.53331
1.92779
2.02102
1.98899
2.44746
2.78009
3.11374
2.57899
1.68114
2.57128
2.78649
2.04127
2.22577
1.12195
2.22525
2.09861
1.70984
1.07645
2.21365
2.40636
3.23538
1.44049
2.23474
2.78545
1.63833
1.45571
2.46658
2.80803
1.86912
1.87912
1.75711
1.4139
1.88099
2.59495
1.47741
1.65783
1.27805
2.90289
2.39237
2.68075
1.86257
2.60498
1.56662
2.84226
2.63435
1.87331
2.70535
3.33119
2.31568
3.20337
1.82479
2.93493
2.03472
1.38092
1.21502
2.20276
1.97574
1.37434
2.52652
1.29918
2.58339
1.85626
2.37954
2.79014
1.26399
2.41589
2.16996
1.97
2.25734
2.62902
2.54116
1.53788
2.15372
2.45674
2.90045
2.22732
2.61659
2.17488
2.7462
1.82605
1.88081
2.49185
2.03172
2.30679
2.78583
2.40924
2.5078
2.13597
2.45836
2.72134
1.1335
2.31003
2.37189
2.6001
1.20873
2.8996
3.27394
2.46666
1.74892
2.20837
2.93005
2.32604
2.14903
1.44369
2.14375
1.72274
1.75667
1.96697
2.49961
1.45574
2.29985
1.58031
3.20864
1.21822
1.45156
1.42945
1.33094
2.48995
2.30344
2.07688
3.24885
1.23833
3.12143
1.96124
2.73721
2.23119
2.41838
2.5978
2.33934
2.26641
2.32538
2.10997
1.87774
1.30974
2.30727
1.4389
2.10451
1.60511
1.89826
1.89219
2.04076
3.46559
2.89169
1.63349
2.67452
2.56354
1.96138
1.20747
1.86552
2.61241
2.01469
2.3765
2.67869
2.6951
2.57933
2.84364
2.3199
2.0103
2.84237
2.82328
2.11866
1.78416
2.43319
2.65871
2.69759
1.66801
2.20708
2.66065
2.6716
1.13441
1.56182
1.39491
2.61784
2.07114
2.62956
2.01727
2.67596
3.07558
2.04921
1.4318
2.62079
1.68201
2.2857
1.46933
1.97426
1.91597
1.17083
1.52674
1.86347
1.9659
2.65347
1.24298
2.87868
2.06595
2.21194
1.04322
2.52193
1.91303
1.72447
1.30427
1.87499
1.89319
1.47876
3.415
2.09873
2.82705
2.13453
2.30341
1.67504
2.29847
3.24156
1.49919
2.56051
2.3588
3.43781
2.2004
1.61871
1.37079
1.51846
2.16086
2.91106
1.11614
1.34567
2.05855
2.15975
2.40749
1.31975
2.51072
2.49488
1.38739
2.09676
2.07701
2.30788
2.97626
1.256
2.29788
1.96568
2.41734
1.12114
2.79475
2.84985
2.52664
2.72285
1.35101
1.40866
1.86411
1.06482
2.12015
2.47191
1.44699
1.75835
1.76541
3.11072
2.31724
1.72966
2.71098
1.46917
2.09308
3.23135
2.37919
2.27067
1.50533
1.87861
2.57121
2.01798
2.85658
2.05311
1.36737
2.44776
2.41306
3.05544
1.3902
2.80417
3.18978
2.88244
1.95182
2.50658
1.76943
2.1535
1.67296
2.47822
1.96207
1.79723
3.26587
2.12657
2.08107
1.25893
2.18735
1.2563
2.62055
1.98041
2.96747
2.09121
1.36819
3.37366
3.25591
3.04263
2.27486
2.12633
2.56216
3.16343
2.09235
2.67008
1.53006
1.26125
1.66472
2.01474
1.8831
2.32295
1.39226
1.24344
1.34228
2.62649
2.1502
1.77308
1.99411
2.05925
3.1018
2.24536
3.5243
2.14402
1.84254
2.18405
2.27122
1.98726
2.50715
2.74418
2.09758
3.12185
2.49935
2.61152
1.70563
2.19232
1.15974
1.99108
1.46044
2.01387
1.41826
1.63565
2.61479
2.3551
1.55777
2.71362
1.43074
1.16029
3.0061
2.07926
1.25511
1.7717
1.77532
1.10078
1.62835
2.30992
2.9796
1.51095
2.85054
2.55754
1.69068
1.20012
2.5724
2.65942
2.84021
1.80994
3.0342
1.56359
1.9581
3.01312
1.60037
2.79031
1.36331
1.50913
3.30155
1.84984
1.38323
2.45862
1.48855
1.69992
2.54905
1.29978
2.67206
1.20103
2.2939
2.12494
1.46116
3.42846
1.53629
1.95121
1.77587
2.21495
2.41125
2.18879
2.6419
1.19174
2.16434
2.89292
2.00284
1.53507
1.55788
2.55812
2.47307
2.38304
1.79147
2.30625
1.64188
1.8639
2.4262
1.16813
1.32994
1.06817
1.94219
2.36921
3.47194
1.93315
3.03916
2.28976
1.68021
1.83586
2.1215
2.69363
2.21144
1.83973
1.59217
2.70985
1.57583
2.51699
2.73536
1.65735
1.72602
2.04381
1.72473
2.81161
2.62844
2.86284
1.94701
2.83776
1.63428
1.44949
1.77274
2.54743
2.09858
2.81664
2.34028
2.38844
1.93873
2.25288
2.45684
1.6023
2.92828
2.31357
3.17725
2.39967
3.38327
2.74216
1.82352
2.51727
1.81608
2.22639
2.22072
3.06623
2.95024
1.7037
1.3037
1.53481
2.92812
1.72471
3.07823
2.95586
1.72957
1.23675
1.65064
1.77745
1.15224
1.32444
1.31075
2.3548
1.90776
1.51757
2.49503
2.43469
2.8132
2.90552
1.86696
1.72304
1.97648
1.82741
3.55992
3.05048
2.34617
1.31801
1.70872
2.82756
1.50516
338389000.0
507607000.0
310858000.0
244561000.0
233294000.0
163043000.0
275120000.0
187364000.0
174010000.0
313556000.0
342329000.0
282672000.0
190637000.0
193623000.0
290407000.0
432662000.0
298838000.0
258592000.0
187970000.0
251772000.0
522619000.0
192460000.0
491919000.0
203038000.0
329537000.0
380329000.0
177606000.0
220930000.0
383365000.0
460909000.0
410291000.0
524620000.0
301967000.0
352597000.0
235045000.0
161053000.0
376637000.0
522162000.0
199781000.0
555241000.0
340032000.0
242154000.0
299299000.0
400697000.0
720003000.0
175644000.0
203485000.0
191962000.0
507562000.0
229281000.0
224281000.0
147498000.0
688422000.0
226788000.0
261627000.0
367138000.0
300296000.0
180055000.0
581332000.0
213076000.0
154578000.0
648586000.0
535364000.0
232733000.0
211074000.0
487342000.0
327986000.0
598885000.0
346444000.0
630633000.0
355155000.0
279741000.0
520783000.0
221376000.0
202919000.0
403578000.0
454570000.0
178269000.0
198371000.0
284791000.0
259074000.0
515644000.0
522004000.0
600423000.0
407863000.0
428267000.0
413204000.0
372967000.0
290968000.0
225479000.0
256165000.0
190631000.0
719688000.0
280233000.0
639739000.0
264819000.0
177159000.0
258017000.0
169574000.0
182146000.0
320548000.0
213603000.0
321984000.0
311634000.0
177593000.0
391320000.0
294432000.0
301999000.0
298634000.0
580928000.0
342202000.0
141508000.0
235560000.0
222837000.0
297354000.0
491052000.0
217107000.0
245792000.0
330561000.0
188787000.0
337597000.0
179611000.0
351791000.0
200464000.0
254829000.0
223983000.0
551693000.0
376476000.0
370538000.0
513927000.0
346516000.0
313251000.0
317776000.0
348084000.0
421396000.0
399641000.0
507354000.0
602218000.0
517698000.0
232333000.0
400755000.0
229683000.0
277227000.0
211511000.0
466811000.0
472756000.0
205368000.0
232512000.0
159695000.0
840348000.0
357808000.0
343048000.0
176918000.0
358358000.0
349552000.0
610429000.0
206970000.0
599215000.0
322515000.0
442796000.0
310976000.0
243501000.0
593345000.0
719887000.0
216023000.0
660960000.0
203041000.0
255897000.0
152939000.0
427938000.0
451144000.0
345395000.0
197660000.0
598761000.0
492500000.0
171276000.0
217010000.0
515202000.0
632682000.0
198013000.0
200818000.0
825445000.0
284208000.0
258918000.0
677391000.0
211806000.0
193310000.0
292008000.0
465841000.0
221085000.0
197066000.0
198458000.0
593375000.0
251623000.0
263574000.0
419256000.0
319169000.0
365609000.0
183082000.0
328384000.0
692672000.0
251718000.0
203568000.0
239298000.0
179780000.0
191383000.0
355640000.0
276846000.0
300804000.0
274696000.0
266734000.0
315012000.0
415672000.0
187389000.0
230254000.0
302898000.0
236711000.0
228474000.0
404697000.0
590571000.0
268751000.0
234685000.0
213444000.0
207790000.0
538993000.0
384202000.0
249946000.0
253532000.0
183885000.0
550897000.0
427817000.0
221477000.0
395281000.0
406168000.0
262822000.0
159224000.0
435377000.0
216025000.0
179459000.0
263538000.0
324612000.0
516189000.0
147032000.0
459820000.0
166923000.0
375326000.0
478632000.0
367147000.0
311800000.0
195248000.0
268591000.0
184151000.0
214127000.0
252275000.0
182712000.0
328410000.0
462287000.0
475543000.0
323725000.0
310809000.0
736449000.0
273557000.0
275175000.0
225890000.0
252128000.0
422431000.0
567487000.0
210128000.0
236008000.0
277038000.0
218561000.0
208165000.0
250723000.0
294541000.0
300896000.0
221149000.0
287875000.0
422789000.0
232776000.0
310927000.0
211227000.0
368704000.0
692930000.0
525485000.0
219932000.0
365510000.0
175372000.0
360240000.0
178583000.0
174917000.0
200414000.0
323212000.0
189368000.0
249104000.0
380904000.0
348905000.0
188174000.0
287072000.0
186409000.0
253456000.0
711096000.0
385103000.0
336523000.0
375344000.0
644002000.0
210558000.0
372888000.0
164936000.0
656241000.0
239637000.0
259639000.0
167441000.0
569350000.0
291603000.0
505790000.0
336967000.0
182316000.0
331499000.0
248884000.0
343454000.0
315770000.0
201583000.0
229518000.0
200207000.0
583805000.0
524764000.0
343409000.0
324720000.0
560348000.0
216311000.0
383613000.0
372190000.0
273198000.0
379548000.0
710700000.0
545574000.0
262859000.0
669615000.0
227204000.0
257898000.0
393430000.0
236813000.0
250860000.0
205765000.0
694783000.0
215401000.0
172269000.0
197364000.0
223944000.0
263684000.0
319949000.0
356774000.0
230519000.0
460736000.0
334083000.0
193440000.0
553594000.0
319906000.0
184000000.0
735280000.0
326664000.0
218360000.0
764883000.0
169339000.0
299374000.0
439732000.0
404859000.0
394402000.0
274234000.0
356560000.0
203315000.0
519891000.0
338188000.0
289533000.0
254572000.0
198867000.0
224158000.0
167315000.0
222559000.0
319367000.0
290366000.0
400952000.0
170371000.0
437571000.0
288754000.0
338957000.0
204592000.0
367539000.0
362787000.0
408707000.0
289134000.0
283425000.0
295028000.0
514955000.0
185776000.0
212217000.0
358569000.0
192517000.0
323220000.0
266467000.0
484353000.0
208917000.0
481854000.0
194577000.0
224312000.0
270094000.0
185486000.0
231029000.0
292408000.0
196944000.0
699993000.0
273385000.0
395478000.0
574339000.0
246334000.0
351132000.0
213096000.0
474254000.0
190762000.0
359716000.0
273295000.0
195636000.0
197019000.0
682835000.0
222251000.0
266131000.0
295147000.0
393823000.0
246076000.0
415808000.0
522103000.0
369651000.0
430538000.0
279985000.0
174113000.0
698820000.0
323519000.0
525728000.0
683087000.0
643735000.0
528953000.0
161244000.0
186227000.0
150303000.0
330585000.0
306308000.0
365414000.0
184443000.0
227790000.0
210781000.0
186663000.0
182929000.0
326488000.0
727092000.0
573005000.0
317881000.0
258387000.0
657538000.0
214479000.0
396551000.0
203606000.0
454144000.0
189392000.0
155429000.0
188970000.0
566046000.0
379829000.0
272264000.0
152726000.0
372632000.0
282255000.0
269519000.0
356237000.0
175095000.0
317002000.0
304038000.0
538564000.0
198944000.0
269346000.0
367119000.0
253590000.0
196274000.0
228334000.0
697846000.0
167897000.0
304789000.0
418680000.0
199246000.0
410562000.0
590311000.0
171504000.0
301398000.0
374402000.0
222715000.0
160072000.0
848924000.0
384923000.0
267798000.0
486575000.0
197972000.0
484914000.0
456424000.0
684692000.0
282916000.0
139625000.0
306123000.0
183978000.0
286322000.0
214276000.0
332279000.0
279240000.0
291992000.0
236842000.0
199775000.0
167264000.0
228934000.0
424255000.0
224238000.0
181785000.0
318146000.0
275779000.0
762536000.0
244850000.0
286200000.0
386252000.0
728915000.0
238097000.0
233312000.0
162849000.0
512172000.0
274502000.0
197990000.0
409365000.0
460973000.0
216536000.0
182663000.0
344528000.0
293396000.0
410848000.0
538597000.0
278100000.0
226341000.0
491606000.0
403574000.0
624169000.0
188689000.0
238953000.0
214834000.0
356164000.0
219016000.0
464246000.0
184851000.0
200576000.0
362784000.0
203868000.0
153149000.0
247718000.0
159576000.0
300720000.0
185378000.0
303562000.0
551748000.0
697254000.0
266855000.0
297347000.0
529702000.0
229374000.0
621930000.0
220839000.0
363367000.0
232402000.0
188758000.0
569534000.0
210763000.0
274819000.0
327263000.0
251673000.0
192411000.0
214754000.0
493927000.0
289878000.0
230926000.0
187263000.0
285308000.0
208904000.0
275476000.0
187658000.0
341693000.0
271937000.0
209051000.0
309198000.0
253207000.0
183047000.0
225246000.0
214548000.0
243055000.0
233279000.0
203945000.0
648704000.0
273496000.0
241313000.0
203413000.0
694285000.0
187197000.0
155766000.0
235839000.0
409192000.0
230414000.0
173272000.0
228161000.0
260747000.0
506070000.0
238143000.0
292756000.0
381550000.0
327063000.0
226449000.0
480583000.0
264982000.0
461471000.0
156408000.0
693688000.0
529018000.0
463136000.0
545925000.0
220955000.0
266797000.0
263387000.0
164364000.0
624318000.0
167546000.0
337124000.0
200836000.0
273589000.0
213557000.0
207939000.0
260111000.0
278628000.0
245422000.0
291090000.0
320545000.0
626451000.0
253074000.0
548568000.0
289456000.0
393887000.0
297134000.0
322695000.0
303571000.0
144865000.0
181804000.0
325873000.0
187746000.0
223422000.0
318525000.0
672609000.0
275269000.0
224321000.0
295491000.0
251577000.0
206109000.0
195573000.0
214929000.0
186156000.0
259311000.0
311949000.0
202745000.0
180908000.0
275739000.0
380459000.0
221558000.0
217472000.0
211136000.0
434104000.0
273762000.0
211667000.0
205550000.0
764508000.0
460537000.0
581605000.0
219657000.0
297988000.0
199586000.0
293513000.0
187653000.0
168325000.0
317806000.0
515831000.0
214505000.0
389584000.0
259866000.0
491561000.0
322613000.0
311044000.0
743909000.0
416104000.0
341549000.0
288408000.0
210362000.0
672829000.0
187409000.0
268333000.0
260840000.0
838097000.0
199693000.0
329840000.0
384969000.0
607934000.0
327583000.0
317472000.0
519138000.0
147331000.0
292637000.0
186183000.0
296801000.0
222603000.0
410860000.0
279720000.0
156589000.0
442577000.0
212307000.0
251056000.0
147034000.0
256327000.0
456248000.0
577188000.0
444398000.0
289923000.0
183567000.0
693969000.0
551104000.0
270591000.0
278615000.0
215908000.0
649700000.0
228962000.0
234654000.0
566670000.0
290718000.0
312792000.0
234765000.0
177243000.0
551906000.0
239590000.0
315206000.0
232976000.0
659003000.0
196280000.0
200103000.0
208273000.0
195963000.0
602664000.0
539629000.0
285486000.0
839115000.0
303775000.0
233094000.0
483438000.0
400497000.0
332293000.0
163942000.0
254249000.0
418347000.0
206946000.0
472343000.0
300690000.0
157856000.0
239256000.0
224249000.0
510484000.0
335351000.0
200107000.0
308246000.0
194170000.0
312683000.0
554400000.0
204935000.0
222173000.0
164396000.0
375330000.0
187103000.0
157468000.0
183358000.0
304253000.0
220210000.0
348959000.0
247642000.0
420219000.0
204908000.0
296981000.0
359699000.0
160010000.0
280118000.0
270610000.0
619654000.0
273718000.0
627046000.0
216696000.0
341754000.0
179309000.0
295924000.0
574094000.0
155080000.0
153478000.0
175971000.0
271692000.0
240417000.0
223098000.0
165613000.0
261805000.0
202960000.0
403391000.0
594547000.0
349668000.0
315709000.0
348118000.0
236952000.0
403206000.0
643315000.0
578944000.0
224944000.0
282647000.0
380146000.0
327428000.0
294640000.0
171882000.0
267172000.0
143431000.0
292063000.0
327640000.0
279989000.0
268754000.0
335344000.0
204262000.0
193308000.0
300868000.0
164322000.0
222453000.0
214828000.0
418308000.0
276100000.0
689058000.0
294409000.0
465507000.0
280870000.0
493244000.0
427582000.0
222738000.0
243729000.0
475968000.0
199662000.0
476067000.0
709987000.0
170242000.0
305615000.0
673277000.0
365950000.0
401631000.0
818626000.0
452289000.0
241335000.0
170815000.0
447714000.0
177938000.0
221802000.0
341875000.0
703828000.0
228717000.0
211492000.0
178930000.0
337016000.0
180489000.0
454970000.0
336804000.0
170803000.0
438640000.0
195220000.0
560909000.0
486279000.0
154282000.0
295484000.0
547283000.0
243521000.0
501017000.0
364225000.0
202849000.0
582990000.0
193547000.0
427856000.0
240068000.0
291715000.0
505475000.0
148365000.0
463335000.0
326007000.0
402506000.0
284621000.0
215816000.0
276594000.0
195890000.0
614643000.0
297720000.0
179033000.0
340901000.0
486038000.0
470145000.0
214674000.0
234872000.0
225843000.0
335207000.0
262624000.0
413086000.0
354129000.0
238631000.0
588888000.0
462866000.0
779619000.0
303490000.0
257727000.0
145665000.0
336753000.0
165471000.0
225860000.0
337981000.0
301125000.0
294413000.0
196702000.0
268627000.0
330849000.0
468165000.0
202561000.0
442081000.0
233249000.0
189219000.0
425031000.0
407054000.0
313565000.0
321791000.0
187981000.0
211790000.0
182212000.0
277782000.0
193891000.0
427749000.0
514573000.0
379665000.0
220900000.0
286234000.0
196904000.0
254611000.0
230956000.0
303259000.0
250995000.0
229209000.0
458622000.0
180920000.0
274451000.0
160593000.0
260197000.0
150772000.0
192418000.0
380625000.0
225448000.0
306451000.0
264419000.0
274556000.0
176054000.0
171853000.0
356527000.0
529339000.0
493115000.0
188325000.0
335417000.0
168702000.0
173211000.0
423743000.0
557238000.0
404946000.0
373177000.0
739015000.0
533901000.0
400010000.0
260504000.0
355890000.0
449856000.0
238298000.0
249438000.0
180359000.0
179460000.0
311588000.0
425149000.0
335774000.0
355557000.0
141427000.0
175583000.0
245705000.0
597627000.0
418069000.0
183410000.0
489885000.0
