1.00524
1.07159
1.05445
1.01223
1.06143
1.08202
1.02498
1.03066
1.01378
1.01119
1.01761
1.05139
1.03565
1.00947
1.00984
1.02929
1.04776
1.11919
1.03299
1.00162
1.01373
1.03087
1.02936
1.06292
1.16237
1.02774
1.04094
1.06285
1.01089
1.02341
1.03927
1.02276
1.05564
1.02129
1.01646
1.03362
1.00855
1.00485
1.10946
1.03029
1.01381
1.06706
1.08049
1.1134
1.00381
1.03783
1.00649
1.06762
1.08035
1.00855
1.08527
1.00632
1.02307
1.07968
1.02303
1.03317
1.08411
1.03116
1.01921
1.01447
1.08505
1.07822
1.0329
1.01886
1.01295
1.08199
1.06862
1.0564
1.01453
1.01081
1.28482
1.15672
1.06818
1.02368
1.03887
1.04889
1.02632
1.01692
1.01464
1.01171
1.05161
1.02204
1.02027
1.01828
1.08063
1.00171
1.04091
1.02026
1.0973
1.00358
1.00705
1.01397
1.05133
1.01731
1.14872
1.01715
1.02483
1.00951
1.03264
1.0208
1.20921
1.10827
1.00323
1.03595
1.04379
1.0431
1.01002
1.02462
1.04381
1.00856
1.02466
1.02411
1.00475
1.03463
1.09736
1.12753
1.00751
1.02674
1.00649
1.0865
1.1596
1.02001
1.14154
1.01281
1.00927
1.12578
1.05639
1.01151
1.01836
1.01538
1.05207
1.14032
1.0112
1.03407
1.03396
1.08951
1.04703
1.01498
1.16149
1.01285
1.10776
1.01847
1.0118
1.05665
1.05884
1.02333
1.07133
1.0134
1.26024
1.01161
1.09252
1.00827
1.1427
1.06541
1.00363
1.08147
1.00515
1.12852
1.04028
1.0181
1.09256
1.08739
1.03251
1.03026
1.03357
1.00988
1.00132
1.0079
1.02434
1.12824
1.01745
1.00864
1.0147
1.00861
1.02846
1.0363
1.04843
1.03624
1.03206
1.02468
1.02997
1.12376
1.01954
1.00957
1.00633
1.00211
1.04181
1.02061
1.02416
1.03199
1.05163
1.10103
1.06027
1.16795
1.01679
1.01267
1.01535
1.0065
1.01771
1.18429
1.21652
1.03336
1.17179
1.00834
1.00558
1.02986
1.02176
1.02909
1.03426
1.1042
1.15241
1.02324
1.02746
1.02758
1.00794
1.02275
1.03792
1.00594
1.00612
1.02186
1.06872
1.0168
1.00804
1.16384
1.01576
1.01099
1.02977
1.01921
1.02859
1.07689
1.04901
1.03612
1.20905
1.00932
1.09946
1.13325
1.01311
1.03877
1.00752
1.02587
1.01946
1.00522
1.07294
1.00468
1.06225
1.07441
1.02149
1.13753
1.00872
1.05503
1.07837
1.10742
1.12287
1.03763
1.00955
1.01893
1.03474
1.01931
1.01182
1.01952
1.08045
1.02631
1.01539
1.12062
1.01119
1.01618
1.02365
1.0565
1.06515
1.01316
1.03132
1.03977
1.06983
1.01035
1.04509
1.04488
1.00906
1.04422
1.01988
1.03047
1.03567
1.20895
1.15273
1.12443
1.00937
1.1095
1.08097
1.0167
1.03012
1.01745
1.04622
1.01979
1.03986
1.13952
1.0402
1.01404
1.01032
1.03229
1.09748
1.06508
1.06214
1.00606
1.00629
1.06842
1.05595
1.00515
1.03581
1.06905
1.03773
1.01619
1.05805
1.05666
1.01592
1.05794
1.10507
1.0228
1.00312
1.01359
1.05257
1.02123
1.05827
1.02884
1.02822
1.01477
1.00216
1.07799
1.01327
1.04641
1.01862
1.03761
1.30593
1.06047
1.11892
1.05738
1.05409
1.01582
1.18247
1.0478
1.06697
1.04563
1.03464
1.01797
1.00727
1.01731
1.0587
1.054
1.08419
1.00739
1.0349
1.00486
1.01862
1.00889
1.01191
1.00759
1.02651
1.03705
1.10576
1.0953
1.09275
1.10602
1.03051
1.04311
1.05455
1.11444
1.01195
1.11291
1.02414
1.09328
1.00533
1.00834
1.02578
1.01822
1.06125
1.02329
1.0021
1.00244
1.03617
1.08091
1.07703
1.07966
1.04987
1.08779
1.11656
1.07842
1.01622
1.04344
1.05665
1.02217
1.00222
1.08464
1.01265
1.13838
1.01453
1.02569
1.07408
1.0901
1.00728
1.07042
1.0271
1.0857
1.02223
1.00406
1.04162
1.00809
1.00362
1.00792
1.0845
1.03781
1.02919
1.06188
1.00328
1.09803
1.00876
1.0144
1.02647
1.03488
1.00246
1.0231
1.06504
1.03907
1.11908
1.0082
1.01519
1.04034
1.01418
1.09229
1.06065
1.00702
1.00679
1.12466
1.03366
1.02972
1.01206
1.00962
1.02082
1.0819
1.06194
1.09017
1.01484
1.02007
1.02002
1.04912
1.01363
1.10249
1.06022
1.00257
1.00336
1.01497
1.01619
1.00033
1.0492
1.03192
1.01401
1.02958
1.06373
1.01348
1.10928
1.01106
1.00956
1.0978
1.11946
1.16627
1.04567
1.0948
1.02839
1.01829
1.00682
1.03937
1.06055
1.00472
1.03761
1.03633
1.00567
1.00485
1.01465
1.00241
1.01489
1.0472
1.01048
1.01013
1.01474
1.01274
1.03557
1.03697
1.05626
1.13507
1.04256
1.01643
1.04961
1.06861
1.0183
1.05505
1.1859
1.0253
1.07608
1.01219
1.02873
1.11585
1.05267
1.01543
1.0069
1.03716
1.02502
1.03069
1.08665
1.13007
1.03567
1.06498
1.02993
1.02507
1.0368
1.10469
1.00471
1.02425
1.02705
1.1423
1.01027
1.03396
1.01575
1.09434
1.06027
1.00934
1.04285
1.00833
1.02822
1.01581
1.0217
1.08965
1.02684
1.00992
1.15883
1.07771
1.01161
1.00806
1.08873
1.11799
1.10792
1.01796
1.00586
1.06961
1.06356
1.03671
1.00953
1.00571
1.00052
1.00478
1.03586
1.0201
1.06571
1.02047
1.01823
1.03442
1.0087
1.00495
1.01405
1.031
1.01774
1.01813
1.04655
1.01175
1.06351
1.01305
1.01989
1.01038
1.04505
1.02176
1.06509
1.0148
1.02318
1.00822
1.05868
1.1552
1.06479
1.01633
1.03632
1.1102
1.11194
1.07385
1.09356
1.01706
1.05971
1.01577
1.06819
1.09109
1.01215
1.02168
1.03425
1.0121
1.01931
1.06084
1.09132
1.04566
1.01413
1.22893
1.00576
1.00665
1.01783
1.23858
1.00382
1.05942
1.03261
1.06923
1.03215
1.03813
1.04937
1.03695
1.00414
1.00794
1.01391
1.03486
1.02997
1.02407
1.08789
1.00105
1.01303
1.01443
1.02663
1.00808
1.02105
1.01829
1.01676
1.11044
1.13343
1.01398
1.01015
1.02021
1.01389
1.11253
1.02414
1.01675
1.00893
1.01127
1.0182
1.04024
1.11838
1.01771
1.0438
1.11136
1.02024
1.03098
1.0256
1.03318
1.01956
1.05012
1.02728
1.02147
1.0191
1.21633
1.01098
1.02797
1.03456
1.05142
1.06456
1.08914
1.01206
1.10421
1.0162
1.08132
1.09742
1.02728
1.00872
1.00215
1.04405
1.0425
1.07743
1.00218
1.07085
1.00564
1.04681
1.0156
1.01784
1.00558
1.01126
1.0198
1.09338
1.06003
1.02396
1.01875
1.02576
1.04587
1.09098
1.00808
1.0061
1.09424
1.01162
1.00753
1.09521
1.13808
1.13134
1.119
1.01636
1.00177
1.00149
1.05943
1.01897
1.00851
1.02207
1.04658
1.01085
1.01077
1.05281
1.01599
1.02523
1.00819
1.00526
1.05144
1.04896
1.02546
1.20373
1.05089
1.00959
1.20694
1.08294
1.10059
1.0156
1.02723
1.00931
1.02621
1.10058
1.0128
1.02086
1.00872
1.01324
1.01329
1.00451
1.00969
1.08151
1.02663
1.00551
1.00309
1.07426
1.15889
1.04611
1.01897
1.00417
1.05645
1.07202
1.10826
1.03019
1.1047
1.02966
1.01453
1.0472
1.02553
1.16402
1.01583
1.02098
1.0043
1.0096
1.15266
1.08402
1.04301
1.06413
1.07768
1.05325
1.00255
1.01928
1.09118
1.0197
1.03594
1.01027
1.02244
1.0097
1.02884
1.02641
1.02297
1.0158
1.02521
1.00484
1.10878
1.03849
1.06682
1.16129
1.03972
1.0381
1.00231
1.04494
1.01805
1.03806
1.01283
1.08675
1.01291
1.02364
1.00856
1.02382
1.0442
1.04722
1.17173
1.00865
1.0968
1.0346
1.0383
1.07917
1.00786
1.06154
1.03235
1.02355
1.05255
1.0085
1.10187
1.05442
1.02499
1.12544
1.02396
1.03126
1.13229
1.02278
1.00415
1.00528
1.18895
1.02939
1.03528
1.02873
1.02032
1.02789
1.03818
1.10403
1.08227
1.06495
1.03286
1.03701
1.00408
1.01918
1.08853
1.00667
1.18006
1.09665
1.07338
1.00791
1.01081
1.05401
1.01527
1.07601
1.01526
1.03542
1.01861
1.00357
1.03409
1.02484
1.02063
1.14374
1.1116
1.12258
1.04166
1.01301
1.02116
1.02905
1.11649
1.02042
1.0267
1.01551
1.00838
1.0246
1.01972
1.04654
1.04241
1.04654
1.01087
1.06284
1.04153
1.00299
1.1016
1.01981
1.04958
1.06132
1.13506
1.07741
1.03672
1.00074
1.00337
1.01749
1.00484
1.04251
1.01555
1.00718
1.03869
1.02203
1.10596
1.0662
1.01527
1.06569
1.02739
1.00754
1.07938
1.0234
1.14582
1.10062
1.03921
1.02755
1.01183
1.03976
1.02376
1.01294
1.04119
1.05363
1.01645
1.12531
1.00354
1.00272
1.0032
1.07797
1.02294
1.07072
1.02495
1.00967
1.13164
1.06219
1.00892
1.07517
1.01263
1.01415
1.01718
1.02043
1.0189
1.06038
1.07508
1.01676
1.00971
1.01035
1.03713
1.03222
1.00449
1.0273
1.00975
1.00431
1.04377
1.01271
1.09477
1.02182
1.12198
1.00343
1.00472
1.01719
1.01166
1.02589
1.01447
1.02118
1.02558
1.04234
1.05285
1.05997
1.00273
1.08925
1.06802
1.01823
1.06686
1.02007
1.02644
1.01061
1.03867
1.04918
1.07098
1.07483
1.07535
1.04867
1.09821
1.04135
1.01661
1.14254
1.02429
1.18343
1.01979
1.02668
1.01507
1.049
1.01854
1.00741
1.0062
1.03783
1.02467
1.02571
1.02263
1.02549
1.02009
1.00455
1.03984
1.03352
1.09114
1.01779
1.00743
1.02481
1.13358
1.02594
1.01376
1.01445
1.05451
1.02494
1.00946
1.01407
1.06711
1.00404
1.0056
1.00758
1.02119
1.04657
1.02243
1.02042
1.00736
1.00821
1.03483
1.02206
1.11318
1.10046
1.02841
1.09987
1.09812
1.20194
1.06985
1.02873
1.08214
1.02583
1.15461
1.24707
1.03875
1.02511
1.06921
1.09443
1.21431
1.13842
1.01555
1.052
1.04921
1.05477
1.10388
1.20594
1.31802
1.05678
1.09658
1.03012
1.07698
1.06815
1.05846
1.12528
1.03905
1.03404
1.04684
1.02019
1.01871
1.2089
1.08776
1.03134
1.40845
1.2989
1.21376
1.00844
1.07752
1.01816
1.23965
1.11234
1.15007
1.15367
1.02501
1.04147
1.19249
1.03496
1.18948
1.16404
1.14589
1.03557
1.02869
1.15821
1.102
1.03784
1.03503
1.02746
1.14719
1.10023
1.19063
1.03749
1.0249
1.49573
1.19178
1.09365
1.04253
1.05897
1.12103
1.07055
1.02814
1.0209
1.02361
1.10454
1.06242
1.03466
1.04471
1.11221
1.0134
1.05852
1.05413
1.18582
1.0208
1.02779
1.0464
1.09762
1.0348
1.46424
1.037
1.0416
1.06579
1.11078
1.03452
1.30921
1.24
1.02765
1.13486
1.07863
1.33714
1.02079
1.05557
1.16991
1.01995
1.04975
1.04215
1.0187
1.04868
1.12565
1.16308
1.02352
1.11895
1.02836
1.15907
1.28509
1.04117
1.1928
1.02584
1.02363
1.15839
1.12791
1.06416
1.0486
1.03396
1.08763
1.34439
1.02919
1.10301
1.05115
1.21894
1.09072
1.10948
1.25572
1.03594
1.23365
1.02943
1.02896
1.0943
1.31661
1.06651
1.11599
1.04014
1.49104
1.05735
1.14408
1.01835
1.19217
1.0952
1.01415
1.11995
1.01736
1.18029
1.074
1.02729
1.15946
1.19728
1.07139
1.04695
1.1617
1.03699
1.01313
1.02622
1.04099
1.21593
1.03877
1.01917
1.02569
1.03044
1.04652
1.12928
1.05246
1.09172
1.0434
1.21405
1.11685
1.29623
1.03299
1.02724
1.03086
1.018
1.07153
1.07551
1.08316
1.06108
1.15198
1.19906
1.35447
1.46795
1.0276
1.12076
1.05618
1.02174
1.09216
1.2632
1.71227
1.05548
1.3466
1.0217
1.02358
1.05288
1.06298
1.06225
1.07959
1.31926
1.23658
1.05152
1.06533
1.05
1.02171
1.15604
1.86801
1.02375
1.01363
1.04768
1.14493
1.09115
1.02132
1.36923
1.02827
1.03461
1.0989
1.03318
1.04573
1.20559
1.0913
1.06923
1.43144
1.05756
1.11626
1.2629
1.02899
1.07638
1.02258
1.06423
1.0341
1.04035
1.13323
1.02029
1.12294
1.10322
1.03573
1.2403
1.0288
1.10583
1.16475
1.3097
1.23748
1.06076
1.03292
1.04035
1.14236
1.03238
1.02287
1.03187
1.36148
1.03599
1.02203
1.20458
1.02606
1.03464
1.13286
1.10531
1.08008
1.02623
1.05524
1.06282
1.20727
1.02676
1.1228
1.07578
1.03837
1.34747
1.04126
1.10038
1.07757
1.266
1.32689
1.30995
1.01581
1.14857
1.15717
1.02904
1.25829
1.06271
1.13484
1.05455
1.11594
1.46169
1.20101
1.03195
1.04464
1.11838
1.17146
1.09613
1.12851
1.02249
1.01872
1.10184
1.23458
1.01656
1.05627
1.12751
1.14541
1.03481
1.06809
1.16522
1.0659
1.10426
1.28624
1.04423
1.01745
1.0271
1.26187
1.04014
1.09039
1.05048
1.03609
1.04915
1.01593
1.21714
1.02733
1.08794
1.04324
1.06567
1.67328
1.11786
1.22437
1.10751
1.06857
1.03617
1.3358
1.11426
1.08987
1.21252
1.14451
1.03585
1.04468
1.03939
1.12098
1.07233
1.17957
1.03533
1.05704
1.01635
1.04199
1.02062
1.05144
1.03252
1.05243
1.17151
1.19429
1.13874
1.20868
1.15452
1.09442
1.09552
1.1114
1.22401
1.02473
1.17133
1.04104
1.13557
1.02861
1.0216
1.05135
1.04238
1.17776
1.04218
1.01502
1.01093
1.19907
1.1483
1.10361
1.16136
1.10407
1.19751
1.27121
1.16165
1.03649
1.05536
1.08421
1.04946
1.01576
1.21023
1.02695
1.26834
1.02394
1.06277
1.1054
1.15182
1.0219
1.1264
1.09855
1.15408
1.03254
1.00778
1.1579
1.03358
1.02646
1.06427
1.11864
1.08245
1.10663
1.22302
1.01932
1.15315
1.01706
1.02705
1.04396
1.12175
1.00643
1.0898
1.09271
1.06403
1.47922
1.01727
1.02388
1.08616
1.03451
1.11088
1.10862
1.03337
1.01929
1.33689
1.10961
1.10682
1.02917
1.02253
1.08989
1.11478
1.07345
1.15493
1.04914
1.03951
1.0673
1.06318
1.06835
1.79736
1.23802
1.02153
1.02076
1.13106
1.05178
1.01195
1.09716
1.22633
1.03524
1.04797
1.23865
1.04019
1.21018
1.02756
1.02631
1.26167
1.19799
1.35547
1.16737
1.16877
1.04676
1.10586
1.02926
1.0526
1.0794
1.01206
1.08629
1.08089
1.05083
1.01534
1.02773
1.02387
1.03517
1.05763
1.01865
1.0254
1.03064
1.07205
1.06905
1.35129
1.08792
1.34511
1.05459
1.03648
1.07485
1.32904
1.04074
1.07851
1.33606
1.05199
1.11695
1.02959
1.05413
1.31769
1.15899
1.0295
1.02373
1.08649
1.05108
1.06613
1.14946
1.22972
1.28228
1.2216
1.12585
1.11436
1.07281
1.14003
1.0215
1.0461
1.05377
1.16076
1.03084
1.10006
1.08161
1.16452
1.08431
1.0297
1.06952
1.05016
1.04798
1.06207
1.05061
1.22798
1.04745
1.08223
1.3663
1.18849
1.02424
1.02736
1.33614
1.19188
1.18097
1.0426
1.01997
1.18898
1.1389
1.16813
1.04178
1.01997
1.00954
1.02444
1.05268
1.03666
1.31078
1.04359
1.06166
1.09887
1.03757
1.02731
1.05745
1.10482
1.04761
1.03661
1.11371
1.02048
1.08734
1.0524
1.04104
1.0416
1.08164
1.02859
1.34373
1.04043
1.04042
1.01768
1.24457
1.30059
1.09529
1.03205
1.06447
1.23608
1.32735
1.32806
1.1849
1.03972
1.10762
1.22445
1.14731
1.19279
1.02449
1.0477
1.25707
1.02259
1.0477
1.12186
1.13611
1.10189
1.1524
1.35911
1.03368
1.03488
1.06089
1.52447
1.02651
1.07682
1.07751
1.10576
1.04022
1.06847
1.06204
1.14387
1.02261
1.01679
1.02566
1.07301
1.09289
1.05143
1.19048
1.01184
1.03319
1.68995
1.04824
1.02288
1.04099
1.07499
1.05795
1.17025
1.20218
1.02344
1.02457
1.02601
1.0556
1.43266
1.09401
1.03085
1.02854
1.02309
1.03709
1.07727
1.22807
1.074
1.0664
1.38958
1.05978
1.07088
1.05292
1.05684
1.20269
1.09733
1.05146
1.04941
1.04002
1.66442
1.03683
1.25526
1.0935
1.56267
1.09209
1.31962
1.02814
1.17182
1.03512
1.18784
1.2861
1.03967
1.02125
1.01445
1.1127
1.09897
1.32192
1.02006
1.13476
1.02457
1.08835
1.04276
1.03334
1.01434
1.03028
1.22006
1.17797
1.26663
1.03879
1.0467
1.07472
1.09855
1.10746
1.02567
1.0109
1.19405
1.03895
1.01997
1.12923
1.32393
1.54579
1.16831
1.05762
1.01456
1.03377
1.11951
1.03265
1.0369
1.04774
1.11031
1.02739
1.04958
1.09933
1.03403
1.04162
1.02776
1.03086
1.16391
1.06715
1.06346
1.45945
1.08199
1.02942
1.38098
1.15983
1.18095
1.03393
1.05276
1.02967
1.04488
1.18809
1.02292
1.04062
1.01774
1.02559
1.02421
1.05367
1.02351
1.16029
1.18131
1.03108
1.01061
1.17012
1.31728
1.09551
1.03248
1.01391
1.09208
1.10815
1.17175
1.05863
1.19502
1.05183
1.03751
1.14065
1.05055
1.36256
1.04107
1.04305
1.01858
1.02211
1.2319
1.17263
1.05542
1.08245
1.10217
1.13797
1.01673
1.04049
1.24366
1.04403
1.06631
1.06607
1.04927
1.0197
1.16411
1.0905
1.09566
1.02072
1.07715
1.01201
1.13877
1.07751
1.27583
1.54245
1.07194
1.0987
1.01312
1.17982
1.03813
1.13457
1.02665
1.19738
1.35925
1.12984
1.01866
1.03881
1.09832
1.06508
1.30957
1.03109
1.20259
1.06649
1.23873
1.22706
1.03244
1.1016
1.09257
1.1039
1.06851
1.02307
1.23501
1.10367
1.07078
1.17734
1.06298
1.05121
1.28573
1.07648
1.01739
1.01516
1.33806
1.06033
1.11001
1.04875
1.03434
1.08456
1.12055
1.15585
1.09613
1.11949
1.08108
1.20835
1.02344
1.05083
1.18931
1.01998
1.22104
1.19349
1.14558
1.01891
1.31683
1.14895
1.04205
1.17188
1.04598
1.06075
1.03918
1.02711
1.04628
1.06456
1.05336
1.41413
1.165
1.38886
1.06583
1.02579
1.03517
1.18277
1.23427
1.05173
1.07932
1.03626
1.02983
1.10979
1.03605
1.23744
1.11453
1.20197
1.03066
1.25114
1.11444
1.02117
1.22088
1.04643
1.13664
1.20195
1.36256
1.18509
1.41684
1.00971
1.00879
1.04432
1.01949
1.09836
1.0274
1.02313
1.14668
1.0436
1.19222
1.09201
1.03249
1.10034
1.04155
1.03034
1.17044
1.03018
1.23905
1.17115
1.06403
1.04491
1.04109
1.24296
1.06608
1.04428
1.19159
1.52346
1.05698
1.30266
1.02136
1.00748
1.01604
1.38035
1.07577
1.18004
1.04498
1.02544
1.20403
1.11385
1.07495
1.15948
1.02407
1.04962
1.04617
1.04771
1.0286
1.17865
1.12671
1.03574
1.02825
1.03327
1.04878
1.06465
1.02305
1.05209
1.02274
1.01749
1.11375
1.02752
1.25363
1.05666
1.2225
1.01283
1.02715
1.02451
1.03519
1.12902
1.0315
1.1162
1.04664
1.07795
1.08304
1.12288
1.02891
1.16304
1.10952
1.06712
1.07808
1.06006
1.03905
1.01855
1.07618
1.10602
1.13431
1.10245
1.20436
1.50974
1.24025
1.10799
1.04275
1.20113
1.04771
1.46327
1.04678
1.04538
1.03223
1.15576
1.03344
1.02587
1.02038
1.30811
1.06018
1.10182
1.04097
1.1701
1.05141
1.02749
1.07059
1.07316
1.13176
1.05154
1.07003
1.05878
1.2955
1.14679
1.08831
1.13108
1.10169
1.06242
1.03756
1.0228
1.09471
1.01856
1.02286
1.0196
1.06058
1.09153
1.04231
1.06618
1.02647
1.05022
1.0998
1.26584
1.91531
2.7605
1.85134
3.31303
1.63101
2.52294
1.71706
2.3109
2.49756
2.72437
2.11106
2.50717
2.88744
1.22831
2.08648
2.00517
2.33819
1.30129
1.71887
2.13037
1.40197
1.161
3.59579
2.13475
2.46438
2.19968
2.53679
2.44944
2.05061
2.79621
2.01818
1.89105
2.0849
2.58693
2.90592
2.30224
2.76746
1.94516
2.50214
2.64377
1.55177
2.68194
1.74058
1.01593
2.47203
3.0852
2.22524
2.72667
1.1556
2.25358
1.87526
1.54732
2.18974
2.50442
1.26214
2.40842
1.53724
1.46951
1.90674
2.85648
2.05524
1.49083
2.03456
2.77871
1.79923
2.37224
2.02364
2.89406
3.31845
2.96126
1.72389
2.24784
3.09267
1.34282
2.0763
1.15017
2.06427
1.81131
1.58236
3.31639
2.38073
2.09062
2.1306
1.7503
2.85611
1.14241
3.38116
3.28879
1.66615
1.09144
1.98233
3.27383
1.28393
2.93481
2.33388
2.91603
3.47087
2.02939
2.69455
2.37298
2.35479
1.94279
2.94773
3.02692
3.44931
1.89352
2.09996
1.58789
2.17866
2.2303
2.12448
2.72601
2.09855
1.94841
1.78698
2.23221
2.3122
2.34801
1.29622
2.91657
3.55288
2.01387
2.14278
1.81401
1.53611
3.14251
1.94378
1.51885
1.86356
2.03708
2.76362
3.33932
2.13557
2.94634
2.08626
2.23281
1.15937
2.0659
3.45257
1.59507
2.80041
1.95836
1.65859
1.72731
1.34732
1.71173
2.70428
2.738
1.93912
2.17548
2.47711
1.63745
1.40977
1.58166
1.37956
2.08623
1.51274
2.46713
2.13862
1.40524
2.03098
2.20862
2.24882
1.33744
1.35495
2.25501
1.39216
2.6532
2.01381
2.56983
2.71707
2.63361
2.95792
3.1155
2.81571
1.27635
1.6308
2.59809
2.29526
1.87579
1.81566
2.34253
3.01427
2.38629
2.00401
2.39
2.04282
1.66366
2.91465
2.22879
2.5223
2.77727
2.49768
2.82238
2.86278
1.34344
1.44255
1.86154
2.59189
2.30969
3.0271
1.92316
2.92956
1.7714
1.93314
2.03327
2.9388
2.82094
2.06768
2.85019
2.21793
1.41063
3.06699
1.27226
2.05171
2.55829
1.90564
1.57217
1.45029
2.09442
1.22294
1.1147
1.9852
2.74943
1.69817
2.75157
1.15228
3.04976
2.71139
2.86445
2.57165
1.79468
1.92514
2.16562
2.61034
1.18478
2.0423
1.81796
3.08602
1.32911
1.7525
1.75414
1.53193
1.69911
1.54451
2.39039
1.92965
2.84387
2.26472
1.8455
2.03334
2.92145
2.64146
1.29937
2.18878
2.06514
1.96562
1.09447
1.07075
2.63092
1.60438
1.07872
2.55637
1.1851
2.52439
2.08404
2.18123
2.55201
2.51402
2.46438
2.19349
1.7318
2.58152
2.90736
2.25675
2.49908
2.03415
1.93976
1.70886
2.41856
1.87981
1.79892
2.48331
2.80648
2.19172
2.62944
1.5196
3.34174
1.70806
1.48884
3.30352
2.38882
2.12196
1.3112
1.57697
3.03871
1.27371
1.92936
1.21094
2.63833
1.359
2.27536
2.93434
1.34802
2.65252
1.35683
2.28996
2.56824
2.02379
1.24666
2.05176
1.25764
2.22895
1.96788
2.73359
2.48291
1.68326
2.07196
1.91181
2.48469
2.46538
1.45679
3.19786
1.66181
1.59072
3.0438
2.74457
2.2859
3.08543
3.14983
2.984
2.23519
1.7321
1.43548
1.23172
1.85773
1.49603
2.47295
2.05987
1.50694
2.31092
1.95014
2.24982
1.72626
1.98375
1.96712
2.59949
2.37361
1.96227
1.86736
1.78858
1.69
1.76816
2.14995
2.36627
2.73106
2.90189
1.60404
2.10833
2.4729
2.06332
2.54013
1.65462
1.69666
2.21503
1.25416
2.19226
1.63542
2.36883
2.35548
1.44384
1.4885
1.20455
2.20856
2.38092
2.28165
2.12291
1.30973
1.43286
1.49236
1.89918
2.44548
2.77616
1.83181
1.31675
1.69117
3.0245
2.68342
2.19535
1.07449
1.74444
1.45654
1.93398
2.1357
2.03028
2.12902
3.31047
2.67654
2.35137
1.16416
1.01112
1.88408
1.92777
2.77111
2.95979
1.70071
2.30683
1.58404
1.84364
1.86132
1.65995
1.9819
2.89933
2.61498
2.04988
1.01272
1.19467
1.74165
1.25688
1.97255
2.07802
2.57467
1.55669
2.53268
1.60367
2.0108
1.68149
1.74142
2.75494
1.93248
2.32199
1.57195
2.11802
2.2854
1.65297
1.54069
2.2243
1.35699
3.21992
1.2074
2.84134
1.15301
3.07127
2.19074
1.78527
1.66237
2.49252
2.81273
1.96985
1.93406
2.66972
1.28435
2.00286
1.82323
2.09653
2.5561
1.61527
1.437
2.99147
2.13924
2.19084
1.34745
2.33583
2.83633
2.04933
2.63964
2.50697
2.41544
2.38002
1.96737
3.09508
1.66139
2.61201
3.15326
1.37073
2.94762
1.23736
2.96593
1.27811
1.10596
3.48459
1.51786
1.98423
2.24308
2.08823
2.44226
2.07575
1.60325
2.23952
3.24214
1.2185
2.19513
2.03372
1.76017
2.37822
1.95553
2.37832
2.10255
2.04991
1.6764
1.70526
2.10383
1.58079
2.4928
1.68992
2.09385
2.20073
3.10056
1.36978
2.3816
1.32873
1.43449
2.89713
3.31613
1.59212
1.49112
2.85786
2.50135
2.21558
1.94879
2.16727
2.40404
2.18915
2.58343
1.35116
2.98421
2.33631
2.8232
1.7629
1.87743
3.30466
2.03753
1.44127
2.42873
2.30563
2.58916
3.013
2.34617
1.94225
1.79733
2.47633
1.61859
1.25679
1.41137
1.35568
2.39544
1.26173
2.27831
2.44356
2.33472
2.16461
2.18493
3.41717
2.9606
1.40027
1.44883
2.93846
1.61099
1.54505
2.75023
1.65327
2.36233
1.6307
2.64863
1.81805
1.89319
1.399
2.78376
1.56118
2.12523
2.16309
1.9803
2.41945
1.73768
1.51873
1.65907
1.96365
1.89114
1.62385
1.69054
2.41993
2.54437
1.76377
2.35745
3.67643
2.10482
1.62147
2.80984
2.40309
2.19096
2.96767
2.83685
2.00028
1.85047
1.24492
2.14669
2.18404
2.34167
1.63169
1.50145
1.19063
1.48593
2.20802
1.9457
1.46818
1.3735
1.85213
1.51781
2.70691
2.12869
2.28855
1.65748
1.09449
2.9177
3.03088
2.86971
2.11606
1.29968
2.96397
2.10179
2.33087
3.25299
1.78762
1.73618
1.17708
1.15329
1.99735
2.33904
1.88874
2.11259
2.81587
2.41748
2.12929
1.99183
2.08264
1.95999
2.81713
1.21512
1.64224
1.36287
1.9094
1.60626
2.30534
2.75994
1.8487
2.94855
2.57615
2.51643
2.01318
2.31311
2.42503
1.34048
1.71326
2.86564
1.88241
2.18358
2.84902
1.8157
2.55205
2.3142
1.52349
1.22829
2.04792
1.64267
1.83297
2.28413
1.48693
2.13883
2.14533
1.2749
1.72771
3.3158
2.89043
1.76283
1.91274
2.54393
1.93826
1.27751
2.80572
1.33406
3.36257
1.02061
2.14452
1.89092
2.07955
1.58547
2.24719
3.26287
2.04694
2.95672
2.13266
2.17309
2.18017
2.44555
2.82326
2.79351
2.85452
2.4104
2.35563
2.85183
1.33796
1.20069
1.87349
2.07275
3.35753
1.23865
2.10146
2.19077
1.28139
2.94224
2.59229
2.10399
1.74182
1.47387
3.1972
1.87229
2.23105
2.29987
1.38561
2.51522
1.35644
1.99244
2.37464
2.04268
2.70963
1.97162
2.10955
1.51691
1.9966
1.8661
2.11996
2.61988
2.44359
3.45883
1.83374
2.54154
1.97846
2.20269
2.061
3.45198
1.73061
1.50783
3.18396
1.54278
2.48528
2.2898
2.31834
1.72191
1.77373
2.58945
1.50561
1.44554
1.70048
2.23862
1.2872
2.04996
1.75585
2.27623
2.98847
1.76505
2.01268
1.16986
3.16898
2.41414
3.07879
2.82076
1.29963
1.13648
2.01143
2.84966
2.04085
2.9671
3.61595
3.35785
2.01262
1.9951
2.03893
1.49185
2.18191
1.74634
1.61798
1.27379
1.71443
1.92251
1.52723
1.27689
2.53996
1.75216
1.71624
1.68303
2.78276
1.96779
1.65678
1.40641
1.83162
1.73909
2.23233
2.4512
1.94398
1.95218
2.22964
2.08115
2.20883
2.57188
1.9501
1.57956
2.15725
3.50404
2.19992
2.50956
3.25224
1.94541
1.72268
2.59905
2.72138
1.6686
1.3851
2.75196
1.17809
3.18646
2.14801
1.38387
2.62202
1.68178
2.18565
1.52591
1.99594
2.25643
3.13986
1.31102
3.05258
2.61042
2.24483
1.88026
2.80998
2.92679
2.2403
2.3902
3.48759
2.91378
1.99307
1.8492
1.49447
1.87568
2.07025
1.92581
1.56095
2.04566
1.59844
3.2202
2.1325
2.60518
2.3655
2.86749
2.20009
2.7504
1.92532
2.08038
2.37067
2.58446
1.44021
2.64487
1.54311
1.94422
2.01419
1.9314
2.87224
2.26941
1.72741
2.89701
1.78899
2.98916
3.16101
2.95366
1.48528
1.40439
2.10914
2.60598
1.71577
2.57362
2.91545
2.04158
1.50083
2.46463
2.98003
2.30615
2.65594
1.77888
2.38866
1.94902
2.50571
2.28637
2.31578
3.28293
1.81361
3.08411
3.073
3.24874
2.53668
2.38973
1.75548
1.69637
1.3073
2.00838
2.03883
2.85102
2.73252
1.68255
2.4244
3.24209
1.43412
2.59975
2.29868
2.27681
1.43462
2.25875
2.8066
2.10144
2.29939
2.68434
2.57979
1.98368
2.85088
2.11507
1.34957
2.43001
2.31817
2.5387
2.14775
2.22357
1.41546
2.30446
1.80994
2.79679
2.84832
1.98397
2.93708
2.61034
1.97023
1.40827
1.8374
1.42982
2.43654
1.97617
1.94818
2.47663
1.32194
2.83362
2.58585
2.79841
1.81412
1.8715
2.31399
2.16038
2.97644
2.28714
2.7396
2.38782
3.25715
2.34945
2.21984
3.17619
2.54429
2.22597
1.54255
1.96982
1.40042
2.50385
1.35277
1.53413
2.67721
1.20717
2.59266
1.50204
2.48613
1.62544
1.94761
1.62613
1.63424
2.65364
2.46985
1.73478
1.13951
2.95251
2.57435
3.01513
1.97223
1.43961
2.23624
1.65565
2.33645
2.33061
2.9571
2.60676
3.15853
2.37989
1.52909
2.93648
2.00929
657755000.0
311192000.0
195276000.0
355225000.0
150988000.0
363462000.0
233022000.0
383011000.0
254144000.0
243366000.0
194380000.0
309536000.0
234034000.0
191659000.0
681686000.0
271314000.0
295695000.0
241937000.0
596496000.0
418517000.0
279705000.0
493955000.0
676137000.0
140325000.0
238924000.0
244150000.0
248604000.0
217187000.0
235141000.0
278015000.0
182258000.0
308697000.0
298969000.0
267422000.0
219690000.0
178272000.0
269132000.0
199824000.0
312722000.0
218560000.0
207541000.0
444563000.0
209831000.0
336944000.0
819488000.0
222582000.0
171245000.0
266275000.0
186524000.0
699104000.0
231959000.0
364406000.0
435097000.0
245604000.0
216812000.0
643802000.0
230719000.0
477750000.0
496022000.0
341690000.0
190672000.0
269763000.0
452883000.0
298032000.0
192207000.0
309046000.0
230385000.0
320454000.0
182124000.0
153299000.0
173540000.0
324785000.0
262788000.0
166529000.0
495735000.0
304764000.0
691499000.0
287683000.0
350266000.0
440645000.0
159896000.0
243696000.0
297673000.0
297848000.0
325947000.0
197200000.0
582142000.0
152823000.0
157422000.0
407518000.0
802571000.0
334409000.0
155065000.0
613345000.0
184973000.0
255592000.0
174200000.0
149700000.0
312986000.0
205272000.0
213494000.0
239299000.0
349269000.0
170800000.0
173690000.0
148020000.0
345247000.0
275251000.0
448816000.0
290926000.0
263619000.0
281607000.0
212188000.0
278313000.0
270587000.0
311013000.0
264099000.0
257597000.0
257277000.0
455094000.0
183053000.0
143978000.0
254756000.0
289775000.0
372660000.0
374542000.0
160505000.0
340753000.0
492881000.0
342925000.0
290624000.0
180803000.0
153499000.0
279578000.0
176283000.0
274242000.0
251437000.0
715900000.0
250667000.0
146905000.0
393091000.0
181468000.0
315684000.0
377141000.0
370166000.0
538701000.0
357087000.0
210510000.0
186577000.0
321249000.0
239988000.0
228227000.0
330623000.0
472926000.0
477338000.0
444567000.0
310497000.0
362083000.0
214443000.0
267988000.0
386314000.0
288583000.0
264478000.0
253501000.0
598012000.0
594049000.0
282433000.0
558631000.0
203806000.0
298128000.0
222372000.0
203748000.0
204483000.0
181507000.0
166343000.0
190700000.0
505150000.0
449755000.0
195353000.0
265419000.0
357750000.0
294560000.0
242878000.0
183203000.0
254833000.0
334467000.0
234930000.0
312349000.0
428563000.0
175586000.0
243135000.0
218178000.0
201924000.0
216909000.0
186250000.0
195209000.0
571207000.0
536482000.0
371951000.0
201920000.0
231346000.0
168971000.0
263797000.0
180366000.0
399587000.0
329008000.0
316560000.0
173732000.0
197231000.0
288578000.0
181413000.0
274873000.0
512164000.0
169990000.0
631531000.0
298159000.0
216030000.0
354048000.0
439511000.0
491525000.0
266388000.0
686732000.0
778753000.0
292280000.0
193870000.0
410550000.0
186003000.0
668868000.0
174762000.0
201919000.0
181987000.0
202037000.0
280594000.0
338775000.0
236006000.0
195032000.0
692738000.0
308755000.0
378150000.0
175971000.0
581983000.0
417716000.0
356678000.0
494124000.0
391332000.0
391013000.0
227836000.0
284104000.0
202941000.0
231870000.0
323205000.0
286669000.0
174404000.0
202277000.0
592805000.0
262615000.0
321847000.0
316612000.0
753254000.0
680606000.0
206445000.0
424277000.0
654106000.0
222381000.0
682802000.0
225146000.0
304089000.0
256956000.0
212842000.0
225342000.0
216883000.0
271167000.0
361356000.0
219282000.0
187611000.0
249755000.0
240323000.0
273383000.0
311230000.0
381539000.0
243308000.0
268049000.0
316011000.0
210016000.0
188363000.0
237619000.0
198077000.0
463907000.0
152762000.0
391374000.0
475579000.0
155654000.0
234784000.0
277313000.0
551849000.0
461130000.0
172020000.0
615386000.0
321094000.0
493399000.0
211566000.0
590823000.0
273748000.0
173620000.0
524885000.0
211761000.0
519585000.0
235747000.0
224580000.0
301039000.0
490584000.0
279289000.0
659267000.0
230550000.0
287959000.0
196158000.0
243257000.0
390533000.0
303883000.0
331033000.0
230189000.0
221193000.0
480979000.0
162490000.0
439407000.0
414991000.0
169649000.0
187392000.0
255380000.0
162434000.0
164497000.0
172245000.0
238110000.0
336838000.0
437541000.0
629629000.0
274856000.0
466498000.0
212185000.0
289307000.0
474906000.0
261513000.0
340090000.0
265561000.0
372387000.0
286479000.0
328006000.0
232158000.0
240471000.0
316525000.0
354672000.0
373395000.0
419291000.0
386784000.0
272836000.0
239230000.0
199597000.0
180787000.0
390513000.0
267191000.0
237211000.0
297064000.0
208654000.0
370044000.0
412251000.0
234820000.0
609196000.0
255728000.0
466709000.0
249424000.0
244226000.0
490181000.0
478377000.0
641059000.0
290738000.0
259253000.0
262092000.0
254560000.0
482981000.0
464927000.0
462927000.0
306265000.0
210810000.0
189702000.0
357527000.0
516088000.0
368237000.0
169186000.0
216794000.0
277796000.0
776083000.0
306174000.0
485381000.0
308189000.0
255250000.0
282553000.0
297429000.0
159045000.0
209313000.0
239590000.0
637649000.0
756865000.0
318219000.0
351730000.0
209047000.0
184059000.0
370322000.0
241600000.0
438091000.0
331210000.0
373113000.0
364793000.0
319070000.0
174805000.0
201385000.0
315228000.0
860501000.0
685641000.0
322913000.0
523119000.0
278092000.0
306181000.0
210502000.0
457670000.0
228698000.0
315632000.0
296401000.0
444282000.0
399084000.0
184526000.0
318956000.0
253443000.0
437338000.0
292697000.0
272915000.0
331162000.0
387613000.0
230274000.0
547924000.0
158946000.0
676810000.0
182257000.0
756853000.0
168201000.0
290453000.0
398172000.0
446509000.0
243428000.0
199234000.0
346188000.0
309475000.0
197282000.0
613869000.0
313993000.0
344807000.0
315870000.0
219973000.0
433958000.0
534401000.0
178053000.0
275672000.0
250483000.0
555569000.0
228785000.0
190528000.0
299919000.0
224118000.0
205926000.0
223864000.0
249300000.0
325288000.0
171783000.0
438261000.0
216503000.0
160509000.0
595250000.0
178261000.0
526983000.0
175149000.0
642819000.0
723712000.0
147275000.0
465147000.0
316654000.0
253757000.0
275252000.0
214336000.0
291587000.0
383170000.0
260062000.0
159093000.0
548503000.0
230652000.0
305355000.0
296395000.0
236143000.0
295601000.0
229172000.0
281795000.0
292198000.0
430993000.0
401778000.0
295051000.0
424947000.0
216040000.0
333772000.0
285202000.0
255560000.0
173296000.0
579155000.0
241302000.0
396238000.0
538213000.0
177547000.0
157786000.0
338517000.0
506918000.0
194772000.0
226689000.0
244575000.0
307514000.0
285894000.0
229267000.0
296588000.0
199912000.0
590371000.0
178086000.0
216771000.0
184137000.0
401967000.0
287570000.0
160969000.0
315557000.0
523359000.0
239135000.0
258974000.0
200390000.0
175985000.0
256507000.0
305439000.0
323148000.0
241630000.0
460231000.0
662769000.0
561901000.0
598071000.0
216230000.0
606042000.0
246506000.0
243434000.0
241970000.0
283449000.0
295440000.0
150330000.0
179901000.0
513921000.0
521223000.0
180644000.0
450493000.0
472938000.0
189836000.0
441907000.0
230114000.0
450865000.0
196669000.0
339724000.0
339033000.0
529701000.0
190889000.0
444516000.0
254876000.0
275102000.0
298626000.0
235682000.0
351082000.0
397440000.0
374426000.0
314296000.0
275402000.0
417127000.0
367650000.0
238173000.0
204022000.0
380328000.0
239402000.0
136210000.0
295083000.0
442220000.0
187192000.0
218328000.0
262160000.0
188837000.0
188238000.0
250837000.0
377571000.0
663427000.0
287355000.0
238695000.0
268033000.0
391061000.0
475845000.0
456501000.0
480461000.0
263213000.0
298610000.0
489294000.0
580733000.0
355933000.0
483084000.0
200418000.0
303890000.0
263237000.0
357753000.0
825226000.0
189532000.0
173738000.0
177200000.0
290316000.0
570668000.0
187953000.0
298556000.0
216091000.0
155802000.0
358499000.0
399361000.0
646080000.0
736309000.0
263114000.0
253672000.0
342254000.0
305154000.0
200032000.0
236100000.0
290767000.0
269819000.0
298382000.0
313262000.0
181234000.0
655264000.0
382265000.0
519390000.0
313540000.0
460102000.0
234378000.0
192147000.0
366299000.0
185387000.0
214014000.0
230032000.0
323087000.0
246897000.0
237419000.0
496222000.0
361341000.0
182302000.0
310666000.0
284092000.0
189894000.0
319390000.0
210655000.0
247108000.0
502793000.0
576814000.0
296160000.0
409193000.0
393591000.0
240326000.0
526681000.0
260990000.0
284590000.0
600630000.0
407122000.0
151165000.0
175899000.0
332457000.0
342375000.0
216620000.0
328120000.0
627111000.0
185214000.0
416257000.0
148493000.0
764860000.0
285959000.0
337932000.0
307858000.0
320910000.0
258132000.0
156752000.0
280000000.0
183129000.0
306230000.0
299108000.0
280750000.0
228994000.0
205557000.0
188953000.0
182339000.0
239096000.0
259356000.0
179652000.0
553317000.0
641269000.0
353070000.0
317768000.0
152525000.0
578352000.0
279610000.0
242611000.0
532920000.0
183640000.0
203107000.0
247061000.0
360078000.0
513847000.0
159797000.0
354893000.0
257936000.0
249636000.0
516441000.0
214506000.0
541915000.0
320778000.0
245014000.0
326302000.0
209515000.0
283341000.0
289393000.0
492291000.0
334150000.0
329921000.0
244008000.0
211035000.0
214978000.0
145551000.0
335379000.0
198437000.0
278180000.0
260198000.0
289669000.0
145723000.0
390370000.0
456192000.0
159855000.0
340690000.0
220972000.0
239258000.0
264615000.0
397375000.0
283046000.0
206625000.0
450890000.0
435612000.0
345052000.0
264354000.0
651121000.0
285058000.0
327761000.0
262590000.0
171328000.0
405579000.0
326560000.0
714097000.0
159020000.0
224562000.0
172844000.0
185201000.0
588452000.0
755981000.0
253515000.0
178154000.0
289915000.0
173475000.0
140480000.0
149205000.0
331727000.0
330804000.0
303049000.0
476612000.0
281035000.0
365648000.0
450386000.0
634451000.0
397684000.0
328854000.0
453616000.0
529705000.0
212181000.0
390005000.0
378392000.0
406649000.0
192155000.0
308645000.0
436774000.0
443161000.0
342298000.0
397275000.0
237079000.0
239806000.0
284890000.0
331672000.0
273043000.0
250249000.0
268426000.0
213662000.0
320819000.0
454579000.0
295501000.0
146130000.0
234506000.0
228806000.0
160910000.0
296326000.0
346583000.0
210635000.0
207621000.0
322436000.0
417980000.0
199889000.0
637039000.0
158780000.0
303909000.0
516777000.0
206243000.0
428766000.0
241186000.0
405020000.0
299365000.0
273658000.0
173357000.0
558949000.0
175151000.0
202168000.0
272338000.0
341762000.0
192106000.0
194679000.0
237374000.0
248568000.0
146974000.0
180434000.0
264770000.0
336345000.0
474669000.0
344215000.0
303573000.0
342299000.0
338417000.0
303226000.0
459603000.0
159556000.0
301901000.0
222311000.0
241619000.0
186498000.0
272160000.0
199240000.0
343883000.0
272867000.0
225753000.0
226679000.0
452383000.0
220595000.0
376708000.0
320017000.0
291702000.0
323212000.0
180960000.0
270984000.0
407008000.0
179992000.0
392342000.0
171930000.0
159973000.0
178911000.0
508235000.0
497224000.0
264054000.0
201594000.0
400224000.0
199892000.0
182664000.0
318731000.0
465859000.0
212195000.0
170835000.0
216939000.0
200033000.0
365508000.0
254919000.0
324445000.0
234427000.0
273759000.0
257336000.0
153580000.0
376900000.0
165370000.0
176085000.0
155633000.0
237957000.0
218045000.0
410449000.0
424938000.0
587757000.0
330298000.0
270959000.0
180178000.0
211505000.0
396800000.0
242739000.0
163273000.0
541938000.0
221437000.0
249294000.0
237610000.0
457959000.0
274837000.0
195061000.0
292868000.0
232144000.0
213373000.0
233223000.0
308226000.0
187737000.0
309907000.0
514730000.0
234591000.0
225695000.0
223479000.0
237351000.0
284766000.0
553343000.0
241023000.0
371065000.0
181177000.0
186410000.0
326534000.0
189622000.0
195557000.0
320123000.0
500904000.0
375606000.0
466151000.0
215339000.0
325620000.0
285969000.0
230624000.0
521573000.0
181295000.0
205890000.0
195903000.0
342726000.0
294341000.0
255014000.0
264604000.0
179416000.0
262984000.0
195115000.0
218067000.0
156433000.0
213887000.0
276947000.0
160502000.0
217143000.0
269814000.0
449738000.0
339324000.0
572305000.0
238964000.0
522183000.0
484580000.0
198800000.0
630474000.0
222907000.0
518343000.0
204618000.0
444100000.0
304429000.0
414552000.0
449388000.0
217891000.0
211207000.0
398136000.0
745574000.0
187061000.0
199162000.0
169107000.0
335255000.0
500917000.0
247211000.0
450970000.0
271061000.0
256594000.0
172579000.0
203876000.0
162942000.0
250618000.0
489067000.0
189245000.0
313981000.0
