1.01291
1.04015
1.07739
1.02014
1.09379
1.08478
1.00443
1.04552
1.05698
1.00731
1.03573
1.01772
1.07808
1.02699
1.01199
1.02818
1.05504
1.02465
1.16704
1.02506
1.15846
1.00632
1.03025
1.01355
1.0712
1.17691
1.02034
1.01989
1.00751
1.01529
1.06507
1.02521
1.03008
1.00437
1.05267
1.021
1.07442
1.0523
1.00451
1.07313
1.03672
1.01508
1.03028
1.0661
1.08623
1.00532
1.10715
1.00508
1.00782
1.02137
1.00811
1.01152
1.01914
1.0782
1.00049
1.00959
1.00517
1.00514
1.00511
1.02827
1.01899
1.00921
1.01948
1.08568
1.00634
1.04504
1.18193
1.02731
1.00495
1.0248
1.06145
1.02741
1.03745
1.08401
1.02241
1.05964
1.0443
1.00592
1.0147
1.09517
1.01407
1.08076
1.09588
1.02922
1.02265
1.0772
1.01865
1.04118
1.09131
1.0138
1.11077
1.01985
1.00178
1.0035
1.02275
1.01634
1.02854
1.02583
1.00768
1.07684
1.08622
1.01385
1.01623
1.02997
1.01748
1.00534
1.00444
1.02848
1.15999
1.09688
1.07853
1.04107
1.0641
1.10081
1.00527
1.13813
1.22745
1.0521
1.02386
1.06619
1.00462
1.01047
1.00567
1.03851
1.01702
1.00697
1.12394
1.00587
1.02805
1.01076
1.01727
1.03119
1.00876
1.01145
1.04624
1.02167
1.02442
1.00672
1.08585
1.02485
1.04124
1.04361
1.08363
1.05635
1.04282
1.11105
1.00473
1.10308
1.04581
1.00993
1.04333
1.01848
1.0102
1.00971
1.04388
1.01998
1.0032
1.00587
1.05709
1.15065
1.06394
1.04215
1.04807
1.00777
1.02117
1.02557
1.03891
1.01716
1.0218
1.02051
1.0107
1.0954
1.02555
1.012
1.03975
1.2077
1.0261
1.01972
1.1303
1.06365
1.10809
1.08032
1.00987
1.02548
1.03449
1.02543
1.0057
1.02047
1.12792
1.02159
1.0426
1.01124
1.01019
1.07657
1.03563
1.04637
1.08215
1.07867
1.01773
1.07591
1.00984
1.00355
1.03441
1.05521
1.01885
1.01121
1.03353
1.07831
1.05954
1.02015
1.03083
1.01745
1.10966
1.01806
1.0714
1.03964
1.07751
1.05787
1.03928
1.00822
1.01901
1.14151
1.00392
1.07146
1.04205
1.02453
1.02262
1.11825
1.06815
1.01034
1.30855
1.21634
1.09812
1.04976
1.12094
1.01677
1.02899
1.01638
1.09137
1.01101
1.02728
1.05095
1.05297
1.011
1.10047
1.09077
1.043
1.01097
1.00811
1.03914
1.04942
1.11094
1.02491
1.05074
1.07045
1.04911
1.01046
1.01414
1.02512
1.00944
1.00869
1.01514
1.02997
1.01131
1.01323
1.03703
1.01477
1.03893
1.02942
1.01544
1.00794
1.02078
1.01588
1.07518
1.00465
1.01699
1.03086
1.03586
1.01041
1.00924
1.02025
1.04202
1.04988
1.08328
1.02574
1.04681
1.00406
1.01463
1.01178
1.00384
1.04445
1.04231
1.05485
1.03209
1.07938
1.01544
1.0174
1.01595
1.00986
1.0462
1.13297
1.0645
1.04108
1.06621
1.03358
1.04168
1.05663
1.00752
1.01484
1.16943
1.00172
1.02651
1.11584
1.01273
1.00962
1.05858
1.01936
1.01917
1.02807
1.08844
1.01395
1.02229
1.06337
1.06379
1.00476
1.02942
1.05622
1.04059
1.01801
1.03901
1.01661
1.01811
1.04964
1.01108
1.02131
1.0043
1.0074
1.01413
1.00929
1.01834
1.00713
1.06845
1.0321
1.06181
1.00983
1.08898
1.01316
1.00798
1.02153
1.00363
1.02621
1.20086
1.03345
1.11885
1.13926
1.00827
1.02454
1.01106
1.01058
1.08862
1.00803
1.01033
1.02983
1.05177
1.02899
1.05099
1.04467
1.02156
1.03325
1.03413
1.00583
1.05662
1.04047
1.00754
1.02293
1.00999
1.07673
1.03329
1.00433
1.00463
1.03283
1.02471
1.02358
1.05807
1.01442
1.00549
1.01509
1.01079
1.10255
1.07026
1.0022
1.14068
1.04073
1.04346
1.07082
1.05422
1.00591
1.05313
1.02337
1.01425
1.00373
1.01567
1.01156
1.02244
1.0273
1.01089
1.09862
1.00591
1.01677
1.02389
1.01601
1.04578
1.11642
1.0812
1.02398
1.05896
1.02347
1.01049
1.00465
1.00449
1.09008
1.05297
1.16838
1.02122
1.0147
1.00594
1.00738
1.02133
1.02001
1.05018
1.07669
1.02373
1.08056
1.08584
1.14872
1.01942
1.0862
1.01858
1.026
1.04271
1.0023
1.02124
1.01787
1.03728
1.05861
1.01424
1.05526
1.05977
1.00995
1.01479
1.03788
1.06038
1.06319
1.01351
1.02348
1.01744
1.03299
1.04356
1.0062
1.01588
1.02967
1.0076
1.05549
1.04183
1.0502
1.01817
1.00993
1.04415
1.00863
1.01038
1.01021
1.16394
1.00591
1.08878
1.04975
1.07187
1.08044
1.01024
1.01297
1.02643
1.01347
1.00327
1.00461
1.14477
1.02176
1.07471
1.04194
1.11099
1.02849
1.05751
1.00619
1.00911
1.06056
1.07736
1.058
1.07338
1.06042
1.00529
1.02321
1.04678
1.00554
1.08066
1.04808
1.01666
1.01801
1.18558
1.01262
1.00668
1.05989
1.16721
1.07394
1.02767
1.0187
1.03287
1.0266
1.00658
1.01153
1.16127
1.04428
1.00396
1.04752
1.02269
1.00902
1.09625
1.04764
1.0211
1.01966
1.03018
1.178
1.03886
1.10377
1.02288
1.00726
1.00783
1.02517
1.05158
1.05939
1.00815
1.08481
1.00732
1.02464
1.01742
1.13139
1.0212
1.16517
1.01547
1.00091
1.03034
1.03537
1.04628
1.02942
1.0347
1.04666
1.21797
1.00714
1.06229
1.08843
1.11078
1.06406
1.02709
1.02006
1.01839
1.01429
1.04314
1.03781
1.01406
1.00665
1.04079
1.00555
1.1467
1.11748
1.01961
1.00781
1.05035
1.0178
1.02577
1.01377
1.01383
1.01916
1.01372
1.01602
1.11473
1.04681
1.06081
1.0104
1.0134
1.01574
1.06633
1.01318
1.00535
1.03662
1.06548
1.12202
1.01855
1.01426
1.01058
1.10143
1.0249
1.00874
1.0728
1.00744
1.01747
1.01873
1.06151
1.01218
1.0103
1.0222
1.05747
1.06641
1.00916
1.01797
1.02312
1.05906
1.13179
1.0977
1.00711
1.02672
1.06594
1.01146
1.0088
1.00727
1.0032
1.0265
1.02303
1.18103
1.01847
1.03135
1.0983
1.00765
1.04377
1.00649
1.10433
1.01121
1.00734
1.03825
1.0668
1.01251
1.05658
1.0068
1.04128
1.0531
1.01936
1.01937
1.00322
1.04758
1.05902
1.03042
1.05635
1.02187
1.03565
1.08946
1.01308
1.01143
1.04452
1.0171
1.02685
1.00277
1.00112
1.00177
1.02561
1.01842
1.0495
1.01211
1.03924
1.01338
1.01325
1.02561
1.06269
1.05356
1.02857
1.05492
1.01452
1.00383
1.05589
1.06335
1.00718
1.03554
1.00997
1.0203
1.04424
1.10698
1.02777
1.07226
1.08847
1.04608
1.00642
1.2141
1.08828
1.12554
1.02573
1.00966
1.11202
1.09794
1.07414
1.0492
1.01721
1.04266
1.04275
1.02242
1.03743
1.01735
1.02609
1.01097
1.09311
1.03869
1.01595
1.05727
1.03798
1.02033
1.03274
1.02321
1.04131
1.02408
1.02645
1.01365
1.05327
1.12035
1.02414
1.02459
1.03913
1.03671
1.04918
1.06618
1.00497
1.00339
1.01938
1.05224
1.05343
1.01238
1.03465
1.01768
1.06192
1.01571
1.01603
1.07385
1.0098
1.01424
1.12236
1.08895
1.10396
1.08985
1.02262
1.05132
1.07226
1.01797
1.00553
1.06495
1.00574
1.03891
1.02941
1.02732
1.05339
1.12473
1.02249
1.06433
1.0139
1.05252
1.21032
1.00448
1.03487
1.03144
1.01718
1.041
1.03212
1.00724
1.00607
1.06542
1.03349
1.01235
1.13265
1.09146
1.01581
1.01792
1.00997
1.00687
1.00025
1.11466
1.10122
1.05741
1.07708
1.00757
1.01974
1.01954
1.0277
1.00662
1.04979
1.01099
1.0726
1.04378
1.00463
1.06167
1.0984
1.06715
1.09635
1.01468
1.00321
1.04381
1.15964
1.0343
1.08946
1.01919
1.01171
1.00463
1.04784
1.01799
1.15317
1.05314
1.01297
1.00707
1.02809
1.04229
1.00672
1.02118
1.00751
1.01382
1.03755
1.05353
1.00848
1.04185
1.02684
1.01078
1.0457
1.06268
1.0274
1.03204
1.02726
1.02628
1.06186
1.09422
1.2295
1.05092
1.03139
1.0516
1.10362
1.02858
1.00299
1.04852
1.0117
1.16039
1.01749
1.0117
1.03831
1.00624
1.01181
1.06505
1.02794
1.00355
1.01691
1.01617
1.02699
1.00035
1.00389
1.00782
1.03651
1.02308
1.00958
1.02227
1.05964
1.00246
1.09505
1.01888
1.00316
1.01162
1.01872
1.02449
1.05718
1.04774
1.06833
1.02762
1.08182
1.09049
1.12565
1.04792
1.03459
1.10846
1.01051
1.01893
1.11945
1.01818
1.00867
1.05494
1.04305
1.07657
1.02472
1.05783
1.00743
1.08298
1.03236
1.01572
1.08709
1.03211
1.02934
1.01335
1.03421
1.08218
1.01308
1.03902
1.09892
1.06159
1.01978
1.06136
1.03284
1.00464
1.0766
1.01587
1.1758
1.00294
1.02344
1.03511
1.06917
1.01849
1.0382
1.13388
1.04701
1.05533
1.01272
1.01719
1.02604
1.0009
1.01136
1.05553
1.02001
1.03846
1.0538
1.03684
1.03567
1.01072
1.02639
1.03217
1.09515
1.00058
1.03908
1.01081
1.02067
1.11261
1.08622
1.22554
1.00204
1.08247
1.17141
1.03638
1.00528
1.04092
1.00985
1.0132
1.08748
1.06001
1.00246
1.02109
1.03329
1.01777
1.01217
1.01492
1.03529
1.04538
1.00118
1.03229
1.02402
1.01539
1.0208
1.01889
1.05156
1.01333
1.04528
1.06876
1.07288
1.02993
1.02195
1.00265
1.0617
1.03774
1.02471
1.05574
1.02221
1.04007
1.02656
1.00639
1.03955
1.01907
1.07443
1.00895
1.04513
1.0916
1.02763
1.05699
1.13349
1.02142
1.05197
1.10183
1.13654
1.0012
1.00599
1.09151
1.07074
1.05837
1.05236
1.1191
1.06335
1.01777
1.02564
1.04674
1.06368
1.31276
1.04273
1.13567
1.11645
1.01789
1.08758
1.58019
1.02058
1.06157
1.0355
1.10954
1.08723
1.0505
1.05329
1.17296
1.0707
1.51051
1.04857
1.38026
1.01716
1.04127
1.02535
1.09275
1.33205
1.17709
1.11422
1.02478
1.03499
1.10324
1.0333
1.05295
1.02341
1.09622
1.0601
1.09771
1.16325
1.02467
1.16689
1.07567
1.02926
1.04694
1.11443
1.27067
1.01341
1.18693
1.01877
1.02279
1.15043
1.04056
1.02723
1.09311
1.25336
1.06872
1.01686
1.01122
1.02594
1.0244
1.0682
1.03788
1.02709
1.03156
1.37288
1.01675
1.13943
1.3289
1.0613
1.03098
1.05436
1.10354
1.07798
1.06667
1.12439
1.03928
1.13708
1.07079
1.03283
1.02374
1.24534
1.11156
1.14254
1.24847
1.07989
1.04394
1.25444
1.02824
1.20906
1.11193
1.02903
1.31628
1.0655
1.02174
1.02436
1.04721
1.02719
1.07055
1.05299
1.01899
1.14878
1.15131
1.07663
1.04712
1.08916
1.04618
1.01858
1.01632
1.17082
1.54946
1.26016
1.10448
1.17573
1.13834
1.18869
1.01524
1.22104
1.4148
1.1684
1.04631
1.126
1.01929
1.02456
1.01822
1.21221
1.0535
1.01352
1.58371
1.0152
1.05935
1.04896
1.08937
1.07376
1.02387
1.02342
1.1315
1.04448
1.05091
1.01422
1.27708
1.03381
1.11195
1.09012
1.13924
1.12141
1.07581
1.33741
1.02325
1.16012
1.0856
1.03329
1.10568
1.04291
1.02029
1.01965
1.1521
1.03104
1.03221
1.02636
1.10259
1.75234
1.1004
1.08915
1.08568
1.02291
1.05605
1.08393
1.08019
1.13743
1.11759
1.03313
1.03304
1.19756
1.06291
1.05218
1.2389
1.38682
1.05227
1.04327
1.18869
1.10246
1.23648
1.23878
1.12355
1.07742
1.19072
1.08971
1.02091
1.04831
1.26235
1.03718
1.37505
1.03119
1.05692
1.12521
1.22214
1.06796
1.11257
1.22109
1.02728
1.23849
1.05442
1.01282
1.04674
1.10457
1.04147
1.02264
1.13804
1.14123
1.095
1.03732
1.11079
1.04452
1.12173
1.04841
1.12435
1.06985
1.23013
1.0904
1.07546
1.01569
1.03146
1.16704
1.02251
1.13748
1.13294
1.07467
1.06068
1.21579
1.10076
1.05441
1.9131
1.35216
1.20019
1.06651
1.29773
1.03418
1.07856
1.09643
1.20337
1.03063
1.05429
1.14332
1.06382
1.01797
1.35554
1.21777
1.08159
1.02061
1.02056
1.2872
1.10836
1.34822
1.04861
1.10013
1.19914
1.16886
1.03773
1.04319
1.10315
1.02428
1.03996
1.06199
1.06104
1.041
1.03622
1.06108
1.0236
1.06029
1.31105
1.04687
1.01639
1.0563
1.02595
1.14988
1.01309
1.02853
1.05759
1.06633
1.05355
1.02871
1.05752
1.08203
1.07598
1.09599
1.04887
1.08235
1.01526
1.02661
1.03433
1.02111
1.05925
1.11457
1.1592
1.11026
1.11339
1.06687
1.03028
1.14516
1.03557
1.12517
1.17168
1.07867
1.14455
1.2663
1.06989
1.06835
1.14577
1.02654
1.05144
1.29651
1.01041
1.16984
1.24245
1.02522
1.04677
1.08734
1.03733
1.06626
1.04828
1.19653
1.0318
1.05326
1.20419
1.1588
1.01185
1.03667
1.08465
1.06272
1.03397
1.07579
1.0911
1.03644
1.10838
1.03086
1.10198
1.05873
1.02146
1.03212
1.01834
1.06714
1.02701
1.10445
1.13701
1.09365
1.022
1.38306
1.0257
1.02822
1.15816
1.03334
1.07084
1.2533
1.04885
1.17844
1.21184
1.02839
1.05008
1.02112
1.02239
1.11177
1.03317
1.02434
1.04585
1.06804
1.05711
1.0735
1.05748
1.04011
1.10607
1.05745
1.02772
1.34768
1.16206
1.05123
1.14024
1.03568
1.35668
1.05367
1.01736
1.01501
1.06495
1.05224
1.04289
1.12946
1.02888
1.03423
1.06338
1.02877
1.19206
1.10521
1.00792
1.21828
1.07981
1.11071
1.54949
1.09439
1.02996
1.15306
1.12791
1.0245
1.02535
1.03279
1.03549
1.05593
1.04356
1.02073
1.11665
1.03466
1.03079
1.04324
1.03077
1.10795
1.24925
1.14814
1.04942
1.18177
1.05818
1.37761
1.01759
1.0112
1.15906
1.19851
1.46292
1.11795
1.05173
1.0197
1.02582
1.07365
1.05222
1.2055
1.10733
1.0463
1.11073
1.09875
1.22585
1.12443
1.14119
1.05599
1.05158
1.09421
1.01103
1.05211
1.04082
1.068
1.08716
1.04042
1.18259
1.12177
1.02107
1.05194
1.09858
1.1936
1.56993
1.03461
1.03746
1.08876
1.04985
1.06277
1.01239
1.04264
1.04971
1.02221
1.11816
1.09372
1.07643
1.04842
1.03691
1.06771
1.05048
1.03102
1.02862
1.42492
1.01991
1.09741
1.18904
1.24023
1.17684
1.02401
1.02904
1.06158
1.03204
1.01483
1.01506
1.41242
1.05467
1.14294
1.15163
1.40087
1.07293
1.24101
1.02126
1.02162
1.15172
1.35665
1.0793
1.11307
1.23645
1.01218
1.03862
1.08151
1.02253
1.11023
1.12644
1.11955
1.04238
1.52399
1.03151
1.02665
1.07396
1.28146
1.14048
1.03968
1.10116
1.06938
1.04974
1.02024
1.02535
1.20828
1.09255
1.01778
1.07909
1.03894
1.02176
1.16635
1.31314
1.03063
1.1022
1.0585
1.77838
1.04368
1.16525
1.05171
1.0141
1.01866
1.06412
1.39837
1.10949
1.01986
1.23857
1.02025
1.04712
1.08963
1.24978
1.04334
1.627
1.04995
1.01125
1.06598
1.2885
1.12839
1.05957
1.05329
1.07096
1.31702
1.0314
2.04092
1.18924
1.19578
1.17681
1.04176
1.04024
1.03533
1.03535
1.0877
1.08629
1.04027
1.01445
1.06077
1.0265
1.28038
1.1918
1.04436
1.01945
1.08345
1.03121
1.03972
1.04064
1.03283
1.03752
1.02093
1.04087
1.26002
1.07398
1.12211
1.09526
1.03704
1.0271
1.10469
1.0259
1.04469
1.10743
1.11603
1.18482
1.03444
1.03604
1.04225
1.21475
1.04229
1.04449
1.33731
1.02878
1.04028
1.04991
1.09547
1.03833
1.02918
1.18837
1.15803
1.11181
1.01668
1.04284
1.03747
1.10216
1.40844
1.17266
1.05264
1.05686
1.24122
1.02524
1.0252
1.02367
1.02809
1.08885
1.04691
1.32072
1.04681
1.37632
1.14838
1.01998
1.08299
1.05826
1.31137
1.04848
1.01117
1.05776
1.19137
1.02327
1.33743
1.0203
1.09142
1.07588
1.06141
1.03609
1.01834
1.07608
1.12883
1.06849
1.12782
1.03687
1.11615
1.13368
1.07625
1.02563
1.08488
1.03623
1.06382
1.01835
1.01663
1.01812
1.03536
1.05005
1.19756
1.04347
1.10942
1.04534
1.02496
1.04684
1.19569
1.06814
1.05844
1.09934
1.03293
1.01827
1.1701
1.11575
1.01975
1.08785
1.04022
1.0772
1.07117
1.21847
1.04701
1.14957
1.11547
1.11559
1.02491
1.34769
1.1007
1.39172
1.06554
1.06261
1.20367
1.16932
1.2463
1.18438
1.02884
1.1801
1.08797
1.0388
1.0553
1.03715
1.16983
1.02436
1.17484
1.07038
1.05273
1.10488
1.11588
1.0598
1.04108
1.04429
1.10043
1.20375
1.05004
1.08937
1.17062
1.33209
1.03639
1.04397
1.1422
1.04814
1.25221
1.29478
1.02363
1.00727
1.0313
1.07531
1.1246
1.03727
1.07397
1.03444
1.13398
1.10178
1.03086
1.18994
1.03903
1.02842
1.34806
1.11059
1.22633
1.15397
1.05965
1.08523
1.11139
1.07169
1.02793
1.10301
1.0476
1.49997
1.04152
1.06614
1.26994
1.26672
1.04658
1.12547
1.06142
1.36933
1.33283
1.02723
1.06715
1.08947
1.08112
1.19468
1.05199
1.02677
1.04157
1.16875
1.14639
1.02031
1.29267
1.24094
1.11305
1.04479
1.0234
1.0161
1.01403
1.18659
1.21702
1.08729
1.20066
1.04708
1.09877
1.04239
1.06401
1.02799
1.16674
1.33167
1.17633
1.05188
1.01263
1.12499
1.54378
1.08961
1.17904
1.03038
1.01845
1.06217
1.28735
1.07843
1.21827
1.04947
1.03084
1.01414
1.06924
1.02864
1.31172
1.1063
1.04488
1.0248
1.05202
1.06788
1.07722
1.07934
1.04371
1.03495
1.22044
1.10989
1.03226
1.0899
1.05787
1.06275
1.07833
1.15905
1.13032
1.06118
1.0502
1.4605
1.20166
1.13924
1.38166
1.11178
1.07776
1.10088
1.21348
1.05924
1.02675
1.06405
1.06994
1.22974
1.04256
1.04122
1.06554
1.02501
1.02881
1.23001
1.03633
1.0265
1.04729
1.0212
1.21004
1.01289
1.02008
1.02051
1.05548
1.04623
1.0442
1.05447
1.14218
1.02343
1.15381
1.02715
1.01581
1.02579
1.05938
1.16459
1.20481
1.07891
1.0857
1.05423
1.13248
1.22077
1.25017
1.08348
1.0855
1.2112
1.02442
1.0391
1.17768
1.05042
1.02295
1.27026
1.13516
1.11134
1.05977
1.10721
1.02481
1.16564
1.12115
1.03863
1.13597
1.06379
1.05692
1.03234
1.0662
1.1469
1.03094
1.18978
1.24413
1.21501
1.0374
1.16487
1.04503
1.01864
1.11565
1.03013
1.28157
1.01715
1.07757
1.158
1.11166
1.04345
1.05636
1.25842
1.08774
1.10427
1.04625
1.04014
1.09653
1.00603
1.02905
1.12981
1.10614
1.06289
1.14522
1.05281
1.06689
1.02768
1.20527
1.05646
1.16401
1.02156
1.07501
1.03126
1.0354
1.14781
1.19803
1.38971
1.01577
1.20339
1.27029
1.17425
1.02079
1.10408
1.01984
1.04162
1.23847
1.10127
1.04021
1.0504
1.63623
1.09284
1.02586
1.14287
1.05125
1.07205
1.01097
1.05414
1.0601
1.04857
1.06642
1.05217
1.14564
1.09822
1.07325
1.09139
1.10783
1.06847
1.0691
1.01363
1.09576
1.06772
1.05294
1.07698
1.04778
1.14409
1.04931
1.0508
1.05835
1.03918
1.08657
1.02181
1.06709
1.13978
1.05836
1.06545
1.22952
1.0758
1.08067
1.14864
1.52845
1.00845
1.03684
1.14278
1.12836
1.12629
1.10613
1.41841
1.14179
1.02991
1.08087
2.35805
3.21831
2.08731
2.62696
2.73634
2.59656
1.97573
2.49201
2.09294
2.30057
3.18571
2.3119
2.89309
1.70188
1.57524
1.62828
1.90056
3.08756
2.78284
3.05589
2.02096
2.37521
1.61449
2.16243
1.93785
2.59243
3.14579
1.74957
1.57125
2.33544
1.4696
1.73169
1.20407
1.90854
2.265
3.16556
2.18561
1.60516
1.83787
1.64768
3.09878
2.08634
1.8248
2.81384
2.4239
1.8352
1.39832
2.57933
1.52156
1.55942
2.04965
1.5749
1.81397
1.37074
2.74397
2.29775
2.26861
2.68535
2.69768
2.53033
2.52724
3.46951
1.58916
2.20578
1.55727
1.28704
3.42616
1.29137
3.03147
2.91824
1.66427
1.87868
1.25593
2.17436
1.89962
1.26171
2.506
2.10234
2.12384
2.33934
2.41209
2.08644
3.05542
2.53555
2.87483
1.76446
2.08859
1.688
2.24872
2.05721
2.37155
1.61482
1.69467
1.98644
1.63063
1.92804
1.75146
2.90772
1.71076
2.04277
2.24301
1.12813
1.98831
2.81317
2.68115
1.59862
1.42899
2.25074
2.68338
2.54297
2.26719
2.75711
1.23393
2.64315
1.21456
2.12124
2.29963
2.39269
1.93003
2.20711
2.43606
2.3603
3.37842
2.57538
1.54306
2.79148
2.62918
1.30206
2.47608
1.26552
2.82541
2.22444
2.94919
1.88281
2.54188
3.00995
3.19533
2.95377
2.03526
1.51612
2.08724
2.13476
1.39914
1.65506
1.5205
2.11271
2.36495
1.8208
2.49687
2.74443
2.03208
1.98043
2.99847
1.10413
1.5711
1.24528
1.47136
2.32237
2.4709
2.50792
3.04621
2.39138
1.92019
1.24122
2.67525
2.19579
1.48036
1.57997
1.83749
1.62444
3.064
1.56398
1.96065
2.08255
1.45095
2.76051
1.53956
1.41997
1.90179
2.31068
2.37757
2.157
3.63884
1.67303
2.56048
1.62039
1.64463
1.85162
3.13524
3.06336
2.47239
1.86179
3.14928
1.53146
1.69526
2.13605
1.26936
2.61395
1.61604
2.23908
2.20624
2.82077
2.49417
2.2088
2.68794
2.89072
1.81507
1.7076
1.79152
2.52369
2.56301
1.34606
1.39732
2.32998
2.64563
2.10667
1.95632
2.46371
1.75692
2.29247
2.12465
2.15984
1.44348
2.0513
1.2063
1.80809
3.08169
1.96135
2.48258
2.75552
2.76183
2.62651
1.73668
1.29037
2.57409
1.82866
2.18616
2.82553
2.2538
1.94594
3.58503
2.73345
1.56204
2.76425
1.69707
2.50299
2.0324
1.52424
2.6888
2.43935
2.79434
2.60704
3.23785
1.55573
2.66921
2.41089
2.76499
1.32451
2.5487
1.40864
1.5295
1.43346
3.23357
2.22906
1.20216
2.50099
2.58302
2.5626
1.61528
2.25037
1.60804
2.76844
2.1732
3.16531
2.34351
2.21714
1.56258
3.27027
1.50486
1.47027
2.06747
3.30389
2.59492
1.17563
1.61259
1.90267
2.77094
2.46492
1.46944
1.4282
1.63887
2.40558
2.76154
1.43498
2.08443
2.81722
1.48638
1.75255
2.12768
2.61486
1.96841
1.34965
2.48473
1.62084
2.80134
1.52107
2.14299
3.29151
2.10347
1.80399
1.77442
1.55394
2.15866
2.58889
1.6251
2.07173
2.54416
1.67293
2.15951
2.19983
1.51274
2.36001
1.84773
1.70849
2.13795
1.27124
2.97656
1.87389
2.57429
3.05974
2.98416
1.42189
2.93673
1.33308
2.89149
1.58876
1.16134
2.04512
2.28088
1.61295
1.35191
1.51488
1.65037
2.42212
1.46299
2.01587
2.48969
1.06259
1.28043
1.20214
2.74428
1.93985
1.76204
1.9473
2.47779
1.96863
2.69426
2.26516
1.58948
2.4871
2.38736
2.9865
2.97439
2.05213
1.43343
3.00267
1.2305
1.77775
1.38969
2.72075
3.60342
3.14634
1.5637
2.49657
2.10749
2.10292
2.51614
3.26451
2.2896
1.48725
2.87633
2.03271
1.88214
2.58213
2.05894
2.16409
2.91536
2.98883
2.11295
2.0393
1.2175
2.23606
2.28202
2.49807
2.21401
1.84974
1.05948
2.5981
2.59641
2.60224
2.27114
2.51321
2.81986
2.50571
1.96629
2.31818
1.96554
1.42615
1.39558
2.32216
3.03129
2.30896
1.43144
2.40873
1.98161
1.6249
3.40295
2.28362
1.25688
1.9139
2.24289
2.34766
2.61649
1.21316
1.50125
2.37508
2.04353
2.13822
2.24791
1.7085
2.31288
2.91442
2.62693
1.72757
2.0762
1.96589
2.25867
2.76122
1.64435
3.35547
3.2603
1.90036
3.3274
2.56331
2.25877
1.75659
2.45806
2.5581
2.99693
3.3845
2.68715
1.62982
2.70759
1.54157
1.36425
2.97985
3.0147
1.64105
2.4237
2.7852
1.28791
2.8063
1.98412
2.26191
2.77941
3.23151
2.41472
1.98827
2.3802
2.4129
2.29615
2.38814
2.78179
1.67453
2.02602
2.08517
2.18866
1.83673
2.58891
3.38833
2.17666
1.92
1.05091
1.80628
2.71619
2.78055
2.40434
1.69893
2.67329
1.8442
2.25151
2.54807
2.64188
2.15436
1.7249
2.28619
1.34547
1.43638
2.06081
1.32874
2.28799
1.50669
2.18151
1.6449
1.94059
2.21589
1.30508
1.26401
1.38622
2.26274
1.96067
2.32092
1.76826
3.22498
2.82218
1.4546
1.25788
1.70176
2.19592
2.03287
3.18713
2.24209
2.6539
2.32201
2.12506
2.80822
1.56056
2.31404
2.53414
2.74392
2.00133
2.39629
1.65503
3.02025
2.61451
1.68836
2.66753
1.18588
1.74839
1.44113
2.63437
2.52408
2.42455
1.81779
2.53829
2.41344
1.45059
1.18836
2.44721
1.38778
2.61171
2.38766
2.0027
2.01979
1.82755
2.88614
1.75131
2.09764
2.46278
3.12421
2.1314
1.13865
2.25176
1.44817
2.68368
1.52529
2.73224
1.20777
1.52478
2.03409
2.75446
1.85646
1.87215
1.60313
3.01084
1.1266
1.87005
2.04266
2.08601
2.77121
1.94143
2.9105
2.61074
2.35739
2.69064
2.58227
2.16919
2.13344
1.49726
1.73412
2.31408
1.77883
2.24272
2.29091
2.01264
2.35636
2.1484
2.25798
1.84311
2.4809
1.18983
2.54384
1.54974
3.06292
2.06843
2.38636
3.03488
3.08028
1.74521
1.11812
2.01621
2.74027
2.23304
2.0722
1.85876
2.22565
2.1725
1.80129
1.63857
1.89079
2.06147
2.49125
2.90879
1.63264
1.95885
1.75998
2.28142
2.41347
1.51854
1.93761
2.01411
1.77875
1.35085
2.81233
1.47836
2.52562
2.8371
1.90476
1.94545
2.1194
2.4175
1.35612
2.34242
1.17451
2.15402
1.37424
3.07917
2.57423
2.83242
2.07712
2.00357
2.78015
1.57111
3.36513
2.20284
2.75744
3.2789
2.15841
1.31724
2.23925
1.12799
1.4183
1.62664
3.19864
1.92278
2.93594
2.65957
2.26515
1.54026
3.03588
2.63226
1.75058
1.51003
1.93125
2.76685
2.44711
1.79017
1.37698
2.26776
2.13139
1.62397
2.96994
2.59667
2.049
1.74108
1.43811
3.08898
1.82071
2.50154
3.11842
1.31519
2.3792
2.60867
2.08107
2.78088
1.64103
2.36376
1.46914
2.34571
2.37383
2.67038
2.60647
2.02508
2.2247
1.72439
1.44875
2.32973
1.3805
1.68276
2.34314
2.96596
1.7084
1.56515
1.57565
1.45524
1.73908
2.17272
2.42139
1.40569
1.8179
1.50198
2.6464
2.28843
1.33775
1.02335
2.19999
2.3852
1.78666
3.21491
2.73486
1.31811
1.86487
1.20262
1.73602
2.31354
2.24234
1.35397
1.93658
1.5507
2.38184
1.84175
1.67136
1.45577
1.78654
3.13968
2.08011
2.98175
2.66342
1.89272
1.82216
1.46675
1.78699
2.35737
3.04396
2.18616
1.50271
2.01059
2.14967
1.64828
3.10277
2.68513
3.08042
2.21855
3.21867
2.55006
2.54267
1.95732
3.17135
2.55909
2.12435
2.55169
1.91804
2.45904
2.03323
1.46314
1.79043
2.56488
3.4108
2.2187
2.35749
1.56723
1.18735
2.63393
1.8415
1.35993
2.39322
2.51757
1.62219
2.20039
1.39968
2.01097
2.35176
2.09104
1.65068
2.383
2.95929
2.30518
2.70662
2.18612
2.71475
1.85164
3.02565
1.94987
2.56264
1.89131
1.7855
2.57381
1.23852
2.59584
2.12431
1.41347
2.55718
2.78928
1.7044
2.84652
2.70212
2.89948
2.12145
2.08404
2.29657
1.45577
2.54534
1.55724
2.35303
1.87204
2.7012
1.84317
2.32268
2.61458
1.974
2.27592
2.73871
2.06211
2.78915
2.36237
2.01848
2.40157
1.40897
2.01422
3.05272
3.17538
2.54642
2.24977
1.52477
1.7677
1.41759
1.93849
2.51698
1.74748
1.46822
1.16122
1.89604
1.2783
2.95993
2.78084
1.1964
3.04375
1.92373
1.6519
2.51156
1.95818
2.5976
2.66074
1.35668
1.56473
1.65682
1.91757
1.14774
1.34472
1.84852
1.63953
1.97466
1.69827
1.95628
1.92078
2.74009
1.52584
2.10685
1.86384
1.27636
2.0133
1.8963
1.64779
1.70196
1.52751
3.1044
1.93243
2.71558
1.50689
3.23001
2.41702
1.36692
2.16629
1.52376
2.70944
1.9309
3.55523
2.69048
1.51515
1.93126
2.43094
1.64465
2.81364
2.18015
3.23242
2.1089
2.89329
2.10596
1.25609
2.85145
2.46537
2.7178
1.86605
3.01433
2.82231
1.86574
2.42465
2.63045
1.51171
1.54876
1.88657
2.27839
2.82683
2.67793
1.66026
3.47989
2.49039
1.9949
1.20387
1.6419
1.27549
1.3542
1.47505
2.52232
1.69157
1.76544
2.5939
1.89516
2.16421
2.51142
1.8598
2.97028
2.64154
3.08374
2.48012
1.9693
2.34452
1.94197
1.99847
2.58291
1.34574
1.65349
1.62474
2.75152
2.63299
1.5542
2.18351
1.76623
2.16063
1.58886
1.65722
1.80004
1.31536
1.7544
2.14066
1.65626
3.10986
1.81911
1.82806
2.95746
2.45802
2.86221
2.0699
2.18651
1.16326
2.79329
1.07646
1.70899
1.10594
1.34081
2.7116
2.29447
2.00244
2.93749
1.66514
1.72688
1.2485
1.26397
1.94569
1.97516
1.80098
3.23092
2.2512
2.11295
2.65624
1.63406
1.9201
1.6813
1.87345
2.17936
261940000.0
157921000.0
280376000.0
209809000.0
190175000.0
198528000.0
335688000.0
231894000.0
275793000.0
260947000.0
160295000.0
261240000.0
175987000.0
396981000.0
476213000.0
429584000.0
344467000.0
167664000.0
190614000.0
166306000.0
282686000.0
245255000.0
407568000.0
283031000.0
272020000.0
192611000.0
171760000.0
374253000.0
458041000.0
249963000.0
455281000.0
360724000.0
633151000.0
360758000.0
260157000.0
162107000.0
238462000.0
429533000.0
370095000.0
379126000.0
167999000.0
303316000.0
341439000.0
185802000.0
233993000.0
360225000.0
431393000.0
219001000.0
484360000.0
465434000.0
318084000.0
449855000.0
369959000.0
448566000.0
210661000.0
260133000.0
263759000.0
212034000.0
209719000.0
210922000.0
222992000.0
144822000.0
427027000.0
270286000.0
467035000.0
581674000.0
148414000.0
599497000.0
179529000.0
181919000.0
387874000.0
353744000.0
595947000.0
252451000.0
320647000.0
530515000.0
200031000.0
319803000.0
280051000.0
242398000.0
256370000.0
292923000.0
170510000.0
208192000.0
182059000.0
391655000.0
285015000.0
431256000.0
237944000.0
311891000.0
240651000.0
435363000.0
431996000.0
339751000.0
435029000.0
338218000.0
379660000.0
176509000.0
417609000.0
297377000.0
255675000.0
737839000.0
340445000.0
189105000.0
201638000.0
447748000.0
546939000.0
264987000.0
185928000.0
219307000.0
229202000.0
197115000.0
468014000.0
215746000.0
701582000.0
253569000.0
222865000.0
255606000.0
321796000.0
245446000.0
243850000.0
250679000.0
150910000.0
209326000.0
481201000.0
189111000.0
190918000.0
613610000.0
227565000.0
654619000.0
188105000.0
265440000.0
182266000.0
334011000.0
216115000.0
173504000.0
157212000.0
178944000.0
279372000.0
468750000.0
297823000.0
281090000.0
418751000.0
408179000.0
452810000.0
261420000.0
262495000.0
310630000.0
224250000.0
209330000.0
303346000.0
320566000.0
179020000.0
748551000.0
400059000.0
591356000.0
530260000.0
264658000.0
232930000.0
212326000.0
170332000.0
233445000.0
340098000.0
673746000.0
207225000.0
275192000.0
469149000.0
470141000.0
375523000.0
392779000.0
176249000.0
403735000.0
316601000.0
306193000.0
505933000.0
194165000.0
469638000.0
529057000.0
291360000.0
225995000.0
224502000.0
287236000.0
139504000.0
405390000.0
218464000.0
440000000.0
445581000.0
351435000.0
163749000.0
169647000.0
229365000.0
354997000.0
164710000.0
388750000.0
372108000.0
262719000.0
435719000.0
216318000.0
429116000.0
271081000.0
289070000.0
199978000.0
211095000.0
275059000.0
200293000.0
183294000.0
357949000.0
352113000.0
340787000.0
211352000.0
224798000.0
571831000.0
399094000.0
255222000.0
202810000.0
282383000.0
335777000.0
224923000.0
368185000.0
262224000.0
277018000.0
246292000.0
541651000.0
270983000.0
543954000.0
349593000.0
167191000.0
307058000.0
217103000.0
201910000.0
188101000.0
192653000.0
332902000.0
524355000.0
214503000.0
347237000.0
281356000.0
187342000.0
233408000.0
328331000.0
140480000.0
189969000.0
434754000.0
196722000.0
379590000.0
221943000.0
305907000.0
461437000.0
201566000.0
235081000.0
193541000.0
204719000.0
160478000.0
422264000.0
198452000.0
226080000.0
198821000.0
591105000.0
225232000.0
533019000.0
495454000.0
528749000.0
159816000.0
287229000.0
683697000.0
219002000.0
204883000.0
206018000.0
430636000.0
267755000.0
441346000.0
201524000.0
277214000.0
166926000.0
256954000.0
270268000.0
413768000.0
159508000.0
506160000.0
523339000.0
308213000.0
154305000.0
205452000.0
443697000.0
424753000.0
326665000.0
203079000.0
228608000.0
511498000.0
541043000.0
344117000.0
243671000.0
192858000.0
514581000.0
241774000.0
198396000.0
466499000.0
383501000.0
306145000.0
206307000.0
274338000.0
457731000.0
221984000.0
373571000.0
190523000.0
428388000.0
275311000.0
155462000.0
302929000.0
336727000.0
401396000.0
483408000.0
245866000.0
217113000.0
454129000.0
284453000.0
218476000.0
421614000.0
273641000.0
279718000.0
479791000.0
242156000.0
359851000.0
377722000.0
296603000.0
507397000.0
176225000.0
325004000.0
209089000.0
167124000.0
180075000.0
514358000.0
174077000.0
574606000.0
187517000.0
479647000.0
731002000.0
300443000.0
264628000.0
468066000.0
587338000.0
403485000.0
422095000.0
223804000.0
511496000.0
302173000.0
225153000.0
848964000.0
631618000.0
697737000.0
209064000.0
269044000.0
363446000.0
269569000.0
209595000.0
336688000.0
203767000.0
269931000.0
435324000.0
203044000.0
247454000.0
168092000.0
177170000.0
268970000.0
476565000.0
174322000.0
565348000.0
372585000.0
487735000.0
188693000.0
142794000.0
160599000.0
454566000.0
246112000.0
295488000.0
312706000.0
229910000.0
160161000.0
272888000.0
502609000.0
184041000.0
280013000.0
344357000.0
202096000.0
295544000.0
302851000.0
188065000.0
171659000.0
274201000.0
293920000.0
705378000.0
243661000.0
244992000.0
217775000.0
266602000.0
330562000.0
808375000.0
204483000.0
206521000.0
200878000.0
264180000.0
225460000.0
198874000.0
230678000.0
298111000.0
254610000.0
277795000.0
536240000.0
533349000.0
237995000.0
168631000.0
260702000.0
435906000.0
221767000.0
307259000.0
442063000.0
152185000.0
247055000.0
671891000.0
344612000.0
247592000.0
251489000.0
199145000.0
661967000.0
469033000.0
261143000.0
317077000.0
265210000.0
265305000.0
365701000.0
234631000.0
180567000.0
195647000.0
322313000.0
247057000.0
330345000.0
259695000.0
196469000.0
399853000.0
153850000.0
159020000.0
341630000.0
154616000.0
203495000.0
238839000.0
403655000.0
208081000.0
200551000.0
178559000.0
151142000.0
198472000.0
427357000.0
185743000.0
452403000.0
534723000.0
179494000.0
169953000.0
403357000.0
241561000.0
197465000.0
582583000.0
193634000.0
322956000.0
258599000.0
182972000.0
161011000.0
253599000.0
298836000.0
264223000.0
251266000.0
267471000.0
211895000.0
201397000.0
323480000.0
323523000.0
292179000.0
283797000.0
364883000.0
217356000.0
148832000.0
287356000.0
353416000.0
842687000.0
325639000.0
191459000.0
184523000.0
231695000.0
400943000.0
203584000.0
370926000.0
273558000.0
229774000.0
201240000.0
270476000.0
356881000.0
239308000.0
522410000.0
515174000.0
285154000.0
539896000.0
272013000.0
365225000.0
291707000.0
441001000.0
319001000.0
243277000.0
584056000.0
639626000.0
489925000.0
248563000.0
339710000.0
244383000.0
396499000.0
159572000.0
185446000.0
517307000.0
639460000.0
317052000.0
273289000.0
322707000.0
162237000.0
258163000.0
211712000.0
242124000.0
264427000.0
185136000.0
482957000.0
240212000.0
213361000.0
189102000.0
253206000.0
239270000.0
396962000.0
177047000.0
213254000.0
424070000.0
207134000.0
707793000.0
343363000.0
532705000.0
207122000.0
229135000.0
214925000.0
353158000.0
211494000.0
243332000.0
550220000.0
621925000.0
233016000.0
526186000.0
192319000.0
221211000.0
289385000.0
249239000.0
370429000.0
179666000.0
371969000.0
253880000.0
204563000.0
160609000.0
282664000.0
708754000.0
273165000.0
470444000.0
188964000.0
479701000.0
205080000.0
599782000.0
497162000.0
259491000.0
183895000.0
349679000.0
360971000.0
427184000.0
174780000.0
608607000.0
360052000.0
298967000.0
299409000.0
202390000.0
333795000.0
172322000.0
194047000.0
255363000.0
214505000.0
207829000.0
276558000.0
275421000.0
471353000.0
414898000.0
267834000.0
340419000.0
231472000.0
260301000.0
312915000.0
256358000.0
270592000.0
262841000.0
369887000.0
238812000.0
717470000.0
227918000.0
461515000.0
167367000.0
320187000.0
263281000.0
176383000.0
175958000.0
378972000.0
762128000.0
302567000.0
190247000.0
251466000.0
265722000.0
303772000.0
286280000.0
288977000.0
355670000.0
422136000.0
351715000.0
316618000.0
247506000.0
191254000.0
410858000.0
262349000.0
394879000.0
268626000.0
219650000.0
488480000.0
294713000.0
327548000.0
347015000.0
599817000.0
182337000.0
475260000.0
210461000.0
187010000.0
322051000.0
339487000.0
292977000.0
219610000.0
564776000.0
240818000.0
730151000.0
270325000.0
444871000.0
170229000.0
206642000.0
180965000.0
285897000.0
254781000.0
201909000.0
465920000.0
153256000.0
276055000.0
200822000.0
161406000.0
306655000.0
631673000.0
249975000.0
707245000.0
489275000.0
452613000.0
163281000.0
356835000.0
180329000.0
202567000.0
231422000.0
412761000.0
172949000.0
202913000.0
379701000.0
505431000.0
334027000.0
193065000.0
242060000.0
351538000.0
555682000.0
267461000.0
254974000.0
332196000.0
177539000.0
209513000.0
258138000.0
359359000.0
539176000.0
167623000.0
280395000.0
212654000.0
164247000.0
588840000.0
232213000.0
214642000.0
297262000.0
194475000.0
419151000.0
248549000.0
488724000.0
239742000.0
213999000.0
212531000.0
220353000.0
309600000.0
256624000.0
354901000.0
498394000.0
244698000.0
530621000.0
394386000.0
222504000.0
179660000.0
388014000.0
450120000.0
432834000.0
523698000.0
379432000.0
263657000.0
233333000.0
532545000.0
341297000.0
411693000.0
205999000.0
227110000.0
573115000.0
830262000.0
268546000.0
232064000.0
334704000.0
158955000.0
193513000.0
580855000.0
340079000.0
696683000.0
375435000.0
254562000.0
274891000.0
576187000.0
318585000.0
367992000.0
233341000.0
321442000.0
396665000.0
480530000.0
324447000.0
170164000.0
318957000.0
173961000.0
220354000.0
327350000.0
325299000.0
499407000.0
389733000.0
228456000.0
168910000.0
267223000.0
492421000.0
315923000.0
233490000.0
431439000.0
169854000.0
210680000.0
164397000.0
276253000.0
158637000.0
232624000.0
239320000.0
300685000.0
159297000.0
202071000.0
260271000.0
214045000.0
352597000.0
231605000.0
318424000.0
507324000.0
394479000.0
199754000.0
149735000.0
262907000.0
251248000.0
474386000.0
726927000.0
208539000.0
353825000.0
576144000.0
234655000.0
231548000.0
428862000.0
247121000.0
558794000.0
264810000.0
240391000.0
242419000.0
394780000.0
244888000.0
180973000.0
227529000.0
198400000.0
267179000.0
207798000.0
342975000.0
183670000.0
340150000.0
208259000.0
319329000.0
307473000.0
196287000.0
661160000.0
225942000.0
285491000.0
498849000.0
232450000.0
191659000.0
422351000.0
192285000.0
186726000.0
185741000.0
310435000.0
286834000.0
242262000.0
542799000.0
223620000.0
434517000.0
252171000.0
359433000.0
201710000.0
339185000.0
245499000.0
199978000.0
280034000.0
264913000.0
192390000.0
305333000.0
197843000.0
244383000.0
326531000.0
210916000.0
568273000.0
270778000.0
180260000.0
170634000.0
200810000.0
281165000.0
491976000.0
316669000.0
493779000.0
352703000.0
220074000.0
360119000.0
505607000.0
773941000.0
362004000.0
639930000.0
170817000.0
194639000.0
725397000.0
177150000.0
297686000.0
445478000.0
216213000.0
310735000.0
221461000.0
210043000.0
574463000.0
470104000.0
421015000.0
337291000.0
468759000.0
532279000.0
322196000.0
383256000.0
284051000.0
385101000.0
323914000.0
284771000.0
202036000.0
470366000.0
247460000.0
367323000.0
632512000.0
322250000.0
343735000.0
380797000.0
403695000.0
438865000.0
175397000.0
267087000.0
204768000.0
487421000.0
156064000.0
232170000.0
551441000.0
291946000.0
460922000.0
188986000.0
340969000.0
141168000.0
200214000.0
481448000.0
318483000.0
225840000.0
394850000.0
198246000.0
258036000.0
161032000.0
269546000.0
194572000.0
289921000.0
608808000.0
183784000.0
225432000.0
186381000.0
321262000.0
176637000.0
182628000.0
344179000.0
238765000.0
196345000.0
503950000.0
475620000.0
314493000.0
262137000.0
182433000.0
195706000.0
377171000.0
145287000.0
224132000.0
322863000.0
583265000.0
370822000.0
665598000.0
532411000.0
511701000.0
221724000.0
339847000.0
356070000.0
204170000.0
364854000.0
252390000.0
209128000.0
347436000.0
182151000.0
201358000.0
171921000.0
233483000.0
343570000.0
247482000.0
343971000.0
322265000.0
216763000.0
600401000.0
393250000.0
444093000.0
192259000.0
199580000.0
491452000.0
275655000.0
393524000.0
268107000.0
379323000.0
412732000.0
334609000.0
627390000.0
379905000.0
268715000.0
362321000.0
162597000.0
383011000.0
377000000.0
171894000.0
234637000.0
194727000.0
253144000.0
282675000.0
462441000.0
185761000.0
828573000.0
370937000.0
700746000.0
438110000.0
196546000.0
257748000.0
289011000.0
186006000.0
363355000.0
307887000.0
610196000.0
517266000.0
264065000.0
279589000.0
375853000.0
165155000.0
228465000.0
248717000.0
196386000.0
417638000.0
296024000.0
401996000.0
345468000.0
276615000.0
