1.01467
1.22821
1.07476
1.09814
1.14633
1.07499
1.04672
1.03222
1.01432
1.0192
1.00356
1.03477
1.05271
1.01347
1.1346
1.12232
1.08385
1.11654
1.06018
1.05588
1.00265
1.01186
1.10847
1.01038
1.00518
1.16736
1.00155
1.02337
1.01672
1.03681
1.01059
1.06019
1.00856
1.02045
1.03686
1.01136
1.03908
1.0072
1.03457
1.02706
1.00504
1.00711
1.00353
1.03215
1.01415
1.0082
1.02527
1.04996
1.01227
1.06395
1.10451
1.01603
1.0578
1.05342
1.01391
1.02209
1.01731
1.05425
1.03199
1.00837
1.04977
1.06495
1.0535
1.00381
1.05037
1.06714
1.01976
1.04405
1.1062
1.01486
1.10209
1.02934
1.09052
1.04066
1.03723
1.00947
1.02128
1.01861
1.04664
1.00599
1.00882
1.02068
1.05106
1.05365
1.19805
1.04926
1.06919
1.01408
1.13138
1.09086
1.18018
1.04012
1.09803
1.06558
1.03221
1.01631
1.06154
1.04201
1.06245
1.00927
1.13433
1.06411
1.12351
1.01228
1.11142
1.11801
1.06538
1.03734
1.04419
1.03814
1.03906
1.01465
1.08044
1.03399
1.09571
1.07701
1.00733
1.09395
1.0099
1.03352
1.0954
1.1134
1.00786
1.09261
1.01614
1.00699
1.0584
1.02929
1.02336
1.02864
1.06528
1.08338
1.03365
1.02299
1.08625
1.10515
1.02076
1.02237
1.00565
1.03444
1.0192
1.09302
1.15201
1.00687
1.01869
1.00887
1.02856
1.00421
1.00412
1.02036
1.0481
1.08823
1.01419
1.2929
1.02945
1.04025
1.0598
1.02285
1.053
1.01507
1.05138
1.04089
1.0245
1.01957
1.02576
1.04336
1.02458
1.0412
1.07983
1.01679
1.02552
1.04383
1.0412
1.03624
1.14859
1.01292
1.04737
1.0148
1.06502
1.17711
1.01252
1.0572
1.04123
1.02435
1.00414
1.02595
1.061
1.01367
1.08273
1.106
1.11093
1.0312
1.00776
1.02444
1.00143
1.01766
1.01721
1.01656
1.07101
1.24962
1.00999
1.03723
1.02344
1.01835
1.03767
1.01194
1.1053
1.09218
1.03928
1.09479
1.07221
1.09903
1.12368
1.00634
1.006
1.02239
1.01509
1.03231
1.04903
1.05212
1.02083
1.00305
1.04403
1.006
1.01236
1.05604
1.02087
1.02494
1.11106
1.02218
1.00937
1.02008
1.1115
1.01796
1.01636
1.12935
1.12344
1.01659
1.02561
1.00663
1.00533
1.01108
1.02985
1.07136
1.05623
1.1556
1.02003
1.1026
1.01443
1.04603
1.00598
1.08889
1.05177
1.05416
1.01986
1.00821
1.04025
1.01973
1.08124
1.02023
1.01145
1.00768
1.16189
1.06769
1.02323
1.05936
1.20547
1.03347
1.01564
1.1724
1.02814
1.11479
1.0459
1.01985
1.00538
1.08974
1.05197
1.10252
1.00733
1.0105
1.09396
1.03259
1.00933
1.01888
1.04338
1.00816
1.0412
1.1009
1.08241
1.05661
1.14547
1.03008
1.08405
1.0641
1.0479
1.03726
1.02721
1.2209
1.05995
1.01951
1.02234
1.01219
1.1386
1.01682
1.02614
1.03091
1.08186
1.02629
1.01436
1.01918
1.05079
1.11828
1.07527
1.02237
1.03789
1.00909
1.01145
1.03591
1.11142
1.04839
1.0358
1.00784
1.07794
1.02808
1.20107
1.00533
1.00707
1.01814
1.11639
1.1021
1.03312
1.21289
1.00918
1.01522
1.01886
1.02488
1.07823
1.08654
1.0153
1.00846
1.00655
1.01074
1.00529
1.03461
1.03163
1.05566
1.00611
1.04941
1.03792
1.00632
1.01263
1.01064
1.05541
1.04338
1.04085
1.0086
1.00777
1.01167
1.09128
1.00816
1.02514
1.0883
1.01246
1.03985
1.01514
1.01967
1.05274
1.11556
1.03786
1.03961
1.06294
1.02612
1.0549
1.01533
1.01596
1.05101
1.03351
1.0175
1.01042
1.11504
1.01293
1.01558
1.0209
1.014
1.03392
1.02121
1.04103
1.00018
1.03975
1.07066
1.00317
1.04933
1.0456
1.07103
1.01527
1.01842
1.01828
1.02074
1.06782
1.0039
1.02056
1.01928
1.00674
1.10672
1.01366
1.02174
1.08175
1.01459
1.0249
1.01051
1.01576
1.02488
1.01849
1.02493
1.02247
1.01994
1.0905
1.01844
1.07081
1.03878
1.0738
1.03451
1.02036
1.0279
1.03545
1.05541
1.04833
1.05793
1.01214
1.02454
1.0094
1.01458
1.03467
1.00691
1.02844
1.02806
1.01916
1.00542
1.05723
1.14566
1.04292
1.01547
1.00727
1.018
1.00975
1.01971
1.08289
1.04297
1.00878
1.03184
1.01188
1.09363
1.01955
1.02353
1.01241
1.03675
1.00559
1.14375
1.01863
1.01808
1.02363
1.01071
1.16066
1.00067
1.10679
1.00299
1.00605
1.00696
1.01918
1.02412
1.00894
1.03867
1.01292
1.03399
1.03199
1.03288
1.086
1.125
1.02388
1.00687
1.01962
1.00714
1.04284
1.09152
1.01317
1.07287
1.04541
1.08006
1.03949
1.13501
1.03077
1.11516
1.02373
1.05975
1.05107
1.07903
1.17224
1.02907
1.06199
1.02757
1.05818
1.02753
1.15508
1.09457
1.13999
1.01207
1.11452
1.0098
1.01284
1.03781
1.02475
1.01932
1.0144
1.16065
1.02338
1.09194
1.01736
1.00893
1.05125
1.01123
1.03628
1.03554
1.00565
1.02187
1.03111
1.06333
1.01245
1.01345
1.02571
1.04064
1.05976
1.011
1.02414
1.02692
1.03154
1.02244
1.04287
1.05875
1.01012
1.02957
1.22592
1.0208
1.04681
1.10011
1.06378
1.00839
1.08569
1.00648
1.01208
1.03712
1.03088
1.04766
1.01623
1.04032
1.0259
1.05575
1.00843
1.0045
1.13569
1.03997
1.02347
1.01423
1.06294
1.22518
1.00733
1.12201
1.03116
1.05441
1.1038
1.09793
1.00908
1.02025
1.01621
1.00447
1.03799
1.02091
1.01291
1.00569
1.00122
1.02226
1.01272
1.03695
1.03668
1.01401
1.07883
1.02286
1.01329
1.01675
1.02228
1.03321
1.01502
1.00692
1.01325
1.02198
1.04264
1.22474
1.04296
1.10308
1.00961
1.01187
1.08544
1.04273
1.01304
1.0767
1.19672
1.12465
1.02324
1.02181
1.01538
1.02502
1.01678
1.00931
1.0304
1.05556
1.01231
1.03305
1.03325
1.06392
1.07274
1.09352
1.00691
1.0557
1.02572
1.02091
1.01752
1.01024
1.02564
1.03441
1.03744
1.0237
1.15143
1.01433
1.0055
1.10667
1.02192
1.03314
1.04936
1.0264
1.05398
1.13928
1.01047
1.07795
1.00718
1.03138
1.06196
1.00724
1.01766
1.01386
1.02007
1.01685
1.01412
1.05502
1.0452
1.1258
1.05733
1.09775
1.06541
1.03213
1.07025
1.07876
1.0205
1.06331
1.01309
1.09442
1.01329
1.01471
1.05126
1.02777
1.02937
1.01667
1.012
1.01787
1.02437
1.04403
1.00107
1.03744
1.01349
1.00593
1.02823
1.16471
1.07792
1.06697
1.08426
1.00667
1.04088
1.03011
1.05506
1.08193
1.05818
1.00476
1.11143
1.03556
1.03042
1.1261
1.01587
1.02911
1.05959
1.02922
1.02359
1.05995
1.10965
1.03618
1.04176
1.01305
1.05534
1.01454
1.06849
1.10599
1.03444
1.07508
1.00881
1.08583
1.05263
1.03475
1.05104
1.01468
1.01368
1.04207
1.01296
1.03833
1.14251
1.16041
1.03146
1.05603
1.01372
1.01697
1.01952
1.00521
1.0883
1.02319
1.07842
1.0301
1.02831
1.02448
1.00869
1.08955
1.01724
1.01733
1.02792
1.0478
1.01211
1.00956
1.09479
1.04314
1.00631
1.00669
1.01399
1.01736
1.01875
1.05475
1.06118
1.00578
1.01942
1.04247
1.0264
1.03039
1.02704
1.01029
1.02545
1.04935
1.11152
1.02599
1.10173
1.07163
1.02696
1.00758
1.10383
1.00164
1.11249
1.05217
1.01217
1.12696
1.0137
1.03563
1.03591
1.17219
1.03813
1.06745
1.03269
1.12552
1.01137
1.05253
1.01487
1.12047
1.03953
1.06296
1.03552
1.012
1.02997
1.01813
1.04238
1.02625
1.05851
1.01484
1.05238
1.0505
1.03937
1.03452
1.04015
1.0312
1.00897
1.13525
1.0171
1.00764
1.03824
1.02078
1.03916
1.06873
1.04348
1.01326
1.04875
1.11448
1.00825
1.00928
1.0486
1.00657
1.01843
1.01236
1.01936
1.06907
1.09737
1.00613
1.01507
1.00908
1.0072
1.01875
1.01601
1.01339
1.01496
1.02127
1.05779
1.01808
1.03687
1.01112
1.04665
1.07659
1.01136
1.00694
1.02816
1.00535
1.01999
1.06884
1.02132
1.00464
1.02405
1.00231
1.0073
1.07736
1.16427
1.01725
1.00592
1.06636
1.0302
1.05049
1.03753
1.14145
1.0425
1.01758
1.00805
1.02351
1.01508
1.00737
1.03811
1.01032
1.0193
1.0349
1.01037
1.0836
1.0346
1.03709
1.00643
1.05339
1.03579
1.00342
1.01215
1.01349
1.03411
1.05807
1.01794
1.02607
1.01017
1.0491
1.04991
1.19394
1.01136
1.07218
1.02472
1.01229
1.08293
1.01604
1.02194
1.05923
1.0134
1.08351
1.00313
1.14647
1.07131
1.05353
1.04216
1.01872
1.14939
1.05416
1.01945
1.04126
1.00059
1.01018
1.03575
1.03803
1.03669
1.03141
1.02474
1.03233
1.00153
1.02701
1.10985
1.10548
1.00244
1.00444
1.06057
1.01396
1.15036
1.02762
1.04242
1.09468
1.01009
1.00572
1.02309
1.08957
1.0057
1.02431
1.08855
1.00193
1.01782
1.01252
1.13185
1.05774
1.04673
1.03294
1.00806
1.00857
1.03211
1.01332
1.025
1.03787
1.00793
1.02419
1.00982
1.05716
1.02289
1.0432
1.04616
1.193
1.03614
1.03762
1.01869
1.0104
1.10156
1.00614
1.04457
1.00481
1.12066
1.07856
1.08879
1.10904
1.00563
1.10105
1.03453
1.00276
1.15853
1.02461
1.04221
1.01649
1.02638
1.03045
1.00414
1.0642
1.05229
1.15154
1.01958
1.03231
1.01349
1.01014
1.03799
1.01027
1.02688
1.01223
1.05595
1.04316
1.03441
1.10387
1.0857
1.08791
1.03179
1.03409
1.00821
1.08411
1.03072
1.03045
1.04951
1.0981
1.03019
1.5261
1.36498
1.12356
1.30135
1.15432
1.09095
1.12116
1.04802
1.04417
1.02085
1.10417
1.09678
1.02217
1.41558
1.39282
1.18921
1.29412
1.19348
1.11914
1.028
1.03227
1.1487
1.02996
1.02066
1.30398
1.01646
1.0955
1.03781
1.10902
1.03773
1.17766
1.03309
1.04189
1.04422
1.02776
1.05227
1.02972
1.0812
1.0724
1.02528
1.03455
1.02036
1.09752
1.04422
1.02321
1.04318
1.11031
1.08547
1.23033
1.15271
1.0393
1.12483
1.12072
1.02584
1.04872
1.07796
1.08536
1.05758
1.01789
1.11512
1.15708
1.12718
1.03487
1.48985
1.41846
1.04797
1.08304
1.26358
1.05079
1.14954
1.05838
1.16326
1.08123
1.05779
1.03402
1.08162
1.04363
1.08014
1.10042
1.02239
1.03911
1.09762
1.10607
1.5668
1.09221
1.11603
1.03493
1.35371
1.29981
1.31065
1.07917
1.15419
1.09543
1.06202
1.03835
1.0998
1.08065
1.09676
1.02227
1.17115
1.1102
1.25549
1.06908
1.23845
1.15885
1.13648
1.10167
1.06135
1.07021
1.13367
1.03847
1.13398
1.06092
1.17613
1.32379
1.03394
1.13836
1.03913
1.38253
1.14028
1.14477
1.04637
1.11984
1.03822
1.04093
1.16485
1.04879
1.07326
1.08338
1.33808
1.13277
1.04749
1.04166
1.10606
1.18121
1.1005
1.03603
1.03508
1.06878
1.05348
1.16019
1.21842
1.0348
1.03038
1.04237
1.04973
1.01752
1.02604
1.06277
1.09378
1.27123
1.05088
1.70326
1.05615
1.09807
1.09675
1.03763
1.08174
1.03357
1.10725
1.07701
1.09829
1.06011
1.11605
1.06358
1.03566
1.07471
1.18363
1.03965
1.17561
1.06668
1.06421
1.11394
1.33851
1.03743
1.06813
1.05185
1.15272
1.25722
1.0311
1.18439
1.14339
1.04705
1.02869
1.07032
1.2396
1.02898
1.11907
1.21997
1.25639
1.04856
1.02573
1.077
1.01048
1.03974
1.02947
1.03781
1.14761
1.40983
1.02295
1.4662
1.05534
1.03248
1.08973
1.03331
1.17435
1.17948
1.0664
1.17301
1.09689
1.18068
1.21541
1.01886
1.01873
1.03081
1.0602
1.14301
1.0989
1.32813
1.04107
1.02923
1.14272
1.03604
1.01961
1.09098
1.27141
1.07428
1.64059
1.04603
1.0753
1.06282
1.17209
1.02707
1.04397
1.22418
1.33935
1.03553
1.04253
1.03852
1.02359
1.02439
1.05037
1.14135
1.09044
1.69163
1.04216
1.18237
1.05648
1.20499
1.04684
1.15657
1.07104
1.07092
1.03666
1.01941
1.17601
1.04495
1.12075
1.02963
1.02436
1.02693
1.19574
1.08274
1.0378
1.11953
1.34259
1.07295
1.03053
1.27411
1.08197
1.30529
1.08965
1.04727
1.0155
1.45582
1.0633
1.13283
1.03322
1.0702
1.16137
1.08556
1.02652
1.05398
1.1191
1.01583
1.07399
1.15643
1.09689
1.29363
1.44088
1.07033
1.14335
1.12492
1.16149
1.06422
1.03831
1.60203
1.10678
1.04228
1.04601
1.02691
1.33847
1.04582
1.05789
1.12487
1.18405
1.03945
1.03466
1.04564
1.10199
1.24071
1.19335
1.03473
1.06069
1.01751
1.03417
1.0882
1.21333
1.07198
1.06617
1.01618
1.14179
1.06906
1.33654
1.01551
1.03415
1.03255
1.25427
1.13033
1.08608
1.46158
1.02648
1.02352
1.02531
1.04037
1.10875
1.29347
1.03293
1.01893
1.03921
1.04924
1.01072
1.07809
1.0665
1.07714
1.02464
1.12417
1.07958
1.02362
1.02951
1.01828
1.08423
1.05714
1.05595
1.07518
1.02433
1.03726
1.17201
1.02484
1.04882
1.40281
1.03893
1.08798
1.03236
1.06112
1.12685
1.20143
1.05429
1.05835
1.11353
1.0378
1.25473
1.03223
1.0437
1.07812
1.12615
1.11034
1.07302
1.19383
1.02629
1.03184
1.08312
1.03028
1.12642
1.04141
1.16786
1.01875
1.06357
1.09778
1.01544
1.09086
1.13768
1.09509
1.05747
1.04881
1.13944
1.0607
1.30369
1.02197
1.05223
1.08123
1.01408
1.18804
1.03664
1.03518
1.13298
1.02873
1.04719
1.03179
1.07783
2.33594
1.06032
1.07492
1.11755
1.05654
1.20809
1.0438
1.19579
1.06297
1.18213
1.05479
1.09181
1.04871
1.08169
1.09517
1.07308
1.12149
1.04461
1.06317
1.02823
1.04623
1.16214
1.02795
1.04768
1.08057
1.04263
1.0225
1.12025
1.42756
1.07242
1.04481
1.01637
1.04738
1.02362
1.05805
1.18344
1.07599
1.01689
1.05541
1.0364
1.18573
1.03987
1.06692
1.03068
1.06958
1.02774
1.52733
1.04943
1.0594
1.05381
1.02047
1.23279
1.01252
1.27894
1.02828
1.02152
1.04116
1.04572
1.04023
1.04263
1.07033
1.02599
1.06212
1.04272
1.11833
1.15569
1.3136
1.0756
1.03586
1.12021
1.03262
1.05863
1.16924
1.05673
1.11715
1.14205
1.20888
1.13952
1.19361
1.06038
1.1448
1.04401
1.09868
1.08728
1.38682
1.32626
1.07948
1.10613
1.09481
1.1007
1.09878
1.2368
1.15519
1.34355
1.05874
1.34464
1.02749
1.03222
1.14705
1.07038
1.03785
1.03427
1.23863
1.05446
1.16427
1.03988
1.04242
1.0916
1.03449
1.07635
1.0576
1.01009
1.0843
1.05542
1.16983
1.04017
1.02714
1.04557
1.07543
1.16239
1.02753
1.09271
1.05436
1.04376
1.13603
1.06684
1.88859
1.03577
1.05121
1.38797
1.04314
1.13432
1.14933
1.25651
1.02379
1.18034
1.03119
1.03507
1.0573
1.05633
1.06194
1.03712
1.2448
1.07024
1.07035
1.0265
1.02182
1.21159
1.11773
1.09907
1.02495
1.10214
1.60281
1.02636
1.21113
1.05749
1.10451
1.13494
1.19983
1.01916
1.04058
1.03747
1.02522
1.06664
1.02682
1.04653
1.01404
1.02805
1.11493
1.03562
1.19834
1.06874
1.02583
1.09759
1.04169
1.03213
1.02673
1.05161
1.06823
1.04007
1.03252
1.02775
1.02641
1.08142
1.37933
1.05021
1.18281
1.02333
1.03192
1.21446
1.17017
1.03921
1.10582
1.32463
1.22551
1.06792
1.03955
1.07875
1.04456
1.03341
1.05223
1.0489
1.12706
1.04409
1.07974
1.07432
1.17131
1.08991
1.2123
1.02189
1.14361
1.09332
1.08597
1.03722
1.03907
1.05867
1.07731
1.08845
1.19467
1.20344
1.03562
1.02604
1.35785
1.04024
1.23349
1.16262
1.10833
1.11259
1.23021
1.03425
1.14903
1.02741
1.23604
1.13823
1.03372
1.0397
1.0337
1.06195
1.098
1.03379
1.07505
1.07369
1.22563
1.09527
1.14985
1.17953
1.10268
1.12066
1.10009
1.04378
1.08796
1.05274
1.18312
1.03487
1.03577
1.08791
1.04914
1.18625
1.04716
1.02509
1.06507
1.08928
1.21113
1.0143
1.0638
1.03614
1.02932
1.04896
1.25569
1.47318
1.1177
1.16288
1.03027
1.05579
1.04896
1.1148
1.10303
1.11782
1.03358
1.1862
1.32801
1.04818
1.34695
1.04196
1.05062
1.23411
1.04138
1.05682
1.22551
1.38133
1.0822
1.05542
1.02508
1.09383
1.04787
1.11747
1.24371
1.06886
1.10586
1.03295
1.33352
1.10803
1.04888
1.24923
1.04979
1.03163
1.11601
1.03745
1.0658
1.19443
1.30824
1.0658
1.10618
1.03629
1.03133
1.05489
1.01459
1.14459
1.04083
1.09275
1.06445
1.04542
1.04685
1.02978
1.3241
1.03291
1.04007
1.06469
1.09656
1.02608
1.03639
1.20155
1.09301
1.01853
1.02003
1.05144
1.02923
1.03931
1.17849
1.29621
1.03096
1.50236
1.09653
1.06476
1.10744
1.05073
1.02867
1.05376
1.103
1.19447
1.06302
1.24435
1.11273
1.04797
1.02532
1.28281
1.01813
1.20542
1.12191
1.03589
1.27902
1.02453
1.06343
1.05291
1.25424
1.06875
1.10717
1.09485
1.18169
1.01915
1.0689
1.0342
1.2861
1.06305
1.12317
1.06435
1.04275
1.07767
1.03513
1.10216
1.05958
1.07705
1.03478
1.08626
1.10258
1.08519
1.07054
1.08674
1.06581
1.03076
1.31343
1.04128
1.01726
1.05988
1.16054
1.05471
1.10919
1.07914
1.02355
1.08751
1.19891
1.02669
1.01802
1.09911
1.01737
1.03212
1.02525
1.04693
1.11117
1.15781
1.01965
1.03808
1.02222
1.01459
1.05498
1.03051
1.03522
1.03175
1.06113
1.09792
1.08062
1.1032
1.03298
1.12523
1.15973
1.03273
1.03818
1.06629
1.01177
1.03702
1.221
1.14177
1.01782
1.05859
1.00775
1.03324
1.12719
1.25912
1.03994
1.016
1.13114
1.0451
1.08314
1.16706
1.33943
1.07648
1.06963
1.03018
1.05534
1.02843
1.02028
1.0944
1.02856
1.04627
1.05706
1.02576
2.06003
1.098
1.09173
1.01228
1.10891
1.05409
1.0537
1.02188
1.02904
1.07882
1.08061
1.08171
1.05093
1.03572
1.12398
1.12318
1.38163
1.03502
1.19565
1.08699
1.02934
1.1484
1.04409
1.07896
1.15178
1.03507
1.1945
1.00958
1.28651
1.12215
1.08005
1.23621
1.03654
1.19349
1.19922
1.0392
1.22097
1.01221
1.04357
1.06361
1.06978
1.08364
1.06356
1.04817
1.06652
1.01471
1.04541
1.21878
1.17689
1.01724
1.01961
1.07631
1.03815
1.23109
1.09483
1.12282
1.24911
1.03054
1.01844
1.05304
1.12672
1.0215
1.04028
1.20089
1.01425
1.06433
1.03193
1.22039
1.15075
1.93458
1.05008
1.03023
1.02215
1.06244
1.02531
1.04071
1.08519
1.02576
1.07887
1.02617
1.1329
1.04211
1.07775
1.09619
1.37647
1.1935
1.10619
1.07917
1.04607
1.18296
1.01935
1.06572
1.01571
1.15349
1.13669
1.10636
1.18383
1.01921
1.97952
1.05888
1.01025
1.36054
1.04517
1.11533
1.03921
1.0796
1.04785
1.015
1.09461
1.09226
1.29191
1.02804
1.08172
1.03841
1.02323
1.06667
1.02454
1.06264
1.02891
1.11219
1.08269
1.05035
1.1772
1.25685
1.13978
1.04983
1.10894
1.02393
1.2371
1.06983
1.069
1.10285
1.11687
2.60058
2.8211
2.09391
1.33047
2.72543
3.46844
2.55883
3.33542
2.50916
2.17044
1.33012
2.71328
2.9049
2.85101
2.17778
1.83483
2.77377
1.97567
2.36032
1.98736
2.71694
2.15198
1.61169
2.10856
1.94467
1.96354
2.62256
2.73126
2.19803
2.23093
2.27687
2.79504
1.74699
2.79281
1.27438
1.76624
1.41719
1.57626
2.24504
2.60772
2.92753
1.88604
2.57127
1.38872
2.00091
1.11857
2.19656
2.95851
1.63362
2.92857
2.36311
1.50557
2.16308
2.49271
1.37905
2.83619
1.42138
3.28756
1.89281
2.5815
1.41366
2.12901
2.61358
1.35999
2.78543
1.70056
2.70283
2.04858
1.95912
2.29049
2.2827
1.17542
1.73598
1.11998
2.86699
1.53519
3.18286
3.24223
3.00096
3.19823
2.13611
2.20167
2.12422
2.00597
2.22415
2.57447
2.4791
2.56981
3.23984
2.2142
1.96906
1.22749
1.82056
1.43928
2.93362
3.11508
1.49834
2.19039
1.59108
3.3062
2.36469
2.58341
3.00748
1.84541
2.33316
2.42152
2.53505
2.51603
2.02019
1.77802
1.94783
2.18934
1.76927
3.05005
2.76857
1.41136
1.61392
1.69172
1.95907
2.91972
1.62765
2.321
3.25007
1.72219
2.35614
1.56889
1.72041
2.29605
2.07257
1.39689
3.36665
2.69402
2.13466
2.95612
2.24481
1.81028
1.69259
2.10101
1.32497
1.85375
1.35901
2.29605
2.27157
1.76723
2.45944
3.27242
1.65247
1.28219
1.76112
1.5739
3.35272
1.44941
2.67347
2.34501
2.89881
2.45274
1.94272
3.11242
1.9648
1.57703
1.99665
2.43526
2.01458
3.44292
2.61189
2.44835
1.83827
2.78306
2.13908
1.66539
2.3815
2.29651
2.91365
1.88457
1.53621
2.21547
2.29918
1.91254
2.01678
2.03219
1.21672
2.81666
1.84566
3.0446
1.44166
1.34647
1.79615
2.311
2.57477
2.39823
1.9363
1.28166
2.39308
1.36664
1.34695
2.33956
2.99947
2.15045
2.19437
2.39994
3.47613
2.00641
1.87897
1.23054
2.04704
1.86111
2.38808
2.48911
3.17286
2.21459
2.42669
1.83973
2.88431
1.40009
1.86586
1.85061
1.63062
1.34659
1.53258
2.50948
2.97911
2.1706
1.70716
1.31455
1.81591
1.47494
2.14083
1.67732
2.16069
2.20743
2.34022
3.28127
1.80174
1.75204
1.46745
2.72256
1.70487
1.37855
2.87106
2.19512
1.27402
2.0053
3.30716
1.95459
3.59427
2.34634
1.38149
2.29462
1.67994
2.2992
1.5238
2.36077
1.77833
2.59567
2.71994
2.46073
1.67072
2.46888
1.52257
2.14141
1.47783
2.18417
1.75244
1.4016
2.38128
1.64674
2.3456
1.43049
2.37598
2.82135
1.72946
2.68882
3.33057
2.49976
2.07384
3.00736
2.75066
2.37811
2.15478
3.06284
2.5803
1.71036
1.03681
3.01819
2.93771
1.53464
1.1771
1.59101
2.4495
1.50565
2.31153
1.23437
1.66256
2.24066
3.50327
1.8857
2.70335
2.28454
2.0435
3.26398
2.13762
2.46601
1.76414
1.97126
3.16804
2.20563
1.84879
1.06442
1.89841
1.51666
2.37703
2.46216
3.09908
3.08734
2.97637
1.35266
2.38085
2.40244
1.68358
2.64167
2.1244
1.16654
2.98594
2.72622
3.08349
3.24052
1.64035
1.7553
3.04733
2.1848
2.30438
2.43277
2.42961
1.97833
1.62774
1.75281
2.11737
2.4839
3.07862
1.1563
1.54717
2.24868
2.00007
2.22705
1.84537
1.59981
1.17541
3.06612
2.02244
1.60561
2.64144
2.87406
1.66538
1.23524
2.1982
1.9375
1.63112
1.63515
1.60929
2.46364
2.02789
1.97851
1.54563
2.68932
1.44849
2.61224
1.38033
2.19764
1.48246
1.51243
1.4743
2.4444
2.1083
1.34101
2.89651
3.04331
2.33007
1.2952
1.50987
1.88325
3.15128
1.43569
1.78643
2.32405
2.14097
2.02361
1.63578
1.92315
2.0047
2.6669
2.11603
1.76846
2.14325
1.80592
2.14407
2.33528
1.7651
1.99626
1.87052
3.22488
1.60924
2.91682
2.24625
2.34646
1.552
1.69253
3.56252
3.03771
1.91779
2.02626
1.25193
2.85888
1.75574
2.4753
2.83838
2.51638
1.85481
3.38361
2.09307
2.84635
1.36232
1.36617
1.77726
3.22731
2.087
2.5046
2.07678
1.86601
3.28345
2.40397
1.12122
1.71017
1.77339
1.99269
1.53374
2.0888
2.47868
2.33723
2.55203
2.26311
2.91828
2.48661
1.22381
2.39382
2.51027
1.32226
3.07432
1.50019
1.07601
1.82782
2.00606
2.66201
1.92475
3.16436
1.47906
1.93279
1.97233
2.36417
1.91904
2.53803
2.67627
1.96888
2.2128
1.42667
2.46981
1.81638
2.87065
2.32172
2.94443
2.63613
1.5459
2.82195
2.98707
3.23076
1.9626
1.83465
1.77843
1.68901
2.33927
1.46238
1.79612
2.06522
2.37131
1.97496
1.88553
1.46132
1.24195
2.85753
1.30588
1.61497
2.15199
1.83549
3.26979
2.30337
2.42066
2.57437
2.18055
1.30825
2.44107
2.20147
2.99129
2.05022
1.75947
1.54921
2.68367
1.82287
2.72352
2.42446
1.46682
2.05308
1.21222
1.53015
1.13605
2.44778
2.26573
2.20283
2.76039
2.45227
3.36144
3.25953
1.83725
1.87313
3.46579
1.19247
2.72799
1.58711
2.61318
1.90831
1.98617
2.31829
2.09234
2.09026
1.64721
1.50713
2.60297
2.76021
1.50341
2.71408
1.23506
2.78362
2.5961
1.71641
2.02029
1.8026
3.02731
2.33157
2.29931
1.38727
2.6984
1.44843
1.28898
2.36998
2.15938
1.97573
1.52655
2.13312
3.25292
2.03997
2.13703
2.48977
2.19643
1.39645
2.30011
2.54819
2.13834
3.08747
1.93292
3.12644
2.05768
2.37328
2.36857
2.97922
1.76651
1.46756
1.63999
2.25927
2.76922
1.45757
1.35754
1.59463
2.43342
1.34189
2.53332
1.72859
1.4422
2.83667
2.98605
2.45117
1.99751
2.65277
3.09779
1.30456
2.57981
2.15604
1.53393
2.12759
1.5317
1.65793
2.16429
2.63345
1.67504
1.78828
2.45679
2.52898
2.07696
2.2604
1.80594
2.37015
1.19441
3.06719
1.67979
1.94969
2.54757
2.73806
1.93078
1.85485
3.07065
2.22457
1.15146
2.46982
1.58137
2.77612
1.88253
2.34181
3.4247
2.08393
3.12679
2.77422
2.2273
1.61346
1.97552
1.94927
2.68136
2.75103
3.08805
2.82901
2.50344
1.41147
1.58016
2.27093
3.62823
1.73958
3.32242
1.9342
1.38498
1.741
2.10391
2.99302
1.86198
1.11805
3.20294
1.23442
2.16143
2.37121
3.20813
2.41074
2.39435
2.20904
2.86032
1.47052
2.9519
1.6364
1.88604
2.00326
1.61824
1.7974
2.95987
1.6344
1.83596
2.00078
1.59335
1.76609
2.00634
1.88919
3.70636
2.00039
2.23773
1.89031
2.44754
2.44311
2.96145
2.21631
2.87166
1.89983
2.61868
1.64759
1.94026
1.46399
2.15492
2.36648
1.92064
1.67506
2.88108
2.20584
3.56761
2.28321
2.78283
1.26322
1.8214
2.55658
2.59039
2.30012
2.61131
3.07485
2.26947
1.56406
2.05298
2.1016
2.39412
2.41206
1.47151
2.37024
1.99934
2.43395
2.82228
1.80215
2.62469
2.12847
2.2203
2.19636
1.623
2.36606
2.40861
2.24048
1.5699
1.80865
1.59166
2.34463
1.42956
2.97084
1.66731
2.07251
1.19906
2.63061
1.43911
1.74067
2.92417
1.97651
2.25384
2.67829
1.20193
2.14082
2.22839
2.56791
1.03717
1.86136
2.58958
2.28477
1.76374
2.34142
2.14305
2.53051
2.34038
3.05985
2.83602
1.78989
2.40345
1.225
2.99454
2.87196
1.97199
2.48368
2.01976
2.47427
3.37802
2.36373
2.92913
2.35266
2.5577
1.60384
1.90875
1.88656
1.73837
2.04393
1.64487
2.07267
1.74007
1.204
2.94437
3.24163
1.15975
2.09187
1.56214
2.7406
1.79194
1.39216
2.51564
2.5896
2.30652
1.31058
1.33467
2.46279
2.32717
2.41057
1.36242
3.1706
2.62529
2.71422
2.53936
2.06659
1.26195
2.1642
2.41715
1.34019
2.20978
2.89085
2.38675
2.5685
2.04209
1.91979
2.88365
2.49236
1.65013
1.96347
1.55055
2.79004
2.02033
2.50521
2.70324
2.19696
1.70444
1.51495
1.84463
2.86498
1.81646
1.80732
1.55776
2.00692
2.75536
2.64269
1.49118
2.58699
2.2537
1.23201
1.7169
2.69176
2.58504
2.43142
1.53496
2.66464
1.53315
1.67345
3.57851
1.26937
2.28557
1.78753
3.01264
1.65781
2.82672
2.36336
2.10366
1.77837
2.10377
2.71539
2.11362
2.2456
2.23486
2.67025
2.35802
2.04457
2.48982
2.35692
3.22983
2.47807
3.09119
1.3707
2.37006
2.49921
1.69144
1.46047
2.53446
2.49014
2.73604
1.71443
1.14679
2.57861
2.69056
2.33741
1.64702
2.82819
2.45152
2.16357
1.93103
2.26732
2.08903
1.85376
1.97508
3.33637
1.47699
1.96631
2.61304
3.00993
2.56561
2.20271
2.25325
1.81274
1.97332
1.42045
2.48075
1.28726
2.12349
2.20681
1.4579
2.12295
3.15766
2.67776
2.56738
3.22005
2.8453
2.40667
1.37776
2.71195
1.88184
1.67704
2.4359
1.94036
1.8726
1.71999
1.18658
2.08769
1.72629
1.63117
2.00451
1.86992
2.00194
1.99933
1.18108
1.74427
2.34586
1.67657
2.39334
2.43889
1.55481
2.74407
2.36876
2.02457
3.13671
1.6231
2.527
2.32021
1.95441
1.35456
2.16578
3.01241
1.47333
1.66405
1.69075
2.3083
1.50454
2.85252
1.80386
2.28502
2.41124
2.58321
2.81205
1.64347
2.25086
2.43593
1.90473
2.08461
1.56439
1.92987
1.66518
2.28636
2.14609
3.29371
1.79184
1.14189
1.59297
2.13066
1.74471
1.67623
2.84715
2.35975
1.60023
2.26779
2.36331
2.15604
3.10694
1.21526
3.18552
1.82974
1.59431
2.01506
2.05526
2.0253
2.14777
3.05264
1.06378
2.71382
1.51248
1.91974
1.43169
2.34048
2.4453
2.54764
1.84192
1.42043
2.56095
1.87693
211111000.0
181205000.0
289813000.0
428800000.0
195932000.0
147593000.0
223798000.0
156314000.0
226923000.0
282850000.0
621550000.0
194483000.0
183649000.0
186706000.0
268587000.0
340411000.0
206896000.0
260394000.0
234147000.0
264916000.0
216394000.0
286443000.0
364744000.0
292868000.0
347079000.0
264455000.0
225400000.0
194372000.0
280979000.0
257524000.0
281133000.0
183150000.0
400923000.0
190042000.0
543708000.0
375304000.0
492184000.0
456496000.0
267266000.0
204698000.0
192998000.0
359105000.0
228714000.0
545184000.0
321393000.0
765581000.0
265752000.0
181925000.0
437755000.0
178387000.0
218522000.0
491711000.0
247472000.0
201374000.0
542676000.0
192035000.0
558799000.0
153778000.0
340359000.0
215846000.0
508370000.0
294250000.0
215535000.0
603908000.0
190239000.0
377364000.0
208701000.0
298270000.0
284340000.0
270444000.0
237703000.0
622508000.0
360180000.0
575494000.0
175787000.0
478999000.0
166940000.0
160063000.0
172026000.0
166504000.0
297925000.0
261883000.0
273331000.0
293564000.0
252097000.0
207771000.0
220118000.0
231047000.0
156309000.0
270257000.0
261860000.0
588963000.0
324732000.0
428622000.0
170862000.0
171075000.0
457020000.0
271752000.0
406497000.0
152575000.0
219944000.0
203540000.0
173756000.0
347294000.0
223118000.0
214693000.0
214841000.0
220785000.0
268851000.0
353353000.0
349225000.0
274665000.0
355945000.0
169228000.0
192252000.0
471877000.0
452529000.0
344635000.0
338642000.0
183223000.0
356888000.0
218437000.0
158961000.0
307872000.0
249450000.0
492954000.0
394376000.0
250696000.0
307774000.0
513724000.0
150385000.0
198222000.0
259148000.0
171459000.0
225095000.0
350817000.0
433729000.0
276699000.0
639507000.0
348852000.0
584779000.0
221613000.0
231432000.0
409760000.0
220263000.0
156837000.0
380255000.0
645640000.0
397796000.0
463728000.0
154883000.0
422623000.0
212386000.0
226742000.0
191712000.0
249009000.0
307160000.0
165426000.0
273320000.0
449189000.0
316563000.0
211737000.0
319347000.0
146830000.0
220486000.0
204615000.0
336251000.0
196250000.0
258314000.0
428615000.0
256412000.0
217535000.0
175136000.0
333349000.0
330219000.0
275608000.0
232947000.0
338091000.0
249222000.0
249524000.0
671145000.0
187366000.0
359715000.0
171849000.0
531921000.0
590645000.0
353686000.0
247729000.0
204499000.0
211650000.0
280332000.0
558606000.0
257637000.0
536335000.0
592256000.0
251217000.0
171433000.0
274188000.0
245943000.0
214869000.0
143552000.0
300154000.0
328188000.0
639355000.0
298597000.0
357067000.0
215792000.0
209422000.0
159443000.0
260570000.0
213545000.0
366264000.0
181574000.0
552194000.0
356495000.0
328100000.0
449059000.0
518303000.0
461567000.0
221523000.0
172139000.0
301915000.0
383759000.0
621990000.0
349641000.0
474333000.0
289308000.0
403527000.0
282629000.0
264566000.0
245517000.0
160709000.0
298582000.0
361674000.0
506371000.0
193707000.0
308000000.0
558980000.0
175986000.0
292198000.0
651003000.0
300069000.0
154354000.0
297449000.0
140123000.0
252638000.0
509724000.0
232496000.0
430431000.0
259820000.0
519939000.0
224193000.0
332735000.0
195241000.0
186457000.0
240394000.0
426019000.0
221540000.0
410242000.0
275302000.0
493274000.0
286213000.0
299814000.0
448565000.0
233693000.0
423160000.0
226075000.0
482085000.0
244699000.0
180678000.0
375075000.0
192250000.0
151144000.0
232050000.0
307997000.0
179206000.0
193389000.0
223960000.0
298993000.0
171247000.0
195747000.0
399852000.0
698176000.0
177710000.0
183636000.0
485204000.0
600676000.0
394183000.0
205105000.0
478438000.0
230488000.0
578951000.0
372714000.0
245052000.0
144398000.0
335917000.0
189188000.0
228060000.0
295612000.0
156491000.0
290495000.0
230623000.0
323839000.0
305847000.0
159529000.0
278047000.0
320352000.0
667892000.0
348678000.0
483737000.0
233975000.0
207464000.0
175894000.0
163383000.0
171207000.0
585419000.0
248261000.0
237965000.0
344516000.0
196204000.0
292867000.0
700914000.0
170991000.0
199325000.0
165726000.0
162323000.0
458661000.0
385309000.0
167384000.0
234327000.0
268595000.0
211018000.0
239913000.0
333607000.0
393361000.0
362252000.0
280651000.0
226814000.0
165376000.0
728584000.0
479153000.0
283237000.0
326786000.0
253332000.0
338550000.0
404007000.0
735640000.0
164659000.0
319320000.0
446703000.0
217463000.0
188960000.0
364841000.0
588215000.0
259632000.0
333009000.0
445216000.0
431591000.0
380390000.0
232782000.0
311078000.0
277627000.0
466904000.0
201887000.0
504388000.0
216862000.0
542759000.0
244447000.0
461568000.0
401955000.0
426921000.0
225661000.0
294883000.0
534470000.0
185457000.0
166286000.0
261143000.0
610343000.0
506152000.0
304914000.0
159596000.0
500627000.0
386105000.0
246738000.0
286439000.0
316335000.0
418240000.0
360858000.0
312050000.0
191560000.0
312005000.0
369542000.0
286073000.0
323657000.0
291965000.0
255842000.0
397543000.0
330988000.0
339843000.0
162735000.0
443131000.0
188271000.0
267861000.0
217082000.0
470363000.0
408214000.0
140290000.0
171153000.0
313142000.0
322285000.0
662547000.0
183319000.0
403538000.0
228446000.0
191946000.0
222083000.0
326473000.0
149875000.0
290955000.0
181236000.0
441106000.0
522063000.0
355797000.0
158777000.0
291711000.0
223188000.0
258277000.0
312267000.0
157146000.0
233526000.0
764024000.0
417955000.0
404447000.0
335273000.0
454807000.0
284025000.0
223239000.0
265611000.0
207935000.0
238452000.0
176358000.0
239654000.0
683716000.0
246918000.0
225139000.0
607707000.0
163916000.0
461447000.0
788100000.0
363502000.0
309649000.0
197244000.0
317757000.0
164802000.0
501499000.0
321286000.0
339838000.0
233629000.0
337108000.0
226040000.0
207271000.0
306675000.0
246403000.0
571875000.0
210300000.0
385950000.0
192827000.0
257825000.0
185142000.0
209042000.0
484544000.0
187914000.0
175068000.0
156897000.0
318723000.0
385130000.0
331914000.0
325308000.0
251216000.0
544570000.0
390229000.0
315465000.0
229266000.0
289020000.0
340421000.0
420258000.0
568647000.0
179201000.0
566145000.0
334916000.0
278180000.0
282925000.0
160958000.0
238191000.0
217406000.0
214037000.0
254773000.0
562549000.0
214986000.0
290170000.0
176645000.0
308970000.0
297944000.0
412377000.0
204796000.0
384792000.0
186528000.0
243416000.0
510891000.0
306881000.0
656898000.0
457018000.0
703581000.0
209167000.0
267689000.0
243124000.0
196745000.0
251335000.0
149767000.0
162659000.0
331428000.0
341498000.0
143581000.0
660689000.0
195711000.0
431395000.0
220945000.0
349846000.0
301427000.0
244921000.0
269532000.0
291181000.0
431597000.0
461559000.0
200720000.0
184307000.0
449839000.0
196038000.0
669827000.0
187650000.0
210711000.0
380843000.0
299764000.0
287725000.0
171407000.0
262015000.0
236660000.0
578015000.0
208925000.0
490643000.0
570553000.0
215836000.0
283501000.0
325932000.0
465271000.0
267584000.0
155166000.0
318523000.0
258538000.0
228696000.0
290022000.0
512357000.0
223144000.0
203167000.0
294527000.0
164042000.0
310489000.0
169709000.0
257547000.0
240415000.0
254144000.0
179511000.0
391794000.0
524607000.0
375204000.0
249928000.0
207595000.0
511764000.0
607330000.0
453398000.0
244937000.0
563085000.0
213872000.0
369816000.0
418420000.0
178226000.0
184495000.0
210211000.0
317628000.0
212482000.0
168023000.0
635896000.0
221886000.0
247106000.0
415142000.0
236533000.0
412365000.0
337065000.0
272799000.0
220707000.0
371214000.0
369207000.0
242830000.0
202391000.0
258378000.0
241714000.0
362494000.0
221213000.0
700434000.0
164335000.0
407092000.0
347367000.0
211081000.0
188937000.0
346107000.0
337165000.0
174771000.0
255060000.0
456311000.0
227438000.0
468320000.0
194879000.0
304945000.0
259753000.0
152014000.0
306034000.0
165530000.0
191936000.0
270803000.0
453847000.0
264613000.0
329221000.0
214649000.0
190552000.0
172534000.0
190018000.0
229841000.0
534451000.0
392458000.0
247140000.0
138344000.0
327977000.0
156677000.0
346746000.0
542458000.0
410904000.0
300180000.0
169690000.0
370993000.0
624250000.0
168137000.0
492824000.0
278798000.0
225924000.0
157324000.0
226752000.0
232673000.0
279657000.0
178295000.0
414617000.0
172522000.0
393387000.0
366891000.0
250575000.0
433735000.0
354527000.0
172298000.0
412395000.0
365195000.0
309141000.0
445350000.0
408161000.0
312721000.0
334400000.0
136899000.0
279321000.0
275804000.0
359527000.0
229547000.0
231643000.0
179497000.0
253324000.0
193353000.0
343123000.0
197982000.0
421519000.0
287716000.0
404843000.0
277985000.0
263897000.0
324667000.0
389789000.0
180633000.0
249553000.0
143139000.0
244749000.0
187515000.0
544496000.0
376531000.0
212757000.0
215181000.0
241435000.0
195464000.0
165640000.0
245334000.0
470481000.0
280394000.0
268247000.0
226270000.0
223800000.0
527708000.0
233637000.0
287271000.0
222063000.0
184221000.0
384668000.0
209796000.0
274393000.0
282103000.0
268870000.0
338199000.0
218547000.0
224997000.0
255474000.0
460643000.0
368457000.0
454726000.0
255544000.0
441543000.0
177404000.0
331085000.0
304620000.0
651838000.0
200916000.0
515404000.0
364749000.0
178106000.0
326062000.0
273734000.0
200075000.0
632875000.0
302464000.0
243151000.0
220418000.0
861273000.0
346585000.0
223374000.0
265370000.0
381998000.0
253672000.0
290590000.0
238315000.0
255883000.0
167224000.0
193723000.0
351980000.0
243030000.0
658733000.0
179293000.0
190894000.0
287590000.0
211013000.0
290240000.0
212912000.0
149157000.0
263845000.0
173351000.0
265755000.0
210036000.0
442837000.0
330752000.0
312365000.0
373722000.0
299376000.0
395021000.0
248483000.0
375938000.0
517934000.0
181851000.0
159193000.0
709900000.0
248829000.0
447157000.0
194257000.0
354525000.0
524662000.0
216175000.0
219486000.0
250513000.0
577659000.0
567433000.0
234989000.0
228733000.0
245272000.0
493968000.0
166243000.0
197219000.0
199239000.0
218691000.0
299850000.0
640086000.0
261985000.0
225831000.0
566986000.0
250845000.0
185030000.0
225499000.0
202528000.0
306535000.0
324577000.0
182070000.0
211852000.0
431324000.0
313758000.0
406860000.0
198905000.0
314637000.0
224538000.0
204600000.0
241781000.0
334527000.0
502237000.0
365144000.0
189165000.0
365539000.0
375257000.0
453870000.0
323940000.0
195336000.0
218477000.0
430917000.0
212418000.0
268008000.0
656660000.0
389282000.0
190595000.0
220181000.0
244598000.0
465399000.0
209318000.0
450960000.0
419077000.0
140908000.0
656695000.0
245514000.0
397496000.0
179158000.0
369044000.0
185918000.0
253721000.0
304311000.0
341285000.0
260487000.0
187991000.0
301336000.0
257628000.0
269304000.0
215162000.0
253485000.0
308230000.0
218464000.0
258417000.0
154963000.0
231674000.0
172933000.0
516487000.0
249594000.0
210636000.0
389315000.0
480594000.0
225796000.0
231107000.0
182672000.0
431199000.0
709404000.0
212542000.0
208409000.0
231674000.0
444471000.0
185686000.0
248606000.0
287406000.0
297921000.0
236570000.0
298401000.0
332314000.0
333421000.0
153777000.0
445532000.0
334262000.0
220700000.0
167401000.0
225585000.0
282684000.0
277062000.0
281758000.0
273032000.0
465472000.0
234895000.0
607620000.0
247424000.0
286010000.0
501929000.0
306071000.0
170947000.0
211146000.0
205519000.0
160270000.0
188708000.0
222655000.0
539564000.0
196963000.0
368497000.0
391048000.0
210764000.0
283021000.0
362461000.0
401104000.0
536785000.0
305808000.0
358059000.0
431186000.0
318450000.0
330328000.0
327804000.0
324704000.0
678057000.0
355724000.0
263585000.0
389777000.0
229425000.0
247303000.0
466310000.0
205493000.0
234552000.0
289630000.0
162326000.0
432921000.0
231081000.0
267118000.0
325444000.0
527752000.0
281489000.0
178965000.0
521572000.0
430312000.0
418889000.0
247497000.0
475837000.0
184847000.0
359130000.0
253012000.0
227584000.0
213541000.0
198894000.0
425103000.0
229452000.0
244380000.0
320408000.0
302609000.0
361609000.0
309676000.0
335158000.0
241224000.0
291600000.0
154058000.0
334562000.0
764875000.0
359236000.0
279143000.0
392388000.0
414010000.0
183271000.0
234222000.0
462365000.0
232217000.0
218381000.0
239435000.0
164924000.0
622236000.0
165507000.0
357574000.0
425273000.0
326081000.0
305799000.0
311829000.0
242539000.0
169737000.0
516962000.0
187022000.0
417463000.0
319738000.0
507202000.0
253825000.0
249150000.0
220546000.0
361901000.0
531561000.0
197323000.0
286903000.0
