1.05553
1.01648
1.10002
1.00838
1.04335
1.02476
1.15419
1.26057
1.05619
1.00053
1.00531
1.03341
1.00503
1.0186
1.20815
1.08763
1.00957
1.01845
1.01372
1.02971
1.01977
1.11446
1.05055
1.00419
1.02797
1.02517
1.12069
1.01906
1.00311
1.06106
1.0588
1.04826
1.01629
1.0132
1.0147
1.05098
1.02386
1.02665
1.01458
1.10566
1.00338
1.03462
1.00064
1.0357
1.01351
1.02188
1.01281
1.04507
1.03249
1.02723
1.0336
1.06487
1.03635
1.0041
1.00311
1.06788
1.05071
1.02694
1.04104
1.02875
1.03361
1.03302
1.04451
1.01526
1.07064
1.12687
1.03724
1.01477
1.01266
1.00956
1.04323
1.02556
1.00711
1.01947
1.01382
1.0105
1.01135
1.03107
1.01703
1.00963
1.06116
1.06415
1.03619
1.04431
1.02184
1.02189
1.10082
1.00801
1.09745
1.01505
1.09135
1.1047
1.03817
1.07568
1.0697
1.00907
1.03703
1.03203
1.01278
1.05861
1.00539
1.00402
1.03727
1.01825
1.00845
1.02371
1.03579
1.063
1.02167
1.00886
1.00394
1.00867
1.00553
1.00844
1.02027
1.01253
1.06035
1.0378
1.0085
1.008
1.0973
1.01387
1.05993
1.08069
1.01555
1.03603
1.02018
1.09946
1.07006
1.02437
1.0356
1.04163
1.01046
1.03652
1.04944
1.00795
1.0217
1.0668
1.03434
1.14183
1.17356
1.03427
1.17249
1.00774
1.04623
1.01315
1.01007
1.04665
1.00385
1.03134
1.0164
1.02101
1.04202
1.02504
1.06998
1.03619
1.02044
1.12859
1.06466
1.05128
1.05855
1.03432
1.04249
1.01489
1.08265
1.0158
1.01438
1.15404
1.11387
1.10114
1.06237
1.01426
1.01305
1.01339
1.1121
1.03701
1.01322
1.01645
1.02135
1.08625
1.07752
1.06512
1.02613
1.01959
1.03248
1.0003
1.03232
1.06335
1.1403
1.0012
1.01151
1.03833
1.05958
1.01277
1.10085
1.07804
1.00611
1.06978
1.05404
1.0214
1.00333
1.0724
1.008
1.02675
1.03694
1.03628
1.02272
1.06926
1.09651
1.09141
1.0064
1.09173
1.03487
1.01477
1.10306
1.02989
1.02459
1.00626
1.04663
1.01493
1.02297
1.01745
1.03255
1.01999
1.01294
1.06782
1.11285
1.10142
1.02058
1.13182
1.0254
1.01043
1.00926
1.01542
1.01055
1.08616
1.02649
1.04965
1.04752
1.11457
1.01064
1.11575
1.03216
1.08411
1.04415
1.11168
1.01222
1.02188
1.02488
1.03705
1.04205
1.05172
1.02372
1.01532
1.05467
1.02449
1.17559
1.04099
1.0088
1.01011
1.07292
1.00338
1.03068
1.1091
1.01111
1.03725
1.01053
1.11347
1.01063
1.01042
1.03399
1.03707
1.15157
1.01464
1.01258
1.00623
1.15516
1.00605
1.10121
1.02244
1.0284
1.0134
1.01582
1.02772
1.03443
1.04186
1.03949
1.08386
1.01628
1.00899
1.03155
1.01916
1.0095
1.02729
1.03253
1.04404
1.05801
1.02034
1.0158
1.04384
1.06509
1.06578
1.00843
1.01496
1.10378
1.02134
1.06832
1.04325
1.05826
1.02671
1.07826
1.00065
1.03692
1.00907
1.02763
1.02128
1.01454
1.00795
1.0437
1.01276
1.03969
1.00488
1.20121
1.13601
1.10608
1.0179
1.08795
1.0336
1.06367
1.0936
1.01861
1.00911
1.10371
1.02226
1.01277
1.04252
1.03618
1.04043
1.01682
1.0307
1.16183
1.04038
1.08079
1.03156
1.04287
1.12721
1.04058
1.16496
1.01879
1.00729
1.04421
1.15684
1.01529
1.08943
1.02088
1.00252
1.03485
1.07775
1.01931
1.04842
1.02488
1.02069
1.03293
1.00645
1.05135
1.04609
1.02907
1.04601
1.01878
1.03007
1.04395
1.0821
1.02972
1.0889
1.05434
1.05957
1.02798
1.028
1.04549
1.01241
1.00727
1.03023
1.03143
1.00945
1.04983
1.02347
1.05969
1.04082
1.05529
1.10601
1.04658
1.04015
1.02346
1.09951
1.0413
1.03922
1.00688
1.01133
1.06428
1.00778
1.09489
1.01417
1.06346
1.01898
1.01103
1.0066
1.0747
1.01185
1.04314
1.05788
1.04758
1.00912
1.05267
1.13765
1.00488
1.03823
1.01516
1.07519
1.01399
1.08623
1.16154
1.07226
1.05891
1.10579
1.08886
1.09204
1.03326
1.0293
1.02762
1.01458
1.07139
1.01374
1.02743
1.04737
1.01267
1.01781
1.17223
1.04529
1.08164
1.01021
1.11319
1.00648
1.00303
1.06714
1.05345
1.10339
1.02329
1.04386
1.06883
1.01923
1.01085
1.00445
1.04475
1.04867
1.01151
1.01925
1.00667
1.01441
1.02004
1.01026
1.09881
1.05132
1.1115
1.06791
1.00523
1.00838
1.03676
1.01675
1.16391
1.08154
1.00059
1.06167
1.03673
1.16732
1.01432
1.05788
1.02267
1.03873
1.01934
1.01808
1.02959
1.05477
1.04179
1.13123
1.02774
1.06857
1.01097
1.02423
1.01668
1.11932
1.00334
1.07269
1.22143
1.07326
1.03229
1.03196
1.01507
1.07937
1.00592
1.01866
1.06678
1.0298
1.00657
1.03631
1.03884
1.04068
1.14024
1.00174
1.02017
1.02036
1.04979
1.00497
1.01988
1.01137
1.02473
1.00681
1.29994
1.08493
1.07191
1.0197
1.01063
1.02204
1.08543
1.04088
1.02053
1.03524
1.04066
1.08233
1.03827
1.24303
1.09481
1.04038
1.03548
1.0151
1.01647
1.01058
1.0167
1.04809
1.01346
1.05317
1.02647
1.03193
1.10654
1.00878
1.02276
1.03525
1.05161
1.02662
1.03799
1.02592
1.01708
1.06661
1.04521
1.03472
1.04058
1.12346
1.04568
1.01834
1.09897
1.03399
1.02113
1.00607
1.02113
1.01406
1.09649
1.02327
1.03071
1.09241
1.01927
1.0113
1.11916
1.02649
1.02959
1.02814
1.00664
1.04142
1.02632
1.03276
1.01859
1.06852
1.03545
1.08732
1.02638
1.01444
1.01738
1.11079
1.07003
1.04437
1.00212
1.0616
1.06198
1.04605
1.02347
1.08423
1.02097
1.00369
1.00789
1.03161
1.10106
1.03125
1.05193
1.06755
1.01044
1.03642
1.01759
1.04299
1.01145
1.12273
1.03984
1.02332
1.01128
1.00878
1.15801
1.0322
1.02686
1.05916
1.05816
1.01902
1.09906
1.01776
1.00319
1.18509
1.00952
1.07406
1.1439
1.02962
1.03651
1.04898
1.03137
1.12094
1.00368
1.04296
1.04199
1.00433
1.02441
1.01656
1.03547
1.00099
1.0163
1.05011
1.01876
1.06574
1.02478
1.05177
1.02934
1.022
1.02758
1.0232
1.00504
1.00344
1.04142
1.02931
1.0401
1.01274
1.00298
1.08264
1.03316
1.03326
1.02335
1.08871
1.03669
1.07553
1.01941
1.19262
1.02418
1.04873
1.01372
1.00242
1.01384
1.00078
1.12047
1.01519
1.00415
1.09591
1.01582
1.04734
1.05424
1.01295
1.10875
1.01645
1.01623
1.04981
1.10496
1.01852
1.02592
1.08786
1.01762
1.02208
1.03771
1.03249
1.18872
1.06305
1.01462
1.01594
1.0383
1.00391
1.0812
1.05627
1.01114
1.1309
1.00957
1.03024
1.03028
1.03384
1.01314
1.02686
1.07726
1.04639
1.04558
1.0344
1.06687
1.05532
1.07376
1.01713
1.05139
1.02804
1.06954
1.01961
1.02117
1.0109
1.02644
1.0732
1.01983
1.05332
1.06302
1.00451
1.03917
1.0072
1.02039
1.0246
1.04062
1.0296
1.01215
1.04778
1.04407
1.01935
1.00768
1.07077
1.05109
1.03944
1.07357
1.00585
1.05588
1.07718
1.08037
1.02918
1.10181
1.10658
1.03655
1.011
1.05375
1.01047
1.02409
1.0158
1.07292
1.07251
1.04113
1.08468
1.06373
1.0367
1.04853
1.0076
1.01817
1.0396
1.02163
1.03576
1.0492
1.01789
1.03437
1.0473
1.01107
1.12862
1.00805
1.16525
1.01147
1.04451
1.05293
1.02211
1.02616
1.02076
1.01917
1.24996
1.04837
1.02142
1.03554
1.01068
1.03604
1.04271
1.09672
1.04056
1.00656
1.0683
1.0619
1.05762
1.0249
1.03773
1.01283
1.06381
1.015
1.087
1.07214
1.01641
1.02403
1.00964
1.05836
1.00664
1.10901
1.02103
1.04554
1.00079
1.02207
1.00495
1.0391
1.0072
1.1476
1.10764
1.14557
1.02344
1.05044
1.03991
1.05521
1.01823
1.06769
1.05242
1.0342
1.00806
1.02303
1.02065
1.03645
1.01002
1.1256
1.02529
1.01188
1.06743
1.04141
1.01937
1.00303
1.03308
1.18209
1.02201
1.15478
1.02628
1.00329
1.01403
1.02283
1.01806
1.05318
1.02819
1.00462
1.05272
1.01005
1.02873
1.02436
1.00869
1.02752
1.03754
1.05153
1.02783
1.01097
1.00649
1.04375
1.07975
1.03975
1.00435
1.02863
1.07115
1.00458
1.01409
1.09507
1.09624
1.00608
1.01141
1.02546
1.05295
1.0109
1.04935
1.06098
1.05078
1.02487
1.0096
1.01318
1.00078
1.01241
1.10219
1.02744
1.01376
1.05889
1.09665
1.01854
1.02213
1.05824
1.14475
1.04129
1.03618
1.01956
1.06324
1.05049
1.01916
1.06666
1.01046
1.16495
1.03823
1.03274
1.03075
1.03665
1.05432
1.00292
1.05346
1.04601
1.03919
1.00923
1.01061
1.02116
1.14049
1.0159
1.00676
1.02343
1.04135
1.18194
1.07125
1.05612
1.02536
1.02523
1.12373
1.01922
1.02544
1.00956
1.0173
1.03277
1.01322
1.1227
1.17373
1.03573
1.01456
1.11554
1.01246
1.02831
1.04559
1.05467
1.01246
1.01652
1.04173
1.00792
1.06077
1.12973
1.02196
1.0274
1.00805
1.01251
1.01659
1.0343
1.1115
1.00674
1.02119
1.01595
1.08586
1.05359
1.02405
1.08248
1.00307
1.12003
1.0847
1.02019
1.00181
1.00881
1.03612
1.01494
1.15462
1.01006
1.12486
1.05432
1.00427
1.01509
1.00733
1.0209
1.04477
1.06747
1.02378
1.02281
1.00307
1.04682
1.17436
1.00323
1.03822
1.0167
1.03624
1.0213
1.18841
1.01676
1.0311
1.08399
1.11368
1.09845
1.04995
1.0188
1.01302
1.08578
1.03699
1.09242
1.05985
1.34522
1.05078
1.20076
1.02087
1.59453
1.09304
1.32921
1.48078
1.13068
1.00726
1.01977
1.06916
1.01336
1.05943
1.5459
1.17145
1.03038
1.04571
1.04326
1.07218
1.05071
1.23287
1.13539
1.0157
1.06945
1.04819
1.18
1.05369
1.02668
1.12408
1.17893
1.35129
1.06591
1.04005
1.02742
1.1182
1.0432
1.064
1.03359
1.33046
1.0131
1.06757
1.01548
1.04855
1.03125
1.06121
1.02459
1.08768
1.06082
1.15201
1.07809
1.1602
1.07296
1.03806
1.01959
1.27153
1.07776
1.05105
1.06092
1.06886
1.10723
1.05698
1.10621
1.04343
1.16578
1.17431
1.08211
1.03415
1.04814
1.03148
1.15306
1.0557
1.02243
1.07742
1.03562
1.02422
1.03846
1.10283
1.04787
1.06444
1.0838
1.11288
1.07243
1.24836
1.19791
1.03937
1.14806
1.03052
1.24193
1.02749
1.21886
1.14648
1.13442
1.12065
1.11118
1.03263
1.25921
1.08664
1.03235
1.13685
1.01853
1.01218
1.04682
1.0421
1.03076
1.05003
1.06922
1.10467
1.17338
1.04311
1.02422
1.02679
1.02334
1.01696
1.05694
1.04045
1.13432
1.098
1.03543
1.01952
1.18573
1.02666
1.08183
1.12614
1.03963
1.08174
1.02807
1.3945
1.16242
1.03987
1.09835
1.06688
1.02917
1.06572
1.07237
1.02405
1.05815
1.11264
1.06425
1.30617
1.39335
1.05207
1.37356
1.02115
1.15606
1.0244
1.02262
1.07994
1.03779
1.10807
1.03176
1.03777
1.0726
1.03454
1.12231
1.06065
1.03971
1.30202
1.13571
1.08833
1.11671
1.07178
1.09012
1.04057
1.14724
1.03259
1.02565
1.31476
1.27408
1.21628
1.11116
1.05462
1.02105
1.0292
1.34368
1.06024
1.03074
1.03223
1.06354
1.40172
1.12441
1.11287
1.04845
1.06174
1.07584
1.01945
1.07628
1.15016
1.41498
1.01445
1.02807
1.11628
1.26908
1.03644
1.12011
1.12178
1.0226
1.23361
1.13627
1.04673
1.02438
1.30229
1.02458
1.05802
1.06593
1.10444
1.05828
1.1413
1.14242
1.14548
1.03402
1.14421
1.06273
1.03757
1.14347
1.05706
1.04709
1.0189
1.10386
1.02519
1.06875
1.03715
1.12156
1.05039
1.03799
1.0908
1.21707
1.24199
1.05187
1.24884
1.04157
1.03439
1.03491
1.03479
1.03595
1.15836
1.10973
1.07165
1.09583
1.72511
1.02672
1.27228
1.05624
1.10099
1.11121
1.25084
1.0203
1.05627
1.04558
1.09876
1.12058
1.07484
1.05199
1.03764
1.13311
1.06946
1.2862
1.10124
1.02097
1.03928
1.34592
1.01496
1.15111
1.18825
1.02111
1.06299
1.03834
1.22195
1.02949
1.02464
1.10378
1.05731
1.21794
1.05249
1.0351
1.0419
1.23396
1.01434
1.22097
1.22529
1.05428
1.03215
1.05206
1.21889
1.06647
1.07262
1.06353
1.09997
1.03284
1.02935
1.20541
1.04106
1.0273
1.06519
1.06362
1.09995
1.10844
1.04183
1.15951
1.07712
1.21507
1.10571
1.06027
1.0295
1.1587
1.07251
1.1158
1.15719
1.15869
1.19343
1.39035
1.02001
1.05356
1.02551
1.14766
1.03862
1.06159
1.03254
1.08977
1.02701
1.07318
1.03256
1.44052
1.21267
1.16836
1.13361
1.10858
1.78165
1.077
1.22932
1.03696
1.03176
1.47899
1.14947
1.06738
1.11686
1.06134
1.0588
1.04139
1.03829
1.31814
1.0695
1.25693
1.08497
1.10733
1.18594
1.07459
1.32254
1.05326
1.03518
1.08655
1.2849
1.0383
1.10641
1.04718
1.01568
1.06704
1.09776
1.07143
1.10256
1.09376
1.0533
1.25556
1.01451
1.1429
1.13221
1.0555
1.10773
1.0385
1.0439
1.09613
1.13126
1.13094
1.24178
1.12617
1.07788
1.03892
1.09331
1.16777
1.04012
1.04668
1.06546
1.07391
1.02496
1.12748
1.06366
1.182
1.11704
1.16579
1.17403
1.0709
1.06785
1.07012
1.4088
1.13368
1.07087
1.02558
1.03749
1.11579
1.02241
1.22263
1.02741
1.09347
1.02888
1.02639
1.02595
1.14558
1.03687
1.0758
1.08495
1.08334
1.03103
1.17245
1.19784
1.02522
1.5516
1.03577
1.52849
1.03734
1.16806
1.28106
1.12485
1.19339
1.17844
1.13336
1.16276
1.06063
1.07738
1.10001
1.0355
1.11658
1.04104
1.07999
1.0934
1.02575
1.04154
1.27104
1.19036
1.26642
1.07721
1.14138
1.02875
1.01918
1.1202
1.14779
1.17624
1.05001
1.20233
1.144
1.04878
1.12794
1.01777
1.0876
1.08173
1.03128
1.07235
1.0395
1.03575
1.04011
1.02247
1.25859
1.17369
1.14152
1.11296
1.0182
1.03571
1.06412
1.0452
1.30276
1.16891
1.01722
1.08452
1.08096
1.42282
1.08897
1.09116
1.0862
1.08763
1.03574
1.03846
1.06474
1.10572
1.1271
1.1837
1.05531
1.09491
1.03164
1.08639
1.05104
1.22907
1.01971
1.12908
1.40282
1.13867
1.06372
1.0592
1.04289
1.19562
1.0171
1.05162
1.23841
1.05504
1.01896
1.05853
1.12902
1.07749
1.24225
1.02147
1.04141
1.06828
1.09992
1.03268
1.07524
1.0252
1.05429
1.02265
1.82383
1.09882
1.09149
1.06261
1.02239
1.03599
1.16445
1.11067
1.04671
1.13353
1.09603
1.14784
1.06181
1.58363
1.16954
1.28981
1.11617
1.03738
1.0452
1.03268
1.08168
1.12257
1.02938
1.14992
1.04113
1.05736
1.40639
1.02598
1.04117
1.19469
1.13088
1.09637
1.13529
1.0798
1.0378
1.15946
1.0709
1.0571
1.05579
1.22669
1.07271
1.08526
1.16659
1.06234
1.10088
1.021
1.10669
1.02998
1.25058
1.06433
1.08614
1.35913
1.03729
1.02736
1.25909
1.06703
1.06005
1.07863
1.01277
1.09299
1.08568
1.14978
1.05201
1.10156
1.07201
1.27551
1.08206
1.02835
1.02623
1.2334
1.14089
1.69649
1.0156
1.19521
1.11036
1.60684
1.1185
1.1183
1.05455
1.01284
1.02318
1.0782
1.19301
1.06669
1.10841
1.08763
1.02392
1.09668
1.04563
1.07569
1.02856
1.25412
1.06324
1.03952
1.03459
1.02623
1.18102
1.05465
1.47457
1.2134
1.12711
1.03549
1.39373
1.05362
1.01735
1.31958
1.03195
1.13899
1.16937
1.07932
1.13505
1.2385
1.06222
1.17242
1.0193
1.11833
1.2501
1.02243
1.04096
1.04437
1.08469
1.02253
1.02843
1.08268
1.03759
1.14524
1.05468
1.1049
1.04926
1.04636
1.06134
1.04421
1.0399
1.01911
1.07012
1.05247
1.07202
1.03391
1.01823
1.16621
1.05896
1.11164
1.06523
1.18744
1.07522
1.14748
1.1761
1.39703
1.07704
1.08042
1.03501
1.0221
1.03468
1.01165
1.30195
1.03039
1.02011
1.17963
1.03943
1.09822
1.11801
1.03119
1.19633
1.03758
1.07868
1.07422
1.12587
1.0403
1.03794
1.12774
1.0286
1.03528
1.1075
1.05581
1.63655
1.08845
1.06654
1.04842
1.08624
1.01324
1.1581
1.0968
1.01988
1.34264
1.03131
1.05298
1.05647
1.09028
1.02598
1.06091
1.19752
1.08554
1.15435
1.06909
1.12525
1.09196
1.14217
1.02003
1.07622
1.1618
1.24233
1.03678
1.60992
1.03111
1.04083
1.10899
1.03931
1.08524
1.09996
1.02682
1.21004
1.01654
2.32076
1.04422
1.06703
1.08637
1.03956
1.41493
1.07276
1.15302
1.04324
1.1248
1.13358
1.09151
1.11331
1.02634
1.13904
1.1141
1.21391
1.06848
1.11944
1.18451
1.06296
1.03203
1.1437
1.01664
1.05041
1.04124
1.09013
1.15426
1.05331
1.13645
1.15078
1.07017
1.08948
1.02764
1.04373
1.11329
1.07493
1.05371
1.06272
1.04739
1.0784
1.09217
1.02371
1.22658
1.03713
1.29031
1.03158
1.12024
1.11901
1.03651
1.0844
1.06089
1.05095
1.36192
1.15007
1.06739
1.09049
1.01607
1.13058
1.08811
1.21447
1.06463
1.01684
1.12965
1.13385
1.20533
1.03539
1.15753
1.04597
1.14443
1.03551
1.31675
1.18253
1.02756
1.0442
1.02208
1.0859
1.01726
1.28105
1.03718
1.09756
1.01482
1.10654
1.02561
1.08656
1.02909
1.35821
1.1573
1.33342
1.04174
1.09708
1.08163
1.11961
1.0313
1.09762
1.16592
1.0527
1.02705
1.06003
1.04482
1.09482
1.0229
1.16913
1.06568
1.06322
1.13583
1.07336
1.03996
1.03904
1.04598
1.25504
1.06082
1.21846
1.06311
1.01714
1.03304
1.06758
1.04207
1.07388
1.04708
1.02117
1.09724
1.03428
1.05664
1.06084
1.05303
1.07353
1.14262
1.0674
1.18365
1.03213
1.02141
1.09413
1.10668
1.07055
1.03053
1.10141
1.10779
1.01177
1.03553
1.12918
1.16248
1.02263
1.05554
1.03492
1.12242
1.0205
1.08977
1.4273
1.07785
1.04455
1.03634
1.02716
1.0179
1.02999
1.16064
1.06213
1.03246
1.13067
1.2669
1.0552
1.04067
1.23097
1.16227
1.04962
1.08505
1.0596
1.09295
1.09613
1.04077
1.17302
1.02517
1.27358
1.08372
1.0717
1.11649
1.06854
1.11175
1.01627
1.09099
1.08325
1.07907
1.02315
1.04297
1.04854
1.53575
1.0412
1.01798
1.05324
1.08222
1.59456
1.14806
1.42138
1.04993
1.11905
1.31097
1.05296
1.1287
1.02487
1.32403
1.0587
1.05717
1.2535
1.29267
1.05668
1.02799
1.17158
1.02376
1.07878
1.11785
1.12715
1.02726
1.03175
1.08086
1.01665
1.1097
1.30563
1.04703
1.05775
1.03256
1.0388
1.08282
1.16954
1.18667
1.01649
1.05137
1.03316
1.72968
1.09511
1.04374
1.10375
1.01266
1.2468
1.38057
1.04616
1.01463
1.05992
1.09368
1.02558
1.23486
1.02578
1.23234
1.07617
1.01509
1.03092
1.02337
1.10071
1.09912
1.08938
1.07233
1.12427
1.01724
1.08302
1.33666
1.02335
1.19135
1.02848
1.07046
1.045
1.40694
1.04363
1.06069
1.11286
1.14928
1.2141
1.18921
1.04763
1.03239
1.21099
1.06336
1.23241
1.10219
2.47089
1.9868
1.74526
1.79588
2.74069
2.21234
1.64557
2.39902
1.86786
1.66374
2.16006
2.18786
2.29381
2.42172
2.52734
2.42551
2.57226
1.60892
1.91994
3.57046
1.15331
2.38694
2.02575
1.28387
2.5549
2.74581
1.96466
3.23043
2.10332
2.55135
1.59417
2.83372
3.13265
1.41837
2.83239
2.29644
3.07945
1.95003
1.44151
1.95826
1.84412
1.41128
1.28902
2.09771
2.14403
2.55453
1.80671
2.50077
1.47913
1.77559
1.59798
1.82886
1.93953
1.50039
1.90461
2.72408
2.26564
2.77694
2.66225
2.12389
1.32333
3.39096
2.4126
2.24617
3.26898
1.89152
2.34499
2.92314
3.26717
1.60792
2.32749
2.56504
1.26871
1.19177
2.56724
2.54528
1.98425
2.88122
2.41582
3.17438
2.5908
1.69677
2.47407
1.37712
1.84726
1.85414
2.34538
2.239
1.90663
2.44496
2.79635
1.86461
2.17228
3.3402
3.08884
2.03392
1.92291
3.08743
2.87052
2.2364
3.31772
1.77229
1.92401
2.08465
2.6204
1.60303
1.46435
2.78869
1.67147
2.56563
2.59077
3.16339
2.27629
1.18698
2.39146
1.28205
1.84552
2.19643
1.71882
1.88005
1.65364
2.08173
1.35127
2.09589
2.00895
2.26182
2.30715
1.60975
2.43936
2.32461
1.66788
2.73843
1.10088
1.69399
2.69401
2.66975
1.50165
2.54615
3.0237
2.1786
2.57068
2.07781
2.71906
3.25725
1.88242
2.60955
3.2551
2.72958
1.65159
2.43473
2.47688
2.20428
2.17565
1.44799
2.30542
1.82271
2.69296
2.46362
2.61062
1.48888
2.39255
1.41046
2.79957
1.84183
1.66252
3.21463
1.19805
2.56359
2.48826
1.96608
2.5071
2.17192
1.55478
2.13452
2.38073
2.55006
2.28392
2.17122
1.63296
2.54067
1.58905
2.00778
2.59024
2.52105
1.24721
1.74695
3.15662
2.76121
2.27825
1.59244
1.84253
2.3237
2.87976
2.69141
2.08313
1.61562
2.27478
2.00675
2.39315
3.09082
1.28616
2.91503
1.25369
2.90061
2.974
2.80307
3.2096
1.91522
1.95997
1.46732
1.44265
3.3117
2.77099
1.72584
1.985
2.7416
3.18094
3.04591
1.33092
2.92202
1.29312
2.91916
1.26081
3.25612
1.4823
2.57377
1.62295
2.31953
2.73539
3.38281
1.6712
2.97582
3.0334
2.33408
2.12232
1.48443
2.10916
2.2163
1.62844
3.13592
3.23967
1.81814
2.14241
1.8282
1.54816
3.13447
2.54715
2.53185
2.46621
2.62605
2.56994
1.81223
2.22222
2.39567
1.79128
1.32558
2.56553
1.58108
2.68921
1.42905
2.27673
3.0498
2.5777
2.27833
2.70969
3.37573
1.27104
1.68936
1.27063
2.87205
1.93235
2.09564
1.65644
3.46293
2.90055
1.87096
2.27861
2.57129
1.77929
2.48464
2.59991
2.24709
1.64086
2.71012
2.17578
1.80386
1.22647
1.70138
2.64137
1.54379
1.38827
2.33125
2.19581
2.01532
2.15105
1.82568
2.38965
2.44808
2.33408
2.69793
3.01831
1.38582
1.42914
2.70475
2.85332
3.10025
2.2586
2.76083
1.29082
2.2404
2.68494
2.09226
2.38563
1.83587
2.05233
1.51858
2.51253
2.19882
2.85451
1.15364
1.6508
2.05417
2.76037
1.93229
2.23946
1.40176
1.40566
1.9881
2.07649
1.94524
1.64435
2.50533
1.97995
1.35539
1.81198
2.27584
1.16186
1.97616
3.07069
2.70632
2.46646
2.76868
2.43893
2.1746
2.5644
1.651
1.73301
1.7106
1.8449
1.62516
1.64992
2.10528
1.50415
1.94512
2.22334
1.55659
1.60374
1.69914
1.24992
2.17719
1.54497
2.64466
2.25938
2.21993
2.07114
2.94216
3.46241
1.26756
2.9858
1.67832
2.94133
1.85997
2.5196
1.73191
1.4405
1.56755
2.67645
2.08963
2.8366
1.27956
1.54459
2.05333
2.91465
2.84855
3.0093
1.75951
1.62849
1.9702
2.39454
1.97918
1.71349
3.40972
2.93973
1.78497
3.20274
2.76753
1.36825
1.64642
2.64101
1.41725
1.95254
2.67506
1.90931
2.35975
2.37789
1.37695
1.49364
2.46774
2.68111
2.72583
1.7441
2.20497
2.61635
1.83393
1.96277
2.08345
2.95849
2.25092
2.59994
2.61963
2.65773
2.22156
1.36389
2.01567
1.31301
2.36213
3.24508
2.37331
1.37426
3.07239
2.6985
1.92334
1.18766
2.53378
1.92992
3.095
1.49877
2.10783
2.96119
1.99018
1.63771
2.54155
1.13566
1.72935
2.27768
2.99574
2.86142
1.99363
2.5652
2.27202
2.25625
1.78167
1.91585
2.51826
3.43292
2.12635
2.49843
2.11107
2.56292
1.50266
2.2758
3.01407
1.88135
2.28757
2.41913
1.14579
2.51949
2.95235
2.48965
1.80731
1.26939
2.10275
2.06528
1.55966
1.68111
1.55697
2.74184
1.8443
3.06091
2.16755
1.68651
3.1517
1.36639
1.69397
2.77624
2.09828
2.99013
1.59386
2.36034
2.86645
1.48646
2.55332
1.97128
1.99687
3.44314
2.35033
1.70133
2.51538
1.30992
1.58485
2.61817
2.03436
1.80769
2.63325
1.24751
2.03874
1.59732
1.95316
2.4911
1.78057
2.59375
3.17313
1.68367
2.38718
3.22155
1.48343
2.42436
1.88936
1.98227
2.70775
1.11432
1.65158
2.92796
3.1643
2.99252
2.23252
1.36303
1.97153
2.45975
2.01611
2.43657
1.81176
1.75949
1.53339
1.98885
1.41301
2.59119
2.52629
2.92206
1.39065
2.98424
3.12506
2.20848
1.82532
2.59686
2.32353
2.49769
2.53695
2.17252
1.67233
1.77473
1.82677
1.88605
1.50579
2.3578
2.25832
2.04285
2.58305
1.54588
1.68345
1.63205
1.63421
2.21321
2.43398
2.13319
3.12525
1.90544
1.72422
1.73255
2.59128
2.47195
2.46394
1.51384
1.77761
1.5717
1.23667
1.49206
2.49345
2.4726
2.07434
1.44088
1.97766
2.46045
2.84114
1.39974
2.19408
2.23002
2.38144
2.39686
2.29874
2.25551
2.40106
3.36952
2.30528
2.81124
1.10006
2.21708
1.47071
2.23723
1.48458
1.57514
1.80155
1.85177
1.46155
1.73961
2.68364
3.22731
3.24238
1.90578
1.66645
2.39979
3.15769
1.84424
2.22472
2.65295
1.41883
2.53659
3.01236
2.28994
2.46633
2.83629
2.30311
3.22113
1.90788
1.77139
1.70434
2.91635
2.4382
1.18074
2.47702
2.10898
1.43374
2.8167
3.6149
1.95691
2.69038
3.29248
1.91829
1.92823
2.91308
3.14185
2.86178
2.80791
2.44172
2.15226
2.59921
2.90714
1.17767
1.86992
1.51245
3.0814
1.97509
3.17855
2.20792
1.8931
3.22617
2.57859
1.49405
2.94512
2.99625
2.2816
2.49657
2.26732
2.20551
2.17661
2.2861
2.06341
1.86403
2.58166
3.24275
3.08488
2.50349
1.79972
2.3075
2.91282
1.57973
2.01788
2.65053
2.99284
2.23819
2.00288
2.6489
2.46777
3.31443
2.66594
1.51499
1.31148
1.51286
2.65864
2.57898
2.48491
1.21982
2.07396
1.78085
1.80483
2.8824
2.04614
1.99254
2.37613
1.69337
1.53791
1.72029
2.10306
2.1694
1.20347
2.48616
2.27927
2.57611
1.40348
2.15705
1.84147
2.54538
2.43948
2.74826
1.36034
2.09503
2.41615
2.07074
2.28478
1.92661
1.76249
1.61459
2.08208
2.27202
1.32702
1.39793
2.72853
2.40246
2.68787
2.86021
1.96333
1.45092
2.11405
2.66986
1.95444
1.23447
2.80365
1.87625
3.3912
1.93192
1.99147
1.40743
1.89986
1.52135
1.40678
2.78611
1.44626
2.19615
2.33102
2.40836
1.60618
1.48422
1.98274
3.55254
2.59793
2.72749
1.31952
1.98759
2.24965
2.6075
2.20063
2.55618
2.2345
2.96957
1.23896
2.64126
1.90316
2.83414
3.01625
1.47307
1.64917
1.50684
1.30085
1.8774
1.84727
2.71096
2.35967
1.94704
1.54944
2.6529
1.95274
2.77874
2.189
1.88125
1.98211
2.31611
1.90783
2.7578
1.88368
1.98826
1.31591
2.35785
2.87052
2.27265
1.54451
2.95207
1.38164
2.2218
3.3654
2.63704
2.68548
2.32027
2.4333
1.80127
2.18037
2.03637
1.74953
1.41556
2.64223
2.29581
2.28415
1.96004
1.7469
3.28043
2.49551
2.24119
2.0798
2.27154
1.83187
2.27842
1.36946
1.20808
2.25735
2.07808
2.87012
1.35659
3.23081
1.59233
3.10859
2.32695
2.26904
1.47023
1.29847
2.37896
2.71096
3.05741
1.52811
1.6881
1.83131
2.49584
1.71513
2.96098
1.52701
2.75569
2.74754
2.6178
2.03437
1.52863
2.27885
3.0759
1.36954
2.5465
2.65
2.04013
2.1848
2.37538
1.35205
3.02591
2.39093
3.16173
1.39576
2.03592
1.70411
1.05145
1.52501
2.29408
1.71736
2.73019
2.01298
1.8471
2.4979
2.52539
1.93558
2.35098
1.64794
2.17043
1.92869
2.39397
1.47971
2.09383
2.34328
1.4192
2.30147
2.22512
2.46429
1.92544
1.64642
1.70856
2.26579
1.26242
1.72379
2.00267
2.34357
2.23134
1.84121
2.61019
1.77234
3.12024
2.96976
2.20867
2.89122
2.30651
3.36092
2.92258
1.21018
2.19337
2.31461
3.12942
3.72676
2.24712
1.52772
2.96461
2.57824
2.20068
1.88917
1.83786
2.76529
1.81908
2.77038
1.72751
1.70006
3.04887
3.07009
2.60804
1.86246
3.18069
1.8466
2.82958
2.58892
2.73299
1.69807
1.80934
1.79448
1.2482
2.47873
2.12121
1.30145
1.76427
2.16739
2.3744
1.68898
2.28764
2.84494
1.97408
2.40559
3.03459
2.64283
2.72693
2.1922
1.72544
2.22504
1.6485
2.62038
1.74783
2.83063
2.51802
2.40063
3.27539
1.41727
1.62364
1.95507
2.91044
2.4125
1.68829
2.04661
1.41045
1.44781
2.73039
1.55799
2.85617
1.72575
1.09767
2.82204
3.29563
2.89987
1.96605
1.69764
2.0285
1.59947
2.3496
1.80733
1.94588
1.40221
2.0102
2.68691
3.01016
1.31334
2.12785
1.5777
1.47941
2.36549
2.83648
2.27821
1.92724
2.56403
2.84457
2.28942
1.73329
2.08798
3.15988
206291000.0
307570000.0
397747000.0
362904000.0
186680000.0
283997000.0
317973000.0
215226000.0
302562000.0
441418000.0
293903000.0
275795000.0
256316000.0
252462000.0
218613000.0
231699000.0
234144000.0
424515000.0
344595000.0
140855000.0
656104000.0
250632000.0
310685000.0
630784000.0
222836000.0
190300000.0
295097000.0
161459000.0
313628000.0
215016000.0
425823000.0
188522000.0
161828000.0
544124000.0
182048000.0
251458000.0
163115000.0
325266000.0
509880000.0
329583000.0
371612000.0
472644000.0
648249000.0
274701000.0
288164000.0
229544000.0
356741000.0
207472000.0
497434000.0
360948000.0
428767000.0
336277000.0
317293000.0
519675000.0
356393000.0
189934000.0
230702000.0
190841000.0
190984000.0
275795000.0
584208000.0
146361000.0
242177000.0
275897000.0
156936000.0
281144000.0
248166000.0
186432000.0
161183000.0
449513000.0
257378000.0
216055000.0
650898000.0
700573000.0
220493000.0
221564000.0
321921000.0
192275000.0
235439000.0
170212000.0
193384000.0
381476000.0
219758000.0
525942000.0
371952000.0
340454000.0
224536000.0
276820000.0
329783000.0
233648000.0
196478000.0
282371000.0
297826000.0
153371000.0
169679000.0
328218000.0
342859000.0
177946000.0
191516000.0
249246000.0
156956000.0
372075000.0
301398000.0
282079000.0
219478000.0
417720000.0
427039000.0
192485000.0
422944000.0
233776000.0
230243000.0
165213000.0
269471000.0
705125000.0
252062000.0
632676000.0
364090000.0
274930000.0
414591000.0
340569000.0
359026000.0
276075000.0
472389000.0
264154000.0
313644000.0
272950000.0
241155000.0
382727000.0
237325000.0
230852000.0
417028000.0
189077000.0
773484000.0
388605000.0
193393000.0
213614000.0
449919000.0
214388000.0
169960000.0
268253000.0
212144000.0
271236000.0
185497000.0
160181000.0
343484000.0
208676000.0
156904000.0
190102000.0
458877000.0
241325000.0
231015000.0
249569000.0
265043000.0
455090000.0
227816000.0
343411000.0
196446000.0
206761000.0
202491000.0
447106000.0
244842000.0
500363000.0
193196000.0
357322000.0
393553000.0
158241000.0
651729000.0
199010000.0
204729000.0
300929000.0
214228000.0
288990000.0
466981000.0
293636000.0
220650000.0
221520000.0
254918000.0
266395000.0
421663000.0
219318000.0
364085000.0
298492000.0
218223000.0
225811000.0
616178000.0
389941000.0
161408000.0
180880000.0
238378000.0
478167000.0
352275000.0
241470000.0
183422000.0
207802000.0
257070000.0
346224000.0
272396000.0
277745000.0
235906000.0
169550000.0
640036000.0
173794000.0
622202000.0
187899000.0
169751000.0
192279000.0
163267000.0
304698000.0
303716000.0
422145000.0
526720000.0
151634000.0
181752000.0
393343000.0
266901000.0
203734000.0
157066000.0
173966000.0
544620000.0
170928000.0
582590000.0
184156000.0
612598000.0
155843000.0
494669000.0
206255000.0
349423000.0
225238000.0
207030000.0
151156000.0
372405000.0
181245000.0
178825000.0
254748000.0
301408000.0
453171000.0
298052000.0
235215000.0
381924000.0
163825000.0
160041000.0
304297000.0
273762000.0
302187000.0
377097000.0
160767000.0
215980000.0
222994000.0
224924000.0
206160000.0
211229000.0
319742000.0
263086000.0
241978000.0
372822000.0
611711000.0
200190000.0
460905000.0
205168000.0
539483000.0
272145000.0
176829000.0
222032000.0
236514000.0
205255000.0
151393000.0
642000000.0
345965000.0
648404000.0
189864000.0
315055000.0
277299000.0
326154000.0
148255000.0
194254000.0
364822000.0
244440000.0
224524000.0
346517000.0
243540000.0
196154000.0
269565000.0
431102000.0
207797000.0
272886000.0
335059000.0
592013000.0
323530000.0
196809000.0
480571000.0
564682000.0
255579000.0
283613000.0
295687000.0
266465000.0
347750000.0
217953000.0
228938000.0
267568000.0
191130000.0
168420000.0
470184000.0
537533000.0
208197000.0
180840000.0
164359000.0
236103000.0
191869000.0
489132000.0
274890000.0
200151000.0
317628000.0
224003000.0
367531000.0
300803000.0
453569000.0
223592000.0
285206000.0
185648000.0
689587000.0
383242000.0
310868000.0
186676000.0
288150000.0
230564000.0
548283000.0
412828000.0
263349000.0
247237000.0
275735000.0
397291000.0
237744000.0
293516000.0
577842000.0
392032000.0
243256000.0
613888000.0
278722000.0
174819000.0
186604000.0
221098000.0
190498000.0
214551000.0
286586000.0
213973000.0
361118000.0
376544000.0
309476000.0
356746000.0
460294000.0
401228000.0
269091000.0
481080000.0
298700000.0
268148000.0
482421000.0
407533000.0
315411000.0
643324000.0
275843000.0
464139000.0
222676000.0
269119000.0
282673000.0
310190000.0
179955000.0
148178000.0
501913000.0
179209000.0
385647000.0
174877000.0
333035000.0
236987000.0
381648000.0
486856000.0
390561000.0
191858000.0
306692000.0
188886000.0
624531000.0
507191000.0
305504000.0
187916000.0
192252000.0
170659000.0
395344000.0
393552000.0
301484000.0
235660000.0
281134000.0
366303000.0
148483000.0
180939000.0
370018000.0
166119000.0
184608000.0
578376000.0
445853000.0
209101000.0
535656000.0
280246000.0
202092000.0
296677000.0
238972000.0
244389000.0
578289000.0
457497000.0
241478000.0
193080000.0
184731000.0
321441000.0
287244000.0
203797000.0
286861000.0
343974000.0
278167000.0
181539000.0
244978000.0
220796000.0
197311000.0
194301000.0
252451000.0
543594000.0
265504000.0
437003000.0
216200000.0
163372000.0
242773000.0
512618000.0
166051000.0
195758000.0
336892000.0
654043000.0
208745000.0
337116000.0
170832000.0
340654000.0
291335000.0
181796000.0
340562000.0
349058000.0
231328000.0
786507000.0
365187000.0
255337000.0
167837000.0
189535000.0
328923000.0
201778000.0
267032000.0
277223000.0
385797000.0
331755000.0
202872000.0
147675000.0
310225000.0
238075000.0
294539000.0
212787000.0
456255000.0
232203000.0
173020000.0
284180000.0
235254000.0
248055000.0
778486000.0
231610000.0
188853000.0
225733000.0
352119000.0
660944000.0
264391000.0
307474000.0
357987000.0
399970000.0
418126000.0
198148000.0
329709000.0
169920000.0
272182000.0
385397000.0
162935000.0
511496000.0
331488000.0
186842000.0
264773000.0
170460000.0
430753000.0
254579000.0
182454000.0
506247000.0
210256000.0
275850000.0
266045000.0
147016000.0
235100000.0
410265000.0
218314000.0
602221000.0
467075000.0
214432000.0
298346000.0
382864000.0
203143000.0
591237000.0
310086000.0
347099000.0
357134000.0
227194000.0
374065000.0
217706000.0
164375000.0
416297000.0
246794000.0
159770000.0
502246000.0
211784000.0
298039000.0
282556000.0
201166000.0
754571000.0
396901000.0
179306000.0
170007000.0
170548000.0
253794000.0
523423000.0
290741000.0
211335000.0
260205000.0
220030000.0
379921000.0
352281000.0
451876000.0
324543000.0
536231000.0
232314000.0
224419000.0
182355000.0
507148000.0
176698000.0
167491000.0
277745000.0
371209000.0
212895000.0
261837000.0
211998000.0
234343000.0
290927000.0
420079000.0
375785000.0
331929000.0
328619000.0
450797000.0
232878000.0
235970000.0
267817000.0
226413000.0
406712000.0
401463000.0
452875000.0
440609000.0
287928000.0
233451000.0
256016000.0
174461000.0
349983000.0
333745000.0
372301000.0
217604000.0
217129000.0
219276000.0
479153000.0
380465000.0
453466000.0
583870000.0
482412000.0
219578000.0
233713000.0
268606000.0
464741000.0
310091000.0
233512000.0
176378000.0
508371000.0
254303000.0
254596000.0
244441000.0
255706000.0
271013000.0
259774000.0
239693000.0
149829000.0
229019000.0
197023000.0
782014000.0
275527000.0
484974000.0
231095000.0
475750000.0
402454000.0
331735000.0
367797000.0
477727000.0
386652000.0
204846000.0
161380000.0
158306000.0
329068000.0
389387000.0
248503000.0
167538000.0
281660000.0
266505000.0
204780000.0
508206000.0
217599000.0
169217000.0
238260000.0
242469000.0
196225000.0
239572000.0
159820000.0
278154000.0
312447000.0
383656000.0
181224000.0
244993000.0
645842000.0
207649000.0
308185000.0
487144000.0
190079000.0
139138000.0
321870000.0
204262000.0
156057000.0
370194000.0
331898000.0
179498000.0
162273000.0
175406000.0
193700000.0
228797000.0
268925000.0
218365000.0
181524000.0
652890000.0
378272000.0
500245000.0
168978000.0
301781000.0
161563000.0
280458000.0
364874000.0
159190000.0
214137000.0
505536000.0
169991000.0
178171000.0
265076000.0
216225000.0
272615000.0
254281000.0
286477000.0
252322000.0
307526000.0
379350000.0
220444000.0
163304000.0
167876000.0
217883000.0
386092000.0
239977000.0
189813000.0
428558000.0
297791000.0
212493000.0
172367000.0
269490000.0
328037000.0
196965000.0
213367000.0
156908000.0
200804000.0
392269000.0
561833000.0
469568000.0
209014000.0
213346000.0
204320000.0
475228000.0
300485000.0
350952000.0
365170000.0
193660000.0
289326000.0
272369000.0
242572000.0
360174000.0
487842000.0
371547000.0
292520000.0
273175000.0
658145000.0
223919000.0
249382000.0
224304000.0
537588000.0
284160000.0
285946000.0
218023000.0
218926000.0
192297000.0
481690000.0
308815000.0
217555000.0
289128000.0
272353000.0
342963000.0
352786000.0
380973000.0
298988000.0
254768000.0
513100000.0
548828000.0
185718000.0
244334000.0
203327000.0
176570000.0
302829000.0
503415000.0
301523000.0
207377000.0
288248000.0
687979000.0
202718000.0
322643000.0
149664000.0
301838000.0
269768000.0
557133000.0
348356000.0
418836000.0
474064000.0
194455000.0
414131000.0
261574000.0
225459000.0
245868000.0
445743000.0
497476000.0
324344000.0
141868000.0
195362000.0
199425000.0
511041000.0
299453000.0
264090000.0
212935000.0
265240000.0
223213000.0
273792000.0
171653000.0
662208000.0
192214000.0
279841000.0
195970000.0
176626000.0
467928000.0
411222000.0
384064000.0
618987000.0
281225000.0
352206000.0
196480000.0
247777000.0
310800000.0
475931000.0
219243000.0
346918000.0
182372000.0
275611000.0
362636000.0
328643000.0
251388000.0
338778000.0
191313000.0
331034000.0
309227000.0
598143000.0
230118000.0
185478000.0
271497000.0
410711000.0
184135000.0
573227000.0
269841000.0
149130000.0
206039000.0
192631000.0
242305000.0
225812000.0
381597000.0
258916000.0
317079000.0
347323000.0
503743000.0
212465000.0
276756000.0
255666000.0
345453000.0
368818000.0
154680000.0
211738000.0
228952000.0
273170000.0
251531000.0
353028000.0
254158000.0
462524000.0
674682000.0
230359000.0
317423000.0
180995000.0
576165000.0
156981000.0
446343000.0
167474000.0
245871000.0
228100000.0
480981000.0
635443000.0
241156000.0
190878000.0
171307000.0
517064000.0
388008000.0
277230000.0
223882000.0
295332000.0
172461000.0
501483000.0
205314000.0
204578000.0
209454000.0
275678000.0
460681000.0
275287000.0
174224000.0
579219000.0
211765000.0
210628000.0
317276000.0
291693000.0
242914000.0
489099000.0
177353000.0
255458000.0
169945000.0
509879000.0
275676000.0
372798000.0
849410000.0
463916000.0
256878000.0
406006000.0
195245000.0
266456000.0
299722000.0
230877000.0
234616000.0
310860000.0
247938000.0
410592000.0
266525000.0
319089000.0
229992000.0
496710000.0
299560000.0
256098000.0
575789000.0
258827000.0
249700000.0
242140000.0
338870000.0
394903000.0
358692000.0
258754000.0
622031000.0
365460000.0
261817000.0
230082000.0
279567000.0
366231000.0
205757000.0
380537000.0
165930000.0
176719000.0
264723000.0
173970000.0
243555000.0
152289000.0
178911000.0
578301000.0
258616000.0
260616000.0
164588000.0
136230000.0
248339000.0
469867000.0
180120000.0
221409000.0
264185000.0
349454000.0
370024000.0
200513000.0
354292000.0
181935000.0
372187000.0
353844000.0
169273000.0
174243000.0
214256000.0
360452000.0
158733000.0
361311000.0
191388000.0
204754000.0
204273000.0
354326000.0
303366000.0
359869000.0
627464000.0
216489000.0
277901000.0
600248000.0
394413000.0
280523000.0
247704000.0
376022000.0
252438000.0
194971000.0
274926000.0
227481000.0
169058000.0
209670000.0
215080000.0
279766000.0
415313000.0
281294000.0
358254000.0
215155000.0
382507000.0
195381000.0
206566000.0
218679000.0
152959000.0
415301000.0
458558000.0
300202000.0
179461000.0
246706000.0
422818000.0
326188000.0
508290000.0
502004000.0
186396000.0
470291000.0
188517000.0
365402000.0
759556000.0
190964000.0
154351000.0
191822000.0
331943000.0
371010000.0
303296000.0
452648000.0
262777000.0
366526000.0
270684000.0
567354000.0
313354000.0
202856000.0
169978000.0
580776000.0
242585000.0
447731000.0
486204000.0
211586000.0
177969000.0
249243000.0
302531000.0
216199000.0
182005000.0
232518000.0
374776000.0
268711000.0
163366000.0
