1.08908
1.04272
1.06048
1.0259
1.01742
1.0487
1.03882
1.05677
1.07314
1.04642
1.03959
1.02743
1.01393
1.00471
1.0279
1.0487
1.01822
1.07138
1.03819
1.02595
1.0184
1.01053
1.0901
1.05096
1.03281
1.00404
1.06061
1.03747
1.00458
1.00838
1.01332
1.00379
1.02683
1.02938
1.02116
1.01265
1.01839
1.08323
1.02135
1.07689
1.00322
1.06509
1.02395
1.05066
1.01705
1.02154
1.1403
1.01828
1.01673
1.04855
1.04083
1.01239
1.03706
1.00592
1.07394
1.02596
1.01788
1.02124
1.07087
1.10168
1.00694
1.02696
1.0268
1.00489
1.04696
1.00931
1.08524
1.00955
1.02015
1.00815
1.01752
1.01127
1.01376
1.00016
1.0389
1.00808
1.12763
1.01232
1.02187
1.11167
1.09417
1.03667
1.05962
1.02742
1.05653
1.01848
1.02667
1.00979
1.02238
1.01816
1.07267
1.03399
1.03269
1.00076
1.08738
1.03271
1.02762
1.03684
1.03375
1.02236
1.01175
1.03591
1.01672
1.01468
1.0196
1.16245
1.02338
1.03972
1.11562
1.02362
1.01426
1.03161
1.01597
1.06834
1.02049
1.08012
1.06899
1.0489
1.01348
1.01421
1.01826
1.05464
1.019
1.02001
1.02595
1.00706
1.04174
1.16833
1.03414
1.01497
1.02509
1.06889
1.00694
1.01951
1.09218
1.00907
1.04138
1.04778
1.03184
1.03759
1.03392
1.04091
1.0119
1.03828
1.0257
1.02344
1.03505
1.01535
1.01543
1.00848
1.01816
1.02638
1.03184
1.04774
1.08101
1.02751
1.03137
1.00651
1.02861
1.07913
1.00421
1.03847
1.03281
1.0751
1.03287
1.05863
1.02329
1.0349
1.01159
1.0085
1.01219
1.02893
1.06526
1.1102
1.04899
1.01945
1.06247
1.01004
1.04197
1.09387
1.00781
1.00664
1.10144
1.01159
1.09815
1.06852
1.01186
1.03203
1.14178
1.02128
1.04566
1.0443
1.04626
1.13174
1.02737
1.05329
1.11399
1.01344
1.00564
1.01252
1.01461
1.16419
1.02223
1.06094
1.03258
1.01293
1.02816
1.05337
1.10768
1.07608
1.01916
1.12365
1.0337
1.0036
1.00523
1.07733
1.04779
1.05097
1.11061
1.05724
1.01233
1.02217
1.01233
1.03227
1.11096
1.06186
1.08851
1.03028
1.18131
1.02542
1.0346
1.02044
1.01643
1.04209
1.09187
1.13686
1.01302
1.02349
1.02489
1.04775
1.00196
1.04337
1.07651
1.00879
1.07737
1.01462
1.02423
1.03335
1.01685
1.08051
1.02904
1.0368
1.01793
1.06773
1.03121
1.03905
1.03671
1.01685
1.01628
1.0366
1.009
1.04099
1.00686
1.01312
1.01245
1.01007
1.01572
1.07748
1.02533
1.00337
1.19623
1.01191
1.05611
1.07384
1.07221
1.01343
1.00624
1.07788
1.02577
1.14233
1.00075
1.00846
1.05063
1.0569
1.14672
1.14917
1.01679
1.0048
1.00604
1.00536
1.01435
1.00783
1.00537
1.01549
1.06246
1.03293
1.0306
1.02905
1.00461
1.01464
1.0057
1.00663
1.03582
1.00918
1.03399
1.08481
1.06563
1.00919
1.01097
1.01692
1.03695
1.12157
1.06715
1.00912
1.01359
1.06072
1.01278
1.22632
1.09789
1.1189
1.00277
1.15179
1.01402
1.15266
1.01163
1.02177
1.09712
1.01375
1.0889
1.03609
1.03946
1.06545
1.00751
1.05547
1.02155
1.06607
1.01955
1.03149
1.02326
1.01878
1.02639
1.0123
1.02849
1.00751
1.06898
1.02825
1.1648
1.05013
1.03332
1.14481
1.076
1.02377
1.01614
1.02345
1.04127
1.05311
1.01641
1.02153
1.04361
1.07919
1.10898
1.02379
1.04667
1.12551
1.00577
1.00866
1.12908
1.08491
1.03645
1.03803
1.07327
1.0141
1.01983
1.00363
1.02123
1.06755
1.03039
1.03173
1.01598
1.02256
1.00243
1.00261
1.01702
1.00684
1.00899
1.02245
1.0403
1.03646
1.09787
1.0154
1.05395
1.01608
1.00629
1.0267
1.04236
1.11027
1.00658
1.02523
1.02735
1.07221
1.01125
1.05367
1.03201
1.03553
1.05845
1.01995
1.05136
1.01598
1.10716
1.05544
1.05112
1.06844
1.07035
1.01653
1.03296
1.00826
1.04769
1.01057
1.0465
1.02443
1.15677
1.07101
1.07988
1.08165
1.03073
1.0313
1.18032
1.01178
1.09795
1.02905
1.01449
1.20179
1.02979
1.03882
1.1167
1.00415
1.12448
1.02387
1.01376
1.01347
1.14051
1.0821
1.02214
1.06147
1.01927
1.10783
1.02039
1.04559
1.04271
1.01065
1.02693
1.00966
1.00696
1.02498
1.06112
1.02594
1.01465
1.10114
1.09423
1.08526
1.0658
1.00989
1.0876
1.01447
1.0151
1.01911
1.10127
1.15686
1.02045
1.0715
1.01624
1.00878
1.01083
1.17497
1.00652
1.03736
1.0205
1.0246
1.11065
1.07646
1.2353
1.0334
1.08285
1.00877
1.03373
1.00285
1.00995
1.09268
1.05141
1.03635
1.02051
1.01998
1.1126
1.02464
1.13163
1.00612
1.0384
1.00898
1.0032
1.04614
1.00169
1.01294
1.04026
1.01352
1.02989
1.10541
1.02953
1.06787
1.01965
1.13834
1.03969
1.0682
1.04055
1.0091
1.03626
1.01571
1.00884
1.0187
1.00752
1.00885
1.01561
1.02302
1.06964
1.03281
1.16531
1.04362
1.01251
1.0139
1.0179
1.05653
1.0563
1.04929
1.00427
1.11367
1.00374
1.02301
1.03468
1.0128
1.03582
1.05391
1.01807
1.02771
1.06159
1.02293
1.00564
1.05007
1.02845
1.0619
1.00584
1.09302
1.00612
1.00738
1.06341
1.06183
1.01598
1.09037
1.06533
1.01775
1.0038
1.04152
1.01728
1.00191
1.0071
1.01615
1.02767
1.08929
1.06758
1.00513
1.00164
1.01603
1.03289
1.0595
1.04051
1.12558
1.05025
1.00987
1.03006
1.03083
1.03636
1.04641
1.02026
1.00679
1.01291
1.02579
1.01791
1.16613
1.15841
1.011
1.01471
1.05901
1.01492
1.04815
1.01105
1.01319
1.0042
1.05064
1.04149
1.00659
1.02779
1.16277
1.06918
1.08441
1.02751
1.05439
1.00497
1.08619
1.04507
1.09212
1.13228
1.02209
1.02376
1.0355
1.14394
1.00914
1.02372
1.00592
1.03036
1.1441
1.01625
1.06187
1.01457
1.00711
1.03306
1.01789
1.08687
1.02537
1.02918
1.0265
1.03951
1.01071
1.02261
1.00769
1.00101
1.06184
1.01579
1.0917
1.07467
1.12224
1.01776
1.11371
1.06705
1.02148
1.0518
1.01038
1.01523
1.01648
1.01165
1.11694
1.04205
1.00259
1.02151
1.02779
1.08213
1.03148
1.04606
1.06883
1.07686
1.05258
1.0161
1.12964
1.01945
1.00973
1.01754
1.02562
1.06754
1.00717
1.09585
1.00992
1.01427
1.01045
1.01204
1.09276
1.04824
1.02342
1.04633
1.07835
1.04389
1.09036
1.0252
1.00432
1.06549
1.08914
1.00206
1.00905
1.04857
1.0338
1.0353
1.00632
1.01412
1.11418
1.03421
1.06742
1.01745
1.01402
1.04183
1.00685
1.06337
1.01496
1.01337
1.07507
1.00625
1.05752
1.01938
1.01444
1.03342
1.03254
1.03462
1.05664
1.05317
1.02228
1.02677
1.03337
1.0105
1.05821
1.03447
1.0054
1.00866
1.02052
1.04209
1.03148
1.01971
1.04522
1.01774
1.02061
1.03431
1.01053
1.1143
1.03007
1.01416
1.06395
1.10494
1.02264
1.01665
1.02264
1.01542
1.06541
1.01074
1.00737
1.01824
1.0213
1.06367
1.03032
1.08168
1.04034
1.09056
1.02514
1.01121
1.00387
1.01123
1.05706
1.022
1.0129
1.01457
1.02251
1.04063
1.00774
1.01139
1.02381
1.03192
1.01094
1.03308
1.05953
1.06047
1.006
1.10985
1.00914
1.01994
1.00537
1.04112
1.01066
1.13423
1.01802
1.00098
1.13722
1.02797
1.00491
1.06325
1.00538
1.05411
1.01219
1.06299
1.06406
1.05119
1.01981
1.23862
1.01722
1.03264
1.05414
1.08247
1.01136
1.03179
1.02165
1.009
1.13127
1.0468
1.04298
1.05483
1.0265
1.09272
1.00242
1.01509
1.00663
1.0111
1.03295
1.01511
1.06659
1.0092
1.00792
1.0221
1.12426
1.01311
1.02912
1.02958
1.03904
1.05715
1.07412
1.02101
1.00934
1.02267
1.00371
1.07673
1.16615
1.01822
1.0097
1.02355
1.00131
1.0274
1.01756
1.06453
1.07356
1.03541
1.03885
1.0391
1.00544
1.14802
1.00722
1.06415
1.04353
1.02274
1.02888
1.01742
1.06103
1.01076
1.02562
1.01696
1.01937
1.03498
1.0251
1.02785
1.02108
1.05389
1.09727
1.05893
1.02611
1.02712
1.17086
1.13436
1.00491
1.17284
1.04355
1.00662
1.11434
1.01176
1.03373
1.07177
1.06907
1.04204
1.02056
1.023
1.10812
1.03283
1.01065
1.01131
1.02743
1.0407
1.02735
1.07744
1.02225
1.03986
1.0382
1.03787
1.01785
1.04348
1.04762
1.09673
1.00707
1.16057
1.14573
1.03189
1.09573
1.05705
1.04348
1.00302
1.02325
1.02716
1.01285
1.01441
1.0256
1.02521
1.0841
1.0384
1.06829
1.03134
1.02108
1.01384
1.02112
1.10075
1.00637
1.02287
1.07241
1.01989
1.02127
1.05126
1.01419
1.05166
1.02453
1.0839
1.08377
1.0073
1.03584
1.13233
1.02273
1.0736
1.04246
1.01636
1.01088
1.10648
1.10316
1.03617
1.07415
1.05286
1.00525
1.07812
1.01954
1.02335
1.01434
1.08221
1.00754
1.13603
1.00681
1.02523
1.04712
1.02882
1.01602
1.03547
1.0939
1.00266
1.06171
1.11714
1.02647
1.0082
1.04826
1.01404
1.06594
1.0232
1.00937
1.0278
1.00771
1.01385
1.07691
1.15877
1.12555
1.00702
1.01592
1.00749
1.00815
1.02319
1.02371
1.03847
1.01465
1.01845
1.02023
1.01147
1.00388
1.03164
1.16346
1.01967
1.04817
1.04869
1.02354
1.04042
1.01643
1.09322
1.01973
1.0917
1.09975
1.07027
1.01202
1.01518
1.13677
1.01497
1.02004
1.01419
1.012
1.03538
1.05288
1.00859
1.01805
1.0471
1.07403
1.14546
1.23834
1.11605
1.06143
1.02405
1.09751
1.07687
1.11215
1.17735
1.08367
1.05905
1.06869
1.0271
1.02255
1.06825
1.07457
1.0656
1.14495
1.0955
1.06578
1.08189
1.02499
1.32897
1.10107
1.12261
1.01822
1.11839
1.13859
1.04051
1.03415
1.02273
1.017
1.0995
1.04934
1.05258
1.02862
1.05694
1.11417
1.04119
1.26984
1.01372
1.0881
1.15199
1.0855
1.03346
1.07077
1.2536
1.04743
1.06229
1.08938
1.12378
1.07012
1.07526
1.01785
1.12267
1.06162
1.03968
1.10603
1.26423
1.59833
1.02483
1.06407
1.0486
1.02185
1.08242
1.11699
1.24698
1.04121
1.03678
1.02165
1.10428
1.02432
1.03106
1.00723
1.08508
1.02648
1.20556
1.05098
1.14989
1.1361
1.14128
1.092
1.11092
1.0499
1.10321
1.04744
1.06664
1.02564
1.04799
1.04516
1.36093
1.07415
1.06937
1.016
1.13467
1.05552
1.08185
1.10347
1.06804
1.05936
1.05996
1.06271
1.03502
1.03703
1.06062
1.37695
1.05917
1.07693
1.17788
1.04434
1.04758
1.07079
1.04102
1.09381
1.04474
1.14028
1.16607
1.07156
1.03398
1.03258
1.04071
1.10204
1.03365
1.04358
1.05417
1.0726
1.08975
1.32188
1.06959
1.05909
1.1062
1.21642
1.0247
1.03115
1.19206
1.03695
1.07211
1.07598
1.13082
1.2274
1.05282
1.06687
1.05256
1.19525
1.11479
1.07257
1.05576
1.0443
1.03605
1.03044
1.05149
1.05032
1.07167
1.0872
1.10078
1.0558
1.06138
1.02359
1.09465
1.16478
1.01865
1.07804
1.04624
1.1472
1.05977
1.13697
1.0707
1.0917
1.03581
1.02724
1.03149
1.05376
1.16614
1.23336
1.09189
1.08583
1.11332
1.03662
1.13897
1.19012
1.07031
1.02116
1.2422
1.0219
1.15353
1.1855
1.03387
1.07794
1.22213
2.09424
1.07964
1.07273
1.09607
1.26977
1.03853
1.07212
1.19004
1.03477
1.01329
1.03117
1.03041
1.22349
1.22022
1.15066
1.06232
1.02095
1.12756
1.10371
1.30987
1.3374
1.04959
1.18191
1.05761
1.02318
1.01772
1.19133
1.13178
1.08386
1.14973
1.09588
1.03762
1.08214
1.03374
1.04576
1.29487
1.16346
1.19288
1.05686
1.36015
1.06037
1.12507
1.05564
1.03701
1.09372
1.15462
1.33932
1.05307
1.04863
1.0443
1.33197
1.01518
1.07446
1.11492
1.02632
1.15372
1.03829
1.07949
1.07015
1.0318
1.1245
1.0547
1.14047
1.03957
1.14198
1.07044
1.11403
1.06364
1.04683
1.24089
1.08431
1.02307
1.09783
1.02343
1.03709
1.03027
1.03134
1.0369
1.208
1.05175
1.01277
1.36189
1.03445
1.08242
1.14963
1.11519
1.02582
1.01594
1.12097
1.04608
1.2709
1.01461
1.06397
1.52839
1.13738
1.18453
1.21747
1.04429
1.01883
1.02299
1.02471
1.02289
1.02009
1.01597
1.11171
1.09917
1.09741
1.09504
1.04957
1.03353
1.04074
1.03102
1.02946
1.07537
1.05183
1.07757
1.15884
1.17713
1.04453
1.02116
1.04225
1.07021
1.41547
1.14345
1.03434
1.0302
1.11129
1.03072
1.41709
1.15447
1.18204
1.00802
1.4119
1.06615
1.34065
1.02587
1.05106
1.18053
1.04443
1.11264
1.11452
1.12323
1.09907
1.06521
1.16773
1.0397
1.19328
1.04394
1.08612
1.05281
1.05252
1.05175
1.06054
1.07303
1.01761
1.18173
1.11701
1.35942
1.06981
1.06225
1.26822
1.09634
1.05676
1.02859
1.11393
1.11605
1.07911
1.03065
1.05001
1.08919
1.14071
1.13262
1.03686
1.09923
1.20727
1.02775
1.03421
1.24434
1.25905
1.06948
1.25254
1.14669
1.06336
1.04119
1.0197
1.04298
1.12571
1.05558
1.06934
1.03921
1.04852
1.03984
1.0246
1.04464
1.03294
1.02235
1.04882
1.33755
1.05893
1.2314
1.06046
1.12736
1.03917
1.02684
1.05831
1.06842
1.19133
1.02217
1.05316
1.05239
1.14211
1.03843
1.09791
1.05706
1.14834
1.09702
1.04847
1.07919
1.03604
1.18408
1.10001
1.1055
1.11676
1.13712
1.04172
1.06514
1.02434
1.05907
1.03465
1.20398
1.03153
1.25532
1.16291
1.17501
1.12579
1.06062
1.11395
1.37777
1.02759
1.12796
1.03544
1.07459
1.32998
1.2548
1.06189
1.1582
1.01792
1.29328
1.04326
1.01912
1.04285
1.27627
1.10377
1.08103
1.16667
1.04548
1.23767
1.05168
1.08092
1.10183
1.02639
1.04747
1.02662
1.03327
1.1165
1.08276
1.07892
1.03303
1.14684
1.16465
1.21727
1.10917
1.0311
1.15656
1.03375
1.10559
1.10664
1.20085
1.28811
1.04477
1.20657
1.07711
1.02477
1.0297
1.55233
1.02709
1.05768
1.04318
1.05143
1.37964
1.14204
1.56712
1.07104
1.35195
1.09204
1.05845
1.02493
1.02469
1.25032
1.11404
1.0812
1.04402
1.04838
1.14268
1.04674
1.5249
1.01701
1.05742
1.0394
1.01932
1.07614
1.00916
1.05942
1.09585
1.03489
1.16036
1.13026
1.05397
1.15354
1.04094
1.20768
1.0853
1.07899
1.09171
1.03507
1.07808
1.05048
1.02284
1.05626
1.03876
1.03776
1.03097
1.05041
1.08472
1.08749
1.27351
1.40507
1.0423
1.03344
1.04239
1.11149
1.13867
1.06987
1.02033
1.17459
1.02966
1.04304
1.08196
1.02772
1.1039
1.16809
1.03916
1.06164
1.08523
1.04214
1.02836
1.19567
1.05582
1.10919
1.03661
1.13985
1.02065
1.0364
1.09109
1.07191
1.03731
1.23542
1.09713
1.03303
1.02658
1.47323
1.03887
1.01724
1.02421
1.04029
1.04282
1.19569
1.12916
1.01554
1.00983
1.09169
1.14066
1.12446
1.16994
1.31489
1.07779
1.02319
1.1428
1.04135
1.05106
1.14319
1.05591
1.02793
1.03294
1.14236
1.09485
1.29996
1.25918
1.02693
1.03863
1.07982
1.03049
1.10249
1.05463
1.03255
1.02445
1.12897
1.0661
1.02644
1.0591
1.23093
1.08942
1.33824
1.04703
1.15199
1.01919
1.16064
1.10342
1.17264
1.20591
1.05011
1.04763
1.20683
1.38676
1.03776
1.0433
1.02171
1.0525
1.31498
1.05071
1.14337
1.03332
1.01382
1.07819
1.02925
1.214
1.04378
1.07128
1.04963
1.14333
1.02531
1.04881
1.03359
1.00509
1.13084
1.05328
1.35183
1.153
1.26104
1.03725
1.35775
1.17992
1.04271
1.09763
1.03512
1.04238
1.05367
1.04104
1.18318
1.07963
1.0109
1.04893
1.04227
1.20558
1.40513
1.10579
1.1758
1.09017
1.16308
1.02346
1.30639
1.0335
1.04772
1.03681
1.09532
1.11055
1.02791
1.21848
1.02786
1.03553
1.0299
1.02542
1.13591
1.11373
1.05559
1.12641
1.22643
1.94348
1.16713
1.05969
1.0106
1.0865
1.32221
1.02047
1.02465
1.08115
1.08949
1.08392
1.01703
1.05091
1.41936
1.0788
1.85513
1.03316
1.04525
1.08794
1.02509
1.12585
1.04207
1.02795
1.1712
1.03707
1.22768
1.04251
1.09398
1.06122
1.11408
1.09108
1.09132
1.07865
1.05802
1.06551
1.07347
1.02547
1.10462
1.05948
1.01187
1.03463
1.16011
1.06972
1.0543
1.03469
1.074
1.03793
1.04451
1.08926
1.03335
1.58363
1.04722
1.03396
1.1196
1.16681
1.07449
1.03767
1.03787
1.03544
1.10944
1.02592
1.02108
1.0354
1.04782
1.12178
1.09051
1.1966
1.1119
1.25992
1.06898
1.02006
1.01579
1.03345
1.09587
1.05321
1.12749
1.03428
1.04944
1.07949
1.04939
1.02963
1.04736
1.04709
1.02093
1.05415
1.16138
1.28491
1.01793
1.21388
1.02111
1.08697
1.03627
1.08011
1.03059
1.24379
1.07563
1.01564
1.17057
1.13527
1.01609
1.15063
1.02237
1.09391
1.02775
1.20212
1.18427
1.09165
1.04591
1.55937
1.03738
1.07623
1.08742
1.30222
1.04522
1.04323
1.05861
1.03108
1.24626
1.07008
1.13884
1.12095
1.05374
1.13631
1.01611
1.0805
1.01348
1.02551
1.06432
1.03346
1.08991
1.04086
1.02115
1.07599
1.22401
1.03269
1.06637
1.1116
1.16262
1.10233
1.1073
1.03656
1.02167
1.08612
1.01684
1.17383
1.19121
1.03247
1.02319
1.03255
1.01196
1.05527
1.03275
1.0903
1.1839
1.08615
1.09372
1.05107
1.01881
1.23795
1.02703
1.35784
1.06602
1.04786
1.08508
1.03693
1.12673
1.02676
1.05311
1.0595
1.04932
1.06425
1.04719
1.05399
1.04453
1.0877
1.18991
1.11457
1.04538
1.05669
1.24411
1.20329
1.03132
1.28468
1.26669
1.01961
1.16251
1.07497
1.06332
1.10457
1.12351
1.08249
1.05433
1.07574
1.47101
1.08396
1.06888
1.03616
1.06805
1.11522
1.04466
1.27292
1.05084
1.07518
1.13223
1.12344
1.03637
1.13246
1.14651
1.16617
1.0249
1.31563
1.26885
1.06664
1.13473
1.13618
1.07201
1.0154
1.05629
1.05734
1.04061
1.04091
1.04287
1.04981
1.13724
1.06694
1.15242
1.05886
1.04264
1.07656
1.07166
1.18576
1.02546
1.03799
1.17023
1.03428
1.05761
1.23543
1.06305
1.11125
1.04895
1.27151
1.13424
1.05027
1.19306
1.36115
1.05462
1.19006
1.18067
1.03738
1.03306
1.55893
1.15909
1.05965
1.10163
1.07094
1.03849
1.15208
1.05451
1.04808
1.03302
1.19171
1.06658
1.24775
1.04108
1.04078
1.08141
1.062
1.02986
1.09242
1.60048
1.04977
1.22625
1.21344
1.08423
1.01656
1.07061
1.10466
1.16598
1.03725
1.02773
1.06536
1.02368
1.04516
1.13934
1.21909
1.21522
1.05582
1.0527
1.02057
1.03343
1.05536
1.08477
1.08566
1.02862
1.05105
1.04157
1.02693
1.025
1.05695
1.27306
1.03924
1.07679
1.07481
1.04842
1.07698
1.05952
1.19068
1.05732
1.16602
1.15812
1.14514
1.04661
1.02788
1.29479
1.02693
1.04938
1.03656
1.03423
1.08663
1.11074
1.03114
1.03956
1.07052
1.21929
1.92882
1.3639
2.17065
3.15979
1.3538
2.82561
2.72188
1.61354
3.08813
2.2045
1.53237
1.89157
1.38637
2.68045
2.40592
2.19528
2.17368
2.40008
1.95941
2.24314
2.51778
1.8936
2.76793
2.21203
1.73547
2.37484
2.55373
2.65615
1.62957
1.7779
1.13443
2.0826
3.0008
2.63131
2.59583
2.9708
2.7632
2.2956
3.07104
2.35553
1.73197
1.8095
2.34495
2.54888
2.65363
2.89819
1.64588
3.14981
2.11811
2.63395
1.35868
2.56609
3.23758
1.52825
1.74396
2.59337
1.74593
2.74777
2.7386
2.50442
1.26731
3.39515
1.76279
2.0525
2.19022
1.26702
2.79746
2.48843
3.01864
1.46834
2.24548
2.74807
2.38396
2.80676
2.51809
1.78114
3.08536
1.14168
1.21551
1.99346
2.30186
2.36848
2.25672
2.53125
1.4278
2.73016
1.97418
1.87007
2.32359
2.98237
2.43717
1.54179
2.17432
2.96795
2.51566
2.58714
1.92348
1.64315
1.34243
2.68979
2.10446
3.44364
1.34642
1.49789
1.5135
2.63524
2.24622
2.17852
1.74954
1.50869
1.54301
2.1751
2.01247
2.47075
2.60558
2.01054
1.81623
2.69157
1.54043
2.06255
1.22263
2.06676
2.19843
2.74434
1.14836
2.72234
1.81142
2.34549
3.37055
2.5919
2.52857
2.58426
3.29828
1.53294
2.13704
2.3739
1.89535
2.20037
1.64259
2.8014
2.03524
3.02641
1.94905
2.47112
1.67254
1.80611
2.5296
2.49685
2.8217
2.17711
1.69604
2.7361
2.59076
3.59732
2.104
2.23368
1.75196
1.25004
2.33178
2.73334
1.37658
2.62428
2.37256
2.30586
2.5402
2.00765
1.36819
2.33577
2.93967
2.73649
1.88516
1.51997
3.09441
1.78266
2.23591
1.49661
2.19061
3.13696
2.77003
2.37022
1.92051
2.64857
2.1684
2.53045
1.42353
2.81725
1.95872
2.75798
2.29788
2.59492
2.54132
2.55431
1.83673
2.63374
2.98689
1.61475
2.4801
1.96099
1.70345
1.07965
2.57699
2.93374
2.3707
2.22265
2.78815
1.47356
1.96323
1.85265
2.05319
2.24764
2.09997
1.53946
2.20646
1.76475
2.62241
1.73679
1.26375
2.69059
2.58368
2.38892
2.15319
2.66457
3.28925
2.70258
3.02302
2.13256
2.67722
2.15064
1.79591
1.61695
2.9205
1.82585
2.14767
1.26497
1.96323
2.07841
1.58195
2.1944
3.08858
2.19807
2.5669
1.60941
1.35502
2.11302
2.68861
2.1093
2.23851
1.69348
1.94523
2.57103
3.0218
1.74057
2.97283
2.55529
2.79712
2.77515
2.15895
2.50371
1.9589
2.03355
1.64475
1.87809
1.33694
2.95242
1.33623
2.45284
1.9445
2.20755
1.20295
2.76678
2.0639
3.14261
1.47634
2.12498
2.46803
1.89822
1.54251
1.74776
1.62543
2.49592
2.68969
1.40746
2.68149
2.81406
2.40527
1.77861
2.61419
1.54698
2.36726
1.22472
3.08375
1.79892
2.82319
2.99159
1.36546
3.14946
2.85362
1.88905
2.36383
3.3986
2.78304
2.32191
1.92387
2.16925
2.62328
2.90722
2.24912
1.45329
1.79276
2.45167
2.05424
2.91657
2.43014
1.72753
1.83928
2.12572
2.9939
2.45334
1.6531
1.96354
1.03843
2.60522
1.35266
1.76662
3.12716
1.77121
2.30117
1.35662
1.60899
1.71697
2.10116
1.84256
2.40983
3.26943
1.60457
3.16437
2.68991
1.97818
3.47434
1.91946
2.49918
1.98161
2.74658
2.31588
1.95457
1.45781
2.24206
1.28271
1.37294
3.09054
2.71373
2.34841
2.8427
1.68893
2.26066
2.21716
1.74012
1.8646
2.23857
2.07906
1.56322
1.55535
2.0236
2.23981
2.03197
1.80793
1.79745
1.59063
2.7749
2.81386
1.71801
1.82903
2.73176
1.79221
3.25316
1.64262
2.92105
2.20691
1.1427
2.93429
1.19948
1.77363
1.75766
1.80831
2.52263
2.37877
3.03364
1.75849
1.47628
1.67242
1.68285
3.02561
3.01252
1.73873
2.21188
2.2941
1.78282
2.39517
2.0131
2.13854
2.75043
2.33937
1.96081
2.5583
2.95753
1.16349
1.36533
1.60575
2.45119
2.80455
2.33047
2.84195
2.24702
2.66098
3.33456
3.01762
1.88396
2.35898
1.97046
2.11151
2.07925
2.04447
2.39779
2.25353
2.72133
1.43959
2.64874
1.20559
1.50121
1.054
1.89644
2.43579
2.09257
1.76663
1.85966
2.66664
2.87983
2.49404
1.17015
2.13925
2.25848
1.31322
1.87161
2.37115
2.23671
2.61865
1.99838
2.65584
1.47655
2.29408
3.11931
2.28742
3.14956
1.29623
2.51221
2.49023
2.90796
3.09059
1.87496
1.69017
2.21377
1.84795
1.94963
3.23929
1.70643
2.62719
2.06527
3.1851
3.18607
2.22936
2.67212
2.1308
2.7301
2.78744
2.05736
2.33805
2.53038
2.16163
2.24012
2.29734
2.37741
1.22245
2.38206
1.86998
1.89682
1.70812
1.12764
2.118
1.65577
2.06065
3.33351
2.89179
2.51769
2.65054
2.46963
3.28587
1.91676
3.41406
1.75542
2.09019
2.99837
1.53619
2.63878
1.68125
2.89403
1.59171
1.58136
1.76649
3.02898
2.29009
2.42057
1.83715
3.02581
1.41849
2.22112
1.19017
1.54047
2.08947
1.39709
2.11558
1.89167
2.20331
1.59891
2.08152
2.42771
1.71123
2.23043
2.29235
2.78512
3.39026
2.14352
2.43335
2.27776
2.74854
1.96957
1.66843
2.5614
2.67788
2.35307
2.08422
2.91776
2.93512
2.18151
1.57233
3.14905
1.85751
1.75084
1.86702
1.63569
2.63201
2.19347
1.52668
1.94151
2.13132
3.09887
2.21573
2.85565
2.50186
1.65921
2.58408
3.08338
1.85746
3.26584
2.62284
1.86747
2.26729
2.49564
2.25932
1.81259
1.93818
2.26946
2.10232
1.94451
2.42506
2.1305
1.46049
3.17248
2.75817
2.62668
2.03343
2.00889
2.40118
2.95967
2.84561
2.55136
1.61642
1.98063
1.72394
3.20615
1.41638
2.17958
2.43694
2.99111
2.33287
2.8102
2.95708
1.55536
3.12076
1.91478
1.57478
2.17889
1.99046
2.48092
2.7302
2.32944
2.68981
1.78498
2.34518
2.66677
2.548
2.87153
3.06623
1.80165
1.71491
2.47939
3.07901
2.02456
2.97982
1.72987
1.38536
2.70798
3.05291
1.60073
2.66183
1.83304
2.23664
3.15803
2.56205
3.06639
2.82143
2.03929
1.41315
2.28142
2.38008
2.58589
2.48241
1.6029
2.09757
3.13331
1.85745
3.40506
3.06811
3.17116
1.74944
2.72582
2.68958
1.43933
1.83052
2.75827
2.87073
2.578
2.67016
1.73253
3.20864
2.62909
2.10001
2.42354
3.25089
2.04616
2.1602
1.29794
2.89537
3.01069
1.74184
1.79624
1.58447
2.04687
1.31485
1.91753
2.31063
1.06134
2.07058
2.12059
1.23621
1.59224
1.7546
3.05462
2.32032
3.41181
1.02213
2.27906
1.99601
2.14503
1.604
2.23343
1.4642
1.73275
1.14791
1.55281
1.76139
3.32892
2.66446
1.93496
2.33714
1.9679
1.6676
2.76963
2.31747
2.09921
2.52254
1.32154
2.39073
1.96443
2.08724
2.07639
1.6526
2.82343
1.74634
2.34309
1.80359
2.42366
2.73632
2.97738
3.31246
1.38904
2.11878
1.35953
1.19894
1.83084
1.26413
2.30008
2.18712
2.13979
2.83799
2.53541
2.15901
1.83746
1.27165
1.42031
3.02939
2.10105
2.03437
2.79875
2.9557
2.14262
3.00796
1.4998
1.45753
3.18049
2.5299
2.15205
2.14947
1.71269
1.47852
2.56297
2.58124
1.65006
1.20092
1.90608
2.09883
2.69789
1.76308
2.63906
2.13732
2.73914
2.79138
2.98063
3.0045
1.67627
3.05829
2.85907
2.17952
1.97397
3.21919
1.90887
1.13862
2.60265
3.46824
2.7498
2.78062
2.41019
2.63096
1.87518
1.86576
1.83734
2.3938
2.81409
2.35828
2.13504
2.56349
2.34011
2.81541
2.04958
2.57181
2.20184
3.0866
3.09633
2.02614
1.82204
1.43827
1.64691
2.64285
3.35489
2.21706
1.51863
1.28936
1.31689
2.6723
1.53661
3.4228
1.58926
2.27149
2.47404
3.19671
2.73825
1.42987
2.05004
1.83078
2.86821
2.19885
1.34781
2.01659
2.9603
2.6095
2.65309
1.60313
1.24008
1.8566
1.37825
2.27385
2.06298
2.03518
3.28568
1.82931
2.0024
1.20966
1.83952
1.66149
2.71451
3.11807
2.76018
2.35052
2.2857
2.84401
2.76322
2.09662
2.75963
1.74029
3.21492
1.49394
3.21949
1.88617
2.63458
3.04424
1.76397
2.06303
2.26116
1.91942
3.05505
3.16623
2.91024
1.57938
2.33664
3.19164
1.34036
1.75339
2.39397
1.529
2.18512
2.20035
2.42956
2.04836
2.40847
1.2036
2.17298
2.8619
2.09705
1.13284
2.81891
2.17724
2.71299
2.97647
1.65459
2.21659
2.62486
2.81829
2.45286
2.44007
2.26155
1.98562
1.32442
2.94333
2.21676
1.98141
2.00916
1.11741
2.91347
2.4184
2.46617
1.58038
2.09891
2.60502
2.42002
2.95451
3.11678
1.71359
2.43636
1.36754
2.50382
3.52569
2.57912
2.25611
1.93425
1.97264
2.12954
1.57175
1.43782
2.04071
1.51198
2.45169
2.05561
2.89321
2.40197
2.00534
1.63718
3.1409
1.68028
1.37821
2.9723
2.86076
2.61288
1.27749
2.19148
2.22614
2.22473
1.64346
2.41878
2.08275
2.06727
2.28401
1.95737
1.33897
2.56192
2.8368
2.89146
2.14894
3.12012
2.85013
2.30783
2.46539
2.3704
1.61025
1.51662
2.68935
2.43364
2.4131
2.55959
2.62488
1.56841
3.22013
3.08159
2.45547
1.79645
2.94978
2.2672
1.83849
1.89017
2.66189
2.79765
1.48922
2.30337
2.01808
1.93908
2.23102
2.51692
1.3435
2.99308
1.80628
3.07589
1.9586
2.57168
1.5047
2.48554
1.80384
2.0434
2.36765
2.8753
2.23901
1.82272
2.24944
1.9148
2.77086
3.20845
2.08011
1.58232
2.32997
1.30034
2.36864
1.17736
2.4275
1.0744
2.98506
1.15091
3.21414
2.87925
2.73118
1.91811
3.03438
1.53063
1.86982
266389000.0
515909000.0
267475000.0
165057000.0
516701000.0
179159000.0
188321000.0
377206000.0
166245000.0
260844000.0
442871000.0
342707000.0
544712000.0
210132000.0
243307000.0
241680000.0
268324000.0
215290000.0
307348000.0
250801000.0
229079000.0
351414000.0
188186000.0
261054000.0
405673000.0
259139000.0
220581000.0
201348000.0
457234000.0
392200000.0
693649000.0
310882000.0
178921000.0
193052000.0
221635000.0
181173000.0
200127000.0
240918000.0
178517000.0
223625000.0
392430000.0
335787000.0
258554000.0
213408000.0
201556000.0
188955000.0
359204000.0
172710000.0
285332000.0
202245000.0
579756000.0
225845000.0
157190000.0
487220000.0
333167000.0
220270000.0
363444000.0
206580000.0
184631000.0
207455000.0
636491000.0
155197000.0
368128000.0
326259000.0
247992000.0
670472000.0
190152000.0
239775000.0
168843000.0
492376000.0
270696000.0
193918000.0
242670000.0
205926000.0
222165000.0
392394000.0
163017000.0
747688000.0
662959000.0
265777000.0
231998000.0
246766000.0
255432000.0
202774000.0
482153000.0
189111000.0
326684000.0
340141000.0
248244000.0
185661000.0
239290000.0
406011000.0
266312000.0
185619000.0
205374000.0
195082000.0
341766000.0
430487000.0
563447000.0
210640000.0
308317000.0
147359000.0
589948000.0
493756000.0
476547000.0
191828000.0
260352000.0
271321000.0
307537000.0
447964000.0
460305000.0
264781000.0
329654000.0
208655000.0
206419000.0
286717000.0
319363000.0
188623000.0
460656000.0
301417000.0
645633000.0
304400000.0
267018000.0
197784000.0
663965000.0
209182000.0
349178000.0
218489000.0
148960000.0
229775000.0
227744000.0
221718000.0
157972000.0
458848000.0
251359000.0
259615000.0
328871000.0
250606000.0
414838000.0
185518000.0
290056000.0
167453000.0
349469000.0
221297000.0
397697000.0
361932000.0
211357000.0
230209000.0
193222000.0
289735000.0
405630000.0
201805000.0
220324000.0
142840000.0
254165000.0
268838000.0
373300000.0
649770000.0
253832000.0
192399000.0
584714000.0
196894000.0
236893000.0
256581000.0
218524000.0
292474000.0
545665000.0
240953000.0
175728000.0
203208000.0
347514000.0
451264000.0
163241000.0
348337000.0
229842000.0
506588000.0
258567000.0
165741000.0
184615000.0
232663000.0
355414000.0
220076000.0
246808000.0
222976000.0
429060000.0
187987000.0
338858000.0
182383000.0
221600000.0
217221000.0
207534000.0
205619000.0
311519000.0
211401000.0
169118000.0
401923000.0
211015000.0
324227000.0
412343000.0
784360000.0
212496000.0
172128000.0
252767000.0
247294000.0
188727000.0
463540000.0
329977000.0
341019000.0
295336000.0
275603000.0
279838000.0
387384000.0
270109000.0
406419000.0
225131000.0
365767000.0
561249000.0
191664000.0
203398000.0
235820000.0
284194000.0
205658000.0
154315000.0
187083000.0
166480000.0
269812000.0
193279000.0
275585000.0
279526000.0
407231000.0
177104000.0
354117000.0
269904000.0
599805000.0
308659000.0
276030000.0
443322000.0
261954000.0
167148000.0
275538000.0
225726000.0
431912000.0
450427000.0
298932000.0
201432000.0
281877000.0
257990000.0
412548000.0
329322000.0
206570000.0
167794000.0
385087000.0
179687000.0
218139000.0
185660000.0
193785000.0
286637000.0
231718000.0
344246000.0
289381000.0
430836000.0
313214000.0
579503000.0
185051000.0
593630000.0
233992000.0
338407000.0
265146000.0
624303000.0
198085000.0
263923000.0
162655000.0
437714000.0
280574000.0
218242000.0
342262000.0
471666000.0
352875000.0
412723000.0
207216000.0
214881000.0
554367000.0
190908000.0
195908000.0
224523000.0
292032000.0
216125000.0
486286000.0
257685000.0
691161000.0
161863000.0
364930000.0
194484000.0
174336000.0
445071000.0
161951000.0
193760000.0
328575000.0
257973000.0
149523000.0
201546000.0
262480000.0
318120000.0
300133000.0
205816000.0
178699000.0
254022000.0
544059000.0
369334000.0
243830000.0
296967000.0
182920000.0
218744000.0
409867000.0
341090000.0
282542000.0
178943000.0
215049000.0
366614000.0
268933000.0
831301000.0
214918000.0
559028000.0
337972000.0
165189000.0
387366000.0
249445000.0
578701000.0
354001000.0
387463000.0
287150000.0
317172000.0
255463000.0
158984000.0
430388000.0
161319000.0
202123000.0
301131000.0
145459000.0
344198000.0
230470000.0
314321000.0
187818000.0
254378000.0
321556000.0
493620000.0
257969000.0
524424000.0
543111000.0
165008000.0
194361000.0
250660000.0
186656000.0
410477000.0
275502000.0
235333000.0
389621000.0
343424000.0
277500000.0
258211000.0
347894000.0
445641000.0
308781000.0
247755000.0
327621000.0
362519000.0
302523000.0
411888000.0
191810000.0
195845000.0
352298000.0
365731000.0
197972000.0
387512000.0
158796000.0
363531000.0
184591000.0
267963000.0
726388000.0
181089000.0
737898000.0
413145000.0
383935000.0
394447000.0
229500000.0
230087000.0
165398000.0
364968000.0
417298000.0
437156000.0
400218000.0
170839000.0
180078000.0
388663000.0
240306000.0
238981000.0
388939000.0
232799000.0
298167000.0
293488000.0
201876000.0
254492000.0
314917000.0
225970000.0
168765000.0
693205000.0
481974000.0
440363000.0
215506000.0
185738000.0
220646000.0
177456000.0
235265000.0
212501000.0
154194000.0
176671000.0
313088000.0
261255000.0
319758000.0
281173000.0
261654000.0
287520000.0
246265000.0
226878000.0
195166000.0
504156000.0
206334000.0
684556000.0
390050000.0
550084000.0
355900000.0
215522000.0
307031000.0
356497000.0
281353000.0
217378000.0
185220000.0
223009000.0
659394000.0
298427000.0
248135000.0
464061000.0
362194000.0
251206000.0
282990000.0
218954000.0
311387000.0
201250000.0
485254000.0
256286000.0
160524000.0
270158000.0
170270000.0
599246000.0
209616000.0
235227000.0
178952000.0
164302000.0
319182000.0
388804000.0
274385000.0
347863000.0
312232000.0
159872000.0
414720000.0
214919000.0
290334000.0
156578000.0
161167000.0
263155000.0
210369000.0
290673000.0
208312000.0
187330000.0
319129000.0
234800000.0
219310000.0
278975000.0
235582000.0
233829000.0
236025000.0
615942000.0
231498000.0
369703000.0
322403000.0
426624000.0
727828000.0
247253000.0
387874000.0
297462000.0
154517000.0
187654000.0
219346000.0
211746000.0
214013000.0
162394000.0
298828000.0
152859000.0
412778000.0
284781000.0
177312000.0
456650000.0
207110000.0
419187000.0
181962000.0
358745000.0
426336000.0
348596000.0
175454000.0
227248000.0
230700000.0
286368000.0
172636000.0
557105000.0
245460000.0
687234000.0
449033000.0
316017000.0
540502000.0
297835000.0
343433000.0
276592000.0
372676000.0
316623000.0
215082000.0
359531000.0
273174000.0
261898000.0
200375000.0
148927000.0
293468000.0
223496000.0
273971000.0
185711000.0
345466000.0
397346000.0
216188000.0
212746000.0
256505000.0
271913000.0
177511000.0
173820000.0
250190000.0
454658000.0
168266000.0
354129000.0
374346000.0
314309000.0
450517000.0
197068000.0
280044000.0
502137000.0
309079000.0
236878000.0
169606000.0
247731000.0
179021000.0
216951000.0
453598000.0
213324000.0
174221000.0
382843000.0
156808000.0
217659000.0
322718000.0
253102000.0
213171000.0
269536000.0
385221000.0
341951000.0
258303000.0
270487000.0
325123000.0
232576000.0
267350000.0
501203000.0
166998000.0
184055000.0
191561000.0
310834000.0
298965000.0
256139000.0
187502000.0
183782000.0
220462000.0
315432000.0
258037000.0
399265000.0
163615000.0
457292000.0
288566000.0
234021000.0
185813000.0
245203000.0
198258000.0
173958000.0
453648000.0
163595000.0
321737000.0
334461000.0
266403000.0
318231000.0
218863000.0
190661000.0
253411000.0
202672000.0
343529000.0
246323000.0
189161000.0
210309000.0
183866000.0
173669000.0
300558000.0
414451000.0
224264000.0
174266000.0
308384000.0
170524000.0
392288000.0
506065000.0
200439000.0
170508000.0
435822000.0
202904000.0
329649000.0
261975000.0
166735000.0
218392000.0
177330000.0
191479000.0
307081000.0
522142000.0
265113000.0
232331000.0
220597000.0
224258000.0
403487000.0
264956000.0
173670000.0
329565000.0
147542000.0
164407000.0
157977000.0
391360000.0
201369000.0
213455000.0
540461000.0
300739000.0
194200000.0
190399000.0
215923000.0
196340000.0
388016000.0
159768000.0
212988000.0
300327000.0
211580000.0
163186000.0
295035000.0
266805000.0
553386000.0
189802000.0
174580000.0
378831000.0
348094000.0
464862000.0
282647000.0
607712000.0
342116000.0
257667000.0
774167000.0
276192000.0
256204000.0
644819000.0
421610000.0
369700000.0
166465000.0
239104000.0
148254000.0
825938000.0
237468000.0
328095000.0
303729000.0
445825000.0
237099000.0
527185000.0
391389000.0
750162000.0
469864000.0
361337000.0
158176000.0
204251000.0
317065000.0
269426000.0
294059000.0
431045000.0
186978000.0
254084000.0
274317000.0
199133000.0
636396000.0
229653000.0
310338000.0
318011000.0
289148000.0
405143000.0
197785000.0
352525000.0
226578000.0
364676000.0
245060000.0
200932000.0
181198000.0
156592000.0
522582000.0
299068000.0
588542000.0
669394000.0
328371000.0
576063000.0
246125000.0
270903000.0
279156000.0
196256000.0
212479000.0
291810000.0
340317000.0
575776000.0
515885000.0
167046000.0
271187000.0
318532000.0
198672000.0
174417000.0
294654000.0
177710000.0
494223000.0
520724000.0
161023000.0
222468000.0
247149000.0
271075000.0
386489000.0
488942000.0
202892000.0
213553000.0
395164000.0
700056000.0
344598000.0
277249000.0
203434000.0
399020000.0
213594000.0
284122000.0
202228000.0
209544000.0
180908000.0
172205000.0
369815000.0
166603000.0
179852000.0
256849000.0
321761000.0
156680000.0
298507000.0
728230000.0
217404000.0
149936000.0
203069000.0
202315000.0
219401000.0
216647000.0
373357000.0
278729000.0
360150000.0
256869000.0
188167000.0
258259000.0
277162000.0
219364000.0
231332000.0
189717000.0
263140000.0
203900000.0
229785000.0
177044000.0
168864000.0
288340000.0
336032000.0
553644000.0
398537000.0
219689000.0
152737000.0
247146000.0
444777000.0
587688000.0
507961000.0
204093000.0
410504000.0
151418000.0
460339000.0
262954000.0
230846000.0
159641000.0
197745000.0
417786000.0
303817000.0
368747000.0
194655000.0
257081000.0
578955000.0
305469000.0
173743000.0
222396000.0
201697000.0
368960000.0
642285000.0
357211000.0
565945000.0
267843000.0
291883000.0
264453000.0
152816000.0
369628000.0
303882000.0
704977000.0
344576000.0
397427000.0
186788000.0
163512000.0
196858000.0
240916000.0
241943000.0
195497000.0
188340000.0
317806000.0
202245000.0
367559000.0
156883000.0
485789000.0
156341000.0
328692000.0
211951000.0
166936000.0
373530000.0
307213000.0
237866000.0
341482000.0
167386000.0
164157000.0
176026000.0
406437000.0
228544000.0
159423000.0
567459000.0
296676000.0
226935000.0
488808000.0
240537000.0
288436000.0
246776000.0
251750000.0
245299000.0
611871000.0
249179000.0
178608000.0
286801000.0
712263000.0
196736000.0
273030000.0
201945000.0
175904000.0
431993000.0
251495000.0
207836000.0
187153000.0
220270000.0
227787000.0
256985000.0
318846000.0
566013000.0
180853000.0
251252000.0
328910000.0
301620000.0
753256000.0
172786000.0
210305000.0
226066000.0
385367000.0
294264000.0
200784000.0
250933000.0
185859000.0
171547000.0
403838000.0
237501000.0
550303000.0
214002000.0
142865000.0
206263000.0
260297000.0
315625000.0
321288000.0
309301000.0
460589000.0
418790000.0
315347000.0
459992000.0
228482000.0
298311000.0
184578000.0
257239000.0
311774000.0
414464000.0
165584000.0
409122000.0
414706000.0
188486000.0
187500000.0
202830000.0
602358000.0
253704000.0
265632000.0
265955000.0
426582000.0
227310000.0
245892000.0
294335000.0
233767000.0
289917000.0
618316000.0
210143000.0
193127000.0
184851000.0
285289000.0
167901000.0
199395000.0
240208000.0
238917000.0
240383000.0
421756000.0
470482000.0
196847000.0
224116000.0
210399000.0
238008000.0
219114000.0
372760000.0
159363000.0
172909000.0
217751000.0
384776000.0
173907000.0
246689000.0
359420000.0
361006000.0
207149000.0
197449000.0
454856000.0
227331000.0
272149000.0
354508000.0
267171000.0
235074000.0
602425000.0
180828000.0
366854000.0
167603000.0
313961000.0
224361000.0
467727000.0
230221000.0
386313000.0
291546000.0
216262000.0
191730000.0
260754000.0
330916000.0
261398000.0
334118000.0
207056000.0
155459000.0
312943000.0
357311000.0
251036000.0
530433000.0
239495000.0
650033000.0
218768000.0
738428000.0
179345000.0
710374000.0
163628000.0
190333000.0
192196000.0
343140000.0
174925000.0
418681000.0
323022000.0
