1.16222
1.00822
1.00732
1.02706
1.00965
1.01483
1.06808
1.01131
1.02653
1.02057
1.07628
1.07786
1.09146
1.01725
1.03228
1.01124
1.14205
1.02948
1.08727
1.08068
1.02253
1.00741
1.06414
1.01954
1.13748
1.03637
1.01217
1.01687
1.1095
1.16052
1.04969
1.04555
1.10876
1.10969
1.04847
1.08735
1.04221
1.03808
1.12773
1.02064
1.01913
1.0373
1.11726
1.02415
1.00868
1.02236
1.01211
1.01473
1.00486
1.01546
1.04689
1.00936
1.00707
1.01059
1.137
1.011
1.005
1.13079
1.01436
1.03141
1.02048
1.01017
1.01374
1.06148
1.09197
1.02742
1.02302
1.06315
1.03581
1.01859
1.03082
1.02611
1.16864
1.16353
1.01657
1.01287
1.01271
1.02931
1.05713
1.01036
1.13719
1.00617
1.12224
1.07366
1.07486
1.00416
1.01034
1.03294
1.04964
1.12342
1.06585
1.01255
1.11774
1.03616
1.01722
1.10009
1.02348
1.18154
1.01899
1.0301
1.02858
1.01908
1.01317
1.03973
1.02167
1.14074
1.05713
1.01376
1.0216
1.0284
1.01833
1.02089
1.06424
1.00606
1.01112
1.03041
1.04862
1.02309
1.00853
1.03938
1.10995
1.07273
1.02915
1.0399
1.01469
1.15415
1.0171
1.09127
1.01498
1.02067
1.07659
1.1052
1.03524
1.03511
1.01832
1.01653
1.12306
1.08108
1.00868
1.02877
1.0697
1.01479
1.02861
1.04671
1.01112
1.04239
1.06309
1.00201
1.07168
1.00266
1.03433
1.00903
1.03315
1.05116
1.03239
1.01909
1.04204
1.02071
1.02077
1.04316
1.04071
1.02891
1.03249
1.01123
1.09593
1.0952
1.01862
1.02521
1.06105
1.02301
1.16739
1.0403
1.14622
1.05225
1.06468
1.16219
1.06852
1.04542
1.02837
1.07373
1.06465
1.08953
1.02523
1.00353
1.11525
1.12296
1.02398
1.12411
1.00319
1.12653
1.08807
1.01238
1.00311
1.00749
1.01253
1.01837
1.08071
1.01322
1.03526
1.01204
1.04384
1.03337
1.03008
1.0099
1.03073
1.02461
1.03746
1.0597
1.02275
1.04079
1.03372
1.06957
1.0474
1.05041
1.00809
1.05703
1.01054
1.0106
1.00345
1.06237
1.03351
1.01418
1.01599
1.00535
1.0215
1.02259
1.03421
1.02874
1.0097
1.07773
1.0108
1.00934
1.10889
1.11416
1.08507
1.08226
1.0244
1.03414
1.01293
1.06702
1.08082
1.01868
1.02323
1.00964
1.03663
1.01012
1.0919
1.0066
1.05254
1.05024
1.09751
1.11203
1.0039
1.0039
1.0674
1.08791
1.08432
1.01114
1.06866
1.00972
1.11847
1.02767
1.02642
1.01105
1.02314
1.01592
1.00999
1.01907
1.07286
1.00882
1.01627
1.08441
1.01819
1.04799
1.02458
1.03394
1.02591
1.02483
1.0357
1.02235
1.08239
1.02512
1.02468
1.02002
1.02764
1.02286
1.00572
1.05016
1.07106
1.04779
1.04515
1.06517
1.00582
1.0063
1.00593
1.029
1.02117
1.03703
1.03651
1.02087
1.00923
1.00691
1.01204
1.0143
1.00546
1.16757
1.01321
1.01003
1.04404
1.26717
1.04787
1.00344
1.01867
1.14377
1.00492
1.00307
1.07665
1.0398
1.00795
1.01975
1.01544
1.09882
1.1309
1.15271
1.14209
1.03218
1.03731
1.01984
1.021
1.0135
1.04338
1.08446
1.01598
1.02502
1.08885
1.04648
1.05137
1.01355
1.02146
1.0312
1.0147
1.09077
1.00093
1.02348
1.04564
1.02152
1.00868
1.01098
1.04281
1.03378
1.00312
1.05781
1.01614
1.08826
1.0203
1.03936
1.05616
1.02107
1.00996
1.02792
1.0527
1.00171
1.00934
1.06378
1.03772
1.00893
1.06822
1.01871
1.02865
1.03972
1.0067
1.04115
1.01452
1.01538
1.03947
1.0072
1.03381
1.01608
1.00722
1.0111
1.01133
1.05047
1.02226
1.02122
1.01839
1.04381
1.08748
1.06088
1.03858
1.05881
1.22014
1.01487
1.02706
1.02253
1.06535
1.01297
1.01975
1.00207
1.17221
1.12674
1.01531
1.01886
1.01308
1.05117
1.17507
1.03688
1.00998
1.01024
1.0165
1.00537
1.01237
1.01253
1.01625
1.01242
1.04767
1.09973
1.07963
1.02899
1.03188
1.0118
1.05314
1.0536
1.20496
1.02761
1.00621
1.0158
1.02303
1.01293
1.07281
1.01283
1.0195
1.02936
1.02108
1.01286
1.00554
1.02134
1.04635
1.02369
1.07222
1.02499
1.01314
1.11102
1.16597
1.2039
1.02292
1.00859
1.01085
1.03464
1.02093
1.01428
1.01223
1.02981
1.02075
1.01212
1.03134
1.03007
1.01775
1.00724
1.0102
1.02013
1.09653
1.13062
1.09437
1.01049
1.08389
1.03258
1.06883
1.1296
1.05929
1.05197
1.00855
1.01222
1.01406
1.01684
1.02924
1.01014
1.01719
1.00055
1.0567
1.01122
1.03975
1.07985
1.10589
1.01389
1.04732
1.10718
1.00977
1.08946
1.07626
1.02416
1.013
1.03939
1.048
1.01813
1.01541
1.00923
1.02906
1.00981
1.01154
1.01724
1.00678
1.00947
1.006
1.08352
1.03817
1.06658
1.0612
1.1184
1.02267
1.0147
1.03893
1.04344
1.14074
1.00675
1.13051
1.07959
1.00818
1.0244
1.05624
1.09912
1.06292
1.05502
1.03011
1.03215
1.00039
1.03548
1.0659
1.05829
1.05455
1.0411
1.0063
1.01411
1.01761
1.04419
1.03718
1.00666
1.04858
1.01827
1.03465
1.0327
1.05588
1.02097
1.00345
1.01056
1.1019
1.14503
1.00588
1.00916
1.06447
1.02153
1.06035
1.00916
1.01837
1.06525
1.06956
1.00852
1.00869
1.00846
1.06591
1.01224
1.05142
1.00416
1.02658
1.07732
1.02808
1.03406
1.04231
1.07941
1.00678
1.13788
1.06042
1.00509
1.00624
1.07432
1.00432
1.05183
1.08418
1.01858
1.1245
1.02333
1.01249
1.09136
1.01118
1.00202
1.03466
1.0564
1.014
1.00598
1.11468
1.20466
1.09068
1.04464
1.02476
1.15718
1.1072
1.08009
1.02471
1.07193
1.03334
1.06439
1.01966
1.00872
1.00471
1.01548
1.0347
1.07515
1.09961
1.10791
1.04954
1.04816
1.05122
1.00627
1.09809
1.09639
1.05097
1.12951
1.05011
1.03218
1.00139
1.01684
1.20357
1.01409
1.07577
1.01876
1.15987
1.03706
1.09725
1.04291
1.01447
1.01086
1.01673
1.02708
1.09222
1.01332
1.00844
1.00367
1.10215
1.07326
1.01942
1.06822
1.02209
1.10783
1.0063
1.02783
1.01586
1.00846
1.00977
1.14668
1.06753
1.09974
1.17801
1.05004
1.14096
1.07231
1.03861
1.01444
1.00889
1.02031
1.01911
1.02722
1.01344
1.03724
1.0588
1.11238
1.07692
1.0385
1.007
1.02289
1.04046
1.04521
1.09968
1.00707
1.00756
1.02304
1.02227
1.08159
1.07742
1.08225
1.04181
1.06812
1.02704
1.04912
1.05639
1.01677
1.02964
1.05155
1.02739
1.0739
1.02818
1.14091
1.05748
1.10463
1.03351
1.04292
1.0192
1.0264
1.00518
1.00893
1.02674
1.01551
1.00159
1.04708
1.05703
1.07069
1.01166
1.07374
1.0198
1.00709
1.04756
1.03142
1.00569
1.00521
1.09491
1.05154
1.02118
1.0253
1.09463
1.04699
1.04871
1.07273
1.0297
1.01352
1.00556
1.09497
1.03159
1.10616
1.11368
1.12832
1.02194
1.17203
1.04489
1.05339
1.02101
1.02625
1.09691
1.00515
1.03251
1.10092
1.00331
1.10012
1.01338
1.02719
1.04041
1.00205
1.10336
1.02889
1.03214
1.01612
1.024
1.00471
1.01768
1.0924
1.00961
1.01191
1.03054
1.00659
1.00811
1.03323
1.02977
1.14733
1.00425
1.03731
1.0215
1.02348
1.01654
1.00813
1.0754
1.00783
1.02747
1.06043
1.01718
1.09719
1.01283
1.07212
1.00501
1.08517
1.06542
1.01009
1.08632
1.03056
1.16236
1.12269
1.00834
1.03368
1.00739
1.05977
1.031
1.01511
1.011
1.04262
1.02157
1.05429
1.09727
1.02053
1.076
1.02023
1.01804
1.03353
1.03603
1.02636
1.06154
1.01379
1.01748
1.04655
1.01293
1.01603
1.15236
1.00498
1.00922
1.01109
1.02967
1.0663
1.03329
1.03775
1.02468
1.04858
1.02729
1.03884
1.09672
1.1738
1.12058
1.02067
1.0289
1.02768
1.01544
1.0057
1.03746
1.03436
1.01781
1.01542
1.01873
1.04064
1.01174
1.01383
1.05894
1.02197
1.01152
1.02937
1.08284
1.03204
1.03396
1.0129
1.1984
1.02047
1.00652
1.00713
1.15037
1.08813
1.05539
1.02195
1.01963
1.13719
1.02556
1.01442
1.04755
1.08094
1.1183
1.01701
1.01659
1.05002
1.06869
1.03153
1.01944
1.00779
1.10437
1.08916
1.00541
1.04813
1.02816
1.02828
1.03214
1.00545
1.01919
1.02032
1.05533
1.00723
1.04735
1.02769
1.03974
1.01549
1.01194
1.08231
1.18579
1.08665
1.00879
1.14524
1.00602
1.07103
1.02043
1.01142
1.03493
1.01229
1.03221
1.02459
1.05941
1.01876
1.02376
1.0307
1.02556
1.02697
1.0208
1.03552
1.03226
1.01892
1.02605
1.01799
1.01272
1.0621
1.01669
1.0863
1.02813
1.01667
1.11759
1.00201
1.02599
1.03966
1.11899
1.0113
1.06205
1.03772
1.01186
1.07381
1.0104
1.03704
1.10494
1.05476
1.02024
1.01432
1.01244
1.12803
1.02713
1.03195
1.0198
1.03328
1.02101
1.01448
1.05715
1.00611
1.02497
1.00681
1.06321
1.01141
1.0434
1.03421
1.02093
1.00647
1.01361
1.01187
1.01788
1.02036
1.02671
1.05368
1.02044
1.01178
1.14533
1.01273
1.05099
1.0082
1.17526
1.14343
1.00442
1.02408
1.08867
1.02304
1.02297
1.01073
1.01843
1.05344
1.03464
1.08119
1.00522
1.10312
1.02819
1.02415
1.01522
1.02932
1.08154
1.02293
1.01168
1.10442
1.03257
1.01432
1.02759
1.00616
1.11438
1.03364
1.01163
1.00281
1.04162
1.06042
1.01572
1.05954
1.01489
1.03065
1.00452
1.13576
1.00703
1.0653
1.10795
1.12061
1.30753
1.02664
1.02467
1.06221
1.04258
1.05416
1.09656
1.04608
1.04808
1.04216
1.11112
1.13961
1.23321
1.04569
1.11199
1.05068
1.20666
1.07949
1.14321
1.16535
1.0716
1.04412
1.21381
1.05742
1.20306
1.05192
1.03364
1.18004
1.20203
1.25276
1.08843
1.06418
1.30087
1.23024
1.11047
1.14705
1.06118
1.07281
1.29315
1.03962
1.04663
1.22696
1.29811
1.11727
1.02555
1.0353
1.03546
1.03922
1.02249
1.03906
1.1562
1.02956
1.02041
1.0316
1.34165
1.03119
1.01947
1.25505
1.06566
1.1485
1.04596
1.02877
1.03578
1.1057
1.18921
1.51655
1.05013
1.09579
1.07811
1.11143
1.07292
1.061
1.34664
1.26915
1.04021
1.02674
1.03089
1.06967
1.09735
1.04135
1.31383
1.03111
1.54511
1.21016
1.11567
1.01854
1.02435
1.04328
1.1023
1.22459
1.12863
1.05563
1.1553
1.10219
1.03484
1.16791
1.03763
1.38534
1.04119
1.05314
1.10581
1.03348
1.03155
1.05345
1.04177
1.3154
1.0999
1.05419
1.03857
1.04294
1.06973
1.07186
1.17126
1.0163
1.02331
1.05032
1.07489
1.05439
1.02465
1.07808
1.21638
1.10888
1.13872
1.06185
1.03833
1.1952
1.04628
1.15045
1.14929
1.05438
1.12755
1.24148
1.0764
1.06826
1.09326
1.03267
1.2629
1.14181
1.05051
1.0638
1.33894
1.04193
1.03902
1.21419
1.02323
1.12109
1.81813
1.02351
1.08765
1.01183
1.10531
1.01991
1.10288
1.13598
1.06832
1.04499
1.10545
1.05083
1.04416
1.20554
1.07716
1.08604
1.18865
1.03426
1.15422
1.3107
1.04488
1.04841
1.12591
1.08397
1.64686
1.14276
1.19275
1.08302
1.1347
1.40105
1.22917
1.14285
1.04471
1.36422
1.24506
1.22274
1.06382
1.01872
1.1471
1.20899
1.04626
1.41938
1.01041
1.26413
1.18746
1.03028
1.03044
1.03436
1.0402
1.03812
1.15933
1.02649
1.08757
1.03406
1.62344
1.2232
1.0519
1.06781
1.24691
1.07015
1.06648
1.1563
1.03539
1.07267
1.08786
1.12924
1.12005
1.07325
1.04126
1.09469
1.03143
1.03081
1.00924
1.21265
1.07374
1.0334
1.03649
1.023
1.03652
1.12934
1.05319
1.06198
1.02958
1.10133
1.03222
1.02117
1.26043
1.25679
1.12999
1.09791
1.33267
1.10619
1.02802
1.11331
1.24076
1.04393
1.04868
1.02717
1.13934
1.02739
1.27031
1.02257
1.08308
1.12297
1.26225
1.1559
1.02322
1.0176
1.12173
1.44258
1.13446
1.02566
1.21597
1.02431
1.18847
1.03779
1.10168
1.03157
1.04942
1.04318
1.03843
1.03018
1.27192
1.0238
1.03852
1.34248
1.04236
1.11702
1.06993
1.12258
1.05267
1.04263
1.05128
1.0465
1.16875
1.05076
1.10835
1.04197
1.05418
1.04874
1.02566
1.07953
1.11716
1.08069
1.09916
1.14834
1.0216
1.02345
1.02384
1.11115
1.04527
1.09295
1.09801
1.04221
1.02627
1.03967
1.04369
1.04581
1.02327
1.24708
1.02827
1.02711
1.09461
1.43884
1.12324
1.04547
1.0404
1.24675
1.02595
1.02096
1.20143
1.07329
1.02116
1.04114
1.06974
1.19786
1.18633
1.30993
1.38103
1.09784
1.0691
1.04703
1.04188
1.0499
1.13273
1.28431
1.04114
1.05779
1.19467
1.07544
1.13229
1.03406
1.06761
1.07516
1.04839
1.1352
1.03616
1.05415
1.15512
1.07275
1.02146
1.06698
1.07142
1.05669
1.01485
1.08019
1.05722
1.12725
1.05148
1.072
1.08444
1.0579
1.02805
1.04138
1.07417
1.01022
1.02883
1.2079
1.076
1.02783
1.08689
1.17045
1.067
1.11035
1.04386
1.07298
1.03772
1.05167
1.13573
1.02654
1.08745
1.04116
1.01564
1.05979
1.02897
1.08719
1.09652
1.04352
1.0541
1.07795
1.30629
1.25889
1.08811
1.10484
1.33243
1.03706
1.06681
1.06713
1.14798
1.02338
1.04048
1.02837
1.23869
1.21406
1.03696
1.05002
1.03565
1.07972
1.59729
1.0931
1.04662
1.02616
1.03916
1.02616
1.03046
1.03797
1.03472
1.07698
1.09817
1.13638
1.17699
1.05827
1.09881
1.03224
1.12169
1.08393
1.39207
1.05768
1.03304
1.03889
1.05003
1.03231
1.14635
1.0413
1.05575
1.05272
1.04604
1.03055
1.01899
1.11064
1.0857
1.06075
1.11294
1.05238
1.03572
1.23776
1.26046
1.30024
1.03863
1.03029
1.0407
1.06054
1.05862
1.03954
1.03124
1.04389
1.04283
1.0239
1.0609
1.05245
1.05491
1.03301
1.03693
1.05436
1.21574
1.21758
1.14542
1.03779
1.13467
1.07331
1.15811
1.28423
1.11621
1.1347
1.01935
1.04942
1.04295
1.0374
1.06141
1.03026
1.02711
1.01233
1.20576
1.22982
1.0837
1.15048
1.27998
1.04307
1.09839
1.19234
1.0318
1.20149
1.14627
1.03512
1.04122
1.1139
1.61808
1.03927
1.03526
1.03082
1.06315
1.02262
1.04407
1.03358
1.03645
1.03022
1.02424
1.14478
1.09631
1.19257
1.32618
1.24441
1.19705
1.03101
1.05192
1.07829
1.3075
1.04651
1.4334
1.23737
1.04854
1.04619
1.07758
1.20047
1.13427
1.09612
1.04808
1.06988
1.00983
1.16444
1.10398
1.1058
1.75005
1.076
1.01597
1.05174
1.04302
1.08308
1.16784
1.02885
1.06655
1.04326
1.06229
1.08641
1.10194
1.0491
1.01196
1.03499
1.26923
1.28643
1.02439
1.03561
1.195
1.04897
1.27871
1.03722
1.09152
1.13961
1.10697
1.01482
1.0246
1.0828
1.12354
1.11284
1.13484
1.01846
1.06501
1.12174
1.11233
1.05793
1.08418
1.12385
1.01751
1.25118
1.12205
1.02157
1.01509
1.17277
1.02166
1.16129
1.45707
1.0393
1.37985
1.04703
1.02932
1.16123
1.03052
1.0231
1.12753
1.13358
1.04708
1.02909
1.20937
1.7275
1.25355
2.03513
1.05316
1.20923
1.13664
1.16726
1.08002
1.15925
1.05756
1.13139
1.05756
1.03005
1.02091
1.03231
1.06199
1.13336
1.17909
1.1326
1.09541
1.10195
1.07524
1.01947
1.15444
1.19175
1.08758
1.26681
1.10556
1.09593
1.01917
1.21098
1.30874
1.02938
1.17143
1.06772
1.25132
1.09114
1.20753
1.08464
1.08333
1.03076
1.04616
1.06521
1.20264
1.08535
1.03214
1.01994
1.16342
1.19034
1.10598
1.19022
1.08507
1.1555
1.03835
1.0628
1.0342
1.03408
1.03298
1.27334
1.22963
1.14231
1.32546
1.0963
1.29346
1.10834
1.0725
1.03769
1.04916
1.06661
1.0496
1.0564
1.03739
1.09108
1.34268
1.1739
1.14077
1.08755
1.04003
1.0551
1.09033
1.09019
1.21949
1.03599
1.02882
1.04341
1.07306
1.11318
1.13484
1.12565
1.08958
1.10292
1.12989
1.10915
1.09782
1.03054
1.14411
1.09559
1.06237
1.14982
1.0446
1.31179
1.08758
1.25123
1.13409
1.08069
1.03546
1.05362
1.03904
1.02546
1.29589
1.02849
1.01733
1.17487
1.0762
1.12813
1.03886
1.26924
1.04574
1.03387
1.07182
1.0629
1.0189
1.02649
1.30973
1.07062
1.04959
1.05141
1.21024
1.10776
1.0714
1.17477
1.06608
1.03262
1.03367
1.38633
1.07689
1.29476
1.29369
1.3064
1.04074
1.31713
1.07555
1.07613
1.04879
1.08653
1.23048
1.03017
1.06892
1.12877
1.0195
1.20695
1.04198
1.07729
1.06482
1.01136
1.16193
1.05615
1.11192
1.05626
1.0452
1.01997
1.03996
1.12544
1.04447
1.03128
1.04564
1.03393
1.02442
1.07509
1.10126
1.25046
1.0322
1.09978
1.03826
1.04562
1.04018
1.03438
1.26208
1.02446
1.05763
1.12408
1.03751
1.16015
1.04251
1.12751
1.01824
1.13575
1.09376
1.02259
1.16155
1.06409
1.25995
1.21106
1.01568
1.09986
1.02755
1.13953
1.06153
1.03223
1.03844
1.05818
1.03752
1.11341
1.12359
1.0465
1.16529
1.04672
1.03983
1.18356
1.05498
1.11629
1.17464
1.03481
1.02715
1.08111
1.03946
1.04057
1.48048
1.0173
1.02832
1.04656
1.06026
1.09288
1.11833
1.07514
1.06326
1.08236
1.05476
1.06583
1.26917
1.23627
1.16669
1.05854
1.05269
1.08193
1.0303
1.02962
1.06876
1.06529
1.0305
1.03491
1.0473
1.06514
1.02552
1.0428
1.09261
1.05918
1.03542
1.09029
1.17599
1.0657
1.10822
1.10213
1.35836
1.04795
1.02453
1.04124
1.27841
1.2179
1.10093
1.06765
1.04775
1.23999
1.06992
1.03462
1.07589
1.19558
1.18151
1.12585
1.03139
1.09697
1.13352
1.06309
1.04531
1.13872
1.15228
1.33075
1.01742
1.08591
1.05371
1.04855
1.05272
1.02269
1.0399
1.40988
1.11003
1.03163
1.09394
1.05795
1.77033
1.06973
1.03528
1.31169
1.28145
1.1458
1.01803
1.25023
1.02168
1.10461
1.03836
1.03501
1.05359
1.02815
1.0512
1.04312
1.1142
1.03758
1.123
1.05854
1.13397
1.15859
1.04151
1.09876
1.06457
1.044
1.07888
1.05008
1.03983
1.13945
1.02563
1.20367
1.04895
1.1008
1.18952
1.0102
1.0572
1.06802
1.33123
1.02688
1.17056
1.06827
1.04734
1.17441
1.02836
1.06892
1.15754
1.09064
1.04452
1.07887
1.07539
1.20727
1.06673
1.05783
1.18065
1.06076
1.03899
1.03734
1.10374
1.02026
1.05134
1.02684
1.13329
1.02517
1.07003
1.07191
1.04044
1.01617
1.02985
1.02381
1.04428
1.06161
1.06216
1.12673
1.03159
1.02378
1.23631
1.0484
1.13861
1.01335
1.28762
1.38101
1.02314
1.11262
1.26548
1.04721
1.08853
1.02741
1.05864
1.0795
1.07911
1.12762
1.03232
1.2436
1.06423
1.04135
1.04299
1.05064
1.12215
1.10978
1.03859
1.2343
1.05686
1.04631
1.04871
1.02604
1.19827
1.07023
1.03752
1.01251
1.08848
1.10758
1.04547
1.08397
1.03221
1.09129
1.0194
1.19906
1.01715
1.10079
1.14312
1.17282
2.39505
1.29984
2.06132
2.81427
1.14611
1.14374
2.71957
2.38869
3.00146
2.07262
2.49949
2.51459
2.22387
2.35903
2.22101
2.57016
2.64276
2.87624
1.86205
2.3491
2.79923
1.54026
2.70109
1.57583
1.58483
2.93073
3.0479
2.46802
1.49833
2.24903
2.12109
1.96438
1.89609
2.42376
1.85978
2.07949
1.9373
2.41185
3.07972
2.87798
1.27081
1.8333
2.52945
3.1211
3.05734
1.25037
1.70267
1.85879
1.66125
1.88367
3.08261
1.63538
3.0874
1.90003
2.57194
2.68243
1.4268
2.19478
1.73265
3.2632
3.02647
1.21593
2.61704
2.41921
1.8922
2.72595
1.63961
2.23923
3.27779
2.85492
3.37669
2.80492
1.81856
2.21997
1.6887
1.76379
2.01147
2.11013
1.98357
2.32103
3.08277
1.51641
3.02101
2.25552
3.00607
2.15981
1.36712
1.48822
1.6725
2.01234
2.347
2.35633
1.92121
1.36965
1.35671
1.85257
1.35478
2.48274
2.15995
1.77767
2.57286
1.81719
2.31875
1.43689
2.18556
1.74408
1.94364
1.81664
1.5455
1.8417
2.68212
1.82126
3.07773
1.07362
1.50264
1.84588
1.9227
2.90442
2.58902
3.35702
2.82399
2.54233
2.56871
2.65866
1.53784
1.78901
2.87977
1.55642
1.75577
2.45771
1.72848
1.49195
1.77561
2.74743
2.67
2.885
3.16768
2.95517
2.06843
2.55089
2.71379
2.0306
2.31319
2.954
1.28857
2.23364
2.6474
1.89188
1.73673
2.35539
3.54439
3.04816
2.30584
1.95763
2.60802
2.75513
2.55862
3.22295
2.76008
2.51361
3.03191
1.49674
2.53712
1.8806
2.18049
2.34691
2.59611
2.73347
3.0755
2.84466
2.34383
2.17714
1.56334
1.96179
2.38041
2.57954
2.10198
2.88973
1.34518
2.38755
1.48367
1.98524
2.15666
2.34489
1.85521
2.49071
1.48913
1.93627
1.78374
2.2983
2.12635
2.57858
1.66144
2.51211
2.63099
2.73085
2.00028
1.95501
2.49268
1.64219
2.57344
1.31497
2.60337
2.74194
2.83759
2.27625
3.37316
1.97354
3.18382
3.13531
1.93717
2.26498
2.8346
2.14889
2.77393
1.6124
2.51363
2.54417
2.47686
3.02414
2.65525
2.441
1.33863
1.57591
1.41303
1.96994
2.49256
2.93599
1.63521
2.32883
3.04152
2.90499
2.00044
2.61055
2.3293
1.26367
2.97448
2.41646
3.25251
1.62327
1.74582
1.8971
2.11136
2.90944
2.05821
2.1026
2.25722
2.68566
2.2603
2.6593
1.6948
1.78081
1.73417
2.86464
2.06845
2.60599
1.43926
1.20081
2.50961
2.87031
2.15767
2.04936
1.94078
1.70302
2.70726
3.13886
1.36971
1.81029
2.66745
1.12473
2.0213
2.48763
1.90543
2.76154
3.54148
2.51651
3.26607
2.46229
1.25747
2.55675
1.64313
2.04801
2.83567
2.21114
1.53834
2.84106
2.25493
2.07116
2.70628
2.55527
2.14654
3.192
2.08165
1.28183
1.15718
1.52203
2.21396
2.35694
2.37716
3.11235
2.28639
1.95781
2.63872
1.55706
1.40468
2.55928
2.01186
2.35634
2.41087
2.39643
2.20152
1.75863
1.9541
2.18379
1.45396
1.4526
2.45173
1.8739
2.4161
2.41254
2.73705
2.87318
2.54294
2.70733
2.62168
2.08866
3.12171
2.89478
2.96065
1.87883
1.2385
2.64776
2.85857
1.88346
3.19318
1.92214
2.27663
2.69035
1.69476
2.23382
1.904
2.94744
1.36732
1.35151
2.94519
1.65186
1.97296
1.23943
2.17021
2.03934
1.3379
1.53872
1.79885
2.66869
2.04324
3.19168
3.23049
2.18928
2.81276
2.1714
2.41449
2.42746
1.59996
2.91549
1.97489
1.82204
1.69627
2.8839
2.10194
2.91701
3.48232
3.40752
2.68716
1.79567
2.33123
2.37054
2.55134
2.37819
2.34538
1.9433
2.49329
3.38834
2.78172
1.98747
2.02826
2.09598
2.51503
2.20997
1.76767
2.66122
3.00215
2.69994
2.18436
2.68113
2.08354
2.35641
2.49298
1.44464
2.5238
1.7455
2.13463
3.08455
1.65525
1.62789
2.01609
2.69473
2.44507
2.74616
2.61713
1.4366
2.61638
1.61619
2.45361
2.38611
2.15972
1.87412
1.62785
1.58198
2.21374
2.59186
1.98284
1.84724
2.40652
2.49808
2.85104
2.17774
2.80955
1.55415
2.58171
1.61792
2.03309
1.78274
2.94386
2.35063
1.88212
1.97393
1.80751
3.33144
1.29458
2.84677
1.82366
2.17068
2.42367
2.1428
3.30625
2.68395
2.02708
2.93197
2.51664
2.00287
1.34747
1.87082
2.3979
2.29785
1.90385
2.14198
2.84882
1.84642
1.72012
2.14811
1.80473
1.47063
2.71905
2.3662
2.05063
3.12396
2.63198
2.6574
1.91709
2.17055
1.41553
3.09152
3.15314
2.42968
3.41783
3.15146
2.69292
1.62623
2.01486
1.60889
2.24126
1.28886
1.98839
1.62292
2.06753
3.27797
1.46077
3.00352
2.02724
2.74666
1.33481
2.04048
2.40175
1.45757
3.20084
1.68153
1.96923
2.00584
1.35319
3.37434
1.39593
1.59286
1.31275
1.27704
1.60512
2.11254
2.24712
2.45172
2.64644
2.87411
2.50231
1.63209
2.89617
1.07903
2.5306
2.21809
2.19766
2.53678
2.71534
2.31827
2.03633
2.0832
1.74457
1.89063
2.24732
1.96079
2.49971
2.52521
2.11931
3.10871
1.48549
2.40326
3.19269
1.57788
2.06252
1.95603
1.17302
2.34913
2.48917
2.97159
2.21264
2.68595
1.24119
1.74713
1.69405
3.12968
1.75608
1.55558
2.31375
3.40229
2.43853
2.46625
2.70741
2.33659
1.51884
1.86679
1.51954
2.67609
1.98683
2.26422
1.59439
1.32738
3.14947
1.4597
2.33434
2.42963
1.66526
2.01207
2.54446
1.6368
3.36711
1.83759
1.17997
2.80951
3.00607
2.3864
2.60652
1.46965
2.55721
2.83735
3.3825
1.82603
2.48621
1.40675
2.84539
2.74345
2.50248
2.75154
2.37189
2.32455
1.69299
2.91774
2.42318
1.64113
1.70033
3.16393
1.40373
2.61848
2.69741
2.17604
1.91601
3.13679
1.187
1.95204
1.86903
2.32285
2.45085
1.70429
1.61002
2.86569
1.4603
2.14485
2.0683
2.63972
2.7198
2.43325
2.32351
2.93821
1.16494
2.44078
2.70912
2.83858
1.70183
2.7551
2.56213
1.6955
2.04336
2.41554
1.9382
1.50908
2.13033
2.24765
2.6974
1.41247
2.95062
2.69333
1.94156
2.42538
1.20383
2.21404
2.64
1.72589
1.9908
1.38448
1.75092
1.52849
1.58417
2.0252
1.55939
2.47654
2.32672
2.13554
2.38253
1.97855
2.08235
1.77321
2.27243
1.9821
1.50064
3.43908
2.16087
2.02709
2.61158
1.50524
1.82978
2.70759
1.10871
2.73152
2.61229
2.76734
1.91439
1.46106
1.55241
2.73882
1.88161
1.71928
1.85836
1.97418
1.58317
1.77302
2.14318
2.61407
1.72252
2.02104
2.16175
2.89947
2.61161
1.67106
1.39804
2.12855
2.51626
2.91018
2.35036
3.17887
3.159
2.48171
1.3857
3.24799
1.94793
3.1158
1.43154
1.45273
1.32016
1.38028
2.50243
2.6311
2.86286
2.28905
1.88878
2.09222
3.397
2.55692
1.59422
3.06415
3.24275
3.24194
2.2536
1.99051
2.72348
3.06225
1.91986
1.80762
1.06913
2.19166
2.39455
1.66988
2.10525
2.34386
3.0962
2.55447
1.63318
1.87739
1.91616
1.68339
1.95337
1.85634
3.52706
1.43773
2.40803
1.75001
1.69209
3.0386
1.27831
1.91558
1.9455
2.74118
2.8722
1.84571
2.53096
1.11335
2.33861
2.14131
2.23186
1.71078
1.41004
2.60913
3.47076
2.86173
2.2614
2.20517
1.56749
2.28485
2.99004
1.5722
1.87621
1.93407
1.583
1.19535
2.78046
1.71406
2.25641
2.98542
2.65259
1.77126
2.6016
3.04782
2.14236
3.00343
2.80526
2.76242
1.99326
2.72058
2.67072
2.30313
1.93195
2.19431
3.01137
2.29937
2.47183
1.35657
2.81711
2.94999
1.3719
2.5358
2.75926
2.87407
2.10872
3.27316
2.86454
2.36219
2.16761
2.98879
2.11235
2.12993
1.54126
2.73961
3.08827
1.07847
1.98757
2.36473
2.35788
1.74735
2.89301
2.31154
1.7872
2.19026
2.06384
2.37284
2.39453
2.19749
1.77553
3.00391
2.45191
1.92051
1.4797
1.66971
2.26207
1.97621
1.85941
1.81234
2.4257
1.93757
2.45111
1.13131
1.23618
2.40577
1.55828
2.19365
2.69676
2.83103
2.14735
2.90968
2.72767
2.15934
2.00126
1.84551
2.52862
2.89075
1.58513
1.92789
2.8101
2.22378
1.5597
1.35836
2.39603
1.50552
1.87133
2.2673
3.00769
2.23887
1.77947
2.1534
2.20712
2.90086
1.7076
1.96062
1.49626
1.95949
2.56179
2.22612
2.46981
2.93851
1.75929
1.85782
2.28685
1.80923
1.40932
2.01102
2.99736
1.56674
1.40042
3.17108
2.67618
1.24483
1.64119
2.54399
2.36648
2.99592
2.60051
2.16561
2.53615
3.12022
2.70804
2.15638
1.90529
1.72124
1.89149
2.43126
2.91392
2.39034
1.83739
1.73754
2.39146
1.83058
1.69935
2.84488
1.711
1.9508
2.4118
2.48787
2.89989
3.32866
3.03477
2.31074
1.95305
2.59127
2.20344
1.37867
1.9516
2.00791
2.01649
2.42342
1.6727
2.88256
2.78605
1.47121
3.365
1.64745
2.39773
2.38055
1.64579
2.20597
2.77175
2.02712
3.16497
2.49317
2.71644
1.97995
2.71206
1.64186
1.53444
2.31568
1.31066
3.22688
3.21785
1.15758
2.47278
1.39981
1.53919
1.5003
1.95915
1.39135
2.85503
1.17231
2.16378
1.43724
3.17546
2.59848
2.63502
3.08632
1.80351
1.55976
2.09401
2.65648
2.10172
2.6058
1.78262
2.25993
2.55236
2.25405
2.67694
1.38071
2.7076
2.5493
2.35376
2.6908
2.27027
1.76197
1.3839
2.37502
2.25872
2.86912
1.52724
2.43689
2.77218
2.41204
2.58219
1.19603
2.10453
1.76868
2.41309
1.52209
1.59047
2.47093
1.90096
2.32176
1.6466
1.96955
1.91512
2.67184
231207000.0
616004000.0
314496000.0
189527000.0
740612000.0
713343000.0
186882000.0
254041000.0
174836000.0
290817000.0
203342000.0
201576000.0
255367000.0
247848000.0
274766000.0
235136000.0
193141000.0
182201000.0
324963000.0
237107000.0
195501000.0
489115000.0
186052000.0
426140000.0
335816000.0
172533000.0
171436000.0
240877000.0
357048000.0
240367000.0
290559000.0
270735000.0
345185000.0
217969000.0
304564000.0
291035000.0
297819000.0
225455000.0
164580000.0
185877000.0
601337000.0
349781000.0
225969000.0
170199000.0
173024000.0
593579000.0
412490000.0
352057000.0
439504000.0
366651000.0
167673000.0
428015000.0
169794000.0
337595000.0
199364000.0
212895000.0
548036000.0
268188000.0
423972000.0
156139000.0
172790000.0
690874000.0
210730000.0
206968000.0
323820000.0
198253000.0
421129000.0
240339000.0
155878000.0
195369000.0
153853000.0
191037000.0
306737000.0
229802000.0
411934000.0
382798000.0
320884000.0
276042000.0
321907000.0
258354000.0
162846000.0
483821000.0
166741000.0
270117000.0
170980000.0
293959000.0
554446000.0
459889000.0
398303000.0
268980000.0
251256000.0
262071000.0
263907000.0
501184000.0
566914000.0
304562000.0
533915000.0
205688000.0
272348000.0
358834000.0
215199000.0
366819000.0
252920000.0
465190000.0
265312000.0
352644000.0
314481000.0
376836000.0
446231000.0
317175000.0
212808000.0
380776000.0
167325000.0
811001000.0
485279000.0
347221000.0
318698000.0
181442000.0
220103000.0
152009000.0
188686000.0
203254000.0
224906000.0
190800000.0
469629000.0
304103000.0
189590000.0
396903000.0
412361000.0
234932000.0
351851000.0
416469000.0
366936000.0
195521000.0
212494000.0
190237000.0
162879000.0
177791000.0
321886000.0
226255000.0
186229000.0
318977000.0
244606000.0
182330000.0
612942000.0
260414000.0
194670000.0
365681000.0
326231000.0
258219000.0
143803000.0
173476000.0
263867000.0
323721000.0
220440000.0
199931000.0
211206000.0
154902000.0
195990000.0
228059000.0
174911000.0
493381000.0
227556000.0
349795000.0
260094000.0
230073000.0
227546000.0
199545000.0
175267000.0
199072000.0
233192000.0
274853000.0
355598000.0
305508000.0
218888000.0
195282000.0
280442000.0
176258000.0
542461000.0
255118000.0
505443000.0
281805000.0
289851000.0
258719000.0
302834000.0
202986000.0
476280000.0
302242000.0
393338000.0
242424000.0
266141000.0
215671000.0
448212000.0
226546000.0
206467000.0
189645000.0
277625000.0
321878000.0
231639000.0
432502000.0
228238000.0
538647000.0
211701000.0
207453000.0
182793000.0
274669000.0
150435000.0
315309000.0
158384000.0
162261000.0
327528000.0
239867000.0
179869000.0
256256000.0
206106000.0
410382000.0
220084000.0
231061000.0
233284000.0
173671000.0
201417000.0
240865000.0
562949000.0
476617000.0
496259000.0
321699000.0
228780000.0
172724000.0
434702000.0
229026000.0
177357000.0
186415000.0
297018000.0
207134000.0
227825000.0
477744000.0
176129000.0
242911000.0
159591000.0
392289000.0
374592000.0
344913000.0
285416000.0
184801000.0
291596000.0
291255000.0
244158000.0
210233000.0
248437000.0
203944000.0
353063000.0
309932000.0
412541000.0
194429000.0
289212000.0
205442000.0
406562000.0
671506000.0
217641000.0
189822000.0
243575000.0
294358000.0
340980000.0
407348000.0
205708000.0
169686000.0
563733000.0
359183000.0
202171000.0
763716000.0
311996000.0
218498000.0
342672000.0
204397000.0
142920000.0
217808000.0
157195000.0
224240000.0
568330000.0
212310000.0
342290000.0
299340000.0
199839000.0
262759000.0
446839000.0
194900000.0
275467000.0
270867000.0
204077000.0
197883000.0
268137000.0
157617000.0
308125000.0
637357000.0
754772000.0
487673000.0
267005000.0
245658000.0
226873000.0
166119000.0
253097000.0
349333000.0
216655000.0
460103000.0
561579000.0
201169000.0
312613000.0
241300000.0
231272000.0
216871000.0
257104000.0
404223000.0
319231000.0
252072000.0
532133000.0
518314000.0
214744000.0
304110000.0
247244000.0
234232000.0
203761000.0
178101000.0
209703000.0
188326000.0
198413000.0
279420000.0
167568000.0
190182000.0
178742000.0
358282000.0
608360000.0
218711000.0
190357000.0
353505000.0
160613000.0
319456000.0
246750000.0
204610000.0
400803000.0
261095000.0
340752000.0
171451000.0
590126000.0
562380000.0
172089000.0
416245000.0
334754000.0
690534000.0
263455000.0
277712000.0
610904000.0
440874000.0
381371000.0
192235000.0
318938000.0
157735000.0
161040000.0
287787000.0
196700000.0
264958000.0
213856000.0
243720000.0
443957000.0
182197000.0
323115000.0
375994000.0
339642000.0
192495000.0
311772000.0
186903000.0
145216000.0
150449000.0
202016000.0
382607000.0
247722000.0
253362000.0
221925000.0
251859000.0
256593000.0
327477000.0
233343000.0
150325000.0
190879000.0
325881000.0
300494000.0
279633000.0
220500000.0
253984000.0
373730000.0
190856000.0
171011000.0
199262000.0
256459000.0
203755000.0
293475000.0
241495000.0
226111000.0
551096000.0
218725000.0
357528000.0
291597000.0
162459000.0
433013000.0
385250000.0
294015000.0
206065000.0
245763000.0
200856000.0
221201000.0
552322000.0
214064000.0
455613000.0
235285000.0
258300000.0
292298000.0
290588000.0
390143000.0
443515000.0
276674000.0
210179000.0
309400000.0
334737000.0
221895000.0
217556000.0
191520000.0
284026000.0
190205000.0
427404000.0
204948000.0
441467000.0
315939000.0
371019000.0
179862000.0
250124000.0
354023000.0
323024000.0
340088000.0
156380000.0
458994000.0
193348000.0
364833000.0
287279000.0
210145000.0
249781000.0
152803000.0
218779000.0
320631000.0
172708000.0
234223000.0
328332000.0
574681000.0
311538000.0
240371000.0
241526000.0
346595000.0
287830000.0
187750000.0
378677000.0
409629000.0
288787000.0
329818000.0
393452000.0
186243000.0
257170000.0
250283000.0
164265000.0
203025000.0
203278000.0
310590000.0
280138000.0
517257000.0
169851000.0
167571000.0
231672000.0
147803000.0
164638000.0
193579000.0
441524000.0
310417000.0
446658000.0
267055000.0
439765000.0
298648000.0
438492000.0
281557000.0
162069000.0
518463000.0
171595000.0
282548000.0
189128000.0
591933000.0
305541000.0
224198000.0
487777000.0
167325000.0
424043000.0
301590000.0
320121000.0
592360000.0
154965000.0
574208000.0
454507000.0
631665000.0
454360000.0
455240000.0
282515000.0
250150000.0
207895000.0
217606000.0
184828000.0
208656000.0
413064000.0
178483000.0
833219000.0
204071000.0
232986000.0
281054000.0
206332000.0
190448000.0
219107000.0
280092000.0
279910000.0
372726000.0
328908000.0
277125000.0
329622000.0
217222000.0
222038000.0
270373000.0
167951000.0
506802000.0
256070000.0
167268000.0
435326000.0
323092000.0
340090000.0
513263000.0
246678000.0
217820000.0
171334000.0
258633000.0
205947000.0
685694000.0
400412000.0
374328000.0
163545000.0
409306000.0
469068000.0
241181000.0
149298000.0
223162000.0
243226000.0
192065000.0
238724000.0
438077000.0
353353000.0
482220000.0
217630000.0
294090000.0
282562000.0
419372000.0
610917000.0
160299000.0
432128000.0
269580000.0
237993000.0
399994000.0
290218000.0
222927000.0
364155000.0
155691000.0
367595000.0
701774000.0
191690000.0
178131000.0
249405000.0
201303000.0
468580000.0
205920000.0
185047000.0
149314000.0
332609000.0
236643000.0
585226000.0
192528000.0
185076000.0
234927000.0
208684000.0
238470000.0
216376000.0
355678000.0
177134000.0
237638000.0
305700000.0
346268000.0
159816000.0
531399000.0
200810000.0
195042000.0
250672000.0
307701000.0
166252000.0
701542000.0
310333000.0
339929000.0
250598000.0
210490000.0
327528000.0
418809000.0
182700000.0
453039000.0
293083000.0
274280000.0
196451000.0
192346000.0
226722000.0
242996000.0
175404000.0
759144000.0
234044000.0
191968000.0
190250000.0
382931000.0
204432000.0
202589000.0
387003000.0
300700000.0
237561000.0
336460000.0
476106000.0
298623000.0
274674000.0
208644000.0
557691000.0
185696000.0
213954000.0
298663000.0
229318000.0
677916000.0
257858000.0
220002000.0
321240000.0
345404000.0
518004000.0
393425000.0
486652000.0
447671000.0
258516000.0
426917000.0
222310000.0
233692000.0
277306000.0
217314000.0
272260000.0
281539000.0
384453000.0
273753000.0
328122000.0
501560000.0
146519000.0
287352000.0
301755000.0
210632000.0
394484000.0
368682000.0
197918000.0
796181000.0
205581000.0
226265000.0
195458000.0
308906000.0
526844000.0
476922000.0
193235000.0
332721000.0
363206000.0
342497000.0
281939000.0
444325000.0
298776000.0
299068000.0
211482000.0
385934000.0
298273000.0
291842000.0
179688000.0
203457000.0
386286000.0
486784000.0
259037000.0
212500000.0
188069000.0
239976000.0
167252000.0
160558000.0
214981000.0
588841000.0
161619000.0
340090000.0
163230000.0
564464000.0
474609000.0
496787000.0
474749000.0
235916000.0
207680000.0
187462000.0
271992000.0
323748000.0
278399000.0
148931000.0
226561000.0
422836000.0
166047000.0
157688000.0
160077000.0
255382000.0
317721000.0
184879000.0
174001000.0
330783000.0
366884000.0
802391000.0
249305000.0
241346000.0
367424000.0
276548000.0
237984000.0
164388000.0
210627000.0
372008000.0
324574000.0
334723000.0
397048000.0
305924000.0
381335000.0
142913000.0
411346000.0
245907000.0
313417000.0
411056000.0
170271000.0
539393000.0
351883000.0
291494000.0
195319000.0
176110000.0
347366000.0
217934000.0
774920000.0
251916000.0
254019000.0
274640000.0
407075000.0
495517000.0
228373000.0
144907000.0
181395000.0
264561000.0
253316000.0
473225000.0
258265000.0
176583000.0
426424000.0
334893000.0
336683000.0
435630000.0
704980000.0
188116000.0
356516000.0
260726000.0
171514000.0
212751000.0
343710000.0
220988000.0
172024000.0
237866000.0
176396000.0
178040000.0
190817000.0
253736000.0
185865000.0
213514000.0
271679000.0
337187000.0
270538000.0
182165000.0
262522000.0
236409000.0
510229000.0
186410000.0
179980000.0
406078000.0
215956000.0
199492000.0
193776000.0
300911000.0
156066000.0
187291000.0
250982000.0
276918000.0
176252000.0
288215000.0
260363000.0
468976000.0
202850000.0
167317000.0
823237000.0
325874000.0
260121000.0
233067000.0
333096000.0
194875000.0
258157000.0
391891000.0
260691000.0
301335000.0
237539000.0
243088000.0
231583000.0
285480000.0
182214000.0
218821000.0
324633000.0
466851000.0
431965000.0
256928000.0
296796000.0
314776000.0
352135000.0
238509000.0
301510000.0
229166000.0
720243000.0
520720000.0
249110000.0
473695000.0
269573000.0
189765000.0
190163000.0
285300000.0
176382000.0
183916000.0
278319000.0
329115000.0
369454000.0
197857000.0
182428000.0
423044000.0
339761000.0
195020000.0
265533000.0
455739000.0
568885000.0
231513000.0
445126000.0
324040000.0
279878000.0
168277000.0
262490000.0
336335000.0
293664000.0
279398000.0
189447000.0
350149000.0
309690000.0
488272000.0
305340000.0
206967000.0
250323000.0
214425000.0
187634000.0
380812000.0
337730000.0
236593000.0
380685000.0
494311000.0
291338000.0
167257000.0
474123000.0
562058000.0
166267000.0
187673000.0
502101000.0
412906000.0
196345000.0
263264000.0
171597000.0
205665000.0
293693000.0
212370000.0
167870000.0
194810000.0
289202000.0
297499000.0
389875000.0
362515000.0
231285000.0
183172000.0
244173000.0
334730000.0
388627000.0
233306000.0
348825000.0
386188000.0
198873000.0
418786000.0
308359000.0
222202000.0
203421000.0
178110000.0
156985000.0
166847000.0
266750000.0
320302000.0
197772000.0
252929000.0
572408000.0
332704000.0
291213000.0
327127000.0
241402000.0
414718000.0
184841000.0
183588000.0
409580000.0
151500000.0
438523000.0
254547000.0
217346000.0
425827000.0
257352000.0
203903000.0
296741000.0
159516000.0
224381000.0
201705000.0
332780000.0
194505000.0
434086000.0
457349000.0
257771000.0
542995000.0
157784000.0
154102000.0
706976000.0
230575000.0
523129000.0
454138000.0
476115000.0
329494000.0
494842000.0
183879000.0
618177000.0
248145000.0
542388000.0
159930000.0
206912000.0
207530000.0
167267000.0
388960000.0
480221000.0
287488000.0
204956000.0
307062000.0
211707000.0
380605000.0
224231000.0
216078000.0
232924000.0
219851000.0
466771000.0
201675000.0
216173000.0
253406000.0
200574000.0
238283000.0
388718000.0
555963000.0
222389000.0
247104000.0
194061000.0
444292000.0
249203000.0
181188000.0
237962000.0
219719000.0
701228000.0
288788000.0
354596000.0
237806000.0
410572000.0
438461000.0
230714000.0
355038000.0
223254000.0
433570000.0
296912000.0
285110000.0
188213000.0
