1.05929
1.03598
1.03917
1.01345
1.00474
1.01034
1.049
1.0003
1.00286
1.00022
1.00379
1.00047
1.00562
1.00128
1.00027
1.00886
1.00926
1.00019
1.00241
1.00172
1.03777
1.02113
1.00788
1.00027
1.00023
1.00031
1.04075
1.00031
1.00039
1.06059
1.00031
1.00039
1.00044
1.05301
1.02238
1.07044
1.0002
1.0003
1.0657
1.00024
1.01183
1.00204
1.00833
1.00017
1.00211
1.02393
1.06974
1.11387
1.00031
1.06967
1.00136
1.00028
1.01173
1.00037
1.00707
1.0072
1.00375
1.00122
1.00029
1.03694
1.00244
1.00468
1.00966
1.00039
1.00023
1.00996
1.06964
1.0634
1.00016
1.00014
1.06932
1.03436
1.13059
1.00534
1.00393
1.03033
1.00021
1.0205
1.01394
1.01647
1.00538
1.00034
1.00026
1.00037
1.01945
1.00026
1.00025
1.00014
1.02788
1.00499
1.00029
1.07694
1.00017
1.00123
1.02397
1.00038
1.04345
1.00035
1.00025
1.00026
1.00024
1.00343
1.00029
1.00025
1.05278
1.06443
1.02652
1.00029
1.08218
1.05639
1.00037
1.00836
1.08037
1.00017
1.02461
1.00045
1.00035
1.03986
1.04314
1.01651
1.00035
1.01008
1.06001
1.00039
1.00024
1.00033
1.00023
1.00034
1.01115
1.00022
1.01428
1.00027
1.01524
1.00029
1.03993
1.00031
1.00017
1.00032
1.00163
1.02893
1.00036
1.00025
1.01803
1.02265
1.00025
1.05438
1.00017
1.00244
1.0003
1.00024
1.00032
1.08706
1.00036
1.00033
1.00028
1.0002
1.00025
1.00032
1.04584
1.00023
1.00017
1.00014
1.00026
1.01523
1.0002
1.02402
1.14712
1.00005
1.00031
1.00035
1.00032
1.01292
1.00029
1.00016
1.01079
1.0018
1.0002
1.00027
1.0003
1.00026
1.00449
1.00138
1.01448
1.00035
1.05797
1.05024
1.02145
1.00037
1.00042
1.00393
1.00031
1.00022
1.00027
1.0004
1.24674
1.04275
1.07525
1.00023
1.00899
1.04986
1.02283
1.00015
1.09454
1.00039
1.0003
1.0003
1.0304
1.0145
1.0042
1.00049
1.00015
1.05624
1.0002
1.00006
1.06363
1.03085
1.00017
1.00017
1.00907
1.00035
1.0002
1.00034
1.03914
1.00347
1.00025
1.00562
1.00022
1.04271
1.00308
1.2105
1.00036
1.09233
1.01107
1.00066
1.00796
1.01569
1.01113
1.04892
1.00438
1.00031
1.02733
1.08458
1.00026
1.06993
1.00027
1.03737
1.00024
1.00029
1.02707
1.00046
1.05722
1.00265
1.00025
1.00026
1.00032
1.06559
1.08222
1.00617
1.00507
1.00025
1.00037
1.03645
1.00951
1.00051
1.0004
1.00363
1.00032
1.10793
1.01039
1.0204
1.06042
1.02375
1.04496
1.00035
1.00496
1.02531
1.02432
1.00017
1.0031
1.00917
1.00026
1.00038
1.00024
1.00029
1.00277
1.00532
1.00201
1.00047
1.00019
1.0065
1.04078
1.00029
1.00085
1.05136
1.04265
1.0304
1.15098
1.04244
1.00037
1.00032
1.03125
1.17301
1.00023
1.00016
1.00018
1.00023
1.06431
1.00032
1.04515
1.0089
1.00036
1.00033
1.01574
1.0278
1.00032
1.01517
1.00039
1.00016
1.0512
1.00324
1.14622
1.00362
1.00659
1.00887
1.00023
1.00209
1.03634
1.00026
1.00026
1.01233
1.00026
1.0003
1.00022
1.01977
1.02125
1.00037
1.01684
1.02464
1.01097
1.0008
1.09399
1.01034
1.00275
1.00031
1.06558
1.00061
1.02287
1.00032
1.00025
1.00423
1.00218
1.00028
1.00014
1.05062
1.00034
1.00026
1.00329
1.02179
1.02487
1.0165
1.01028
1.01143
1.00026
1.00023
1.06367
1.00034
1.00044
1.02177
1.00573
1.00054
1.0001
1.00446
1.00047
1.00043
1.00024
1.00047
1.00033
1.0007
1.00032
1.00025
1.00015
1.00023
1.00027
1.0002
1.00268
1.06885
1.07689
1.01467
1.0072
1.05278
1.02048
1.09568
1.0598
1.00032
1.00023
1.02401
1.00211
1.02373
1.00208
1.00649
1.0082
1.04044
1.00026
1.09892
1.00023
1.0151
1.00025
1.07046
1.00806
1.00037
1.00035
1.00752
1.09752
1.00022
1.00023
1.0287
1.00024
1.01919
1.00101
1.01838
1.00032
1.00032
1.00125
1.00032
1.00189
1.0002
1.00922
1.00024
1.00381
1.03632
1.00017
1.08405
1.10284
1.00878
1.00029
1.00029
1.00015
1.00017
1.04621
1.00629
1.09103
1.00445
1.00083
1.00524
1.00023
1.00015
1.01401
1.00213
1.00696
1.00759
1.04721
1.03542
1.00029
1.00022
1.00034
1.00022
1.0003
1.01399
1.00022
1.03436
1.03021
1.04944
1.00561
1.0002
1.0002
1.0361
1.00022
1.00927
1.01341
1.0325
1.06205
1.04007
1.00026
1.00038
1.00023
1.0261
1.01117
1.0003
1.02845
1.00024
1.00022
1.00026
1.0003
1.12912
1.04043
1.00023
1.0026
1.00028
1.00033
1.00096
1.00018
1.00016
1.00014
1.0002
1.00249
1.01755
1.00809
1.04853
1.00028
1.03555
1.00032
1.01508
1.02899
1.00017
1.00031
1.00034
1.03671
1.00061
1.0078
1.00028
1.00252
1.00027
1.06279
1.0003
1.00031
1.00026
1.0094
1.00028
1.0002
1.03167
1.04545
1.01778
1.02635
1.00024
1.00149
1.00008
1.04441
1.00714
1.08821
1.00847
1.00223
1.01378
1.00046
1.00372
1.00038
1.04268
1.0285
1.0002
1.02881
1.00166
1.00029
1.00014
1.00032
1.093
1.00017
1.00233
1.00027
1.00024
1.09968
1.00019
1.00014
1.00356
1.00135
1.07244
1.00022
1.00022
1.08115
1.00078
1.00022
1.03104
1.00038
1.00025
1.00017
1.00028
1.00027
1.00024
1.00292
1.00031
1.00032
1.02756
1.09265
1.01366
1.0002
1.06306
1.00024
1.01745
1.01177
1.03613
1.05832
1.00945
1.00159
1.0572
1.01584
1.01213
1.05469
1.00967
1.00011
1.00029
1.00018
1.00033
1.0005
1.01563
1.0399
1.00026
1.00477
1.0005
1.00037
1.005
1.00457
1.03667
1.01384
1.00041
1.00041
1.00025
1.0002
1.00029
1.02086
1.00027
1.00029
1.03886
1.00908
1.00021
1.00535
1.00055
1.0259
1.03513
1.08811
1.01516
1.00023
1.02235
1.00028
1.00034
1.00014
1.00832
1.00018
1.01548
1.0021
1.00018
1.00029
1.00024
1.03285
1.01089
1.00034
1.0002
1.02664
1.00022
1.01002
1.02378
1.00859
1.00585
1.04259
1.00106
1.00025
1.05633
1.04197
1.00047
1.07654
1.02742
1.02236
1.00029
1.00151
1.03056
1.00037
1.00019
1.0423
1.00024
1.0199
1.00033
1.0004
1.00023
1.0377
1.01033
1.00029
1.08661
1.00006
1.00034
1.00033
1.03677
1.00029
1.00021
1.00083
1.00029
1.00038
1.0488
1.00005
1.00053
1.00159
1.00051
1.00035
1.00038
1.05819
1.00061
1.00016
1.04164
1.03719
1.00044
1.00038
1.09701
1.00026
1.00035
1.08362
1.00031
1.03897
1.00031
1.05129
1.0134
1.00048
1.05485
1.00136
1.00033
1.04497
1.00023
1.00642
1.00025
1.0003
1.06455
1.00049
1.00031
1.00893
1.00542
1.01039
1.00021
1.0079
1.1004
1.00032
1.00038
1.00023
1.00026
1.00271
1.03426
1.0004
1.01777
1.00027
1.09979
1.00703
1.00023
1.00033
1.01643
1.11526
1.03509
1.00792
1.03603
1.00029
1.02405
1.00029
1.00031
1.00359
1.00024
1.01184
1.00021
1.00027
1.08613
1.00014
1.00346
1.00256
1.00389
1.04058
1.00021
1.0004
1.00032
1.0433
1.06577
1.00015
1.03441
1.05442
1.02924
1.0197
1.00039
1.04395
1.00035
1.04471
1.03143
1.00017
1.00036
1.00036
1.0002
1.00026
1.00072
1.07545
1.05019
1.00854
1.00024
1.00034
1.00029
1.00044
1.0002
1.00015
1.04617
1.00341
1.04421
1.0005
1.05444
1.04915
1.00042
1.03053
1.08229
1.00045
1.05958
1.00032
1.01559
1.00038
1.02573
1.0325
1.01035
1.00017
1.04174
1.00029
1.0587
1.00033
1.00195
1.05912
1.00039
1.00763
1.00031
1.00024
1.00046
1.00041
1.00033
1.00028
1.01163
1.00038
1.0003
1.00018
1.00516
1.06469
1.00115
1.01142
1.18273
1.00042
1.00357
1.00023
1.00031
1.00021
1.00021
1.03636
1.1874
1.00034
1.01142
1.00021
1.03447
1.08147
1.00043
1.07871
1.00079
1.00087
1.05921
1.00033
1.03942
1.00799
1.00218
1.07553
1.0002
1.00026
1.02876
1.00246
1.02701
1.0439
1.00021
1.00409
1.00037
1.00644
1.04062
1.00021
1.00035
1.00185
1.00041
1.0003
1.00031
1.00018
1.04672
1.00033
1.01162
1.01488
1.07309
1.06963
1.00022
1.00893
1.00747
1.0003
1.00027
1.01067
1.00016
1.00016
1.00021
1.00038
1.00025
1.00001
1.01383
1.00024
1.0003
1.00037
1.02324
1.0003
1.00031
1.00428
1.07688
1.0526
1.00015
1.00027
1.00015
1.01396
1.00034
1.00129
1.1049
1.00043
1.00148
1.00022
1.02672
1.00131
1.03474
1.00008
1.00015
1.0003
1.00031
1.01012
1.09836
1.00031
1.07616
1.19266
1.00501
1.00025
1.0101
1.00037
1.01677
1.00023
1.00029
1.0035
1.00038
1.00865
1.01891
1.02484
1.00045
1.01311
1.05946
1.07079
1.02757
1.0003
1.05526
1.00021
1.00031
1.00753
1.00023
1.04823
1.00024
1.00066
1.00216
1.00052
1.00011
1.06945
1.0002
1.02319
1.00568
1.00029
1.00018
1.01137
1.00714
1.00063
1.10301
1.00026
1.00026
1.0003
1.00015
1.00021
1.03954
1.00038
1.0466
1.00045
1.11634
1.0002
1.00032
1.04212
1.04402
1.00213
1.00034
1.00812
1.01759
1.02623
1.03428
1.0002
1.06418
1.00027
1.00036
1.06859
1.06496
1.00023
1.00027
1.01074
1.00606
1.00035
1.02995
1.00036
1.00036
1.03339
1.01662
1.08717
1.00004
1.0003
1.00229
1.00032
1.09373
1.03093
1.00019
1.08734
1.01454
1.00147
1.00349
1.06706
1.00039
1.0003
1.00035
1.05929
1.03598
1.03917
1.01345
1.00474
1.01034
1.049
1.0003
1.00286
1.00022
1.00379
1.00047
1.00562
1.00128
1.00027
1.00886
1.00926
1.00019
1.00241
1.00172
1.03777
1.02113
1.00788
1.00027
1.00023
1.00031
1.04075
1.00031
1.00039
1.06059
1.00031
1.00039
1.00044
1.05301
1.02238
1.07044
1.0002
1.0003
1.0657
1.00024
1.01183
1.00204
1.00833
1.00017
1.00211
1.02393
1.06974
1.11387
1.00031
1.06967
1.00136
1.00028
1.01173
1.00037
1.00707
1.0072
1.00375
1.00122
1.00029
1.03694
1.00244
1.00468
1.00966
1.00039
1.00023
1.00996
1.06964
1.0634
1.00016
1.00014
1.06932
1.03436
1.13059
1.00534
1.00393
1.03033
1.00021
1.0205
1.01394
1.01647
1.00538
1.00034
1.00026
1.00037
1.01945
1.00026
1.00025
1.00014
1.02788
1.00499
1.00029
1.07694
1.00017
1.00123
1.02397
1.00038
1.04345
1.00035
1.00025
1.00026
1.00024
1.00343
1.00029
1.00025
1.05278
1.06443
1.02652
1.00029
1.08218
1.05639
1.00037
1.00836
1.08037
1.00017
1.02461
1.00045
1.00035
1.03986
1.04314
1.01651
1.00035
1.01008
1.06001
1.00039
1.00024
1.00033
1.00023
1.00034
1.01115
1.00022
1.01428
1.00027
1.01524
1.00029
1.03993
1.00031
1.00017
1.00032
1.00163
1.02893
1.00036
1.00025
1.01803
1.02265
1.00025
1.05438
1.00017
1.00244
1.0003
1.00024
1.00032
1.08706
1.00036
1.00033
1.00028
1.0002
1.00025
1.00032
1.04584
1.00023
1.00017
1.00014
1.00026
1.01523
1.0002
1.02402
1.14712
1.00005
1.00031
1.00035
1.00032
1.01292
1.00029
1.00016
1.01079
1.0018
1.0002
1.00027
1.0003
1.00026
1.00449
1.00138
1.01448
1.00035
1.05797
1.05024
1.02145
1.00037
1.00042
1.00393
1.00031
1.00022
1.00027
1.0004
1.24674
1.04275
1.07525
1.00023
1.00899
1.04986
1.02283
1.00015
1.09454
1.00039
1.0003
1.0003
1.0304
1.0145
1.0042
1.00049
1.00015
1.05624
1.0002
1.00006
1.06363
1.03085
1.00017
1.00017
1.00907
1.00035
1.0002
1.00034
1.03914
1.00347
1.00025
1.00562
1.00022
1.04271
1.00308
1.2105
1.00036
1.09233
1.01107
1.00066
1.00796
1.01569
1.01113
1.04892
1.00438
1.00031
1.02733
1.08458
1.00026
1.06993
1.00027
1.03737
1.00024
1.00029
1.02707
1.00046
1.05722
1.00265
1.00025
1.00026
1.00032
1.06559
1.08222
1.00617
1.00507
1.00025
1.00037
1.03645
1.00951
1.00051
1.0004
1.00363
1.00032
1.10793
1.01039
1.0204
1.06042
1.02375
1.04496
1.00035
1.00496
1.02531
1.02432
1.00017
1.0031
1.00917
1.00026
1.00038
1.00024
1.00029
1.00277
1.00532
1.00201
1.00047
1.00019
1.0065
1.04078
1.00029
1.00085
1.05136
1.04265
1.0304
1.15098
1.04244
1.00037
1.00032
1.03125
1.17301
1.00023
1.00016
1.00018
1.00023
1.06431
1.00032
1.04515
1.0089
1.00036
1.00033
1.01574
1.0278
1.00032
1.01517
1.00039
1.00016
1.0512
1.00324
1.14622
1.00362
1.00659
1.00887
1.00023
1.00209
1.03634
1.00026
1.00026
1.01233
1.00026
1.0003
1.00022
1.01977
1.02125
1.00037
1.01684
1.02464
1.01097
1.0008
1.09399
1.01034
1.00275
1.00031
1.06558
1.00061
1.02287
1.00032
1.00025
1.00423
1.00218
1.00028
1.00014
1.05062
1.00034
1.00026
1.00329
1.02179
1.02487
1.0165
1.01028
1.01143
1.00026
1.00023
1.06367
1.00034
1.00044
1.02177
1.00573
1.00054
1.0001
1.00446
1.00047
1.00043
1.00024
1.00047
1.00033
1.0007
1.00032
1.00025
1.00015
1.00023
1.00027
1.0002
1.00268
1.06885
1.07689
1.01467
1.0072
1.05278
1.02048
1.09568
1.0598
1.00032
1.00023
1.02401
1.00211
1.02373
1.00208
1.00649
1.0082
1.04044
1.00026
1.09892
1.00023
1.0151
1.00025
1.07046
1.00806
1.00037
1.00035
1.00752
1.09752
1.00022
1.00023
1.0287
1.00024
1.01919
1.00101
1.01838
1.00032
1.00032
1.00125
1.00032
1.00189
1.0002
1.00922
1.00024
1.00381
1.03632
1.00017
1.08405
1.10284
1.00878
1.00029
1.00029
1.00015
1.00017
1.04621
1.00629
1.09103
1.00445
1.00083
1.00524
1.00023
1.00015
1.01401
1.00213
1.00696
1.00759
1.04721
1.03542
1.00029
1.00022
1.00034
1.00022
1.0003
1.01399
1.00022
1.03436
1.03021
1.04944
1.00561
1.0002
1.0002
1.0361
1.00022
1.00927
1.01341
1.0325
1.06205
1.04007
1.00026
1.00038
1.00023
1.0261
1.01117
1.0003
1.02845
1.00024
1.00022
1.00026
1.0003
1.12912
1.04043
1.00023
1.0026
1.00028
1.00033
1.00096
1.00018
1.00016
1.00014
1.0002
1.00249
1.01755
1.00809
1.04853
1.00028
1.03555
1.00032
1.01508
1.02899
1.00017
1.00031
1.00034
1.03671
1.00061
1.0078
1.00028
1.00252
1.00027
1.06279
1.0003
1.00031
1.00026
1.0094
1.00028
1.0002
1.03167
1.04545
1.01778
1.02635
1.00024
1.00149
1.00008
1.04441
1.00714
1.08821
1.00847
1.00223
1.01378
1.00046
1.00372
1.00038
1.04268
1.0285
1.0002
1.02881
1.00166
1.00029
1.00014
1.00032
1.093
1.00017
1.00233
1.00027
1.00024
1.09968
1.00019
1.00014
1.00356
1.00135
1.07244
1.00022
1.00022
1.08115
1.00078
1.00022
1.03104
1.00038
1.00025
1.00017
1.00028
1.00027
1.00024
1.00292
1.00031
1.00032
1.02756
1.09265
1.01366
1.0002
1.06306
1.00024
1.01745
1.01177
1.03613
1.05832
1.00945
1.00159
1.0572
1.01584
1.01213
1.05469
1.00967
1.00011
1.00029
1.00018
1.00033
1.0005
1.01563
1.0399
1.00026
1.00477
1.0005
1.00037
1.005
1.00457
1.03667
1.01384
1.00041
1.00041
1.00025
1.0002
1.00029
1.02086
1.00027
1.00029
1.03886
1.00908
1.00021
1.00535
1.00055
1.0259
1.03513
1.08811
1.01516
1.00023
1.02235
1.00028
1.00034
1.00014
1.00832
1.00018
1.01548
1.0021
1.00018
1.00029
1.00024
1.03285
1.01089
1.00034
1.0002
1.02664
1.00022
1.01002
1.02378
1.00859
1.00585
1.04259
1.00106
1.00025
1.05633
1.04197
1.00047
1.07654
1.02742
1.02236
1.00029
1.00151
1.03056
1.00037
1.00019
1.0423
1.00024
1.0199
1.00033
1.0004
1.00023
1.0377
1.01033
1.00029
1.08661
1.00006
1.00034
1.00033
1.03677
1.00029
1.00021
1.00083
1.00029
1.00038
1.0488
1.00005
1.00053
1.00159
1.00051
1.00035
1.00038
1.05819
1.00061
1.00016
1.04164
1.03719
1.00044
1.00038
1.09701
1.00026
1.00035
1.08362
1.00031
1.03897
1.00031
1.05129
1.0134
1.00048
1.05485
1.00136
1.00033
1.04497
1.00023
1.00642
1.00025
1.0003
1.06455
1.00049
1.00031
1.00893
1.00542
1.01039
1.00021
1.0079
1.1004
1.00032
1.00038
1.00023
1.00026
1.00271
1.03426
1.0004
1.01777
1.00027
1.09979
1.00703
1.00023
1.00033
1.01643
1.11526
1.03509
1.00792
1.03603
1.00029
1.02405
1.00029
1.00031
1.00359
1.00024
1.01184
1.00021
1.00027
1.08613
1.00014
1.00346
1.00256
1.00389
1.04058
1.00021
1.0004
1.00032
1.0433
1.06577
1.00015
1.03441
1.05442
1.02924
1.0197
1.00039
1.04395
1.00035
1.04471
1.03143
1.00017
1.00036
1.00036
1.0002
1.00026
1.00072
1.07545
1.05019
1.00854
1.00024
1.00034
1.00029
1.00044
1.0002
1.00015
1.04617
1.00341
1.04421
1.0005
1.05444
1.04915
1.00042
1.03053
1.08229
1.00045
1.05958
1.00032
1.01559
1.00038
1.02573
1.0325
1.01035
1.00017
1.04174
1.00029
1.0587
1.00033
1.00195
1.05912
1.00039
1.00763
1.00031
1.00024
1.00046
1.00041
1.00033
1.00028
1.01163
1.00038
1.0003
1.00018
1.00516
1.06469
1.00115
1.01142
1.18273
1.00042
1.00357
1.00023
1.00031
1.00021
1.00021
1.03636
1.1874
1.00034
1.01142
1.00021
1.03447
1.08147
1.00043
1.07871
1.00079
1.00087
1.05921
1.00033
1.03942
1.00799
1.00218
1.07553
1.0002
1.00026
1.02876
1.00246
1.02701
1.0439
1.00021
1.00409
1.00037
1.00644
1.04062
1.00021
1.00035
1.00185
1.00041
1.0003
1.00031
1.00018
1.04672
1.00033
1.01162
1.01488
1.07309
1.06963
1.00022
1.00893
1.00747
1.0003
1.00027
1.01067
1.00016
1.00016
1.00021
1.00038
1.00025
1.00001
1.01383
1.00024
1.0003
1.00037
1.02324
1.0003
1.00031
1.00428
1.07688
1.0526
1.00015
1.00027
1.00015
1.01396
1.00034
1.00129
1.1049
1.00043
1.00148
1.00022
1.02672
1.00131
1.03474
1.00008
1.00015
1.0003
1.00031
1.01012
1.09836
1.00031
1.07616
1.19266
1.00501
1.00025
1.0101
1.00037
1.01677
1.00023
1.00029
1.0035
1.00038
1.00865
1.01891
1.02484
1.00045
1.01311
1.05946
1.07079
1.02757
1.0003
1.05526
1.00021
1.00031
1.00753
1.00023
1.04823
1.00024
1.00066
1.00216
1.00052
1.00011
1.06945
1.0002
1.02319
1.00568
1.00029
1.00018
1.01137
1.00714
1.00063
1.10301
1.00026
1.00026
1.0003
1.00015
1.00021
1.03954
1.00038
1.0466
1.00045
1.11634
1.0002
1.00032
1.04212
1.04402
1.00213
1.00034
1.00812
1.01759
1.02623
1.03428
1.0002
1.06418
1.00027
1.00036
1.06859
1.06496
1.00023
1.00027
1.01074
1.00606
1.00035
1.02995
1.00036
1.00036
1.03339
1.01662
1.08717
1.00004
1.0003
1.00229
1.00032
1.09373
1.03093
1.00019
1.08734
1.01454
1.00147
1.00349
1.06706
1.00039
1.0003
1.00035
1.04324
1.04112
1.02645
1.00028
1.00035
1.04608
1.00881
1.0003
1.0002
1.00022
1.00811
1.00047
1.00562
1.00029
1.00027
1.07849
1.02363
1.00019
1.00241
1.00172
1.0169
1.04711
1.00788
1.00028
1.04971
1.00031
1.03151
1.08285
1.00039
1.03588
1.00766
1.01386
1.08537
1.04496
1.02238
1.00842
1.05197
1.02617
1.04114
1.00024
1.04801
1.00204
1.00796
1.00017
1.00211
1.06015
1.18006
1.05416
1.00031
1.05576
1.00191
1.04271
1.02333
1.01127
1.05383
1.02351
1.11163
1.00121
1.00029
1.07334
1.00245
1.00468
1.01495
1.11974
1.00023
1.00996
1.06964
1.02116
1.09516
1.00014
1.0004
1.08116
1.07827
1.00518
1.21061
1.01075
1.07114
1.03322
1.01394
1.02534
1.08532
1.05405
1.00026
1.03845
1.01945
1.00026
1.00025
1.04546
1.0357
1.00499
1.00029
1.07755
1.00038
1.00124
1.02397
1.07804
1.12155
1.03427
1.00025
1.00026
1.00024
1.10661
1.06555
1.05523
1.05482
1.00227
1.04805
1.0777
1.08218
1.00048
1.0195
1.00255
1.13204
1.02573
1.08388
1.08693
1.00035
1.05419
1.05154
1.07084
1.05608
1.01008
1.02323
1.00039
1.00024
1.00033
1.06919
1.03514
1.01115
1.03233
1.03916
1.1137
1.01524
1.0003
1.05118
1.00031
1.00017
1.00032
1.0205
1.08216
1.04843
1.00025
1.10387
1.04095
1.09786
1.05438
1.01503
1.02997
1.0003
1.00024
1.04498
1.05068
1.00036
1.00033
1.00028
1.0002
1.00025
1.00032
1.08129
1.00875
1.00017
1.03641
1.00026
1.01459
1.06411
1.17857
1.20846
1.00005
1.08228
1.04306
1.00032
1.01292
1.00029
1.04349
1.05738
1.0018
1.0219
1.00027
1.0003
1.00026
1.03691
1.0014
1.01448
1.00281
1.05797
1.0955
1.03435
1.01466
1.00042
1.26286
1.00031
1.03919
1.01903
1.01933
1.1101
1.04363
1.03142
1.00023
1.04658
1.15729
1.20051
1.00015
1.05715
1.02118
1.02103
1.0003
1.06517
1.0092
1.0042
1.00049
1.03769
1.04278
1.02686
1.00006
1.00781
1.03086
1.00017
1.00017
1.05401
1.04425
1.0002
1.00566
1.09334
1.05497
1.03956
1.05513
1.00022
1.11474
1.04092
1.05615
1.00036
1.00027
1.03801
1.00066
1.01954
1.08935
1.01898
1.01899
1.0467
1.10055
1.06034
1.11055
1.00026
1.04561
1.01973
1.0742
1.00024
1.00029
1.02707
1.00046
1.04779
1.03845
1.02537
1.03594
1.00726
1.06136
1.00029
1.00059
1.02708
1.00025
1.06303
1.01507
1.00034
1.00051
1.0004
1.01777
1.00032
1.10793
1.11457
1.00228
1.00153
1.08776
1.11796
1.58916
1.03738
1.03523
1.05566
1.29859
1.02791
1.01364
1.00026
1.00038
1.05363
1.00029
1.00277
1.00532
1.00201
1.14148
1.00013
1.0065
1.02068
1.00029
1.02744
1.0213
1.09456
1.08499
1.04725
1.04244
1.00037
1.00032
1.03875
1.06007
1.00023
1.05442
1.01544
1.14235
1.06431
1.0914
1.1148
1.03187
1.08664
1.17007
1.01574
1.0003
1.00032
1.06463
1.00372
1.00016
1.00456
1.00324
1.03005
1.07867
1.09606
1.01911
1.00023
1.00209
1.09071
1.03374
1.00026
1.02152
1.00026
1.00031
1.04886
1.01977
1.03204
1.00037
1.00759
1.19914
1.01097
1.0008
1.01462
1.01034
1.05551
1.04028
1.10539
1.00061
1.05014
1.00032
1.04642
1.00461
1.04621
1.00028
1.09372
1.02919
1.00034
1.00026
1.00329
1.00234
1.02802
1.16296
1.04141
1.02262
1.03569
1.00023
1.04555
1.00034
1.00044
1.04574
1.071
1.00054
1.01657
1.04167
1.01972
1.00043
1.06812
1.00047
1.00033
1.0007
1.11354
1.00025
1.00015
1.00023
1.10416
1.0002
1.00268
1.00034
1.11052
1.02664
1.0072
1.0588
1.02078
1.05413
1.12099
1.00032
1.00023
1.03287
1.00217
1.02373
1.04137
1.05038
1.00042
1.1177
1.06316
1.09892
1.03638
1.0261
1.00025
1.03291
1.00806
1.0462
1.00035
1.01752
1.04501
1.02619
1.09178
1.0205
1.06484
1.03549
1.00106
1.04544
1.07018
1.00032
1.05006
1.03316
1.00041
1.0002
1.00922
1.00024
1.0573
1.03632
1.04779
1.15773
1.09817
1.05226
1.04735
1.02862
1.09012
1.05786
1.0794
1.02638
1.02079
1.00445
1.00083
1.00525
1.00023
1.01859
1.02215
1.00213
1.14042
1.01216
1.00021
1.00108
1.00029
1.00022
1.00034
1.09126
1.0003
1.05783
1.0683
1.0304
1.05057
1.0483
1.05078
1.0002
1.03249
1.09792
1.08825
1.14578
1.05058
1.00018
1.05338
1.03887
1.00026
1.05975
1.00023
1.06582
1.1704
1.0003
1.02932
1.00024
1.07272
1.00026
1.1032
1.00098
1.04043
1.0745
1.05041
1.05367
1.06974
1.04401
1.00018
1.08836
1.00014
1.02015
1.01284
1.04262
1.15734
1.04853
1.04109
1.10808
1.00032
1.0185
1.0182
1.00763
1.00031
1.00426
1.05359
1.09903
1.0078
1.00028
1.05008
1.07875
1.05644
1.0003
1.03615
1.02094
1.03515
1.00028
1.0685
1.03074
1.0243
1.00863
1.03613
1.00024
1.00149
1.00008
1.01859
1.04391
1.25035
1.00847
1.03664
1.04888
1.00046
1.08164
1.05539
1.12762
1.04177
1.0002
1.12501
1.08801
1.0716
1.00014
1.00032
1.0043
1.00017
1.06829
1.00027
1.00024
1.09173
1.00019
1.00014
1.02285
1.00135
1.05226
1.00023
1.0571
1.07203
1.00549
1.00023
1.0902
1.00038
1.00025
1.00017
1.04789
1.00027
1.05897
1.00292
1.00031
1.00032
1.02116
1.08802
1.01366
1.0002
1.06306
1.00024
1.01745
1.10393
1.04072
1.00017
1.00022
1.05365
1.00777
1.01986
1.02132
1.05469
1.00967
1.00011
1.00029
1.14252
1.10725
1.0005
1.0294
1.15861
1.00026
1.00477
1.0005
1.04803
1.09991
1.00457
1.04438
1.00026
1.00041
1.00041
1.05784
1.0002
1.00123
1.02086
1.0539
1.00029
1.09208
1.00908
1.00021
1.00536
1.13877
1.09613
1.03842
1.10644
1.01832
1.00023
1.01489
1.00028
1.04854
1.00015
1.00832
1.00018
1.01383
1.0021
1.00018
1.00029
1.15272
1.02849
1.01089
1.04341
1.02588
1.02664
1.01001
1.01002
1.10383
1.00859
1.00585
1.038
1.00106
1.02539
1.05633
1.07983
1.00047
1.027
1.01389
1.00039
1.00029
1.00151
1.00027
1.0234
1.00019
1.02063
1.00025
1.02191
1.00033
1.0004
1.03948
1.03771
1.00105
1.04236
1.08073
1.0428
1.02492
1.07787
1.02965
1.17319
1.00021
1.00083
1.05564
1.00038
1.05047
1.00004
1.0536
1.00248
1.04209
1.00035
1.00038
1.02123
1.0697
1.26421
1.05295
1.04166
1.09596
1.01472
1.09051
1.04325
1.05324
1.06957
1.00031
1.11295
1.00031
1.00035
1.01515
1.00048
1.06096
1.00136
1.0587
1.00026
1.08358
1.00692
1.00025
1.04919
1.16236
1.08074
1.00031
1.05262
1.03179
1.01039
1.00021
1.07278
1.15726
1.00032
1.00038
1.00023
1.08142
1.00271
1.06929
1.04402
1.11215
1.02218
1.08961
1.00703
1.11908
1.00033
1.01643
1.08933
1.0012
1.01664
1.02998
1.0535
1.02135
1.01287
1.03914
1.0932
1.03295
1.01184
1.00021
1.00027
1.04325
1.00014
1.00346
1.00256
1.00773
1.07216
1.00021
1.0004
1.03818
1.05656
1.01615
1.00015
1.04663
1.08002
1.00016
1.00098
1.00039
1.04476
1.00035
1.04471
1.072
1.05344
1.00036
1.01284
1.0002
1.00026
1.00072
1.14553
1.07149
1.00855
1.02762
1.04853
1.00029
1.00044
1.09512
1.00015
1.03409
1.00341
1.05632
1.0005
1.04817
1.00021
1.00042
1.00643
1.0652
1.11288
1.0541
1.00032
1.04077
1.07341
1.00033
1.0325
1.08059
1.00017
1.02717
1.00029
1.05218
1.00033
1.00195
1.05587
1.01119
1.00039
1.10915
1.00024
1.00046
1.28037
1.00033
1.00028
1.01163
1.00038
1.02847
1.00018
1.00756
1.10948
1.01766
1.01142
1.12668
1.00042
1.02316
1.06624
1.00031
1.00021
1.12544
1.03025
1.21788
1.00034
1.01142
1.087
1.00023
1.00033
1.00043
1.13069
1.00079
1.00087
1.04966
1.02871
1.00497
1.00628
1.00219
1.12888
1.0002
1.03714
1.03603
1.00246
1.00036
1.00047
1.00021
1.0505
1.00037
1.08049
1.13461
1.00021
1.01168
1.01705
1.00041
1.0003
1.00031
1.00018
1.03694
1.04816
1.01162
1.01824
1.01147
1.00939
1.00022
1.0924
1.0097
1.0003
1.00027
1.00198
1.00817
1.00016
1.00021
1.00651
1.00025
1.12491
1.0002
1.00024
1.0003
1.08436
1.00022
1.03657
1.00031
1.00428
1.08326
1.04793
1.00374
1.00027
1.05166
1.02956
1.00034
1.00129
1.01993
1.00043
1.05595
1.03661
1.02214
1.00131
1.02295
1.00008
1.00015
1.09864
1.00031
1.03333
1.09836
1.00031
1.00049
1.10051
1.04872
1.00026
1.00865
1.00037
1.01677
1.00023
1.05987
1.00351
1.09457
1.06599
1.04011
1.02484
1.04233
1.0424
1.00027
1.00319
1.02757
1.0003
1.05529
1.00021
1.01648
1.00753
1.00023
1.14493
1.06372
1.00066
1.0075
1.04667
1.00011
1.00036
1.0002
1.09524
1.0003
1.03655
1.00019
1.00028
1.00714
1.00063
1.07847
1.00026
1.00026
1.06054
1.00015
1.00022
1.03954
1.00038
1.10856
1.053
1.07227
1.00974
1.05434
1.03714
1.07226
1.06336
1.04165
1.07509
1.1071
1.04232
1.02808
1.0002
1.06905
1.00027
1.02745
1.07631
1.07169
1.00023
1.00027
1.01074
1.00142
1.02546
1.08525
1.00036
1.03068
1.03339
1.00047
1.00869
1.05677
1.01594
1.1713
1.0168
1.07383
1.02104
1.04727
1.00026
1.07135
1.02769
1.00086
1.00118
1.0781
1.09146
1.00035
1.46706
1.63256
1.67939
1.58991
1.70945
1.76479
1.43841
1.68877
1.5122
1.46454
1.56485
1.75805
1.60031
1.71566
1.40788
1.79271
1.69983
1.36046
1.60856
1.70607
1.59119
1.67204
1.63034
1.71293
1.55874
1.58622
1.64172
1.58261
1.63519
1.78921
1.61063
1.76073
1.51196
1.78974
1.54127
1.62962
1.49261
1.70318
1.55181
1.44636
1.81007
1.54497
1.54142
1.31864
1.59095
2.20076
1.54114
1.70044
1.51135
1.79222
1.70215
1.56488
1.58638
1.55625
1.65323
1.56756
1.45345
1.64591
1.72046
2.35606
1.6118
1.62487
1.63491
1.5646
1.45675
2.0927
1.57143
1.69342
1.47577
1.51078
1.57722
1.88532
2.12847
1.55923
1.62812
1.64198
1.51625
1.79466
1.80964
1.50805
1.9289
1.81722
1.57106
1.73782
1.48526
1.493
1.49711
1.35123
1.49655
1.69784
1.41107
2.07765
1.49652
1.45877
1.55307
1.74782
1.7989
1.58387
1.45359
1.39519
1.47684
1.46855
1.54857
1.4021
1.77417
1.85461
1.6018
1.63354
1.66748
1.78927
1.56962
1.65177
1.74579
1.35882
1.64537
1.68341
1.50959
1.42103
1.69851
1.58412
1.69557
1.65525
1.57022
1.84097
1.492
1.7788
1.42301
1.68601
1.58935
1.60098
1.59156
1.67597
1.42483
1.64604
1.54377
1.68323
1.32974
1.58405
1.55066
1.71634
1.62262
1.66514
1.72952
1.52778
1.39099
1.81969
1.38832
1.60658
1.61304
1.53358
1.53259
1.69027
1.90508
1.62068
1.48648
1.33557
1.42199
1.91678
2.17655
1.45532
1.3254
1.34637
1.52
1.84097
1.53258
1.78118
2.32431
1.80122
1.44142
1.57825
1.7277
1.59852
1.66397
1.40363
1.51674
1.5405
1.39248
1.58135
1.54339
1.62827
1.4889
1.54704
1.68199
1.63106
1.85
1.7665
1.50581
1.57496
1.80437
2.10162
1.70026
1.42557
1.37906
1.52083
2.66465
1.79872
1.83427
1.42375
1.53507
1.66212
1.79054
1.36031
1.60392
1.75462
1.45858
1.63889
1.45136
1.49809
1.5053
1.9143
1.37427
1.53289
1.44073
1.60016
1.43731
1.78225
1.33706
1.32645
1.47879
1.68438
1.42069
1.63753
1.73215
1.69566
1.48935
1.75065
1.39725
1.8893
1.6076
1.92664
1.69641
1.65412
1.61985
1.62306
1.50088
1.77786
1.61425
1.80042
1.71544
1.51823
1.73208
1.87315
1.53413
1.62506
1.44044
1.51157
1.58824
1.68819
1.50741
1.84844
1.74659
1.49241
1.61831
1.57172
1.54987
1.74624
1.48998
1.59792
1.67315
1.48354
1.90039
1.86431
1.76343
1.7307
1.70298
1.7888
1.73589
1.67048
1.50541
1.88935
1.57518
1.89912
1.45922
1.68374
1.58421
1.69515
1.74014
1.39901
1.55833
1.53164
1.4899
1.66454
1.51491
1.53694
1.45783
1.71809
1.3501
1.65504
1.43039
1.94445
1.6664
1.57496
1.49894
1.7204
1.87525
1.65946
1.91368
2.42872
1.72068
1.51164
1.75447
1.70993
1.49324
1.36374
1.44875
1.46703
1.60393
1.63543
1.41275
1.80931
1.69494
1.63783
1.6272
1.63771
1.59985
1.86679
1.71099
1.72782
1.69089
1.54788
1.77828
1.72855
1.92862
1.74403
1.57336
1.72505
1.88209
1.52919
1.49
1.50429
1.59413
1.67932
1.42407
1.73132
1.68822
1.67152
1.83438
1.47293
1.5323
1.69338
1.70325
1.7785
1.61034
1.51444
1.9351
1.64323
1.68389
1.49247
1.51204
1.88339
1.75319
1.58741
1.32387
1.62654
1.63877
1.51258
1.58207
1.67445
1.65944
1.79315
1.57901
1.67909
1.47201
1.57543
1.69622
1.7686
1.76795
1.53233
1.73541
1.64273
1.82519
1.50854
1.74613
1.85723
1.48159
1.60509
1.64927
1.61287
1.60643
1.54076
1.38241
1.38814
1.56262
1.456
1.47865
1.58744
1.82911
1.8094
1.43528
1.62838
1.52533
1.81595
1.60428
1.61083
1.65837
1.74381
1.54446
1.47193
1.68583
1.49637
1.90856
1.72126
1.59423
1.69833
1.51748
1.54275
1.48484
1.80574
1.48934
1.83618
1.75179
1.93473
1.89171
1.52957
1.57993
1.3591
1.45844
1.66953
1.43845
1.55942
1.62992
1.71893
1.59096
1.6064
1.84783
1.42302
1.94494
1.57267
1.89146
1.50129
1.40809
1.76565
1.84614
1.62593
1.58474
1.57098
1.43219
1.40528
1.63372
1.7506
1.60933
1.88218
1.4983
1.62257
1.5424
1.34124
1.74725
1.74197
1.76116
1.6893
1.48419
1.5936
1.56864
1.48965
1.72266
1.50939
1.61827
1.56662
1.58421
1.60483
1.51477
1.7212
1.57667
1.37625
1.45207
1.58155
1.47394
1.50054
1.82252
1.41177
1.58065
1.48246
1.5467
1.53038
1.55985
1.7835
1.68073
1.55307
2.00014
1.50906
1.55015
1.52188
1.60604
1.92599
1.70921
1.41406
1.71831
1.63029
1.60179
1.69824
1.35909
1.39729
1.35728
1.48785
1.67841
1.36069
1.67797
1.63739
1.60571
1.81716
1.55467
1.62397
1.62817
1.38483
1.68428
1.51568
1.62451
1.57967
1.75837
1.46645
1.59213
1.51371
2.01464
1.69772
1.52753
1.57509
1.61377
1.44703
1.36233
1.64765
1.60572
1.4917
1.48208
1.61578
1.68056
1.60605
1.52546
1.79331
2.14748
1.66285
1.71929
1.49855
1.67101
1.79709
1.60557
1.67644
1.89602
1.41082
1.63521
1.75387
1.60701
1.31963
1.80061
1.84982
1.42063
1.57882
1.62434
1.41821
1.96703
1.49289
1.368
1.5678
1.5875
1.64956
1.51613
1.4511
1.74148
1.90887
1.52994
1.8267
1.57423
1.57097
1.50427
1.47159
1.57523
1.51101
1.90085
1.52629
1.61007
1.74973
1.93207
1.77351
1.4623
1.88674
1.47788
1.85113
1.72326
1.42301
1.34147
1.53753
1.95499
1.68514
1.59341
2.00928
1.53227
1.41702
1.45629
1.69613
1.40869
1.72882
1.57602
1.50103
1.42833
1.49592
1.52097
1.86554
1.73158
1.55652
1.70144
1.78706
1.43941
1.76123
1.72611
1.5494
1.50068
1.63548
1.65733
1.46082
1.66779
1.68207
1.99628
1.57964
1.66745
1.82071
1.82485
1.58222
1.55066
1.77512
1.4976
1.54313
1.69026
1.68384
1.33504
1.46199
1.37748
1.69038
1.65305
1.46225
1.58838
1.54605
1.64442
1.66199
1.6329
1.43386
1.86444
1.46479
1.81249
1.66107
1.63275
1.50285
1.52149
1.52219
1.61756
1.97751
1.50733
1.56343
1.69583
1.39729
1.74773
1.4608
1.4403
1.47783
1.87203
1.40447
1.47882
1.46964
1.61184
1.59929
1.53698
1.52442
1.69869
1.6344
1.55916
1.56069
1.69545
1.5856
1.72098
1.64222
1.53147
1.52175
1.84294
1.52159
1.48083
1.52551
1.55571
1.69708
1.68599
1.70437
1.57845
1.79975
1.64006
1.84416
1.40077
1.5674
1.71179
1.78796
1.54433
1.803
1.56437
1.59141
1.58052
1.4604
1.50226
1.68543
1.76254
1.38628
1.49131
1.77171
1.5267
1.81572
1.51374
1.44454
1.7492
1.37941
1.65291
1.58151
1.85375
1.72323
1.72334
1.56603
1.78714
1.53074
2.04015
1.98578
1.58973
1.8975
1.3401
1.49535
1.97451
1.59539
1.90796
1.50634
1.49666
1.46552
1.3697
1.49778
1.48576
1.65588
2.35149
1.43865
1.66111
1.43823
1.5538
1.34861
1.66348
1.60621
1.71278
1.42406
1.64694
1.48992
1.64553
1.88208
1.35745
1.45249
1.6886
1.45975
1.88307
1.4395
1.69067
1.63493
1.61575
1.4835
1.2559
1.38319
1.5928
1.40549
1.57782
1.75823
1.67488
1.70607
1.58777
1.54961
1.4173
1.6508
1.5922
1.38819
1.62545
1.89029
2.11356
2.27828
1.42198
1.49077
1.6934
1.58732
1.72418
1.43972
1.35347
1.94724
1.72223
1.58646
1.80802
1.53947
1.47926
1.7772
1.3622
1.75959
1.87491
1.63898
1.62285
2.04327
1.64525
1.77834
1.98844
1.70659
1.39348
1.55356
1.58715
1.91884
1.56986
1.46412
1.90913
1.80282
1.86167
1.64862
1.57084
1.64149
1.77623
1.76556
1.55262
1.55915
1.77049
1.62983
1.46928
1.67625
1.78869
1.73666
1.57746
1.88292
1.7738
1.53511
1.56916
1.75235
1.43772
1.58415
1.61443
1.42656
1.57612
1.87442
1.57564
1.63617
1.68805
1.6742
1.68778
1.41246
1.72535
2.06471
1.68851
1.43977
1.29501
1.40312
1.97567
1.41266
1.45715
1.4218
1.83334
1.65505
1.88141
1.44862
1.4891
1.78007
1.47379
1.96165
1.4809
1.75816
1.49862
1.65291
1.68138
1.62752
1.43772
1.70734
1.7347
1.66219
1.74863
1.71178
1.69693
1.61052
1.60217
1.569
1.65556
1.63994
1.79218
1.3358
1.35954
1.49922
1.81148
1.49831
1.67722
1.36372
1.43819
1.666
1.4802
1.46738
1.7542
1.50452
1.86931
1.565
1.52505
1.68098
1.58353
1.62228
1.81457
1.5433
1.75023
1.66778
1.70044
1.45655
1.4695
2.37964
1.54319
1.37929
1.68445
1.42357
1.66159
1.61711
1.50439
1.54225
1.49672
1.61029
2.1213
1.63878
1.488
1.58129
1.68252
1.55597
1.48276
1.57479
1.68228
1.51099
1.8005
1.50715
1.89447
1.92692
1.65501
1.61195
1.60937
1.99581
1.68631
1.82047
1.50008
1.74677
1.39791
1.4239
2.20386
1.50766
1.37558
1.44334
1.87005
1.23687
1.78954
1.46989
1.877
1.71888
1.62573
1.431
1.61563
1.67454
1.99884
1.8783
1.57752
1.3994
1.64456
1.36284
1.39972
1.68765
1.80056
1.72953
2.11155
1.90649
1.37712
1.54916
1.5928
1.69051
1.67993
1.52111
2.29153
1.76623
1.78944
1.41902
1.47846
1.83339
1.53964
1.63398
1.76465
1.5422
1.56457
1.61562
1.88488
1.53473
1.77122
1.76988
1.5874
1.57902
1.64825
1.99497
1.62582
1.43776
1.59907
1.78939
1.62536
1.73848
1.61953
1.5511
1.49014
1.66028
1.56469
1.64925
1.58415
1.85618
1.84655
1.76899
1.08098
1.12697
1.18484
1.11732
1.06246
1.19841
1.05561
1.10365
1.08226
1.05242
1.14317
1.15529
1.13532
1.13608
1.03353
1.14286
1.22656
1.0925
1.14136
1.14222
1.03427
1.0783
1.1495
1.09348
1.08001
1.08542
1.06811
1.119
1.09415
1.08012
1.04104
1.13153
1.26176
1.06058
1.05581
1.20594
1.05546
1.0844
1.08511
1.09058
1.15189
1.14502
1.13736
1.05149
1.0685
1.17648
1.02065
1.05431
1.14405
1.035
1.18714
1.11276
1.16813
1.06494
1.11841
1.23722
1.08206
1.12507
1.06687
1.50078
1.02819
1.16143
1.10977
1.08766
1.12926
1.14627
1.0481
1.14025
1.04234
1.05854
1.0738
1.09285
1.06953
1.06173
1.13548
1.14743
1.08321
1.16544
1.09136
1.09404
1.13765
1.13309
1.08194
1.12701
1.0578
1.09074
1.09676
1.01688
1.03536
1.12175
1.08172
1.14325
1.09303
1.03501
1.10407
1.12358
1.28989
1.16428
1.09482
1.03393
1.03518
1.04848
1.09841
1.08486
1.26679
1.14882
1.02757
1.01547
1.06607
1.20854
1.1301
1.11653
1.03351
1.09124
1.05615
1.12812
1.1838
1.05922
1.12583
1.06314
1.15746
1.05506
1.12485
1.1669
1.09435
1.08355
1.10311
1.13431
1.13716
1.08164
1.11338
1.1438
1.03451
1.08757
1.09732
1.07052
1.0432
1.15785
1.11791
1.23919
1.03017
1.12992
1.07231
1.04017
1.04406
1.18553
1.0305
1.08767
1.08309
1.08585
1.09626
1.08142
1.16141
1.13798
1.10744
1.04605
1.16232
1.15638
1.41944
1.08499
1.03727
1.04827
1.10006
1.18512
1.04607
1.11393
1.18617
1.2073
1.02236
1.09729
1.10108
1.03128
1.08519
1.02775
1.06677
1.11464
1.07139
1.05168
1.06807
1.14849
1.07793
1.08737
1.18962
1.0613
1.16165
1.13132
1.04437
1.17284
1.14242
1.25473
1.0958
1.1068
1.09586
1.16458
1.47
1.25659
1.18013
1.08691
1.01199
1.1347
1.06041
1.03164
1.09242
1.15565
1.04751
1.11605
1.07348
1.15543
1.09367
1.05389
1.04605
1.10017
1.06357
1.17191
1.07022
1.20778
1.04542
1.04588
1.06317
1.1132
1.06812
1.22886
1.16678
1.16377
1.06912
1.10945
1.11062
1.08109
1.16891
1.25834
1.06869
1.08831
1.13285
1.13137
1.1076
1.1027
1.07786
1.11164
1.1763
1.09605
1.09648
1.16108
1.04716
1.04083
1.11682
1.03133
1.09344
1.09572
1.04856
1.10494
1.13654
1.06578
1.05497
1.13203
1.13768
1.05685
1.03879
1.21369
1.1518
1.06155
1.07447
1.09627
1.23425
1.13168
1.1363
1.05756
1.15631
1.09125
1.14487
1.13685
1.10743
1.15089
1.0488
1.142
1.08132
1.08663
1.06686
1.06954
1.08563
1.07991
1.02235
1.07186
1.10452
1.0704
1.09848
1.14302
1.07603
1.25287
1.09969
1.09307
1.13682
1.12078
1.1763
1.09066
1.12708
1.15034
1.25263
1.16063
1.10353
1.0744
1.14217
1.14887
1.09625
1.02383
1.05094
1.10848
1.08326
1.13092
1.07669
1.08329
1.1336
1.11679
1.12839
1.10473
1.02986
1.18182
1.13138
1.1663
1.18031
1.1421
1.04336
1.0561
1.20283
1.06482
1.06801
1.05136
1.0979
1.09582
1.10872
1.08112
1.13224
1.11352
1.0658
1.15507
1.17365
1.09351
1.19941
1.11238
1.07462
1.13567
1.15684
1.12699
1.22001
1.12165
1.06923
1.07799
1.06687
1.07489
1.03351
1.08083
1.15352
1.13934
1.03192
1.14493
1.04301
1.08784
1.09967
1.23424
1.08696
1.17215
1.05027
1.06236
1.05772
1.08235
1.14074
1.09442
1.12628
1.07039
1.06857
1.05631
1.23224
1.06938
1.20793
1.1638
1.01616
1.14533
1.12129
1.23162
1.10588
1.10333
1.06116
1.06117
1.07939
1.07626
1.02969
1.19211
1.11388
1.17033
1.10741
1.03333
1.06793
1.19285
1.15018
1.1607
1.0532
1.03222
1.04628
1.08923
1.11325
1.17183
1.2609
1.09782
1.11253
1.18045
1.12633
1.16037
1.0605
1.07798
1.09515
1.14418
1.20141
1.1202
1.13096
1.04045
1.11315
1.02986
1.11489
1.26885
1.08967
1.17344
1.0841
1.10038
1.13072
1.06232
1.16902
1.06698
1.07656
1.07052
1.15896
1.06211
1.02602
1.10031
1.08303
1.07481
1.09479
1.11666
1.03475
1.07701
1.12522
1.17182
1.1201
1.05129
1.11242
1.1308
1.08993
1.03746
1.11895
1.046
1.20652
1.07759
1.09265
1.11301
1.09012
1.07789
1.10143
1.05842
1.06402
1.04127
1.06849
1.07059
1.18443
1.06127
1.13169
1.04889
1.09531
1.16171
1.07411
1.02052
1.10282
1.08515
1.08778
1.0315
1.08983
1.03261
1.06331
1.1146
1.19713
1.12832
1.25387
1.12041
1.05932
1.1037
1.14514
1.08734
1.09206
1.10793
1.10984
1.11921
1.03611
1.16726
1.06292
1.09011
1.06745
1.05416
1.14994
1.08173
1.08939
1.09743
1.09637
1.17941
1.11139
1.04488
1.04619
1.0296
1.14812
1.14149
1.12964
1.06377
1.15944
1.15094
1.07957
1.07816
1.07896
1.09728
1.14261
1.13124
1.07095
1.10781
1.07705
1.11802
1.07032
1.16186
1.10363
1.08081
1.15302
1.20279
1.07916
1.12113
1.16495
1.0512
1.11011
1.06929
1.10225
1.2652
1.14451
1.01398
1.16913
1.10561
1.01405
1.24877
1.08527
1.07637
1.09554
1.09987
1.02786
1.11577
1.09489
1.03589
1.09713
1.10104
1.05844
1.09997
1.1342
1.10054
1.06433
1.06947
1.17105
1.11369
1.09978
1.07503
1.04242
1.05547
1.05355
1.12348
1.08287
1.08247
1.17029
1.14005
1.11806
1.03178
1.17858
1.193
1.03569
1.24905
1.08169
1.1759
1.12824
1.08266
1.03961
1.04826
1.16165
1.15298
1.05864
1.10313
1.05652
1.10916
1.05876
1.06922
1.04782
1.09128
1.29754
1.0457
1.14531
1.06731
1.06379
1.16468
1.18597
1.03305
1.12065
1.18427
1.11011
1.20883
1.19301
1.13138
1.07151
1.09697
1.11899
1.08766
1.15796
1.12285
1.10502
1.05583
1.13141
1.33927
1.14822
1.06467
1.17663
1.33165
1.11911
1.08655
1.06506
1.12787
1.04208
1.08613
1.06144
1.11747
1.13254
1.09361
1.0659
1.0623
1.09452
1.22433
1.06015
1.05466
1.11694
1.08215
1.15832
1.04677
1.14523
1.07407
1.05531
1.07101
1.08369
1.0884
1.13089
1.21639
1.08777
1.05345
1.0835
1.05543
1.07596
1.12474
1.11845
1.08846
1.04988
1.13724
1.05372
1.06452
1.05877
1.08845
1.04146
1.12929
1.11263
1.13045
1.15869
1.10358
1.12763
1.12919
1.08836
1.08265
1.11479
1.06489
1.11964
1.06077
1.09234
1.13932
1.11439
1.11926
1.14644
1.17967
1.05446
1.12538
1.04012
1.14216
1.11689
1.13827
1.10938
1.22781
1.13053
1.20729
1.10985
1.09346
1.09148
1.04664
1.01939
1.03271
1.04795
1.13926
1.12734
1.09374
1.12291
1.03924
1.26682
1.02489
1.09361
1.18825
1.25843
1.15327
1.15158
1.12715
1.13591
1.06074
1.27412
1.16505
1.07822
1.12379
1.02512
1.26137
1.21807
1.0748
1.14502
1.07617
1.11076
1.08246
1.05901
1.06872
1.03352
1.1031
1.36956
1.06881
1.10545
1.1106
1.15388
1.09084
1.06918
1.11123
1.10683
1.10202
1.07405
1.07103
1.05865
1.11101
1.09101
1.15362
1.07658
1.03132
1.208
1.11093
1.16257
1.12437
1.13796
1.05521
1.02012
1.05273
1.12279
1.06387
1.03623
1.08758
1.11621
1.03917
1.08852
1.07886
1.00957
1.13785
1.22331
1.03333
1.10084
1.212
1.06624
1.52554
1.07656
1.08322
1.12628
1.14434
1.20063
1.07445
1.06901
1.27133
1.13616
1.11729
1.13395
1.12949
1.06946
1.26452
1.04583
1.14036
1.14009
1.10477
1.18756
1.31069
1.0824
1.11244
1.1218
1.16695
1.04697
1.08958
1.14216
1.26819
1.07576
1.07998
1.0914
1.07539
1.06978
1.16008
1.07341
1.2418
1.11065
1.14294
1.04612
1.05154
1.12967
1.07716
1.03048
1.06619
1.09902
1.0703
1.05813
1.10987
1.10166
1.14654
1.0568
1.09083
1.08538
1.09751
1.04226
1.00925
1.13727
1.21735
1.06928
1.1501
1.17804
1.20468
1.15486
1.12064
1.15786
1.30808
1.05567
1.04907
1.0505
1.05771
1.15131
1.08392
1.0483
1.09909
1.12786
1.12275
1.11139
1.06639
1.16717
1.11354
1.06416
1.17032
1.03959
1.0646
1.11174
1.16255
1.12464
1.04967
1.06772
1.19174
1.1282
1.11642
1.05452
1.0683
1.16091
1.1044
1.05727
1.0964
1.12639
1.0321
1.15499
1.07217
1.05811
1.11291
1.1706
1.10082
1.09783
1.06553
1.06616
1.069
1.08836
1.03241
1.11374
1.07787
1.17162
1.15346
1.09119
1.11474
1.10229
1.13217
1.07149
1.21561
1.11269
1.03993
1.11036
1.09553
1.08922
1.27005
1.08139
1.06493
1.09034
1.05517
1.14835
1.11539
1.13064
1.11816
1.05348
1.18463
1.20703
1.09392
1.10724
1.07982
1.10045
1.07047
1.05445
1.16872
1.14374
1.13031
1.1208
1.12945
1.15154
1.07375
1.16664
1.14449
1.10011
1.1518
1.13345
1.11709
1.03519
1.06333
1.05458
1.08632
1.28198
1.09579
1.04689
1.10565
1.13779
1.01234
1.07897
1.04432
1.17062
1.10225
1.10675
1.0673
1.08659
1.1402
1.37929
1.07898
1.05062
1.05767
1.076
1.05768
1.09775
1.14401
1.1129
1.06154
1.1217
1.0552
1.05491
1.1097
1.10811
1.06936
1.2777
1.05986
1.22893
1.06424
1.08421
1.06546
1.11331
1.19244
1.04175
1.13894
1.072
1.06541
1.07411
1.14563
1.13978
1.29691
1.19123
1.09813
1.19554
1.12067
1.11054
1.26422
1.24303
1.05034
1.12714
1.28073
1.03899
1.09774
1.12725
1.02387
1.15017
1.1233
1.11456
1.23693
1.08112
1.14333
1.07874
1.09943
1.46706
1.63256
1.67939
1.58991
1.70945
1.76479
1.43841
1.68877
1.5122
1.46454
1.56485
1.75805
1.60031
1.71566
1.40788
1.79271
1.69983
1.36046
1.60856
1.70607
1.59119
1.67204
1.63034
1.71293
1.55874
1.58622
1.64172
1.58261
1.63519
1.78921
1.61063
1.76073
1.51196
1.78974
1.54127
1.62962
1.49261
1.70318
1.55181
1.44636
1.81007
1.54497
1.54142
1.31864
1.59095
2.20076
1.54114
1.70044
1.51135
1.79222
1.70215
1.56488
1.58638
1.55625
1.65323
1.56756
1.45345
1.64591
1.72046
2.35606
1.6118
1.62487
1.63491
1.5646
1.45675
2.0927
1.57143
1.69342
1.47577
1.51078
1.57722
1.88532
2.12847
1.55923
1.62812
1.64198
1.51625
1.79466
1.80964
1.50805
1.9289
1.81722
1.57106
1.73782
1.48526
1.493
1.49711
1.35123
1.49655
1.69784
1.41107
2.07765
1.49652
1.45877
1.55307
1.74782
1.7989
1.58387
1.45359
1.39519
1.47684
1.46855
1.54857
1.4021
1.77417
1.85461
1.6018
1.63354
1.66748
1.78927
1.56962
1.65177
1.74579
1.35882
1.64537
1.68341
1.50959
1.42103
1.69851
1.58412
1.69557
1.65525
1.57022
1.84097
1.492
1.7788
1.42301
1.68601
1.58935
1.60098
1.59156
1.67597
1.42483
1.64604
1.54377
1.68323
1.32974
1.58405
1.55066
1.71634
1.62262
1.66514
1.72952
1.52778
1.39099
1.81969
1.38832
1.60658
1.61304
1.53358
1.53259
1.69027
1.90508
1.62068
1.48648
1.33557
1.42199
1.91678
2.17655
1.45532
1.3254
1.34637
1.52
1.84097
1.53258
1.78118
2.32431
1.80122
1.44142
1.57825
1.7277
1.59852
1.66397
1.40363
1.51674
1.5405
1.39248
1.58135
1.54339
1.62827
1.4889
1.54704
1.68199
1.63106
1.85
1.7665
1.50581
1.57496
1.80437
2.10162
1.70026
1.42557
1.37906
1.52083
2.66465
1.79872
1.83427
1.42375
1.53507
1.66212
1.79054
1.36031
1.60392
1.75462
1.45858
1.63889
1.45136
1.49809
1.5053
1.9143
1.37427
1.53289
1.44073
1.60016
1.43731
1.78225
1.33706
1.32645
1.47879
1.68438
1.42069
1.63753
1.73215
1.69566
1.48935
1.75065
1.39725
1.8893
1.6076
1.92664
1.69641
1.65412
1.61985
1.62306
1.50088
1.77786
1.61425
1.80042
1.71544
1.51823
1.73208
1.87315
1.53413
1.62506
1.44044
1.51157
1.58824
1.68819
1.50741
1.84844
1.74659
1.49241
1.61831
1.57172
1.54987
1.74624
1.48998
1.59792
1.67315
1.48354
1.90039
1.86431
1.76343
1.7307
1.70298
1.7888
1.73589
1.67048
1.50541
1.88935
1.57518
1.89912
1.45922
1.68374
1.58421
1.69515
1.74014
1.39901
1.55833
1.53164
1.4899
1.66454
1.51491
1.53694
1.45783
1.71809
1.3501
1.65504
1.43039
1.94445
1.6664
1.57496
1.49894
1.7204
1.87525
1.65946
1.91368
2.42872
1.72068
1.51164
1.75447
1.70993
1.49324
1.36374
1.44875
1.46703
1.60393
1.63543
1.41275
1.80931
1.69494
1.63783
1.6272
1.63771
1.59985
1.86679
1.71099
1.72782
1.69089
1.54788
1.77828
1.72855
1.92862
1.74403
1.57336
1.72505
1.88209
1.52919
1.49
1.50429
1.59413
1.67932
1.42407
1.73132
1.68822
1.67152
1.83438
1.47293
1.5323
1.69338
1.70325
1.7785
1.61034
1.51444
1.9351
1.64323
1.68389
1.49247
1.51204
1.88339
1.75319
1.58741
1.32387
1.62654
1.63877
1.51258
1.58207
1.67445
1.65944
1.79315
1.57901
1.67909
1.47201
1.57543
1.69622
1.7686
1.76795
1.53233
1.73541
1.64273
1.82519
1.50854
1.74613
1.85723
1.48159
1.60509
1.64927
1.61287
1.60643
1.54076
1.38241
1.38814
1.56262
1.456
1.47865
1.58744
1.82911
1.8094
1.43528
1.62838
1.52533
1.81595
1.60428
1.61083
1.65837
1.74381
1.54446
1.47193
1.68583
1.49637
1.90856
1.72126
1.59423
1.69833
1.51748
1.54275
1.48484
1.80574
1.48934
1.83618
1.75179
1.93473
1.89171
1.52957
1.57993
1.3591
1.45844
1.66953
1.43845
1.55942
1.62992
1.71893
1.59096
1.6064
1.84783
1.42302
1.94494
1.57267
1.89146
1.50129
1.40809
1.76565
1.84614
1.62593
1.58474
1.57098
1.43219
1.40528
1.63372
1.7506
1.60933
1.88218
1.4983
1.62257
1.5424
1.34124
1.74725
1.74197
1.76116
1.6893
1.48419
1.5936
1.56864
1.48965
1.72266
1.50939
1.61827
1.56662
1.58421
1.60483
1.51477
1.7212
1.57667
1.37625
1.45207
1.58155
1.47394
1.50054
1.82252
1.41177
1.58065
1.48246
1.5467
1.53038
1.55985
1.7835
1.68073
1.55307
2.00014
1.50906
1.55015
1.52188
1.60604
1.92599
1.70921
1.41406
1.71831
1.63029
1.60179
1.69824
1.35909
1.39729
1.35728
1.48785
1.67841
1.36069
1.67797
1.63739
1.60571
1.81716
1.55467
1.62397
1.62817
1.38483
1.68428
1.51568
1.62451
1.57967
1.75837
1.46645
1.59213
1.51371
2.01464
1.69772
1.52753
1.57509
1.61377
1.44703
1.36233
1.64765
1.60572
1.4917
1.48208
1.61578
1.68056
1.60605
1.52546
1.79331
2.14748
1.66285
1.71929
1.49855
1.67101
1.79709
1.60557
1.67644
1.89602
1.41082
1.63521
1.75387
1.60701
1.31963
1.80061
1.84982
1.42063
1.57882
1.62434
1.41821
1.96703
1.49289
1.368
1.5678
1.5875
1.64956
1.51613
1.4511
1.74148
1.90887
1.52994
1.8267
1.57423
1.57097
1.50427
1.47159
1.57523
1.51101
1.90085
1.52629
1.61007
1.74973
1.93207
1.77351
1.4623
1.88674
1.47788
1.85113
1.72326
1.42301
1.34147
1.53753
1.95499
1.68514
1.59341
2.00928
1.53227
1.41702
1.45629
1.69613
1.40869
1.72882
1.57602
1.50103
1.42833
1.49592
1.52097
1.86554
1.73158
1.55652
1.70144
1.78706
1.43941
1.76123
1.72611
1.5494
1.50068
1.63548
1.65733
1.46082
1.66779
1.68207
1.99628
1.57964
1.66745
1.82071
1.82485
1.58222
1.55066
1.77512
1.4976
1.54313
1.69026
1.68384
1.33504
1.46199
1.37748
1.69038
1.65305
1.46225
1.58838
1.54605
1.64442
1.66199
1.6329
1.43386
1.86444
1.46479
1.81249
1.66107
1.63275
1.50285
1.52149
1.52219
1.61756
1.97751
1.50733
1.56343
1.69583
1.39729
1.74773
1.4608
1.4403
1.47783
1.87203
1.40447
1.47882
1.46964
1.61184
1.59929
1.53698
1.52442
1.69869
1.6344
1.55916
1.56069
1.69545
1.5856
1.72098
1.64222
1.53147
1.52175
1.84294
1.52159
1.48083
1.52551
1.55571
1.69708
1.68599
1.70437
1.57845
1.79975
1.64006
1.84416
1.40077
1.5674
1.71179
1.78796
1.54433
1.803
1.56437
1.59141
1.58052
1.4604
1.50226
1.68543
1.76254
1.38628
1.49131
1.77171
1.5267
1.81572
1.51374
1.44454
1.7492
1.37941
1.65291
1.58151
1.85375
1.72323
1.72334
1.56603
1.78714
1.53074
2.04015
1.98578
1.58973
1.8975
1.3401
1.49535
1.97451
1.59539
1.90796
1.50634
1.49666
1.46552
1.3697
1.49778
1.48576
1.65588
2.35149
1.43865
1.66111
1.43823
1.5538
1.34861
1.66348
1.60621
1.71278
1.42406
1.64694
1.48992
1.64553
1.88208
1.35745
1.45249
1.6886
1.45975
1.88307
1.4395
1.69067
1.63493
1.61575
1.4835
1.2559
1.38319
1.5928
1.40549
1.57782
1.75823
1.67488
1.70607
1.58777
1.54961
1.4173
1.6508
1.5922
1.38819
1.62545
1.89029
2.11356
2.27828
1.42198
1.49077
1.6934
1.58732
1.72418
1.43972
1.35347
1.94724
1.72223
1.58646
1.80802
1.53947
1.47926
1.7772
1.3622
1.75959
1.87491
1.63898
1.62285
2.04327
1.64525
1.77834
1.98844
1.70659
1.39348
1.55356
1.58715
1.91884
1.56986
1.46412
1.90913
1.80282
1.86167
1.64862
1.57084
1.64149
1.77623
1.76556
1.55262
1.55915
1.77049
1.62983
1.46928
1.67625
1.78869
1.73666
1.57746
1.88292
1.7738
1.53511
1.56916
1.75235
1.43772
1.58415
1.61443
1.42656
1.57612
1.87442
1.57564
1.63617
1.68805
1.6742
1.68778
1.41246
1.72535
2.06471
1.68851
1.43977
1.29501
1.40312
1.97567
1.41266
1.45715
1.4218
1.83334
1.65505
1.88141
1.44862
1.4891
1.78007
1.47379
1.96165
1.4809
1.75816
1.49862
1.65291
1.68138
1.62752
1.43772
1.70734
1.7347
1.66219
1.74863
1.71178
1.69693
1.61052
1.60217
1.569
1.65556
1.63994
1.79218
1.3358
1.35954
1.49922
1.81148
1.49831
1.67722
1.36372
1.43819
1.666
1.4802
1.46738
1.7542
1.50452
1.86931
1.565
1.52505
1.68098
1.58353
1.62228
1.81457
1.5433
1.75023
1.66778
1.70044
1.45655
1.4695
2.37964
1.54319
1.37929
1.68445
1.42357
1.66159
1.61711
1.50439
1.54225
1.49672
1.61029
2.1213
1.63878
1.488
1.58129
1.68252
1.55597
1.48276
1.57479
1.68228
1.51099
1.8005
1.50715
1.89447
1.92692
1.65501
1.61195
1.60937
1.99581
1.68631
1.82047
1.50008
1.74677
1.39791
1.4239
2.20386
1.50766
1.37558
1.44334
1.87005
1.23687
1.78954
1.46989
1.877
1.71888
1.62573
1.431
1.61563
1.67454
1.99884
1.8783
1.57752
1.3994
1.64456
1.36284
1.39972
1.68765
1.80056
1.72953
2.11155
1.90649
1.37712
1.54916
1.5928
1.69051
1.67993
1.52111
2.29153
1.76623
1.78944
1.41902
1.47846
1.83339
1.53964
1.63398
1.76465
1.5422
1.56457
1.61562
1.88488
1.53473
1.77122
1.76988
1.5874
1.57902
1.64825
1.99497
1.62582
1.43776
1.59907
1.78939
1.62536
1.73848
1.61953
1.5511
1.49014
1.66028
1.56469
1.64925
1.58415
1.85618
1.84655
1.76899
1.46706
1.63256
1.67939
1.58991
1.70945
1.76479
1.43841
1.68877
1.5122
1.46454
1.56485
1.75805
1.60031
1.71566
1.40788
1.79271
1.69983
1.36046
1.60856
1.70607
1.59119
1.67204
1.63034
1.71293
1.55874
1.58622
1.64172
1.58261
1.63519
1.78921
1.61063
1.76073
1.51196
1.78974
1.54127
1.62962
1.49261
1.70318
1.55181
1.44636
1.81007
1.54497
1.54142
1.31864
1.59095
2.20076
1.54114
1.70044
1.51135
1.79222
1.70215
1.56488
1.58638
1.55625
1.65323
1.56756
1.45345
1.64591
1.72046
2.35606
1.6118
1.62487
1.63491
1.5646
1.45675
2.0927
1.57143
1.69342
1.47577
1.51078
1.57722
1.88532
2.12847
1.55923
1.62812
1.64198
1.51625
1.79466
1.80964
1.50805
1.9289
1.81722
1.57106
1.73782
1.48526
1.493
1.49711
1.35123
1.49655
1.69784
1.41107
2.07765
1.49652
1.45877
1.55307
1.74782
1.7989
1.58387
1.45359
1.39519
1.47684
1.46855
1.54857
1.4021
1.77417
1.85461
1.6018
1.63354
1.66748
1.78927
1.56962
1.65177
1.74579
1.35882
1.64537
1.68341
1.50959
1.42103
1.69851
1.58412
1.69557
1.65525
1.57022
1.84097
1.492
1.7788
1.42301
1.68601
1.58935
1.60098
1.59156
1.67597
1.42483
1.64604
1.54377
1.68323
1.32974
1.58405
1.55066
1.71634
1.62262
1.66514
1.72952
1.52778
1.39099
1.81969
1.38832
1.60658
1.61304
1.53358
1.53259
1.69027
1.90508
1.62068
1.48648
1.33557
1.42199
1.91678
2.17655
1.45532
1.3254
1.34637
1.52
1.84097
1.53258
1.78118
2.32431
1.80122
1.44142
1.57825
1.7277
1.59852
1.66397
1.40363
1.51674
1.5405
1.39248
1.58135
1.54339
1.62827
1.4889
1.54704
1.68199
1.63106
1.85
1.7665
1.50581
1.57496
1.80437
2.10162
1.70026
1.42557
1.37906
1.52083
2.66465
1.79872
1.83427
1.42375
1.53507
1.66212
1.79054
1.36031
1.60392
1.75462
1.45858
1.63889
1.45136
1.49809
1.5053
1.9143
1.37427
1.53289
1.44073
1.60016
1.43731
1.78225
1.33706
1.32645
1.47879
1.68438
1.42069
1.63753
1.73215
1.69566
1.48935
1.75065
1.39725
1.8893
1.6076
1.92664
1.69641
1.65412
1.61985
1.62306
1.50088
1.77786
1.61425
1.80042
1.71544
1.51823
1.73208
1.87315
1.53413
1.62506
1.44044
1.51157
1.58824
1.68819
1.50741
1.84844
1.74659
1.49241
1.61831
1.57172
1.54987
1.74624
1.48998
1.59792
1.67315
1.48354
1.90039
1.86431
1.76343
1.7307
1.70298
1.7888
1.73589
1.67048
1.50541
1.88935
1.57518
1.89912
1.45922
1.68374
1.58421
1.69515
1.74014
1.39901
1.55833
1.53164
1.4899
1.66454
1.51491
1.53694
1.45783
1.71809
1.3501
1.65504
1.43039
1.94445
1.6664
1.57496
1.49894
1.7204
1.87525
1.65946
1.91368
2.42872
1.72068
1.51164
1.75447
1.70993
1.49324
1.36374
1.44875
1.46703
1.60393
1.63543
1.41275
1.80931
1.69494
1.63783
1.6272
1.63771
1.59985
1.86679
1.71099
1.72782
1.69089
1.54788
1.77828
1.72855
1.92862
1.74403
1.57336
1.72505
1.88209
1.52919
1.49
1.50429
1.59413
1.67932
1.42407
1.73132
1.68822
1.67152
1.83438
1.47293
1.5323
1.69338
1.70325
1.7785
1.61034
1.51444
1.9351
1.64323
1.68389
1.49247
1.51204
1.88339
1.75319
1.58741
1.32387
1.62654
1.63877
1.51258
1.58207
1.67445
1.65944
1.79315
1.57901
1.67909
1.47201
1.57543
1.69622
1.7686
1.76795
1.53233
1.73541
1.64273
1.82519
1.50854
1.74613
1.85723
1.48159
1.60509
1.64927
1.61287
1.60643
1.54076
1.38241
1.38814
1.56262
1.456
1.47865
1.58744
1.82911
1.8094
1.43528
1.62838
1.52533
1.81595
1.60428
1.61083
1.65837
1.74381
1.54446
1.47193
1.68583
1.49637
1.90856
1.72126
1.59423
1.69833
1.51748
1.54275
1.48484
1.80574
1.48934
1.83618
1.75179
1.93473
1.89171
1.52957
1.57993
1.3591
1.45844
1.66953
1.43845
1.55942
1.62992
1.71893
1.59096
1.6064
1.84783
1.42302
1.94494
1.57267
1.89146
1.50129
1.40809
1.76565
1.84614
1.62593
1.58474
1.57098
1.43219
1.40528
1.63372
1.7506
1.60933
1.88218
1.4983
1.62257
1.5424
1.34124
1.74725
1.74197
1.76116
1.6893
1.48419
1.5936
1.56864
1.48965
1.72266
1.50939
1.61827
1.56662
1.58421
1.60483
1.51477
1.7212
1.57667
1.37625
1.45207
1.58155
1.47394
1.50054
1.82252
1.41177
1.58065
1.48246
1.5467
1.53038
1.55985
1.7835
1.68073
1.55307
2.00014
1.50906
1.55015
1.52188
1.60604
1.92599
1.70921
1.41406
1.71831
1.63029
1.60179
1.69824
1.35909
1.39729
1.35728
1.48785
1.67841
1.36069
1.67797
1.63739
1.60571
1.81716
1.55467
1.62397
1.62817
1.38483
1.68428
1.51568
1.62451
1.57967
1.75837
1.46645
1.59213
1.51371
2.01464
1.69772
1.52753
1.57509
1.61377
1.44703
1.36233
1.64765
1.60572
1.4917
1.48208
1.61578
1.68056
1.60605
1.52546
1.79331
2.14748
1.66285
1.71929
1.49855
1.67101
1.79709
1.60557
1.67644
1.89602
1.41082
1.63521
1.75387
1.60701
1.31963
1.80061
1.84982
1.42063
1.57882
1.62434
1.41821
1.96703
1.49289
1.368
1.5678
1.5875
1.64956
1.51613
1.4511
1.74148
1.90887
1.52994
1.8267
1.57423
1.57097
1.50427
1.47159
1.57523
1.51101
1.90085
1.52629
1.61007
1.74973
1.93207
1.77351
1.4623
1.88674
1.47788
1.85113
1.72326
1.42301
1.34147
1.53753
1.95499
1.68514
1.59341
2.00928
1.53227
1.41702
1.45629
1.69613
1.40869
1.72882
1.57602
1.50103
1.42833
1.49592
1.52097
1.86554
1.73158
1.55652
1.70144
1.78706
1.43941
1.76123
1.72611
1.5494
1.50068
1.63548
1.65733
1.46082
1.66779
1.68207
1.99628
1.57964
1.66745
1.82071
1.82485
1.58222
1.55066
1.77512
1.4976
1.54313
1.69026
1.68384
1.33504
1.46199
1.37748
1.69038
1.65305
1.46225
1.58838
1.54605
1.64442
1.66199
1.6329
1.43386
1.86444
1.46479
1.81249
1.66107
1.63275
1.50285
1.52149
1.52219
1.61756
1.97751
1.50733
1.56343
1.69583
1.39729
1.74773
1.4608
1.4403
1.47783
1.87203
1.40447
1.47882
1.46964
1.61184
1.59929
1.53698
1.52442
1.69869
1.6344
1.55916
1.56069
1.69545
1.5856
1.72098
1.64222
1.53147
1.52175
1.84294
1.52159
1.48083
1.52551
1.55571
1.69708
1.68599
1.70437
1.57845
1.79975
1.64006
1.84416
1.40077
1.5674
1.71179
1.78796
1.54433
1.803
1.56437
1.59141
1.58052
1.4604
1.50226
1.68543
1.76254
1.38628
1.49131
1.77171
1.5267
1.81572
1.51374
1.44454
1.7492
1.37941
1.65291
1.58151
1.85375
1.72323
1.72334
1.56603
1.78714
1.53074
2.04015
1.98578
1.58973
1.8975
1.3401
1.49535
1.97451
1.59539
1.90796
1.50634
1.49666
1.46552
1.3697
1.49778
1.48576
1.65588
2.35149
1.43865
1.66111
1.43823
1.5538
1.34861
1.66348
1.60621
1.71278
1.42406
1.64694
1.48992
1.64553
1.88208
1.35745
1.45249
1.6886
1.45975
1.88307
1.4395
1.69067
1.63493
1.61575
1.4835
1.2559
1.38319
1.5928
1.40549
1.57782
1.75823
1.67488
1.70607
1.58777
1.54961
1.4173
1.6508
1.5922
1.38819
1.62545
1.89029
2.11356
2.27828
1.42198
1.49077
1.6934
1.58732
1.72418
1.43972
1.35347
1.94724
1.72223
1.58646
1.80802
1.53947
1.47926
1.7772
1.3622
1.75959
1.87491
1.63898
1.62285
2.04327
1.64525
1.77834
1.98844
1.70659
1.39348
1.55356
1.58715
1.91884
1.56986
1.46412
1.90913
1.80282
1.86167
1.64862
1.57084
1.64149
1.77623
1.76556
1.55262
1.55915
1.77049
1.62983
1.46928
1.67625
1.78869
1.73666
1.57746
1.88292
1.7738
1.53511
1.56916
1.75235
1.43772
1.58415
1.61443
1.42656
1.57612
1.87442
1.57564
1.63617
1.68805
1.6742
1.68778
1.41246
1.72535
2.06471
1.68851
1.43977
1.29501
1.40312
1.97567
1.41266
1.45715
1.4218
1.83334
1.65505
1.88141
1.44862
1.4891
1.78007
1.47379
1.96165
1.4809
1.75816
1.49862
1.65291
1.68138
1.62752
1.43772
1.70734
1.7347
1.66219
1.74863
1.71178
1.69693
1.61052
1.60217
1.569
1.65556
1.63994
1.79218
1.3358
1.35954
1.49922
1.81148
1.49831
1.67722
1.36372
1.43819
1.666
1.4802
1.46738
1.7542
1.50452
1.86931
1.565
1.52505
1.68098
1.58353
1.62228
1.81457
1.5433
1.75023
1.66778
1.70044
1.45655
1.4695
2.37964
1.54319
1.37929
1.68445
1.42357
1.66159
1.61711
1.50439
1.54225
1.49672
1.61029
2.1213
1.63878
1.488
1.58129
1.68252
1.55597
1.48276
1.57479
1.68228
1.51099
1.8005
1.50715
1.89447
1.92692
1.65501
1.61195
1.60937
1.99581
1.68631
1.82047
1.50008
1.74677
1.39791
1.4239
2.20386
1.50766
1.37558
1.44334
1.87005
1.23687
1.78954
1.46989
1.877
1.71888
1.62573
1.431
1.61563
1.67454
1.99884
1.8783
1.57752
1.3994
1.64456
1.36284
1.39972
1.68765
1.80056
1.72953
2.11155
1.90649
1.37712
1.54916
1.5928
1.69051
1.67993
1.52111
2.29153
1.76623
1.78944
1.41902
1.47846
1.83339
1.53964
1.63398
1.76465
1.5422
1.56457
1.61562
1.88488
1.53473
1.77122
1.76988
1.5874
1.57902
1.64825
1.99497
1.62582
1.43776
1.59907
1.78939
1.62536
1.73848
1.61953
1.5511
1.49014
1.66028
1.56469
1.64925
1.58415
1.85618
1.84655
1.76899
1.46706
1.63256
1.67939
1.58991
1.70945
1.76479
1.43841
1.68877
1.5122
1.46454
1.56485
1.75805
1.60031
1.71566
1.40788
1.79271
1.69983
1.36046
1.60856
1.70607
1.59119
1.67204
1.63034
1.71293
1.55874
1.58622
1.64172
1.58261
1.63519
1.78921
1.61063
1.76073
1.51196
1.78974
1.54127
1.62962
1.49261
1.70318
1.55181
1.44636
1.81007
1.54497
1.54142
1.31864
1.59095
2.20076
1.54114
1.70044
1.51135
1.79222
1.70215
1.56488
1.58638
1.55625
1.65323
1.56756
1.45345
1.64591
1.72046
2.35606
1.6118
1.62487
1.63491
1.5646
1.45675
2.0927
1.57143
1.69342
1.47577
1.51078
1.57722
1.88532
2.12847
1.55923
1.62812
1.64198
1.51625
1.79466
1.80964
1.50805
1.9289
1.81722
1.57106
1.73782
1.48526
1.493
1.49711
1.35123
1.49655
1.69784
1.41107
2.07765
1.49652
1.45877
1.55307
1.74782
1.7989
1.58387
1.45359
1.39519
1.47684
1.46855
1.54857
1.4021
1.77417
1.85461
1.6018
1.63354
1.66748
1.78927
1.56962
1.65177
1.74579
1.35882
1.64537
1.68341
1.50959
1.42103
1.69851
1.58412
1.69557
1.65525
1.57022
1.84097
1.492
1.7788
1.42301
1.68601
1.58935
1.60098
1.59156
1.67597
1.42483
1.64604
1.54377
1.68323
1.32974
1.58405
1.55066
1.71634
1.62262
1.66514
1.72952
1.52778
1.39099
1.81969
1.38832
1.60658
1.61304
1.53358
1.53259
1.69027
1.90508
1.62068
1.48648
1.33557
1.42199
1.91678
2.17655
1.45532
1.3254
1.34637
1.52
1.84097
1.53258
1.78118
2.32431
1.80122
1.44142
1.57825
1.7277
1.59852
1.66397
1.40363
1.51674
1.5405
1.39248
1.58135
1.54339
1.62827
1.4889
1.54704
1.68199
1.63106
1.85
1.7665
1.50581
1.57496
1.80437
2.10162
1.70026
1.42557
1.37906
1.52083
2.66465
1.79872
1.83427
1.42375
1.53507
1.66212
1.79054
1.36031
1.60392
1.75462
1.45858
1.63889
1.45136
1.49809
1.5053
1.9143
1.37427
1.53289
1.44073
1.60016
1.43731
1.78225
1.33706
1.32645
1.47879
1.68438
1.42069
1.63753
1.73215
1.69566
1.48935
1.75065
1.39725
1.8893
1.6076
1.92664
1.69641
1.65412
1.61985
1.62306
1.50088
1.77786
1.61425
1.80042
1.71544
1.51823
1.73208
1.87315
1.53413
1.62506
1.44044
1.51157
1.58824
1.68819
1.50741
1.84844
1.74659
1.49241
1.61831
1.57172
1.54987
1.74624
1.48998
1.59792
1.67315
1.48354
1.90039
1.86431
1.76343
1.7307
1.70298
1.7888
1.73589
1.67048
1.50541
1.88935
1.57518
1.89912
1.45922
1.68374
1.58421
1.69515
1.74014
1.39901
1.55833
1.53164
1.4899
1.66454
1.51491
1.53694
1.45783
1.71809
1.3501
1.65504
1.43039
1.94445
1.6664
1.57496
1.49894
1.7204
1.87525
1.65946
1.91368
2.42872
1.72068
1.51164
1.75447
1.70993
1.49324
1.36374
1.44875
1.46703
1.60393
1.63543
1.41275
1.80931
1.69494
1.63783
1.6272
1.63771
1.59985
1.86679
1.71099
1.72782
1.69089
1.54788
1.77828
1.72855
1.92862
1.74403
1.57336
1.72505
1.88209
1.52919
1.49
1.50429
1.59413
1.67932
1.42407
1.73132
1.68822
1.67152
1.83438
1.47293
1.5323
1.69338
1.70325
1.7785
1.61034
1.51444
1.9351
1.64323
1.68389
1.49247
1.51204
1.88339
1.75319
1.58741
1.32387
1.62654
1.63877
1.51258
1.58207
1.67445
1.65944
1.79315
1.57901
1.67909
1.47201
1.57543
1.69622
1.7686
1.76795
1.53233
1.73541
1.64273
1.82519
1.50854
1.74613
1.85723
1.48159
1.60509
1.64927
1.61287
1.60643
1.54076
1.38241
1.38814
1.56262
1.456
1.47865
1.58744
1.82911
1.8094
1.43528
1.62838
1.52533
1.81595
1.60428
1.61083
1.65837
1.74381
1.54446
1.47193
1.68583
1.49637
1.90856
1.72126
1.59423
1.69833
1.51748
1.54275
1.48484
1.80574
1.48934
1.83618
1.75179
1.93473
1.89171
1.52957
1.57993
1.3591
1.45844
1.66953
1.43845
1.55942
1.62992
1.71893
1.59096
1.6064
1.84783
1.42302
1.94494
1.57267
1.89146
1.50129
1.40809
1.76565
1.84614
1.62593
1.58474
1.57098
1.43219
1.40528
1.63372
1.7506
1.60933
1.88218
1.4983
1.62257
1.5424
1.34124
1.74725
1.74197
1.76116
1.6893
1.48419
1.5936
1.56864
1.48965
1.72266
1.50939
1.61827
1.56662
1.58421
1.60483
1.51477
1.7212
1.57667
1.37625
1.45207
1.58155
1.47394
1.50054
1.82252
1.41177
1.58065
1.48246
1.5467
1.53038
1.55985
1.7835
1.68073
1.55307
2.00014
1.50906
1.55015
1.52188
1.60604
1.92599
1.70921
1.41406
1.71831
1.63029
1.60179
1.69824
1.35909
1.39729
1.35728
1.48785
1.67841
1.36069
1.67797
1.63739
1.60571
1.81716
1.55467
1.62397
1.62817
1.38483
1.68428
1.51568
1.62451
1.57967
1.75837
1.46645
1.59213
1.51371
2.01464
1.69772
1.52753
1.57509
1.61377
1.44703
1.36233
1.64765
1.60572
1.4917
1.48208
1.61578
1.68056
1.60605
1.52546
1.79331
2.14748
1.66285
1.71929
1.49855
1.67101
1.79709
1.60557
1.67644
1.89602
1.41082
1.63521
1.75387
1.60701
1.31963
1.80061
1.84982
1.42063
1.57882
1.62434
1.41821
1.96703
1.49289
1.368
1.5678
1.5875
1.64956
1.51613
1.4511
1.74148
1.90887
1.52994
1.8267
1.57423
1.57097
1.50427
1.47159
1.57523
1.51101
1.90085
1.52629
1.61007
1.74973
1.93207
1.77351
1.4623
1.88674
1.47788
1.85113
1.72326
1.42301
1.34147
1.53753
1.95499
1.68514
1.59341
2.00928
1.53227
1.41702
1.45629
1.69613
1.40869
1.72882
1.57602
1.50103
1.42833
1.49592
1.52097
1.86554
1.73158
1.55652
1.70144
1.78706
1.43941
1.76123
1.72611
1.5494
1.50068
1.63548
1.65733
1.46082
1.66779
1.68207
1.99628
1.57964
1.66745
1.82071
1.82485
1.58222
1.55066
1.77512
1.4976
1.54313
1.69026
1.68384
1.33504
1.46199
1.37748
1.69038
1.65305
1.46225
1.58838
1.54605
1.64442
1.66199
1.6329
1.43386
1.86444
1.46479
1.81249
1.66107
1.63275
1.50285
1.52149
1.52219
1.61756
1.97751
1.50733
1.56343
1.69583
1.39729
1.74773
1.4608
1.4403
1.47783
1.87203
1.40447
1.47882
1.46964
1.61184
1.59929
1.53698
1.52442
1.69869
1.6344
1.55916
1.56069
1.69545
1.5856
1.72098
1.64222
1.53147
1.52175
1.84294
1.52159
1.48083
1.52551
1.55571
1.69708
1.68599
1.70437
1.57845
1.79975
1.64006
1.84416
1.40077
1.5674
1.71179
1.78796
1.54433
1.803
1.56437
1.59141
1.58052
1.4604
1.50226
1.68543
1.76254
1.38628
1.49131
1.77171
1.5267
1.81572
1.51374
1.44454
1.7492
1.37941
1.65291
1.58151
1.85375
1.72323
1.72334
1.56603
1.78714
1.53074
2.04015
1.98578
1.58973
1.8975
1.3401
1.49535
1.97451
1.59539
1.90796
1.50634
1.49666
1.46552
1.3697
1.49778
1.48576
1.65588
2.35149
1.43865
1.66111
1.43823
1.5538
1.34861
1.66348
1.60621
1.71278
1.42406
1.64694
1.48992
1.64553
1.88208
1.35745
1.45249
1.6886
1.45975
1.88307
1.4395
1.69067
1.63493
1.61575
1.4835
1.2559
1.38319
1.5928
1.40549
1.57782
1.75823
1.67488
1.70607
1.58777
1.54961
1.4173
1.6508
1.5922
1.38819
1.62545
1.89029
2.11356
2.27828
1.42198
1.49077
1.6934
1.58732
1.72418
1.43972
1.35347
1.94724
1.72223
1.58646
1.80802
1.53947
1.47926
1.7772
1.3622
1.75959
1.87491
1.63898
1.62285
2.04327
1.64525
1.77834
1.98844
1.70659
1.39348
1.55356
1.58715
1.91884
1.56986
1.46412
1.90913
1.80282
1.86167
1.64862
1.57084
1.64149
1.77623
1.76556
1.55262
1.55915
1.77049
1.62983
1.46928
1.67625
1.78869
1.73666
1.57746
1.88292
1.7738
1.53511
1.56916
1.75235
1.43772
1.58415
1.61443
1.42656
1.57612
1.87442
1.57564
1.63617
1.68805
1.6742
1.68778
1.41246
1.72535
2.06471
1.68851
1.43977
1.29501
1.40312
1.97567
1.41266
1.45715
1.4218
1.83334
1.65505
1.88141
1.44862
1.4891
1.78007
1.47379
1.96165
1.4809
1.75816
1.49862
1.65291
1.68138
1.62752
1.43772
1.70734
1.7347
1.66219
1.74863
1.71178
1.69693
1.61052
1.60217
1.569
1.65556
1.63994
1.79218
1.3358
1.35954
1.49922
1.81148
1.49831
1.67722
1.36372
1.43819
1.666
1.4802
1.46738
1.7542
1.50452
1.86931
1.565
1.52505
1.68098
1.58353
1.62228
1.81457
1.5433
1.75023
1.66778
1.70044
1.45655
1.4695
2.37964
1.54319
1.37929
1.68445
1.42357
1.66159
1.61711
1.50439
1.54225
1.49672
1.61029
2.1213
1.63878
1.488
1.58129
1.68252
1.55597
1.48276
1.57479
1.68228
1.51099
1.8005
1.50715
1.89447
1.92692
1.65501
1.61195
1.60937
1.99581
1.68631
1.82047
1.50008
1.74677
1.39791
1.4239
2.20386
1.50766
1.37558
1.44334
1.87005
1.23687
1.78954
1.46989
1.877
1.71888
1.62573
1.431
1.61563
1.67454
1.99884
1.8783
1.57752
1.3994
1.64456
1.36284
1.39972
1.68765
1.80056
1.72953
2.11155
1.90649
1.37712
1.54916
1.5928
1.69051
1.67993
1.52111
2.29153
1.76623
1.78944
1.41902
1.47846
1.83339
1.53964
1.63398
1.76465
1.5422
1.56457
1.61562
1.88488
1.53473
1.77122
1.76988
1.5874
1.57902
1.64825
1.99497
1.62582
1.43776
1.59907
1.78939
1.62536
1.73848
1.61953
1.5511
1.49014
1.66028
1.56469
1.64925
1.58415
1.85618
1.84655
1.76899
1.46706
1.63256
1.67939
1.58991
1.70945
1.76479
1.43841
1.68877
1.5122
1.46454
1.56485
1.75805
1.60031
1.71566
1.40788
1.79271
1.69983
1.36046
1.60856
1.70607
1.59119
1.67204
1.63034
1.71293
1.55874
1.58622
1.64172
1.58261
1.63519
1.78921
1.61063
1.76073
1.51196
1.78974
1.54127
1.62962
1.49261
1.70318
1.55181
1.44636
1.81007
1.54497
1.54142
1.31864
1.59095
2.20076
1.54114
1.70044
1.51135
1.79222
1.70215
1.56488
1.58638
1.55625
1.65323
1.56756
1.45345
1.64591
1.72046
2.35606
1.6118
1.62487
1.63491
1.5646
1.45675
2.0927
1.57143
1.69342
1.47577
1.51078
1.57722
1.88532
2.12847
1.55923
1.62812
1.64198
1.51625
1.79466
1.80964
1.50805
1.9289
1.81722
1.57106
1.73782
1.48526
1.493
1.49711
1.35123
1.49655
1.69784
1.41107
2.07765
1.49652
1.45877
1.55307
1.74782
1.7989
1.58387
1.45359
1.39519
1.47684
1.46855
1.54857
1.4021
1.77417
1.85461
1.6018
1.63354
1.66748
1.78927
1.56962
1.65177
1.74579
1.35882
1.64537
1.68341
1.50959
1.42103
1.69851
1.58412
1.69557
1.65525
1.57022
1.84097
1.492
1.7788
1.42301
1.68601
1.58935
1.60098
1.59156
1.67597
1.42483
1.64604
1.54377
1.68323
1.32974
1.58405
1.55066
1.71634
1.62262
1.66514
1.72952
1.52778
1.39099
1.81969
1.38832
1.60658
1.61304
1.53358
1.53259
1.69027
1.90508
1.62068
1.48648
1.33557
1.42199
1.91678
2.17655
1.45532
1.3254
1.34637
1.52
1.84097
1.53258
1.78118
2.32431
1.80122
1.44142
1.57825
1.7277
1.59852
1.66397
1.40363
1.51674
1.5405
1.39248
1.58135
1.54339
1.62827
1.4889
1.54704
1.68199
1.63106
1.85
1.7665
1.50581
1.57496
1.80437
2.10162
1.70026
1.42557
1.37906
1.52083
2.66465
1.79872
1.83427
1.42375
1.53507
1.66212
1.79054
1.36031
1.60392
1.75462
1.45858
1.63889
1.45136
1.49809
1.5053
1.9143
1.37427
1.53289
1.44073
1.60016
1.43731
1.78225
1.33706
1.32645
1.47879
1.68438
1.42069
1.63753
1.73215
1.69566
1.48935
1.75065
1.39725
1.8893
1.6076
1.92664
1.69641
1.65412
1.61985
1.62306
1.50088
1.77786
1.61425
1.80042
1.71544
1.51823
1.73208
1.87315
1.53413
1.62506
1.44044
1.51157
1.58824
1.68819
1.50741
1.84844
1.74659
1.49241
1.61831
1.57172
1.54987
1.74624
1.48998
1.59792
1.67315
1.48354
1.90039
1.86431
1.76343
1.7307
1.70298
1.7888
1.73589
1.67048
1.50541
1.88935
1.57518
1.89912
1.45922
1.68374
1.58421
1.69515
1.74014
1.39901
1.55833
1.53164
1.4899
1.66454
1.51491
1.53694
1.45783
1.71809
1.3501
1.65504
1.43039
1.94445
1.6664
1.57496
1.49894
1.7204
1.87525
1.65946
1.91368
2.42872
1.72068
1.51164
1.75447
1.70993
1.49324
1.36374
1.44875
1.46703
1.60393
1.63543
1.41275
1.80931
1.69494
1.63783
1.6272
1.63771
1.59985
1.86679
1.71099
1.72782
1.69089
1.54788
1.77828
1.72855
1.92862
1.74403
1.57336
1.72505
1.88209
1.52919
1.49
1.50429
1.59413
1.67932
1.42407
1.73132
1.68822
1.67152
1.83438
1.47293
1.5323
1.69338
1.70325
1.7785
1.61034
1.51444
1.9351
1.64323
1.68389
1.49247
1.51204
1.88339
1.75319
1.58741
1.32387
1.62654
1.63877
1.51258
1.58207
1.67445
1.65944
1.79315
1.57901
1.67909
1.47201
1.57543
1.69622
1.7686
1.76795
1.53233
1.73541
1.64273
1.82519
1.50854
1.74613
1.85723
1.48159
1.60509
1.64927
1.61287
1.60643
1.54076
1.38241
1.38814
1.56262
1.456
1.47865
1.58744
1.82911
1.8094
1.43528
1.62838
1.52533
1.81595
1.60428
1.61083
1.65837
1.74381
1.54446
1.47193
1.68583
1.49637
1.90856
1.72126
1.59423
1.69833
1.51748
1.54275
1.48484
1.80574
1.48934
1.83618
1.75179
1.93473
1.89171
1.52957
1.57993
1.3591
1.45844
1.66953
1.43845
1.55942
1.62992
1.71893
1.59096
1.6064
1.84783
1.42302
1.94494
1.57267
1.89146
1.50129
1.40809
1.76565
1.84614
1.62593
1.58474
1.57098
1.43219
1.40528
1.63372
1.7506
1.60933
1.88218
1.4983
1.62257
1.5424
1.34124
1.74725
1.74197
1.76116
1.6893
1.48419
1.5936
1.56864
1.48965
1.72266
1.50939
1.61827
1.56662
1.58421
1.60483
1.51477
1.7212
1.57667
1.37625
1.45207
1.58155
1.47394
1.50054
1.82252
1.41177
1.58065
1.48246
1.5467
1.53038
1.55985
1.7835
1.68073
1.55307
2.00014
1.50906
1.55015
1.52188
1.60604
1.92599
1.70921
1.41406
1.71831
1.63029
1.60179
1.69824
1.35909
1.39729
1.35728
1.48785
1.67841
1.36069
1.67797
1.63739
1.60571
1.81716
1.55467
1.62397
1.62817
1.38483
1.68428
1.51568
1.62451
1.57967
1.75837
1.46645
1.59213
1.51371
2.01464
1.69772
1.52753
1.57509
1.61377
1.44703
1.36233
1.64765
1.60572
1.4917
1.48208
1.61578
1.68056
1.60605
1.52546
1.79331
2.14748
1.66285
1.71929
1.49855
1.67101
1.79709
1.60557
1.67644
1.89602
1.41082
1.63521
1.75387
1.60701
1.31963
1.80061
1.84982
1.42063
1.57882
1.62434
1.41821
1.96703
1.49289
1.368
1.5678
1.5875
1.64956
1.51613
1.4511
1.74148
1.90887
1.52994
1.8267
1.57423
1.57097
1.50427
1.47159
1.57523
1.51101
1.90085
1.52629
1.61007
1.74973
1.93207
1.77351
1.4623
1.88674
1.47788
1.85113
1.72326
1.42301
1.34147
1.53753
1.95499
1.68514
1.59341
2.00928
1.53227
1.41702
1.45629
1.69613
1.40869
1.72882
1.57602
1.50103
1.42833
1.49592
1.52097
1.86554
1.73158
1.55652
1.70144
1.78706
1.43941
1.76123
1.72611
1.5494
1.50068
1.63548
1.65733
1.46082
1.66779
1.68207
1.99628
1.57964
1.66745
1.82071
1.82485
1.58222
1.55066
1.77512
1.4976
1.54313
1.69026
1.68384
1.33504
1.46199
1.37748
1.69038
1.65305
1.46225
1.58838
1.54605
1.64442
1.66199
1.6329
1.43386
1.86444
1.46479
1.81249
1.66107
1.63275
1.50285
1.52149
1.52219
1.61756
1.97751
1.50733
1.56343
1.69583
1.39729
1.74773
1.4608
1.4403
1.47783
1.87203
1.40447
1.47882
1.46964
1.61184
1.59929
1.53698
1.52442
1.69869
1.6344
1.55916
1.56069
1.69545
1.5856
1.72098
1.64222
1.53147
1.52175
1.84294
1.52159
1.48083
1.52551
1.55571
1.69708
1.68599
1.70437
1.57845
1.79975
1.64006
1.84416
1.40077
1.5674
1.71179
1.78796
1.54433
1.803
1.56437
1.59141
1.58052
1.4604
1.50226
1.68543
1.76254
1.38628
1.49131
1.77171
1.5267
1.81572
1.51374
1.44454
1.7492
1.37941
1.65291
1.58151
1.85375
1.72323
1.72334
1.56603
1.78714
1.53074
2.04015
1.98578
1.58973
1.8975
1.3401
1.49535
1.97451
1.59539
1.90796
1.50634
1.49666
1.46552
1.3697
1.49778
1.48576
1.65588
2.35149
1.43865
1.66111
1.43823
1.5538
1.34861
1.66348
1.60621
1.71278
1.42406
1.64694
1.48992
1.64553
1.88208
1.35745
1.45249
1.6886
1.45975
1.88307
1.4395
1.69067
1.63493
1.61575
1.4835
1.2559
1.38319
1.5928
1.40549
1.57782
1.75823
1.67488
1.70607
1.58777
1.54961
1.4173
1.6508
1.5922
1.38819
1.62545
1.89029
2.11356
2.27828
1.42198
1.49077
1.6934
1.58732
1.72418
1.43972
1.35347
1.94724
1.72223
1.58646
1.80802
1.53947
1.47926
1.7772
1.3622
1.75959
1.87491
1.63898
1.62285
2.04327
1.64525
1.77834
1.98844
1.70659
1.39348
1.55356
1.58715
1.91884
1.56986
1.46412
1.90913
1.80282
1.86167
1.64862
1.57084
1.64149
1.77623
1.76556
1.55262
1.55915
1.77049
1.62983
1.46928
1.67625
1.78869
1.73666
1.57746
1.88292
1.7738
1.53511
1.56916
1.75235
1.43772
1.58415
1.61443
1.42656
1.57612
1.87442
1.57564
1.63617
1.68805
1.6742
1.68778
1.41246
1.72535
2.06471
1.68851
1.43977
1.29501
1.40312
1.97567
1.41266
1.45715
1.4218
1.83334
1.65505
1.88141
1.44862
1.4891
1.78007
1.47379
1.96165
1.4809
1.75816
1.49862
1.65291
1.68138
1.62752
1.43772
1.70734
1.7347
1.66219
1.74863
1.71178
1.69693
1.61052
1.60217
1.569
1.65556
1.63994
1.79218
1.3358
1.35954
1.49922
1.81148
1.49831
1.67722
1.36372
1.43819
1.666
1.4802
1.46738
1.7542
1.50452
1.86931
1.565
1.52505
1.68098
1.58353
1.62228
1.81457
1.5433
1.75023
1.66778
1.70044
1.45655
1.4695
2.37964
1.54319
1.37929
1.68445
1.42357
1.66159
1.61711
1.50439
1.54225
1.49672
1.61029
2.1213
1.63878
1.488
1.58129
1.68252
1.55597
1.48276
1.57479
1.68228
1.51099
1.8005
1.50715
1.89447
1.92692
1.65501
1.61195
1.60937
1.99581
1.68631
1.82047
1.50008
1.74677
1.39791
1.4239
2.20386
1.50766
1.37558
1.44334
1.87005
1.23687
1.78954
1.46989
1.877
1.71888
1.62573
1.431
1.61563
1.67454
1.99884
1.8783
1.57752
1.3994
1.64456
1.36284
1.39972
1.68765
1.80056
1.72953
2.11155
1.90649
1.37712
1.54916
1.5928
1.69051
1.67993
1.52111
2.29153
1.76623
1.78944
1.41902
1.47846
1.83339
1.53964
1.63398
1.76465
1.5422
1.56457
1.61562
1.88488
1.53473
1.77122
1.76988
1.5874
1.57902
1.64825
1.99497
1.62582
1.43776
1.59907
1.78939
1.62536
1.73848
1.61953
1.5511
1.49014
1.66028
1.56469
1.64925
1.58415
1.85618
1.84655
1.76899
1.46706
1.63256
1.67939
1.58991
1.70945
1.76479
1.43841
1.68877
1.5122
1.46454
1.56485
1.75805
1.60031
1.71566
1.40788
1.79271
1.69983
1.36046
1.60856
1.70607
1.59119
1.67204
1.63034
1.71293
1.55874
1.58622
1.64172
1.58261
1.63519
1.78921
1.61063
1.76073
1.51196
1.78974
1.54127
1.62962
1.49261
1.70318
1.55181
1.44636
1.81007
1.54497
1.54142
1.31864
1.59095
2.20076
1.54114
1.70044
1.51135
1.79222
1.70215
1.56488
1.58638
1.55625
1.65323
1.56756
1.45345
1.64591
1.72046
2.35606
1.6118
1.62487
1.63491
1.5646
1.45675
2.0927
1.57143
1.69342
1.47577
1.51078
1.57722
1.88532
2.12847
1.55923
1.62812
1.64198
1.51625
1.79466
1.80964
1.50805
1.9289
1.81722
1.57106
1.73782
1.48526
1.493
1.49711
1.35123
1.49655
1.69784
1.41107
2.07765
1.49652
1.45877
1.55307
1.74782
1.7989
1.58387
1.45359
1.39519
1.47684
1.46855
1.54857
1.4021
1.77417
1.85461
1.6018
1.63354
1.66748
1.78927
1.56962
1.65177
1.74579
1.35882
1.64537
1.68341
1.50959
1.42103
1.69851
1.58412
1.69557
1.65525
1.57022
1.84097
1.492
1.7788
1.42301
1.68601
1.58935
1.60098
1.59156
1.67597
1.42483
1.64604
1.54377
1.68323
1.32974
1.58405
1.55066
1.71634
1.62262
1.66514
1.72952
1.52778
1.39099
1.81969
1.38832
1.60658
1.61304
1.53358
1.53259
1.69027
1.90508
1.62068
1.48648
1.33557
1.42199
1.91678
2.17655
1.45532
1.3254
1.34637
1.52
1.84097
1.53258
1.78118
2.32431
1.80122
1.44142
1.57825
1.7277
1.59852
1.66397
1.40363
1.51674
1.5405
1.39248
1.58135
1.54339
1.62827
1.4889
1.54704
1.68199
1.63106
1.85
1.7665
1.50581
1.57496
1.80437
2.10162
1.70026
1.42557
1.37906
1.52083
2.66465
1.79872
1.83427
1.42375
1.53507
1.66212
1.79054
1.36031
1.60392
1.75462
1.45858
1.63889
1.45136
1.49809
1.5053
1.9143
1.37427
1.53289
1.44073
1.60016
1.43731
1.78225
1.33706
1.32645
1.47879
1.68438
1.42069
1.63753
1.73215
1.69566
1.48935
1.75065
1.39725
1.8893
1.6076
1.92664
1.69641
1.65412
1.61985
1.62306
1.50088
1.77786
1.61425
1.80042
1.71544
1.51823
1.73208
1.87315
1.53413
1.62506
1.44044
1.51157
1.58824
1.68819
1.50741
1.84844
1.74659
1.49241
1.61831
1.57172
1.54987
1.74624
1.48998
1.59792
1.67315
1.48354
1.90039
1.86431
1.76343
1.7307
1.70298
1.7888
1.73589
1.67048
1.50541
1.88935
1.57518
1.89912
1.45922
1.68374
1.58421
1.69515
1.74014
1.39901
1.55833
1.53164
1.4899
1.66454
1.51491
1.53694
1.45783
1.71809
1.3501
1.65504
1.43039
1.94445
1.6664
1.57496
1.49894
1.7204
1.87525
1.65946
1.91368
2.42872
1.72068
1.51164
1.75447
1.70993
1.49324
1.36374
1.44875
1.46703
1.60393
1.63543
1.41275
1.80931
1.69494
1.63783
1.6272
1.63771
1.59985
1.86679
1.71099
1.72782
1.69089
1.54788
1.77828
1.72855
1.92862
1.74403
1.57336
1.72505
1.88209
1.52919
1.49
1.50429
1.59413
1.67932
1.42407
1.73132
1.68822
1.67152
1.83438
1.47293
1.5323
1.69338
1.70325
1.7785
1.61034
1.51444
1.9351
1.64323
1.68389
1.49247
1.51204
1.88339
1.75319
1.58741
1.32387
1.62654
1.63877
1.51258
1.58207
1.67445
1.65944
1.79315
1.57901
1.67909
1.47201
1.57543
1.69622
1.7686
1.76795
1.53233
1.73541
1.64273
1.82519
1.50854
1.74613
1.85723
1.48159
1.60509
1.64927
1.61287
1.60643
1.54076
1.38241
1.38814
1.56262
1.456
1.47865
1.58744
1.82911
1.8094
1.43528
1.62838
1.52533
1.81595
1.60428
1.61083
1.65837
1.74381
1.54446
1.47193
1.68583
1.49637
1.90856
1.72126
1.59423
1.69833
1.51748
1.54275
1.48484
1.80574
1.48934
1.83618
1.75179
1.93473
1.89171
1.52957
1.57993
1.3591
1.45844
1.66953
1.43845
1.55942
1.62992
1.71893
1.59096
1.6064
1.84783
1.42302
1.94494
1.57267
1.89146
1.50129
1.40809
1.76565
1.84614
1.62593
1.58474
1.57098
1.43219
1.40528
1.63372
1.7506
1.60933
1.88218
1.4983
1.62257
1.5424
1.34124
1.74725
1.74197
1.76116
1.6893
1.48419
1.5936
1.56864
1.48965
1.72266
1.50939
1.61827
1.56662
1.58421
1.60483
1.51477
1.7212
1.57667
1.37625
1.45207
1.58155
1.47394
1.50054
1.82252
1.41177
1.58065
1.48246
1.5467
1.53038
1.55985
1.7835
1.68073
1.55307
2.00014
1.50906
1.55015
1.52188
1.60604
1.92599
1.70921
1.41406
1.71831
1.63029
1.60179
1.69824
1.35909
1.39729
1.35728
1.48785
1.67841
1.36069
1.67797
1.63739
1.60571
1.81716
1.55467
1.62397
1.62817
1.38483
1.68428
1.51568
1.62451
1.57967
1.75837
1.46645
1.59213
1.51371
2.01464
1.69772
1.52753
1.57509
1.61377
1.44703
1.36233
1.64765
1.60572
1.4917
1.48208
1.61578
1.68056
1.60605
1.52546
1.79331
2.14748
1.66285
1.71929
1.49855
1.67101
1.79709
1.60557
1.67644
1.89602
1.41082
1.63521
1.75387
1.60701
1.31963
1.80061
1.84982
1.42063
1.57882
1.62434
1.41821
1.96703
1.49289
1.368
1.5678
1.5875
1.64956
1.51613
1.4511
1.74148
1.90887
1.52994
1.8267
1.57423
1.57097
1.50427
1.47159
1.57523
1.51101
1.90085
1.52629
1.61007
1.74973
1.93207
1.77351
1.4623
1.88674
1.47788
1.85113
1.72326
1.42301
1.34147
1.53753
1.95499
1.68514
1.59341
2.00928
1.53227
1.41702
1.45629
1.69613
1.40869
1.72882
1.57602
1.50103
1.42833
1.49592
1.52097
1.86554
1.73158
1.55652
1.70144
1.78706
1.43941
1.76123
1.72611
1.5494
1.50068
1.63548
1.65733
1.46082
1.66779
1.68207
1.99628
1.57964
1.66745
1.82071
1.82485
1.58222
1.55066
1.77512
1.4976
1.54313
1.69026
1.68384
1.33504
1.46199
1.37748
1.69038
1.65305
1.46225
1.58838
1.54605
1.64442
1.66199
1.6329
1.43386
1.86444
1.46479
1.81249
1.66107
1.63275
1.50285
1.52149
1.52219
1.61756
1.97751
1.50733
1.56343
1.69583
1.39729
1.74773
1.4608
1.4403
1.47783
1.87203
1.40447
1.47882
1.46964
1.61184
1.59929
1.53698
1.52442
1.69869
1.6344
1.55916
1.56069
1.69545
1.5856
1.72098
1.64222
1.53147
1.52175
1.84294
1.52159
1.48083
1.52551
1.55571
1.69708
1.68599
1.70437
1.57845
1.79975
1.64006
1.84416
1.40077
1.5674
1.71179
1.78796
1.54433
1.803
1.56437
1.59141
1.58052
1.4604
1.50226
1.68543
1.76254
1.38628
1.49131
1.77171
1.5267
1.81572
1.51374
1.44454
1.7492
1.37941
1.65291
1.58151
1.85375
1.72323
1.72334
1.56603
1.78714
1.53074
2.04015
1.98578
1.58973
1.8975
1.3401
1.49535
1.97451
1.59539
1.90796
1.50634
1.49666
1.46552
1.3697
1.49778
1.48576
1.65588
2.35149
1.43865
1.66111
1.43823
1.5538
1.34861
1.66348
1.60621
1.71278
1.42406
1.64694
1.48992
1.64553
1.88208
1.35745
1.45249
1.6886
1.45975
1.88307
1.4395
1.69067
1.63493
1.61575
1.4835
1.2559
1.38319
1.5928
1.40549
1.57782
1.75823
1.67488
1.70607
1.58777
1.54961
1.4173
1.6508
1.5922
1.38819
1.62545
1.89029
2.11356
2.27828
1.42198
1.49077
1.6934
1.58732
1.72418
1.43972
1.35347
1.94724
1.72223
1.58646
1.80802
1.53947
1.47926
1.7772
1.3622
1.75959
1.87491
1.63898
1.62285
2.04327
1.64525
1.77834
1.98844
1.70659
1.39348
1.55356
1.58715
1.91884
1.56986
1.46412
1.90913
1.80282
1.86167
1.64862
1.57084
1.64149
1.77623
1.76556
1.55262
1.55915
1.77049
1.62983
1.46928
1.67625
1.78869
1.73666
1.57746
1.88292
1.7738
1.53511
1.56916
1.75235
1.43772
1.58415
1.61443
1.42656
1.57612
1.87442
1.57564
1.63617
1.68805
1.6742
1.68778
1.41246
1.72535
2.06471
1.68851
1.43977
1.29501
1.40312
1.97567
1.41266
1.45715
1.4218
1.83334
1.65505
1.88141
1.44862
1.4891
1.78007
1.47379
1.96165
1.4809
1.75816
1.49862
1.65291
1.68138
1.62752
1.43772
1.70734
1.7347
1.66219
1.74863
1.71178
1.69693
1.61052
1.60217
1.569
1.65556
1.63994
1.79218
1.3358
1.35954
1.49922
1.81148
1.49831
1.67722
1.36372
1.43819
1.666
1.4802
1.46738
1.7542
1.50452
1.86931
1.565
1.52505
1.68098
1.58353
1.62228
1.81457
1.5433
1.75023
1.66778
1.70044
1.45655
1.4695
2.37964
1.54319
1.37929
1.68445
1.42357
1.66159
1.61711
1.50439
1.54225
1.49672
1.61029
2.1213
1.63878
1.488
1.58129
1.68252
1.55597
1.48276
1.57479
1.68228
1.51099
1.8005
1.50715
1.89447
1.92692
1.65501
1.61195
1.60937
1.99581
1.68631
1.82047
1.50008
1.74677
1.39791
1.4239
2.20386
1.50766
1.37558
1.44334
1.87005
1.23687
1.78954
1.46989
1.877
1.71888
1.62573
1.431
1.61563
1.67454
1.99884
1.8783
1.57752
1.3994
1.64456
1.36284
1.39972
1.68765
1.80056
1.72953
2.11155
1.90649
1.37712
1.54916
1.5928
1.69051
1.67993
1.52111
2.29153
1.76623
1.78944
1.41902
1.47846
1.83339
1.53964
1.63398
1.76465
1.5422
1.56457
1.61562
1.88488
1.53473
1.77122
1.76988
1.5874
1.57902
1.64825
1.99497
1.62582
1.43776
1.59907
1.78939
1.62536
1.73848
1.61953
1.5511
1.49014
1.66028
1.56469
1.64925
1.58415
1.85618
1.84655
1.76899
