1.00033
1.00027
1.0904
1.00021
1.03807
1.00429
1.00137
1.00025
1.00127
1.00028
1.01577
1.00017
1.08005
1.00017
1.02253
1.05937
1.05858
1.01224
1.00018
1.00022
1.02275
1.10057
1.08173
1.00035
1.00046
1.07543
1.00651
1.02035
1.00912
1.00042
1.00023
1.09507
1.00111
1.00037
1.00021
1.09475
1.00025
1.0575
1.00022
1.00025
1.0003
1.00031
1.00015
1.0003
1.00361
1.00027
1.00043
1.04741
1.00233
1.07489
1.02837
1.0003
1.03619
1.00118
1.03198
1.00194
1.00025
1.00013
1.06571
1.01215
1.00063
1.00033
1.05005
1.00052
1.04495
1.00697
1.00508
1.00025
1.00785
1.00367
1.00164
1.00051
1.00026
1.00024
1.00037
1.07168
1.06742
1.0419
1.00498
1.00015
1.01892
1.08054
1.08067
1.00028
1.00018
1.01635
1.06025
1.00023
1.00031
1.00013
1.00023
1.01747
1.04453
1.00025
1.00111
1.00027
1.00043
1.00022
1.12434
1.06708
1.02594
1.00023
1.00026
1.03132
1.00348
1.01151
1.0228
1.0067
1.01538
1.02734
1.0003
1.12461
1.00047
1.00695
1.00032
1.00013
1.0053
1.00298
1.00026
1.00027
1.06937
1.00559
1.07387
1.00031
1.01109
1.00416
1.00037
1.04222
1.1244
1.00019
1.00025
1.00015
1.00022
1.00038
1.03951
1.04564
1.00018
1.03533
1.02478
1.00026
1.00032
1.06765
1.00025
1.0003
1.04801
1.09554
1.00025
1.00875
1.09053
1.0044
1.0003
1.00024
1.09482
1.00036
1.00023
1.00868
1.00027
1.04539
1.00037
1.00031
1.04957
1.00043
1.04139
1.04831
1.08425
1.00027
1.00026
1.02077
1.00069
1.00027
1.00246
1.03201
1.02413
1.00038
1.04436
1.00022
1.00025
1.00303
1.00253
1.00018
1.00021
1.00028
1.00017
1.08943
1.00023
1.04309
1.00049
1.00557
1.00222
1.00065
1.05223
1.05855
1.00022
1.00189
1.00032
1.06974
1.00246
1.00025
1.00026
1.00017
1.01079
1.00041
1.00388
1.00023
1.0001
1.01131
1.00026
1.00024
1.02939
1.01157
1.00025
1.0003
1.00026
1.00028
1.00023
1.00031
1.00404
1.00045
1.08685
1.00094
1.00029
1.08896
1.01868
1.10569
1.00034
1.06596
1.16752
1.00026
1.0002
1.00367
1.00021
1.07898
1.00035
1.00366
1.00025
1.04002
1.00938
1.00032
1.00964
1.00032
1.04046
1.00019
1.29733
1.00043
1.1048
1.05777
1.2986
1.03497
1.00049
1.06946
1.02228
1.00031
1.0002
1.00022
1.00021
1.00022
1.00031
1.00021
1.05641
1.0021
1.0054
1.00035
1.00022
1.0002
1.06078
1.00939
1.09159
1.05848
1.00031
1.00026
1.00023
1.00387
1.0002
1.00548
1.0002
1.0002
1.02965
1.00021
1.00043
1.03515
1.0048
1.04045
1.00027
1.03918
1.0034
1.00017
1.0002
1.07242
1.00229
1.08581
1.00055
1.11593
1.00037
1.00047
1.00023
1.04055
1.00018
1.00022
1.00129
1.06224
1.03674
1.00026
1.00019
1.00028
1.00226
1.00037
1.0003
1.00029
1.00031
1.00015
1.23363
1.01121
1.08867
1.00032
1.04523
1.00034
1.00798
1.00028
1.00064
1.00024
1.07838
1.01195
1.00861
1.04267
1.00688
1.00303
1.15235
1.08555
1.0068
1.05884
1.0002
1.0002
1.06738
1.00026
1.00029
1.00159
1.00075
1.01872
1.12096
1.00016
1.00009
1.00041
1.08206
1.06236
1.00026
1.03008
1.00026
1.0089
1.05583
1.00835
1.00024
1.00015
1.00184
1.00019
1.02303
1.05261
1.00428
1.00024
1.00022
1.00999
1.00024
1.10646
1.00028
1.00024
1.0002
1.00018
1.04701
1.00026
1.00129
1.0003
1.0003
1.02991
1.00174
1.00033
1.00022
1.00035
1.00018
1.00192
1.0003
1.01456
1.00033
1.00035
1.00018
1.00019
1.00033
1.00094
1.00026
1.08566
1.04357
1.08274
1.00523
1.00873
1.00027
1.00026
1.00026
1.00024
1.0002
1.00025
1.00047
1.1062
1.00021
1.00053
1.00206
1.00541
1.06668
1.0003
1.0005
1.00026
1.03627
1.00034
1.00032
1.00025
1.00029
1.08047
1.01462
1.00021
1.00019
1.07135
1.00017
1.00115
1.00035
1.00266
1.06517
1.0323
1.0435
1.00028
1.04288
1.0002
1.04961
1.05897
1.00027
1.00028
1.02596
1.06783
1.00029
1.06707
1.05234
1.0146
1.00033
1.00037
1.00123
1.00022
1.00023
1.00034
1.00019
1.00019
1.05737
1.00017
1.00522
1.06299
1.04164
1.08597
1.00954
1.00016
1.03466
1.00784
1.00348
1.00027
1.00019
1.01061
1.00271
1.10418
1.00069
1.00021
1.0122
1.00284
1.00025
1.00026
1.08024
1.00025
1.00898
1.00014
1.00329
1.00028
1.04815
1.0005
1.0002
1.00845
1.03242
1.00036
1.01604
1.01299
1.00023
1.00282
1.00539
1.00046
1.03347
1.04707
1.00033
1.00019
1.00052
1.14935
1.00039
1.09936
1.00026
1.05043
1.00024
1.09206
1.00257
1.0032
1.00032
1.10218
1.05102
1.00019
1.00015
1.06922
1.00008
1.00031
1.0023
1.00041
1.07022
1.05838
1.00034
1.00157
1.00028
1.0022
1.00132
1.00045
1.00144
1.00064
1.00356
1.00024
1.02721
1.006
1.00023
1.00024
1.0166
1.00031
1.05277
1.00025
1.00424
1.05551
1.00018
1.00024
1.00024
1.00392
1.00022
1.10596
1.00028
1.00034
1.02076
1.00019
1.00026
1.00568
1.00027
1.00642
1.08252
1.05108
1.00133
1.00623
1.00089
1.04501
1.01959
1.00029
1.00024
1.00332
1.00035
1.00046
1.00023
1.0013
1.03671
1.0095
1.0092
1.0526
1.00043
1.0032
1.05743
1.00102
1.00003
1.00382
1.00022
1.00408
1.00094
1.03257
1.0843
1.0002
1.00004
1.00029
1.00019
1.00021
1.00252
1.05167
1.00021
1.00025
1.00756
1.00023
1.05041
1.14973
1.01086
1.00034
1.05855
1.03075
1.04938
1.0003
1.01049
1.00019
1.00138
1.00028
1.00024
1.00041
1.11368
1.06443
1.06195
1.06522
1.02779
1.00254
1.00029
1.00703
1.00025
1.10475
1.0002
1.00648
1.00376
1.00191
1.00026
1.00031
1.00028
1.0003
1.0055
1.00209
1.01181
1.00029
1.00028
1.0044
1.04276
1.03121
1.02569
1.02584
1.04365
1.02451
1.01504
1.00111
1.00552
1.00457
1.00665
1.0003
1.00533
1.00024
1.00057
1.00032
1.00531
1.07744
1.00018
1.04636
1.01456
1.0501
1.00023
1.06277
1.00022
1.00032
1.00021
1.03991
1.00332
1.00042
1.05393
1.09301
1.00027
1.00234
1.06317
1.01565
1.00021
1.05279
1.00026
1.00309
1.02212
1.00037
1.00032
1.00021
1.00021
1.07404
1.00047
1.05795
1.00026
1.0002
1.0609
1.09057
1.00467
1.00983
1.00028
1.00038
1.00237
1.00396
1.0002
1.00683
1.00922
1.00498
1.02292
1.00409
1.00017
1.00031
1.08931
1.00029
1.00612
1.00032
1.00019
1.00595
1.00023
1.00019
1.00036
1.05676
1.00027
1.00026
1.00083
1.00602
1.00026
1.00016
1.00022
1.00024
1.00119
1.00356
1.00002
1.12887
1.00026
1.22593
1.00037
1.00026
1.0288
1.00166
1.0003
1.01207
1.0893
1.00017
1.00212
1.00027
1.05168
1.00086
1.00023
1.00016
1.0003
1.00026
1.03583
1.00031
1.00822
1.00031
1.05139
1.00022
1.0003
1.00394
1.00026
1.01956
1.00026
1.00014
1.02443
1.0002
1.00031
1.00006
1.06503
1.08264
1.00049
1.00007
1.00118
1.0027
1.00028
1.02623
1.00626
1.00274
1.0002
1.00024
1.00017
1.00032
1.00037
1.06147
1.00285
1.00049
1.00023
1.00033
1.026
1.00153
1.02405
1.00019
1.11335
1.05559
1.00028
1.00598
1.02286
1.00238
1.12989
1.06841
1.00086
1.08467
1.00775
1.00612
1.08468
1.00033
1.00025
1.00024
1.05552
1.00488
1.00228
1.04477
1.00026
1.00034
1.00019
1.00026
1.00977
1.0508
1.04127
1.0004
1.00049
1.00021
1.00041
1.03423
1.04686
1.00021
1.00026
1.02086
1.11028
1.05344
1.0002
1.04929
1.00023
1.0002
1.00022
1.00127
1.00021
1.00021
1.00025
1.00028
1.00017
1.0579
1.00032
1.00039
1.00031
1.00028
1.00569
1.03114
1.01024
1.00029
1.12706
1.00023
1.00024
1.00034
1.00021
1.11642
1.06458
1.0003
1.08213
1.00015
1.00035
1.00056
1.34422
1.00011
1.01662
1.07802
1.00172
1.00018
1.00098
1.17573
1.00135
1.07177
1.00025
1.00232
1.0726
1.04125
1.04337
1.0079
1.00036
1.10192
1.07246
1.00042
1.00025
1.00031
1.00544
1.00028
1.00111
1.0003
1.12401
1.00363
1.09984
1.0002
1.06235
1.00066
1.0544
1.00026
1.00024
1.00034
1.00021
1.003
1.00022
1.00031
1.07242
1.00243
1.00019
1.00025
1.00024
1.00761
1.00029
1.00024
1.00039
1.00046
1.03057
1.00031
1.0003
1.0326
1.00025
1.00027
1.0002
1.00036
1.07942
1.01291
1.0569
1.0058
1.11372
1.00197
1.00034
1.00054
1.00033
1.0006
1.0328
1.00023
1.02782
1.04712
1.02673
1.00048
1.00013
1.00024
1.00023
1.07739
1.06278
1.00021
1.00023
1.02459
1.06172
1.0003
1.00029
1.00247
1.04361
1.06687
1.00032
1.00107
1.01479
1.05125
1.07431
1.00056
1.0034
1.00069
1.01904
1.00004
1.05724
1.09425
1.05746
1.00033
1.00023
1.00027
1.00021
1.00143
1.06666
1.06272
1.08655
1.07125
1.00022
1.00761
1.01699
1.00021
1.00019
1.08091
1.00074
1.00022
1.00032
1.00435
1.00046
1.00152
1.0096
1.00022
1.08707
1.04561
1.00072
1.00225
1.0009
1.00247
1.04632
1.00025
1.06299
1.01187
1.06197
1.00316
1.02419
1.00588
1.00025
1.00254
1.02044
1.00628
1.07091
1.00159
1.04128
1.10955
1.0208
1.00529
1.00026
1.00809
1.05759
1.00048
1.08702
1.00479
1.00026
1.01496
1.00023
1.00035
1.00035
1.0269
1.01625
1.09801
1.00599
1.04153
1.0003
1.03657
1.00038
1.00025
1.00127
1.04585
1.00026
1.00016
1.00605
1.00017
1.03172
1.00153
1.02342
1.00532
1.03716
1.00019
1.05587
1.00036
1.00031
1.02065
1.00046
1.00025
1.00025
1.00027
1.08451
1.08001
1.00023
1.12695
1.00108
1.13206
1.00021
1.04458
1.04046
1.0002
1.00022
1.00023
1.0003
1.00031
1.00015
1.00027
1.00433
1.00024
1.01096
1.2025
1.00234
1.00031
1.01909
1.0003
1.00031
1.00057
1.01823
1.00193
1.03647
1.00013
1.00629
1.08495
1.0503
1.00033
1.00847
1.00052
1.00032
1.00848
1.00098
1.01196
1.00785
1.00367
1.06827
1.00051
1.00026
1.00022
1.09614
1.02565
1.04721
1.01561
1.02228
1.00942
1.02223
1.01191
1.11291
1.01429
1.00018
1.06017
1.02545
1.00023
1.00031
1.00007
1.00023
1.0232
1.00987
1.00025
1.00045
1.00027
1.00043
1.00286
1.00034
1.02098
1.00788
1.00023
1.00026
1.0017
1.00029
1.01047
1.00019
1.0067
1.01604
1.00651
1.00026
1.01092
1.00058
1.00135
1.00028
1.00012
1.05817
1.07994
1.00831
1.00027
1.00031
1.03655
1.00047
1.02047
1.00327
1.00416
1.00037
1.0003
1.0008
1.03304
1.00025
1.00015
1.07247
1.06907
1.00026
1.07293
1.00018
1.00024
1.00015
1.05416
1.00029
1.04183
1.00019
1.02606
1.0003
1.00957
1.00021
1.01968
1.008
1.01866
1.0003
1.00021
1.00032
1.00036
1.00023
1.00023
1.00025
1.01773
1.00037
1.00029
1.00822
1.07808
1.0445
1.04074
1.01339
1.01491
1.0069
1.0181
1.06091
1.00027
1.00246
1.03682
1.08095
1.00038
1.00526
1.00204
1.08097
1.00303
1.00156
1.00018
1.00021
1.04944
1.00017
1.00298
1.00023
1.09465
1.00049
1.00557
1.06736
1.05812
1.00175
1.02815
1.00019
1.00839
1.00028
1.00954
1.03613
1.01627
1.00423
1.02233
1.02621
1.00041
1.00388
1.06939
1.0001
1.01131
1.07512
1.01692
1.00267
1.0632
1.03556
1.04728
1.00026
1.00028
1.047
1.04276
1.00404
1.01216
1.02948
1.00094
1.04324
1.00027
1.00364
1.00034
1.04073
1.02481
1.04359
1.00026
1.01579
1.0341
1.00712
1.09444
1.00035
1.00283
1.00021
1.00039
1.00018
1.02791
1.00964
1.0003
1.00286
1.00017
1.03742
1.00029
1.06561
1.0805
1.00537
1.06447
1.05369
1.01339
1.00015
1.00027
1.0002
1.03347
1.00021
1.00022
1.01138
1.00487
1.05849
1.00257
1.00107
1.0954
1.00021
1.0002
1.04314
1.00023
1.07266
1.03122
1.00028
1.00022
1.00376
1.00387
1.00017
1.01331
1.0002
1.05677
1.04766
1.00021
1.00043
1.00382
1.04253
1.0003
1.00027
1.04003
1.00338
1.0264
1.0002
1.00267
1.00229
1.02991
1.02989
1.00036
1.00037
1.00047
1.00023
1.00053
1.00017
1.00019
1.00028
1.01785
1.00729
1.04046
1.00019
1.08747
1.00199
1.00037
1.00026
1.00029
1.01659
1.00015
1.00808
1.01002
1.00934
1.00029
1.02631
1.13807
1.07168
1.01518
1.00027
1.00024
1.00023
1.03964
1.0447
1.00557
1.01616
1.06734
1.00046
1.00242
1.00665
1.03816
1.01085
1.00014
1.01401
1.00026
1.00029
1.00022
1.00515
1.01487
1.00032
1.02368
1.03973
1.03828
1.00273
1.15189
1.01411
1.00989
1.00294
1.0003
1.01854
1.07675
1.01095
1.14342
1.0123
1.00019
1.04657
1.00032
1.02871
1.00024
1.01889
1.00999
1.00024
1.04779
1.07806
1.00024
1.00017
1.01705
1.04626
1.00026
1.00127
1.0003
1.0003
1.00052
1.00174
1.04819
1.00022
1.00035
1.00522
1.02416
1.00995
1.04173
1.00031
1.01631
1.00018
1.00019
1.00033
1.04086
1.00026
1.00025
1.00046
1.04942
1.02123
1.08264
1.00024
1.04128
1.00026
1.05733
1.01882
1.02719
1.05114
1.00044
1.0062
1.00019
1.00206
1.003
1.03
1.02426
1.0005
1.04357
1.03668
1.01166
1.05766
1.0348
1.07834
1.02501
1.00044
1.00021
1.00019
1.00026
1.00692
1.02239
1.00006
1.00086
1.02882
1.00026
1.03126
1.00028
1.00025
1.00005
1.062
1.00026
1.01606
1.00028
1.01917
1.0635
1.01456
1.05674
1.00036
1.00655
1.02796
1.00032
1.03541
1.00022
1.00023
1.00034
1.00019
1.00886
1.0065
1.00017
1.01096
1.00862
1.00022
1.02757
1.03454
1.0091
1.00851
1.05184
1.00348
1.01042
1.00019
1.00055
1.00878
1.03153
1.0169
1.04742
1.00023
1.00036
1.02804
1.00022
1.06106
1.00025
1.07321
1.02008
1.00329
1.00025
1.00037
1.0005
1.0002
1.00841
1.00026
1.00036
1.00242
1.05988
1.00023
1.00141
1.01737
1.06123
1.02861
1.00026
1.00033
1.02124
1.1549
1.00832
1.00039
1.0003
1.0325
1.01033
1.04255
1.01216
1.00063
1.04637
1.00032
1.00988
1.00032
1.08124
1.00015
1.00751
1.00009
1.00029
1.0023
1.00041
1.03067
1.02087
1.00034
1.00127
1.00025
1.0022
1.05272
1.00045
1.00144
1.00064
1.00438
1.00024
1.00042
1.0059
1.00023
1.0395
1.00066
1.00031
1.0002
1.00025
1.00424
1.00029
1.03732
1.05934
1.00892
1.00226
1.0002
1.02819
1.07823
1.06504
1.00034
1.00006
1.00849
1.00122
1.00022
1.00642
1.00019
1.00568
1.02822
1.01654
1.03035
1.00023
1.00027
1.00023
1.00024
1.00332
1.08618
1.00011
1.00023
1.01146
1.02249
1.00639
1.0092
1.02037
1.00043
1.0032
1.00588
1.05543
1.0002
1.00382
1.00021
1.04697
1.00032
1.08438
1.00022
1.00019
1.00012
1.00029
1.03637
1.04048
1.02013
1.00031
1.00021
1.04785
1.07531
1.05818
1.00845
1.00026
1.09261
1.02529
1.00155
1.00027
1.00171
1.0003
1.0486
1.02132
1.00138
1.04439
1.00024
1.00041
1.00364
1.00014
1.03616
1.02621
1.00681
1.00254
1.00029
1.05633
1.00024
1.00431
1.00018
1.00648
1.00376
1.00191
1.00026
1.00031
1.00028
1.0249
1.01008
1.00209
1.01181
1.00029
1.00028
1.00517
1.00942
1.00031
1.00947
1.0927
1.01441
1.00608
1.03127
1.00013
1.00913
1.00047
1.00665
1.0003
1.04404
1.00022
1.00676
1.00032
1.00531
1.03871
1.05728
1.03715
1.00034
1.06364
1.00022
1.02321
1.0002
1.0455
1.00018
1.00045
1.00332
1.01663
1.00029
1.00033
1.04053
1.00231
1.00657
1.00794
1.00021
1.0004
1.00026
1.00603
1.00275
1.00037
1.00032
1.00021
1.00017
1.08163
1.00047
1.03463
1.06475
1.00375
1.08177
1.0167
1.07821
1.00983
1.00028
1.0255
1.01209
1.00042
1.00016
1.00037
1.04105
1.00498
1.0002
1.0224
1.00017
1.00031
1.01475
1.00029
1.00027
1.00032
1.00006
1.00026
1.00038
1.00019
1.01726
1.00467
1.01346
1.00025
1.00083
1.00402
1.00026
1.03309
1.00022
1.06632
1.00119
1.00013
1.07449
1.00049
1.00026
1.05222
1.00037
1.00021
1.00018
1.00191
1.00027
1.01207
1.00033
1.00015
1.02578
1.08263
1.00019
1.00017
1.0002
1.00016
1.0003
1.01972
1.00032
1.00031
1.00822
1.00031
1.01699
1.07586
1.0003
1.0009
1.00023
1.00113
1.00026
1.00013
1.01387
1.0002
1.00031
1.00556
1.00021
1.00821
1.07084
1.04769
1.08102
1.0015
1.00026
1.07226
1.15877
1.00251
1.00019
1.01852
1.04438
1.08382
1.00037
1.04877
1.00285
1.04692
1.00023
1.00033
1.0002
1.00069
1.03327
1.00015
1.06595
1.00027
1.00028
1.00598
1.02286
1.00014
1.00524
1.00672
1.00038
1.07491
1.00775
1.00612
1.00533
1.06708
1.00025
1.00024
1.02514
1.00488
1.01979
1.06066
1.04973
1.00034
1.00019
1.00026
1.07194
1.00006
1.03163
1.02425
1.00049
1.0235
1.00041
1.02236
1.05304
1.00021
1.02426
1.00031
1.01657
1.04237
1.03354
1.00029
1.06557
1.0002
1.11145
1.00127
1.04615
1.00019
1.00023
1.00028
1.00017
1.02048
1.00032
1.00039
1.04505
1.00028
1.00661
1.00037
1.01024
1.00029
1.03741
1.00022
1.00021
1.00029
1.00021
1.00048
1.00028
1.05124
1.00035
1.00015
1.0003
1.00015
1.03655
1.0435
1.01389
1.01065
1.00169
1.00018
1.00098
1.0099
1.00135
1.04496
1.00025
1.00228
1.04259
1.07476
1.04335
1.08843
1.00036
1.01304
1.00703
1.01515
1.00025
1.00031
1.00076
1.01023
1.02303
1.00027
1.00816
1.04
1.04062
1.00193
1.00024
1.00834
1.02974
1.00005
1.007
1.08802
1.00021
1.04236
1.00002
1.00031
1.02933
1.01194
1.07054
1.00025
1.00024
1.00006
1.00029
1.00024
1.00034
1.00066
1.01807
1.01348
1.0003
1.00008
1.03187
1.00556
1.00018
1.00036
1.01358
1.01034
1.03508
1.00029
1.02015
1.00197
1.01012
1.00018
1.01662
1.00254
1.06681
1.00023
1.00964
1.01254
1.00022
1.00048
1.026
1.00022
1.01095
1.00498
1.18466
1.00021
1.00023
1.01001
1.07705
1.0003
1.00029
1.00247
1.01972
1.00773
1.00032
1.00107
1.01276
1.0618
1.04849
1.00794
1.00026
1.00038
1.09365
1.00166
1.06053
1.00023
1.00987
1.03532
1.00023
1.05651
1.00223
1.09551
1.06082
1.00036
1.00017
1.10451
1.00022
1.00027
1.00066
1.00021
1.01426
1.00036
1.00023
1.06394
1.00028
1.08524
1.01667
1.03683
1.0096
1.00022
1.03105
1.00026
1.00027
1.00225
1.00021
1.00249
1.00029
1.05207
1.00903
1.01135
1.00266
1.00317
1.00106
1.00019
1.00025
1.00254
1.03882
1.08573
1.00026
1.00188
1.00028
1.00022
1.00005
1.09102
1.00026
1.00028
1.00025
1.00045
1.00033
1.01984
1.00023
1.00506
1.00023
1.00031
1.13824
1.01561
1.07035
1.06147
1.00025
1.03878
1.0003
1.04605
1.00038
1.05088
1.00127
1.06612
1.04504
1.00016
1.00605
1.00018
1.00373
1.03628
1.01723
1.04656
1.09415
1.05216
1.10806
1.00036
1.04404
1.02292
1.00046
1.00025
1.00391
1.00027
1.09045
1.05419
1.0804
1.07123
1.00108
1.00037
1.00021
1.04458
1.11521
1.02333
1.00022
1.00023
1.0003
1.00031
1.05006
1.00027
1.01269
1.00024
1.00043
1.09174
1.00001
1.00031
1.01909
1.05123
1.00031
1.00057
1.09709
1.13164
1.182
1.09605
1.00629
1.1007
1.0503
1.1218
1.04824
1.01295
1.00032
1.00545
1.00098
1.01197
1.00785
1.00367
1.03928
1.00051
1.00026
1.01293
1.00037
1.02489
1.09787
1.02293
1.02228
1.01209
1.02702
1.03734
1.0977
1.00025
1.00018
1.09846
1.0459
1.05608
1.00031
1.00952
1.00024
1.0329
1.00987
1.00025
1.04995
1.03498
1.34187
1.02605
1.04651
1.12498
1.01275
1.00023
1.02995
1.05696
1.00029
1.01994
1.00019
1.03741
1.01604
1.07217
1.03744
1.01092
1.00058
1.06774
1.00028
1.00012
1.02596
1.01421
1.04507
1.028
1.00031
1.06634
1.07225
1.04156
1.08435
1.05552
1.00037
1.11938
1.00026
1.08015
1.00025
1.01511
1.04927
1.07528
1.00026
1.0003
1.00018
1.03124
1.09523
1.03302
1.00029
1.02399
1.08542
1.03837
1.02852
1.00957
1.00021
1.01968
1.0578
1.01866
1.0003
1.00021
1.00032
1.00036
1.02582
1.00024
1.00025
1.03663
1.03983
1.00029
1.02012
1.00043
1.0212
1.02544
1.02096
1.01805
1.00561
1.04128
1.05746
1.03868
1.00246
1.04213
1.11275
1.02154
1.01579
1.00204
1.10786
1.02701
1.00293
1.00018
1.08582
1.04944
1.00017
1.00298
1.10734
1.05798
1.00049
1.05053
1.11436
1.17228
1.03231
1.04892
1.04156
1.02837
1.00028
1.00954
1.03471
1.02785
1.07492
1.04488
1.0275
1.15272
1.00388
1.00023
1.0195
1.01132
1.04218
1.01692
1.10286
1.06701
1.00019
1.03925
1.02077
1.07805
1.0508
1.00027
1.10662
1.0124
1.01924
1.00094
1.03924
1.02728
1.09528
1.02445
1.00034
1.03279
1.03407
1.02865
1.1541
1.08713
1.00022
1.08231
1.00035
1.00283
1.00021
1.03058
1.00018
1.04094
1.10977
1.10501
1.05696
1.0411
1.03742
1.00029
1.06958
1.01755
1.01564
1.06447
1.00022
1.02297
1.00016
1.07858
1.06892
1.11375
1.02923
1.00022
1.01138
1.00487
1.01469
1.08375
1.03144
1.00035
1.00021
1.0002
1.04345
1.00023
1.06518
1.05853
1.00028
1.08484
1.00538
1.00387
1.00017
1.01244
1.11798
1.12756
1.01763
1.00022
1.06026
1.01245
1.03025
1.05089
1.02737
1.08957
1.07344
1.00018
1.00021
1.00267
1.00229
1.05997
1.07007
1.00036
1.06227
1.00047
1.09457
1.00053
1.07381
1.00019
1.00028
1.06904
1.00729
1.04046
1.04834
1.00028
1.14843
1.03681
1.04598
1.00029
1.03472
1.02652
1.00113
1.17414
1.00934
1.0171
1.02631
1.02367
1.24895
1.04608
1.01783
1.0627
1.00023
1.10008
1.09439
1.06998
1.02157
1.00298
1.00046
1.00242
1.05923
1.00037
1.00734
1.08548
1.01401
1.03211
1.00029
1.00022
1.01926
1.07377
1.00032
1.12574
1.05822
1.11391
1.02651
1.05218
1.06251
1.00061
1.01814
1.00198
1.01854
1.07675
1.07344
1.08751
1.06998
1.00019
1.00025
1.05965
1.03064
1.00024
1.02033
1.00112
1.00024
1.0297
1.07806
1.00024
1.05869
1.00555
1.04554
1.00026
1.00127
1.0003
1.08059
1.00052
1.01993
1.06635
1.00022
1.03248
1.00013
1.06064
1.03214
1.23944
1.04706
1.00035
1.02963
1.00019
1.00033
1.09145
1.00026
1.00026
1.00046
1.03901
1.08893
1.0174
1.03979
1.05583
1.00026
1.041
1.13538
1.05152
1.06092
1.00044
1.0062
1.00019
1.06561
1.05109
1.05048
1.11074
1.0005
1.03065
1.05568
1.00636
1.05766
1.06796
1.05485
1.03429
1.00044
1.00021
1.13421
1.16271
1.05421
1.09682
1.00006
1.00746
1.02887
1.0223
1.04213
1.19642
1.08666
1.00005
1.01478
1.01472
1.01606
1.00028
1.01917
1.05989
1.0247
1.06828
1.03095
1.00655
1.02708
1.00032
1.019
1.00022
1.00023
1.00034
1.00019
1.00886
1.0065
1.00017
1.01595
1.06357
1.00022
1.05213
1.00632
1.08904
1.03505
1.00489
1.07293
1.01882
1.0059
1.02731
1.00414
1.04774
1.07672
1.03713
1.00023
1.04174
1.03725
1.00001
1.08377
1.00026
1.08189
1.00014
1.00329
1.00025
1.03503
1.09122
1.0002
1.00841
1.00026
1.03965
1.06072
1.12083
1.08081
1.00141
1.0212
1.13983
1.02861
1.00026
1.04149
1.04558
1.27492
1.0344
1.02199
1.0003
1.0325
1.05166
1.0095
1.01196
1.07402
1.0464
1.02992
1.00201
1.06386
1.08297
1.00016
1.02044
1.01701
1.10661
1.09778
1.00041
1.00443
1.02087
1.00034
1.008
1.00025
1.0022
1.00174
1.00045
1.03908
1.00064
1.177
1.14074
1.00042
1.0059
1.00023
1.10759
1.07629
1.09428
1.01146
1.00026
1.1205
1.07517
1.00015
1.02479
1.04171
1.00393
1.0002
1.03299
1.00028
1.00034
1.00034
1.00006
1.00849
1.00122
1.11485
1.08291
1.04792
1.02685
1.08049
1.0207
1.03035
1.04192
1.00027
1.02957
1.03516
1.00332
1.16713
1.07599
1.00023
1.03287
1.02249
1.00311
1.00042
1.01617
1.00043
1.0032
1.01313
1.05495
1.00001
1.07688
1.00021
1.0304
1.06735
1.08438
1.00022
1.04359
1.00012
1.00029
1.09182
1.04048
1.02013
1.00031
1.10324
1.03795
1.03538
1.15298
1.00845
1.00027
1.00091
1.02529
1.00155
1.06368
1.03701
1.01738
1.05964
1.02132
1.01873
1.04439
1.00024
1.0816
1.0035
1.0613
1.08149
1.0253
1.11311
1.05103
1.00029
1.05482
1.00024
1.00431
1.00018
1.08722
1.19371
1.00191
1.00026
1.00031
1.00028
1.02841
1.01443
1.00209
1.00213
1.0003
1.00028
1.02258
1.00038
1.07703
1.04101
1.08134
1.03878
1.00608
1.11877
1.00007
1.03001
1.06224
1.04125
1.0003
1.07651
1.00022
1.00763
1.00032
1.09648
1.09415
1.01806
1.03651
1.09777
1.04515
1.00022
1.01145
1.0002
1.00032
1.00018
1.00045
1.05205
1.14406
1.00029
1.04638
1.00027
1.0693
1.00756
1.07067
1.00021
1.0004
1.00026
1.00604
1.00275
1.09199
1.00032
1.03254
1.00017
1.051
1.10769
1.01432
1.04171
1.00835
1.03175
1.0003
1.05785
1.00983
1.03731
1.04342
1.01606
1.10493
1.07941
1.04461
1.0411
1.04917
1.0002
1.06014
1.10318
1.01561
1.01475
1.06957
1.00027
1.00032
1.02558
1.00135
1.05277
1.00019
1.01726
1.00467
1.01346
1.00147
1.00083
1.00563
1.02148
1.00733
1.00022
1.06918
1.04015
1.00014
1.05523
1.02762
1.35316
1.05222
1.07411
1.03161
1.00018
1.02252
1.00027
1.01013
1.00033
1.00015
1.08179
1.00003
1.04975
1.02499
1.0439
1.00835
1.0003
1.00026
1.00032
1.02704
1.00822
1.00031
1.02508
1.00022
1.24596
1.04131
1.00023
1.00113
1.08887
1.00013
1.05946
1.0002
1.00031
1.27588
1.04593
1.06766
1.11047
1.00013
1.04838
1.03374
1.03049
1.10848
1.15877
1.00251
1.0002
1.01852
1.04438
1.04397
1.00037
1.03425
1.03129
1.06115
1.00023
1.13372
1.10119
1.01563
1.04108
1.02503
1.05367
1.00028
1.00028
1.00598
1.05239
1.04937
1.00524
1.00672
1.00038
1.11001
1.00775
1.00612
1.00445
1.22244
1.03107
1.0355
1.03824
1.00023
1.00407
1.15619
1.04973
1.00034
1.07718
1.02221
1.07252
1.03869
1.03163
1.03328
1.06431
1.0235
1.00042
1.05453
1.02923
1.09348
1.02426
1.00031
1.01657
1.0003
1.00115
1.02448
1.11467
1.11921
1.09319
1.02684
1.09176
1.00576
1.05135
1.02604
1.00017
1.02048
1.04576
1.0004
1.16441
1.00028
1.01611
1.09881
1.01024
1.01391
1.07794
1.00022
1.00021
1.02451
1.18927
1.00048
1.06912
1.07325
1.00035
1.01758
1.08272
1.01629
1.05379
1.06527
1.00026
1.01065
1.0413
1.00018
1.0787
1.0099
1.00135
1.05273
1.07763
1.00228
1.04658
1.20772
1.03907
1.04339
1.06754
1.01304
1.00703
1.00941
1.05065
1.00031
1.0008
1.01005
1.02303
1.00027
1.00816
1.07127
1.08903
1.02193
1.00024
1.03919
1.00056
1.04096
1.00411
1.00034
1.00021
1.02056
1.04371
1.00031
1.041
1.04824
1.30844
1.01734
1.04037
1.07686
1.07524
1.14282
1.00034
1.00066
1.01807
1.00031
1.05267
1.00009
1.03187
1.01966
1.11005
1.07828
1.01358
1.05022
1.01534
1.00029
1.01031
1.05456
1.01012
1.00018
1.00038
1.01676
1.03386
1.00023
1.02119
1.04683
1.00022
1.07612
1.00013
1.03441
1.05394
1.00498
1.17846
1.09829
1.02554
1.01001
1.08289
1.08832
1.00029
1.00247
1.01972
1.00773
1.06342
1.02883
1.09289
1.02177
1.05323
1.00837
1.01041
1.07256
1.00547
1.10072
1.06053
1.07081
1.00987
1.07188
1.00023
1.04262
1.02714
1.10939
1.06395
1.00615
1.03593
1.084
1.00022
1.03644
1.00066
1.03771
1.0198
1.00036
1.00032
1.08453
1.00028
1.08379
1.01776
1.03867
1.05741
1.0159
1.06407
1.04357
1.00027
1.04536
1.05171
1.00249
1.00029
1.06109
1.03031
1.05752
1.00266
1.10996
1.09395
1.00019
1.06724
1.00254
1.04235
1.04679
1.00027
1.025
1.00028
1.04758
1.03515
1.09285
1.00027
1.09338
1.00025
1.09809
1.00373
1.02825
1.00023
1.01562
1.00023
1.00031
1.05746
1.02155
1.63885
1.63527
1.55484
1.49336
1.61857
1.69355
1.46553
1.59771
1.3818
1.6769
1.62597
1.4077
2.04854
1.46129
1.46336
1.50217
1.58827
1.61207
1.44218
1.49456
1.86627
1.67117
1.68856
1.62178
1.85162
1.66341
1.61459
1.50353
1.66048
1.83733
1.67633
1.8157
1.56614
1.63102
1.46172
1.92553
1.55994
1.47134
1.50745
1.52594
1.46279
1.5768
1.33747
1.67898
1.65105
1.54281
1.49849
1.6145
1.52928
1.67933
1.4091
1.75209
1.64518
1.53761
1.59734
1.58248
1.52826
1.37199
1.66803
1.64969
1.57928
1.77903
1.7072
1.92291
1.65914
1.90248
1.69844
1.50374
1.69582
1.53639
1.62439
1.80821
1.66825
1.54743
1.84355
1.55528
1.82323
1.41777
1.54798
1.38594
1.62617
1.61555
1.84499
1.47694
1.52545
1.96964
2.04394
1.58841
1.48508
1.57085
1.52123
1.60434
1.40106
1.70959
1.54546
1.58746
1.51362
1.45185
1.92781
1.50557
1.76389
1.60355
1.59289
1.44232
1.56189
1.68926
1.46385
1.83157
1.8228
1.50027
1.56117
1.94919
1.47622
1.73842
1.57165
1.36042
1.61817
1.7642
1.60907
1.65142
1.83291
1.38855
1.97094
1.84969
1.63514
1.86629
1.527
1.8172
1.60271
1.54166
1.46188
1.47876
1.48828
1.75462
1.63539
1.7203
1.51637
1.66494
1.37317
1.59216
1.71601
1.58133
1.52521
1.6391
1.55436
1.72733
1.42081
1.72183
1.70554
1.58139
1.6576
1.59348
1.75192
1.67177
1.54586
1.52758
1.63033
1.84114
1.88303
1.64017
1.73562
1.57141
1.83096
1.84046
1.76418
1.57479
1.66658
1.76395
1.63658
1.66054
1.8696
1.62998
1.62124
1.75675
1.77683
1.45713
1.8528
1.73555
1.67212
1.38885
1.53396
1.55627
1.48128
1.78208
1.56431
2.1039
2.03858
1.71447
1.62084
1.52778
1.6625
2.04317
1.45999
1.69434
1.68405
1.56089
1.76184
1.74437
1.56238
1.57664
1.55383
1.74009
1.62954
1.42476
1.42414
1.79907
1.57204
1.56169
1.52436
1.59624
1.53283
1.82506
1.5977
1.48652
1.47372
1.63709
1.6954
1.94674
1.71841
1.78617
1.6223
1.61626
1.59451
1.7898
1.82095
1.95412
2.03754
1.51755
1.52344
1.72796
1.456
1.62259
1.62571
1.54303
1.57114
1.9568
1.52288
1.86792
1.57052
1.70233
1.7842
1.37667
2.07451
1.58193
1.81309
1.75158
1.6359
1.86759
1.53542
1.67712
1.41944
1.61451
1.46547
1.51054
1.47052
1.48354
1.75446
1.50446
1.5498
1.72428
1.48386
1.77861
1.49524
1.47618
1.63574
1.49308
2.00032
1.70595
1.77604
1.43128
1.62288
1.98982
1.50213
1.81647
1.4331
1.49646
1.58326
1.50571
1.80278
1.50323
1.52155
1.79461
1.54192
1.50087
1.65274
1.4286
1.47197
1.60449
1.75107
1.6283
1.95328
1.70852
1.68885
1.54683
1.54147
1.7411
1.40728
1.48691
1.47997
1.64234
1.58464
1.63219
1.47439
1.65803
1.74577
1.80124
1.49318
1.68798
1.57784
1.28897
1.69502
1.7498
1.6449
1.52401
1.61472
1.73911
1.80059
1.64459
1.4983
1.70279
1.6902
1.83893
1.63046
1.82356
1.52581
1.5803
2.08108
1.83635
1.62864
1.75926
1.48208
1.42022
1.67088
1.52538
1.59328
1.45529
1.48414
1.83756
1.74159
1.47083
1.67817
1.69383
2.03318
1.86988
1.63272
1.78864
1.52507
1.70529
1.81957
1.79539
1.54767
1.44416
1.57006
1.42342
1.55556
1.67745
1.75958
1.70369
1.5552
1.74301
1.46085
1.74238
1.70851
1.41925
1.4809
1.43595
1.60592
1.65116
1.61989
1.48253
1.57753
1.79802
1.67327
1.75045
1.59287
1.75333
1.34468
1.71762
1.74873
1.86266
1.79607
1.96381
1.45898
1.47078
1.78884
1.6963
1.50164
1.58774
1.97549
1.87546
1.74367
2.10286
1.51788
1.64652
1.57486
1.58669
1.4561
1.52229
1.693
1.96264
1.45479
1.51035
1.45675
1.57549
1.75314
1.78947
1.64477
1.57594
1.64294
1.61701
1.68788
1.55073
1.65994
1.50709
1.7098
1.44095
1.40298
1.61537
1.42831
1.52341
1.70958
1.58822
1.7644
1.67904
1.45913
1.7977
1.71695
1.65253
1.80397
1.55387
1.51891
1.69172
1.57596
1.68195
1.63524
1.81865
1.62418
1.5421
1.64817
1.6831
1.62651
1.65681
1.5203
1.63659
1.36124
1.50897
1.65854
1.46761
1.62574
1.6546
1.55236
1.91295
1.51867
1.74404
1.71231
1.49696
1.75554
1.56565
1.40111
1.39158
1.50216
1.79297
1.57523
1.53715
1.50997
1.55692
1.61636
1.59439
1.88115
1.6198
1.71043
1.34157
1.68464
1.48476
1.64473
1.69481
1.56897
1.5921
1.47115
1.60781
1.41754
2.32695
1.73708
1.47383
1.60909
1.89601
1.62103
1.80752
1.79316
1.46315
1.90837
1.67917
1.60574
1.63542
1.74404
1.87288
1.44495
1.85567
1.64408
1.72383
1.8366
1.67472
1.62845
1.55315
1.37269
1.72651
1.49807
1.70134
1.63602
1.74026
1.79473
1.62335
1.47738
1.43557
1.52682
1.46432
1.66115
2.14897
1.58094
2.09973
1.84847
1.46768
1.75415
1.58658
1.58069
1.65213
1.5709
1.63692
1.56266
1.73074
1.77891
1.62657
1.38193
1.53897
1.50162
1.50315
1.568
1.82369
1.64533
1.72137
1.71691
1.59919
1.56664
1.47363
1.49773
1.84042
1.68102
1.60127
1.73747
1.83107
1.73428
1.53465
1.64618
1.47173
1.51696
1.67378
1.63564
1.66882
1.50191
1.84063
1.53919
1.76256
1.66002
1.73773
1.60702
1.57965
1.94619
1.77159
1.56483
1.65018
1.53718
1.65061
1.67084
1.72319
1.62251
1.494
1.69772
1.49447
1.53622
1.58391
1.77284
1.64611
1.44767
1.5086
1.71415
1.49723
1.75463
1.5117
1.67057
1.54795
1.86419
1.70286
1.62486
1.7078
1.63925
1.42175
1.41529
1.62765
1.63666
1.54669
1.70489
1.72978
1.69008
1.89278
1.81025
1.74414
1.58743
1.68873
1.49453
1.77103
1.32455
1.61743
1.56465
1.66002
1.58083
1.74791
1.5414
1.64956
2.01367
1.65471
1.81096
1.55675
1.56405
1.58674
1.9998
1.7019
1.72522
1.7018
1.60211
1.57786
1.5102
1.49513
1.89451
1.70438
1.77105
1.62784
1.44918
1.57236
1.54914
1.79151
1.46862
1.84269
1.46025
1.60288
1.64942
1.92304
1.56204
1.61766
1.60886
1.54829
1.44156
2.06214
1.85797
1.93737
1.73477
1.75202
1.58676
1.62995
1.58393
2.07671
1.45405
1.8666
1.61804
1.53628
1.87631
1.7036
1.69941
1.57508
1.41946
1.74531
1.87012
1.76316
1.57543
1.46222
1.6198
1.60175
1.64394
1.76712
1.74693
1.77213
1.53907
1.94606
1.43393
1.65216
1.48141
1.66801
1.37465
1.60161
1.37728
1.7204
1.80821
1.69427
1.56659
1.71213
1.82872
1.68702
1.70576
1.51152
1.4699
2.0406
1.59474
1.39103
1.81195
1.58834
1.58801
1.45417
1.51775
1.50457
1.56296
1.35393
1.70908
1.93386
1.4947
2.26903
1.71279
1.51228
1.42225
1.50343
1.68716
1.95845
1.85228
1.33151
1.93432
1.53729
1.56367
1.30159
1.60177
1.37379
1.58557
1.59749
1.66575
1.62391
1.6756
1.66174
1.52496
1.56806
1.64678
1.78826
1.53719
1.67678
1.49211
1.28507
1.73013
1.55401
1.76276
1.90397
1.56408
1.74986
2.09375
1.57135
1.61638
1.66417
1.61738
1.72739
1.8892
1.60667
1.49348
1.70762
1.58858
1.64882
1.76805
1.71331
1.70844
1.97297
1.5988
1.63128
1.50605
1.4926
1.76332
1.37501
1.87079
1.64893
1.61942
1.68408
2.01622
1.31708
1.82613
1.56709
1.8753
1.58405
1.69118
1.52187
2.04379
1.65912
1.6292
1.62536
1.6085
1.64484
1.78108
1.79261
1.59041
1.77807
1.442
1.68386
1.84798
1.8092
1.87397
1.73701
1.9879
1.49131
1.80224
1.88391
1.44782
1.482
1.55946
1.81973
1.70507
1.84659
1.41112
1.76315
1.62412
1.52661
1.70469
1.54233
1.66101
1.36293
1.60147
1.71449
1.46558
1.75375
1.74367
1.57072
1.60175
1.59139
1.44782
1.88619
1.81579
1.57675
1.55656
1.52369
1.48884
1.78738
1.49095
1.80263
1.66588
1.56661
1.80066
1.41717
1.59449
1.4159
1.81015
1.6477
1.60191
1.74223
1.59549
1.357
1.50492
1.90359
1.85082
1.54525
1.52655
1.64323
1.79593
1.75059
1.54459
1.79186
1.80376
1.60553
1.75965
1.69147
1.45851
1.53625
1.88376
1.42777
1.55285
1.62625
1.73817
1.55247
1.83844
1.42971
1.50336
1.98147
2.12187
1.5545
1.43378
1.76924
1.59996
1.42176
1.50155
1.89458
1.92841
1.66422
1.42819
1.45128
1.54279
1.74537
1.65258
1.50531
1.68903
1.43218
1.55422
1.64261
1.67455
1.43669
1.54165
1.65448
1.40357
1.67791
1.6993
1.64714
1.80431
1.63729
2.44516
1.79141
1.66293
1.57451
1.837
1.77234
1.68367
1.5527
1.4874
1.65133
1.51809
1.98931
1.35587
1.54114
1.60182
1.69089
2.29693
1.56091
1.5047
1.66243
1.8472
1.6791
1.57845
1.89538
1.53274
1.70775
1.56296
1.70769
1.63244
1.90704
2.00517
1.97461
1.57391
1.49082
1.81338
1.9392
1.97307
1.72964
1.75028
1.77482
1.54443
1.57492
1.57608
1.76414
1.87928
1.6636
1.45292
1.71434
1.46092
1.54644
1.55681
1.40029
1.44221
2.06553
1.3792
1.65508
1.72282
1.64862
1.93279
1.72682
1.67536
1.52804
1.73437
1.64444
1.56787
1.69675
1.47061
1.41379
1.64504
1.60474
1.59579
1.70255
1.71762
1.70558
1.6218
1.40628
1.62222
1.55008
1.47114
1.85242
1.54528
1.74109
1.81121
1.48876
1.39974
1.73791
1.60726
1.60419
1.54382
1.76572
1.74202
1.63147
1.5503
1.55787
1.65191
1.57305
1.74907
1.56871
1.12514
1.14666
1.18806
1.09416
1.61857
1.14872
1.08579
1.13068
1.0985
1.19277
1.17533
1.13951
1.16835
1.13084
1.10188
1.09302
1.11198
1.07777
1.12257
1.13518
1.06789
1.23177
1.15479
1.11368
1.12293
1.15927
1.1657
1.13733
1.15857
1.19583
1.17462
1.13045
1.12046
1.24991
1.09282
1.13596
1.13052
1.10768
1.11063
1.11162
1.13302
1.17255
1.13044
1.18959
1.12232
1.12669
1.07815
1.10087
1.125
1.15235
1.09015
1.12874
1.15747
1.10333
1.15145
1.21507
1.07316
1.08706
1.16242
1.19419
1.12948
1.19773
1.15078
1.14817
1.18389
1.09078
1.13491
1.09296
1.18818
1.16829
1.27654
1.17863
1.14906
1.14683
1.18824
1.04665
1.10345
1.07962
1.08438
1.11111
1.12685
1.12487
1.17379
1.10922
1.13733
1.14567
1.21413
1.17747
1.19218
1.15384
1.17101
1.13974
1.13082
1.16195
1.1177
1.10161
1.15445
1.13166
1.13724
1.08883
1.24339
1.17922
1.15106
1.11052
1.15198
1.16172
1.11003
1.07495
1.17996
1.15476
1.12618
1.20515
1.12934
1.17027
1.16496
1.11095
1.13933
1.7642
1.10216
1.14736
1.18314
1.16248
1.28772
1.1634
1.18456
1.17734
1.15389
1.21252
1.17816
1.11473
1.15014
1.07361
1.09669
1.15898
1.18374
1.16233
1.14715
1.18803
1.15694
1.10767
1.20014
1.10966
1.11303
1.10721
1.15483
1.13487
1.13103
1.10357
1.15254
1.20981
1.14291
1.14922
1.24047
1.67177
1.11892
1.1362
1.16956
1.19622
1.15342
1.12376
1.16124
1.10915
1.2445
1.19149
1.15424
1.07709
1.14607
1.16358
1.16328
1.13161
1.3203
1.04337
1.12049
1.20833
1.0713
1.14901
1.09855
1.27635
1.16373
1.09182
1.13541
1.15592
1.14529
1.14738
1.13153
1.31074
1.14234
1.1867
1.14545
1.09779
1.15677
1.23512
1.11008
1.08278
1.15089
1.11846
1.19527
1.11556
1.14451
1.12919
1.09141
1.17039
1.62954
1.13311
1.12733
1.16374
1.16566
1.17399
1.11882
1.12524
1.13741
1.18503
1.16051
1.10926
1.09987
1.12131
1.08684
1.19503
1.1247
1.18291
1.08502
1.17683
1.04925
1.1943
1.17473
1.13561
1.18804
1.10335
1.05987
1.16902
1.09593
1.18643
1.1768
1.15888
1.10367
1.2542
1.15718
1.16424
1.14794
1.14489
1.08416
1.0583
1.11003
1.14942
1.21154
1.10542
1.11072
1.18665
1.13724
1.11693
1.10034
1.16644
1.0875
1.09634
1.0883
1.48354
1.75446
1.12601
1.06077
1.27244
1.11904
1.20282
1.13402
1.1079
1.13678
1.11793
1.08998
1.20168
1.18001
1.07514
1.09894
1.2638
1.15392
1.16714
1.142
1.073
1.05871
1.1444
1.18859
1.11614
1.15656
1.23649
1.17678
1.05682
1.15973
1.11878
1.11538
1.12305
1.19384
1.12019
1.25016
1.16577
1.14657
1.11027
1.08346
1.18239
1.11732
1.10419
1.06992
1.13409
1.15831
1.14813
1.12154
1.17621
1.22811
1.1805
1.12202
1.19948
1.16016
1.10103
1.14973
1.15878
1.08659
1.13899
1.13151
1.09446
1.18676
1.09709
1.12877
1.13159
1.6902
1.14859
1.14091
1.15109
1.12029
1.14418
1.20536
1.20504
1.11876
1.1685
1.14881
1.1064
1.16872
1.15305
1.15803
1.13954
1.09348
1.13424
1.1358
1.06815
1.13613
1.19311
1.24702
1.17843
1.10235
1.17572
1.10794
1.18237
1.16326
1.13922
1.08533
1.1022
1.14866
1.13882
1.10782
1.15361
1.12828
1.11359
1.07825
1.23898
1.13745
1.17485
1.18384
1.14547
1.09166
1.13728
1.11548
1.12565
1.2162
1.15264
1.10513
1.25982
1.1904
1.2
1.13112
1.21904
1.09732
1.14928
1.17795
1.12086
1.11283
1.20192
1.10828
1.09618
1.21192
1.2123
1.10156
1.19106
1.17127
1.87546
1.14221
1.17273
1.14489
1.11159
1.1399
1.12226
1.17219
1.14744
1.09624
1.09541
1.1588
1.15709
1.1396
1.15898
1.19464
1.25586
1.15146
1.15027
1.09299
1.10075
1.20524
1.12918
1.18407
1.08363
1.1613
1.12288
1.14683
1.08752
1.12495
1.10332
1.13514
1.06248
1.1471
1.16894
1.06973
1.19016
1.14244
1.17178
1.18561
1.15579
1.11627
1.19659
1.11589
1.10935
1.10498
1.19574
1.17176
1.10975
1.13554
1.08676
1.12783
1.17199
1.5203
1.18936
1.10643
1.15425
1.15229
1.11317
1.153
1.12248
1.07193
1.12765
1.15143
1.16772
1.10139
1.17699
1.05161
1.11437
1.11625
1.10956
1.10845
1.14009
1.16431
1.13163
1.08613
1.21455
1.14683
1.12221
1.22285
1.18998
1.13913
1.09325
1.16277
1.10568
1.64473
1.22244
1.097
1.16679
1.09815
1.18569
1.08303
1.19353
1.13699
1.08944
1.14658
1.11711
1.07975
1.15809
1.16495
1.10246
1.22434
1.1624
1.16425
1.63542
1.18258
1.15375
1.13433
1.10442
1.18412
1.09107
1.11826
1.16678
1.15088
1.14876
1.07117
1.08614
1.14663
1.16706
1.19565
1.10889
1.19013
1.15996
1.14178
1.04976
1.13567
1.0426
1.13826
1.1483
1.12702
1.29622
1.16551
1.15931
1.22808
1.13045
1.12761
1.14614
1.13607
1.16712
1.10582
1.11841
1.15778
1.16341
1.1634
1.14025
1.06173
1.1985
1.12644
1.22225
1.13021
1.19692
1.15494
1.17988
1.10678
1.09749
1.15977
1.26203
1.17548
1.108
1.13876
1.13014
1.15435
1.14072
1.13204
1.10224
1.13475
1.15537
1.22599
1.16108
1.11528
1.21597
1.09766
1.14667
1.18395
1.12427
1.19263
1.15421
1.20856
1.19853
1.10874
1.1368
1.12688
1.07761
1.10786
1.19105
1.15001
1.07767
1.69772
1.14149
1.08723
1.17512
1.23849
1.17162
1.13739
1.16411
1.08949
1.10354
1.15765
1.12335
1.14958
1.11331
1.12975
1.14106
1.14487
1.12308
1.17956
1.07485
1.09161
1.12315
1.25283
1.19567
1.1622
1.17685
1.08059
1.16097
1.18474
1.15253
1.11636
1.16951
1.13447
1.23643
1.09136
1.14664
1.11087
1.18986
1.10892
1.18348
1.092
1.1639
1.2317
1.16169
1.21269
1.17115
1.17
1.20824
1.21424
1.12673
1.14725
1.13164
1.15278
1.17842
1.11406
1.13936
1.18518
1.139
1.24868
1.11551
1.15076
1.1621
1.15677
1.11986
1.08429
1.09237
1.13162
1.12118
1.11977
1.17543
1.16088
1.09845
1.12111
1.16724
1.14977
1.2401
1.1403
1.93737
1.10019
1.16253
1.16432
1.11872
1.11163
1.17842
1.10142
1.23486
1.14494
1.10806
1.15805
1.21768
1.14232
1.14551
1.08764
1.14457
1.19316
1.23987
1.21699
1.05409
1.18489
1.16528
1.21405
1.16064
1.16255
1.1673
1.10152
1.16203
1.13614
1.12276
1.15348
1.07385
1.11354
1.0954
1.07121
1.22607
1.10638
1.11161
1.12028
1.19243
1.22176
1.16957
1.17408
1.12563
1.16978
1.24871
1.16624
1.10742
1.17255
1.14597
1.1319
1.11313
1.16506
1.08144
1.1603
1.1253
1.15891
1.22629
1.11672
1.1361
1.10765
1.14304
1.1256
1.07681
1.17007
1.19507
1.17217
1.09319
1.15483
1.20437
1.15468
1.09476
1.21144
1.13568
1.1901
1.17238
1.13572
1.10849
1.17046
1.13799
1.08187
1.10893
1.15695
1.13546
1.13559
1.19707
1.13944
1.06516
1.12763
1.14935
1.18462
1.17229
1.09167
1.1689
1.2111
1.08927
1.11079
1.16092
1.14806
1.0886
1.28819
1.13838
1.10446
1.11771
1.12823
1.13953
1.1812
1.17292
1.12681
1.21743
1.1688
1.18641
1.11016
1.12849
1.16465
1.09428
1.1534
1.14611
1.10411
1.17382
1.19402
1.07926
1.16506
1.09475
1.18686
1.05803
1.17431
1.16656
1.14746
1.13018
1.15807
1.19159
1.11869
1.12602
1.06704
1.16285
1.09885
1.20131
1.05586
1.17923
1.19215
1.25594
1.14049
1.20138
1.18882
1.11714
1.80224
1.15919
1.10717
1.10866
1.11826
1.15089
1.15644
1.22718
1.11094
1.13961
1.12558
1.13863
1.11371
1.14471
1.13888
1.13675
1.15511
1.181
1.11518
1.07147
1.13216
1.19282
1.11173
1.07287
1.1652
1.19055
1.21325
1.18291
1.11985
1.10603
1.08493
1.1811
1.13411
1.23094
1.10596
1.13856
1.23891
1.08365
1.16781
1.11992
1.19659
1.15836
1.08572
1.74223
1.13655
1.07992
1.09027
1.23571
1.23409
1.14045
1.14573
1.15075
1.13184
1.13815
1.09534
1.08052
1.17513
1.09294
1.15707
1.2124
1.13592
1.21517
1.19057
1.10298
1.11401
1.12788
1.20102
1.14689
1.83844
1.11654
1.08893
1.39515
1.18408
1.12958
1.1494
1.17049
1.18443
1.10078
1.12525
1.1948
1.19951
1.16042
1.20944
1.15593
1.10924
1.18843
1.12729
1.16038
1.16769
1.14657
1.10017
1.05376
1.18693
1.08362
1.12736
1.13582
1.1461
1.16036
1.10443
1.23775
1.15742
1.13049
1.11451
1.15956
1.13397
1.18531
1.17412
1.20725
1.14603
1.16014
1.1446
1.65133
1.06571
1.15032
1.16165
1.13016
1.08627
1.1881
1.23726
1.14406
1.05416
1.16005
1.14739
1.16273
1.15548
1.191
1.11252
1.10796
1.21243
1.19314
1.63244
1.14345
1.15925
1.18065
1.14213
1.15236
1.14982
1.17307
1.13433
1.20528
1.19262
1.1431
1.54443
1.13527
1.15632
1.18329
1.12436
1.12658
1.12855
1.13282
1.13748
1.16614
1.11617
1.14337
1.14127
1.15964
1.1163
1.13574
1.20501
1.09644
1.15903
1.09691
1.11639
1.10739
1.17818
1.16691
1.12478
1.12968
1.13193
1.1552
1.19597
1.16573
1.08784
1.29907
1.16037
1.14636
1.11941
1.1751
1.13112
1.15115
1.05699
1.20842
1.16744
1.22552
1.15413
1.12216
1.16431
1.18254
1.16323
1.13716
1.18471
1.24153
1.10993
1.13119
1.15679
1.12286
1.13329
1.57305
1.14316
1.10429
1.63885
1.63527
1.55484
1.49336
1.61857
1.69355
1.46553
1.59771
1.3818
1.6769
1.62597
1.4077
2.04854
1.46129
1.46336
1.50217
1.58827
1.61207
1.44218
1.49456
1.86627
1.67117
1.68856
1.62178
1.85162
1.66341
1.61459
1.50353
1.66048
1.83733
1.67633
1.8157
1.56614
1.63102
1.46172
1.92553
1.55994
1.47134
1.50745
1.52594
1.46279
1.5768
1.33747
1.67898
1.65105
1.54281
1.49849
1.6145
1.52928
1.67933
1.4091
1.75209
1.64518
1.53761
1.59734
1.58248
1.52826
1.37199
1.66803
1.64969
1.57928
1.77903
1.7072
1.92291
1.65914
1.90248
1.69844
1.50374
1.69582
1.53639
1.62439
1.80821
1.66825
1.54743
1.84355
1.55528
1.82323
1.41777
1.54798
1.38594
1.62617
1.61555
1.84499
1.47694
1.52545
1.96964
2.04394
1.58841
1.48508
1.57085
1.52123
1.60434
1.40106
1.70959
1.54546
1.58746
1.51362
1.45185
1.92781
1.50557
1.76389
1.60355
1.59289
1.44232
1.56189
1.68926
1.46385
1.83157
1.8228
1.50027
1.56117
1.94919
1.47622
1.73842
1.57165
1.36042
1.61817
1.7642
1.60907
1.65142
1.83291
1.38855
1.97094
1.84969
1.63514
1.86629
1.527
1.8172
1.60271
1.54166
1.46188
1.47876
1.48828
1.75462
1.63539
1.7203
1.51637
1.66494
1.37317
1.59216
1.71601
1.58133
1.52521
1.6391
1.55436
1.72733
1.42081
1.72183
1.70554
1.58139
1.6576
1.59348
1.75192
1.67177
1.54586
1.52758
1.63033
1.84114
1.88303
1.64017
1.73562
1.57141
1.83096
1.84046
1.76418
1.57479
1.66658
1.76395
1.63658
1.66054
1.8696
1.62998
1.62124
1.75675
1.77683
1.45713
1.8528
1.73555
1.67212
1.38885
1.53396
1.55627
1.48128
1.78208
1.56431
2.1039
2.03858
1.71447
1.62084
1.52778
1.6625
2.04317
1.45999
1.69434
1.68405
1.56089
1.76184
1.74437
1.56238
1.57664
1.55383
1.74009
1.62954
1.42476
1.42414
1.79907
1.57204
1.56169
1.52436
1.59624
1.53283
1.82506
1.5977
1.48652
1.47372
1.63709
1.6954
1.94674
1.71841
1.78617
1.6223
1.61626
1.59451
1.7898
1.82095
1.95412
2.03754
1.51755
1.52344
1.72796
1.456
1.62259
1.62571
1.54303
1.57114
1.9568
1.52288
1.86792
1.57052
1.70233
1.7842
1.37667
2.07451
1.58193
1.81309
1.75158
1.6359
1.86759
1.53542
1.67712
1.41944
1.61451
1.46547
1.51054
1.47052
1.48354
1.75446
1.50446
1.5498
1.72428
1.48386
1.77861
1.49524
1.47618
1.63574
1.49308
2.00032
1.70595
1.77604
1.43128
1.62288
1.98982
1.50213
1.81647
1.4331
1.49646
1.58326
1.50571
1.80278
1.50323
1.52155
1.79461
1.54192
1.50087
1.65274
1.4286
1.47197
1.60449
1.75107
1.6283
1.95328
1.70852
1.68885
1.54683
1.54147
1.7411
1.40728
1.48691
1.47997
1.64234
1.58464
1.63219
1.47439
1.65803
1.74577
1.80124
1.49318
1.68798
1.57784
1.28897
1.69502
1.7498
1.6449
1.52401
1.61472
1.73911
1.80059
1.64459
1.4983
1.70279
1.6902
1.83893
1.63046
1.82356
1.52581
1.5803
2.08108
1.83635
1.62864
1.75926
1.48208
1.42022
1.67088
1.52538
1.59328
1.45529
1.48414
1.83756
1.74159
1.47083
1.67817
1.69383
2.03318
1.86988
1.63272
1.78864
1.52507
1.70529
1.81957
1.79539
1.54767
1.44416
1.57006
1.42342
1.55556
1.67745
1.75958
1.70369
1.5552
1.74301
1.46085
1.74238
1.70851
1.41925
1.4809
1.43595
1.60592
1.65116
1.61989
1.48253
1.57753
1.79802
1.67327
1.75045
1.59287
1.75333
1.34468
1.71762
1.74873
1.86266
1.79607
1.96381
1.45898
1.47078
1.78884
1.6963
1.50164
1.58774
1.97549
1.87546
1.74367
2.10286
1.51788
1.64652
1.57486
1.58669
1.4561
1.52229
1.693
1.96264
1.45479
1.51035
1.45675
1.57549
1.75314
1.78947
1.64477
1.57594
1.64294
1.61701
1.68788
1.55073
1.65994
1.50709
1.7098
1.44095
1.40298
1.61537
1.42831
1.52341
1.70958
1.58822
1.7644
1.67904
1.45913
1.7977
1.71695
1.65253
1.80397
1.55387
1.51891
1.69172
1.57596
1.68195
1.63524
1.81865
1.62418
1.5421
1.64817
1.6831
1.62651
1.65681
1.5203
1.63659
1.36124
1.50897
1.65854
1.46761
1.62574
1.6546
1.55236
1.91295
1.51867
1.74404
1.71231
1.49696
1.75554
1.56565
1.40111
1.39158
1.50216
1.79297
1.57523
1.53715
1.50997
1.55692
1.61636
1.59439
1.88115
1.6198
1.71043
1.34157
1.68464
1.48476
1.64473
1.69481
1.56897
1.5921
1.47115
1.60781
1.41754
2.32695
1.73708
1.47383
1.60909
1.89601
1.62103
1.80752
1.79316
1.46315
1.90837
1.67917
1.60574
1.63542
1.74404
1.87288
1.44495
1.85567
1.64408
1.72383
1.8366
1.67472
1.62845
1.55315
1.37269
1.72651
1.49807
1.70134
1.63602
1.74026
1.79473
1.62335
1.47738
1.43557
1.52682
1.46432
1.66115
2.14897
1.58094
2.09973
1.84847
1.46768
1.75415
1.58658
1.58069
1.65213
1.5709
1.63692
1.56266
1.73074
1.77891
1.62657
1.38193
1.53897
1.50162
1.50315
1.568
1.82369
1.64533
1.72137
1.71691
1.59919
1.56664
1.47363
1.49773
1.84042
1.68102
1.60127
1.73747
1.83107
1.73428
1.53465
1.64618
1.47173
1.51696
1.67378
1.63564
1.66882
1.50191
1.84063
1.53919
1.76256
1.66002
1.73773
1.60702
1.57965
1.94619
1.77159
1.56483
1.65018
1.53718
1.65061
1.67084
1.72319
1.62251
1.494
1.69772
1.49447
1.53622
1.58391
1.77284
1.64611
1.44767
1.5086
1.71415
1.49723
1.75463
1.5117
1.67057
1.54795
1.86419
1.70286
1.62486
1.7078
1.63925
1.42175
1.41529
1.62765
1.63666
1.54669
1.70489
1.72978
1.69008
1.89278
1.81025
1.74414
1.58743
1.68873
1.49453
1.77103
1.32455
1.61743
1.56465
1.66002
1.58083
1.74791
1.5414
1.64956
2.01367
1.65471
1.81096
1.55675
1.56405
1.58674
1.9998
1.7019
1.72522
1.7018
1.60211
1.57786
1.5102
1.49513
1.89451
1.70438
1.77105
1.62784
1.44918
1.57236
1.54914
1.79151
1.46862
1.84269
1.46025
1.60288
1.64942
1.92304
1.56204
1.61766
1.60886
1.54829
1.44156
2.06214
1.85797
1.93737
1.73477
1.75202
1.58676
1.62995
1.58393
2.07671
1.45405
1.8666
1.61804
1.53628
1.87631
1.7036
1.69941
1.57508
1.41946
1.74531
1.87012
1.76316
1.57543
1.46222
1.6198
1.60175
1.64394
1.76712
1.74693
1.77213
1.53907
1.94606
1.43393
1.65216
1.48141
1.66801
1.37465
1.60161
1.37728
1.7204
1.80821
1.69427
1.56659
1.71213
1.82872
1.68702
1.70576
1.51152
1.4699
2.0406
1.59474
1.39103
1.81195
1.58834
1.58801
1.45417
1.51775
1.50457
1.56296
1.35393
1.70908
1.93386
1.4947
2.26903
1.71279
1.51228
1.42225
1.50343
1.68716
1.95845
1.85228
1.33151
1.93432
1.53729
1.56367
1.30159
1.60177
1.37379
1.58557
1.59749
1.66575
1.62391
1.6756
1.66174
1.52496
1.56806
1.64678
1.78826
1.53719
1.67678
1.49211
1.28507
1.73013
1.55401
1.76276
1.90397
1.56408
1.74986
2.09375
1.57135
1.61638
1.66417
1.61738
1.72739
1.8892
1.60667
1.49348
1.70762
1.58858
1.64882
1.76805
1.71331
1.70844
1.97297
1.5988
1.63128
1.50605
1.4926
1.76332
1.37501
1.87079
1.64893
1.61942
1.68408
2.01622
1.31708
1.82613
1.56709
1.8753
1.58405
1.69118
1.52187
2.04379
1.65912
1.6292
1.62536
1.6085
1.64484
1.78108
1.79261
1.59041
1.77807
1.442
1.68386
1.84798
1.8092
1.87397
1.73701
1.9879
1.49131
1.80224
1.88391
1.44782
1.482
1.55946
1.81973
1.70507
1.84659
1.41112
1.76315
1.62412
1.52661
1.70469
1.54233
1.66101
1.36293
1.60147
1.71449
1.46558
1.75375
1.74367
1.57072
1.60175
1.59139
1.44782
1.88619
1.81579
1.57675
1.55656
1.52369
1.48884
1.78738
1.49095
1.80263
1.66588
1.56661
1.80066
1.41717
1.59449
1.4159
1.81015
1.6477
1.60191
1.74223
1.59549
1.357
1.50492
1.90359
1.85082
1.54525
1.52655
1.64323
1.79593
1.75059
1.54459
1.79186
1.80376
1.60553
1.75965
1.69147
1.45851
1.53625
1.88376
1.42777
1.55285
1.62625
1.73817
1.55247
1.83844
1.42971
1.50336
1.98147
2.12187
1.5545
1.43378
1.76924
1.59996
1.42176
1.50155
1.89458
1.92841
1.66422
1.42819
1.45128
1.54279
1.74537
1.65258
1.50531
1.68903
1.43218
1.55422
1.64261
1.67455
1.43669
1.54165
1.65448
1.40357
1.67791
1.6993
1.64714
1.80431
1.63729
2.44516
1.79141
1.66293
1.57451
1.837
1.77234
1.68367
1.5527
1.4874
1.65133
1.51809
1.98931
1.35587
1.54114
1.60182
1.69089
2.29693
1.56091
1.5047
1.66243
1.8472
1.6791
1.57845
1.89538
1.53274
1.70775
1.56296
1.70769
1.63244
1.90704
2.00517
1.97461
1.57391
1.49082
1.81338
1.9392
1.97307
1.72964
1.75028
1.77482
1.54443
1.57492
1.57608
1.76414
1.87928
1.6636
1.45292
1.71434
1.46092
1.54644
1.55681
1.40029
1.44221
2.06553
1.3792
1.65508
1.72282
1.64862
1.93279
1.72682
1.67536
1.52804
1.73437
1.64444
1.56787
1.69675
1.47061
1.41379
1.64504
1.60474
1.59579
1.70255
1.71762
1.70558
1.6218
1.40628
1.62222
1.55008
1.47114
1.85242
1.54528
1.74109
1.81121
1.48876
1.39974
1.73791
1.60726
1.60419
1.54382
1.76572
1.74202
1.63147
1.5503
1.55787
1.65191
1.57305
1.74907
1.56871
1.63885
1.63527
1.55484
1.49336
1.61857
1.69355
1.46553
1.59771
1.3818
1.6769
1.62597
1.4077
2.04854
1.46129
1.46336
1.50217
1.58827
1.61207
1.44218
1.49456
1.86627
1.67117
1.68856
1.62178
1.85162
1.66341
1.61459
1.50353
1.66048
1.83733
1.67633
1.8157
1.56614
1.63102
1.46172
1.92553
1.55994
1.47134
1.50745
1.52594
1.46279
1.5768
1.33747
1.67898
1.65105
1.54281
1.49849
1.6145
1.52928
1.67933
1.4091
1.75209
1.64518
1.53761
1.59734
1.58248
1.52826
1.37199
1.66803
1.64969
1.57928
1.77903
1.7072
1.92291
1.65914
1.90248
1.69844
1.50374
1.69582
1.53639
1.62439
1.80821
1.66825
1.54743
1.84355
1.55528
1.82323
1.41777
1.54798
1.38594
1.62617
1.61555
1.84499
1.47694
1.52545
1.96964
2.04394
1.58841
1.48508
1.57085
1.52123
1.60434
1.40106
1.70959
1.54546
1.58746
1.51362
1.45185
1.92781
1.50557
1.76389
1.60355
1.59289
1.44232
1.56189
1.68926
1.46385
1.83157
1.8228
1.50027
1.56117
1.94919
1.47622
1.73842
1.57165
1.36042
1.61817
1.7642
1.60907
1.65142
1.83291
1.38855
1.97094
1.84969
1.63514
1.86629
1.527
1.8172
1.60271
1.54166
1.46188
1.47876
1.48828
1.75462
1.63539
1.7203
1.51637
1.66494
1.37317
1.59216
1.71601
1.58133
1.52521
1.6391
1.55436
1.72733
1.42081
1.72183
1.70554
1.58139
1.6576
1.59348
1.75192
1.67177
1.54586
1.52758
1.63033
1.84114
1.88303
1.64017
1.73562
1.57141
1.83096
1.84046
1.76418
1.57479
1.66658
1.76395
1.63658
1.66054
1.8696
1.62998
1.62124
1.75675
1.77683
1.45713
1.8528
1.73555
1.67212
1.38885
1.53396
1.55627
1.48128
1.78208
1.56431
2.1039
2.03858
1.71447
1.62084
1.52778
1.6625
2.04317
1.45999
1.69434
1.68405
1.56089
1.76184
1.74437
1.56238
1.57664
1.55383
1.74009
1.62954
1.42476
1.42414
1.79907
1.57204
1.56169
1.52436
1.59624
1.53283
1.82506
1.5977
1.48652
1.47372
1.63709
1.6954
1.94674
1.71841
1.78617
1.6223
1.61626
1.59451
1.7898
1.82095
1.95412
2.03754
1.51755
1.52344
1.72796
1.456
1.62259
1.62571
1.54303
1.57114
1.9568
1.52288
1.86792
1.57052
1.70233
1.7842
1.37667
2.07451
1.58193
1.81309
1.75158
1.6359
1.86759
1.53542
1.67712
1.41944
1.61451
1.46547
1.51054
1.47052
1.48354
1.75446
1.50446
1.5498
1.72428
1.48386
1.77861
1.49524
1.47618
1.63574
1.49308
2.00032
1.70595
1.77604
1.43128
1.62288
1.98982
1.50213
1.81647
1.4331
1.49646
1.58326
1.50571
1.80278
1.50323
1.52155
1.79461
1.54192
1.50087
1.65274
1.4286
1.47197
1.60449
1.75107
1.6283
1.95328
1.70852
1.68885
1.54683
1.54147
1.7411
1.40728
1.48691
1.47997
1.64234
1.58464
1.63219
1.47439
1.65803
1.74577
1.80124
1.49318
1.68798
1.57784
1.28897
1.69502
1.7498
1.6449
1.52401
1.61472
1.73911
1.80059
1.64459
1.4983
1.70279
1.6902
1.83893
1.63046
1.82356
1.52581
1.5803
2.08108
1.83635
1.62864
1.75926
1.48208
1.42022
1.67088
1.52538
1.59328
1.45529
1.48414
1.83756
1.74159
1.47083
1.67817
1.69383
2.03318
1.86988
1.63272
1.78864
1.52507
1.70529
1.81957
1.79539
1.54767
1.44416
1.57006
1.42342
1.55556
1.67745
1.75958
1.70369
1.5552
1.74301
1.46085
1.74238
1.70851
1.41925
1.4809
1.43595
1.60592
1.65116
1.61989
1.48253
1.57753
1.79802
1.67327
1.75045
1.59287
1.75333
1.34468
1.71762
1.74873
1.86266
1.79607
1.96381
1.45898
1.47078
1.78884
1.6963
1.50164
1.58774
1.97549
1.87546
1.74367
2.10286
1.51788
1.64652
1.57486
1.58669
1.4561
1.52229
1.693
1.96264
1.45479
1.51035
1.45675
1.57549
1.75314
1.78947
1.64477
1.57594
1.64294
1.61701
1.68788
1.55073
1.65994
1.50709
1.7098
1.44095
1.40298
1.61537
1.42831
1.52341
1.70958
1.58822
1.7644
1.67904
1.45913
1.7977
1.71695
1.65253
1.80397
1.55387
1.51891
1.69172
1.57596
1.68195
1.63524
1.81865
1.62418
1.5421
1.64817
1.6831
1.62651
1.65681
1.5203
1.63659
1.36124
1.50897
1.65854
1.46761
1.62574
1.6546
1.55236
1.91295
1.51867
1.74404
1.71231
1.49696
1.75554
1.56565
1.40111
1.39158
1.50216
1.79297
1.57523
1.53715
1.50997
1.55692
1.61636
1.59439
1.88115
1.6198
1.71043
1.34157
1.68464
1.48476
1.64473
1.69481
1.56897
1.5921
1.47115
1.60781
1.41754
2.32695
1.73708
1.47383
1.60909
1.89601
1.62103
1.80752
1.79316
1.46315
1.90837
1.67917
1.60574
1.63542
1.74404
1.87288
1.44495
1.85567
1.64408
1.72383
1.8366
1.67472
1.62845
1.55315
1.37269
1.72651
1.49807
1.70134
1.63602
1.74026
1.79473
1.62335
1.47738
1.43557
1.52682
1.46432
1.66115
2.14897
1.58094
2.09973
1.84847
1.46768
1.75415
1.58658
1.58069
1.65213
1.5709
1.63692
1.56266
1.73074
1.77891
1.62657
1.38193
1.53897
1.50162
1.50315
1.568
1.82369
1.64533
1.72137
1.71691
1.59919
1.56664
1.47363
1.49773
1.84042
1.68102
1.60127
1.73747
1.83107
1.73428
1.53465
1.64618
1.47173
1.51696
1.67378
1.63564
1.66882
1.50191
1.84063
1.53919
1.76256
1.66002
1.73773
1.60702
1.57965
1.94619
1.77159
1.56483
1.65018
1.53718
1.65061
1.67084
1.72319
1.62251
1.494
1.69772
1.49447
1.53622
1.58391
1.77284
1.64611
1.44767
1.5086
1.71415
1.49723
1.75463
1.5117
1.67057
1.54795
1.86419
1.70286
1.62486
1.7078
1.63925
1.42175
1.41529
1.62765
1.63666
1.54669
1.70489
1.72978
1.69008
1.89278
1.81025
1.74414
1.58743
1.68873
1.49453
1.77103
1.32455
1.61743
1.56465
1.66002
1.58083
1.74791
1.5414
1.64956
2.01367
1.65471
1.81096
1.55675
1.56405
1.58674
1.9998
1.7019
1.72522
1.7018
1.60211
1.57786
1.5102
1.49513
1.89451
1.70438
1.77105
1.62784
1.44918
1.57236
1.54914
1.79151
1.46862
1.84269
1.46025
1.60288
1.64942
1.92304
1.56204
1.61766
1.60886
1.54829
1.44156
2.06214
1.85797
1.93737
1.73477
1.75202
1.58676
1.62995
1.58393
2.07671
1.45405
1.8666
1.61804
1.53628
1.87631
1.7036
1.69941
1.57508
1.41946
1.74531
1.87012
1.76316
1.57543
1.46222
1.6198
1.60175
1.64394
1.76712
1.74693
1.77213
1.53907
1.94606
1.43393
1.65216
1.48141
1.66801
1.37465
1.60161
1.37728
1.7204
1.80821
1.69427
1.56659
1.71213
1.82872
1.68702
1.70576
1.51152
1.4699
2.0406
1.59474
1.39103
1.81195
1.58834
1.58801
1.45417
1.51775
1.50457
1.56296
1.35393
1.70908
1.93386
1.4947
2.26903
1.71279
1.51228
1.42225
1.50343
1.68716
1.95845
1.85228
1.33151
1.93432
1.53729
1.56367
1.30159
1.60177
1.37379
1.58557
1.59749
1.66575
1.62391
1.6756
1.66174
1.52496
1.56806
1.64678
1.78826
1.53719
1.67678
1.49211
1.28507
1.73013
1.55401
1.76276
1.90397
1.56408
1.74986
2.09375
1.57135
1.61638
1.66417
1.61738
1.72739
1.8892
1.60667
1.49348
1.70762
1.58858
1.64882
1.76805
1.71331
1.70844
1.97297
1.5988
1.63128
1.50605
1.4926
1.76332
1.37501
1.87079
1.64893
1.61942
1.68408
2.01622
1.31708
1.82613
1.56709
1.8753
1.58405
1.69118
1.52187
2.04379
1.65912
1.6292
1.62536
1.6085
1.64484
1.78108
1.79261
1.59041
1.77807
1.442
1.68386
1.84798
1.8092
1.87397
1.73701
1.9879
1.49131
1.80224
1.88391
1.44782
1.482
1.55946
1.81973
1.70507
1.84659
1.41112
1.76315
1.62412
1.52661
1.70469
1.54233
1.66101
1.36293
1.60147
1.71449
1.46558
1.75375
1.74367
1.57072
1.60175
1.59139
1.44782
1.88619
1.81579
1.57675
1.55656
1.52369
1.48884
1.78738
1.49095
1.80263
1.66588
1.56661
1.80066
1.41717
1.59449
1.4159
1.81015
1.6477
1.60191
1.74223
1.59549
1.357
1.50492
1.90359
1.85082
1.54525
1.52655
1.64323
1.79593
1.75059
1.54459
1.79186
1.80376
1.60553
1.75965
1.69147
1.45851
1.53625
1.88376
1.42777
1.55285
1.62625
1.73817
1.55247
1.83844
1.42971
1.50336
1.98147
2.12187
1.5545
1.43378
1.76924
1.59996
1.42176
1.50155
1.89458
1.92841
1.66422
1.42819
1.45128
1.54279
1.74537
1.65258
1.50531
1.68903
1.43218
1.55422
1.64261
1.67455
1.43669
1.54165
1.65448
1.40357
1.67791
1.6993
1.64714
1.80431
1.63729
2.44516
1.79141
1.66293
1.57451
1.837
1.77234
1.68367
1.5527
1.4874
1.65133
1.51809
1.98931
1.35587
1.54114
1.60182
1.69089
2.29693
1.56091
1.5047
1.66243
1.8472
1.6791
1.57845
1.89538
1.53274
1.70775
1.56296
1.70769
1.63244
1.90704
2.00517
1.97461
1.57391
1.49082
1.81338
1.9392
1.97307
1.72964
1.75028
1.77482
1.54443
1.57492
1.57608
1.76414
1.87928
1.6636
1.45292
1.71434
1.46092
1.54644
1.55681
1.40029
1.44221
2.06553
1.3792
1.65508
1.72282
1.64862
1.93279
1.72682
1.67536
1.52804
1.73437
1.64444
1.56787
1.69675
1.47061
1.41379
1.64504
1.60474
1.59579
1.70255
1.71762
1.70558
1.6218
1.40628
1.62222
1.55008
1.47114
1.85242
1.54528
1.74109
1.81121
1.48876
1.39974
1.73791
1.60726
1.60419
1.54382
1.76572
1.74202
1.63147
1.5503
1.55787
1.65191
1.57305
1.74907
1.56871
1.63885
1.63527
1.55484
1.49336
1.61857
1.69355
1.46553
1.59771
1.3818
1.6769
1.62597
1.4077
2.04854
1.46129
1.46336
1.50217
1.58827
1.61207
1.44218
1.49456
1.86627
1.67117
1.68856
1.62178
1.85162
1.66341
1.61459
1.50353
1.66048
1.83733
1.67633
1.8157
1.56614
1.63102
1.46172
1.92553
1.55994
1.47134
1.50745
1.52594
1.46279
1.5768
1.33747
1.67898
1.65105
1.54281
1.49849
1.6145
1.52928
1.67933
1.4091
1.75209
1.64518
1.53761
1.59734
1.58248
1.52826
1.37199
1.66803
1.64969
1.57928
1.77903
1.7072
1.92291
1.65914
1.90248
1.69844
1.50374
1.69582
1.53639
1.62439
1.80821
1.66825
1.54743
1.84355
1.55528
1.82323
1.41777
1.54798
1.38594
1.62617
1.61555
1.84499
1.47694
1.52545
1.96964
2.04394
1.58841
1.48508
1.57085
1.52123
1.60434
1.40106
1.70959
1.54546
1.58746
1.51362
1.45185
1.92781
1.50557
1.76389
1.60355
1.59289
1.44232
1.56189
1.68926
1.46385
1.83157
1.8228
1.50027
1.56117
1.94919
1.47622
1.73842
1.57165
1.36042
1.61817
1.7642
1.60907
1.65142
1.83291
1.38855
1.97094
1.84969
1.63514
1.86629
1.527
1.8172
1.60271
1.54166
1.46188
1.47876
1.48828
1.75462
1.63539
1.7203
1.51637
1.66494
1.37317
1.59216
1.71601
1.58133
1.52521
1.6391
1.55436
1.72733
1.42081
1.72183
1.70554
1.58139
1.6576
1.59348
1.75192
1.67177
1.54586
1.52758
1.63033
1.84114
1.88303
1.64017
1.73562
1.57141
1.83096
1.84046
1.76418
1.57479
1.66658
1.76395
1.63658
1.66054
1.8696
1.62998
1.62124
1.75675
1.77683
1.45713
1.8528
1.73555
1.67212
1.38885
1.53396
1.55627
1.48128
1.78208
1.56431
2.1039
2.03858
1.71447
1.62084
1.52778
1.6625
2.04317
1.45999
1.69434
1.68405
1.56089
1.76184
1.74437
1.56238
1.57664
1.55383
1.74009
1.62954
1.42476
1.42414
1.79907
1.57204
1.56169
1.52436
1.59624
1.53283
1.82506
1.5977
1.48652
1.47372
1.63709
1.6954
1.94674
1.71841
1.78617
1.6223
1.61626
1.59451
1.7898
1.82095
1.95412
2.03754
1.51755
1.52344
1.72796
1.456
1.62259
1.62571
1.54303
1.57114
1.9568
1.52288
1.86792
1.57052
1.70233
1.7842
1.37667
2.07451
1.58193
1.81309
1.75158
1.6359
1.86759
1.53542
1.67712
1.41944
1.61451
1.46547
1.51054
1.47052
1.48354
1.75446
1.50446
1.5498
1.72428
1.48386
1.77861
1.49524
1.47618
1.63574
1.49308
2.00032
1.70595
1.77604
1.43128
1.62288
1.98982
1.50213
1.81647
1.4331
1.49646
1.58326
1.50571
1.80278
1.50323
1.52155
1.79461
1.54192
1.50087
1.65274
1.4286
1.47197
1.60449
1.75107
1.6283
1.95328
1.70852
1.68885
1.54683
1.54147
1.7411
1.40728
1.48691
1.47997
1.64234
1.58464
1.63219
1.47439
1.65803
1.74577
1.80124
1.49318
1.68798
1.57784
1.28897
1.69502
1.7498
1.6449
1.52401
1.61472
1.73911
1.80059
1.64459
1.4983
1.70279
1.6902
1.83893
1.63046
1.82356
1.52581
1.5803
2.08108
1.83635
1.62864
1.75926
1.48208
1.42022
1.67088
1.52538
1.59328
1.45529
1.48414
1.83756
1.74159
1.47083
1.67817
1.69383
2.03318
1.86988
1.63272
1.78864
1.52507
1.70529
1.81957
1.79539
1.54767
1.44416
1.57006
1.42342
1.55556
1.67745
1.75958
1.70369
1.5552
1.74301
1.46085
1.74238
1.70851
1.41925
1.4809
1.43595
1.60592
1.65116
1.61989
1.48253
1.57753
1.79802
1.67327
1.75045
1.59287
1.75333
1.34468
1.71762
1.74873
1.86266
1.79607
1.96381
1.45898
1.47078
1.78884
1.6963
1.50164
1.58774
1.97549
1.87546
1.74367
2.10286
1.51788
1.64652
1.57486
1.58669
1.4561
1.52229
1.693
1.96264
1.45479
1.51035
1.45675
1.57549
1.75314
1.78947
1.64477
1.57594
1.64294
1.61701
1.68788
1.55073
1.65994
1.50709
1.7098
1.44095
1.40298
1.61537
1.42831
1.52341
1.70958
1.58822
1.7644
1.67904
1.45913
1.7977
1.71695
1.65253
1.80397
1.55387
1.51891
1.69172
1.57596
1.68195
1.63524
1.81865
1.62418
1.5421
1.64817
1.6831
1.62651
1.65681
1.5203
1.63659
1.36124
1.50897
1.65854
1.46761
1.62574
1.6546
1.55236
1.91295
1.51867
1.74404
1.71231
1.49696
1.75554
1.56565
1.40111
1.39158
1.50216
1.79297
1.57523
1.53715
1.50997
1.55692
1.61636
1.59439
1.88115
1.6198
1.71043
1.34157
1.68464
1.48476
1.64473
1.69481
1.56897
1.5921
1.47115
1.60781
1.41754
2.32695
1.73708
1.47383
1.60909
1.89601
1.62103
1.80752
1.79316
1.46315
1.90837
1.67917
1.60574
1.63542
1.74404
1.87288
1.44495
1.85567
1.64408
1.72383
1.8366
1.67472
1.62845
1.55315
1.37269
1.72651
1.49807
1.70134
1.63602
1.74026
1.79473
1.62335
1.47738
1.43557
1.52682
1.46432
1.66115
2.14897
1.58094
2.09973
1.84847
1.46768
1.75415
1.58658
1.58069
1.65213
1.5709
1.63692
1.56266
1.73074
1.77891
1.62657
1.38193
1.53897
1.50162
1.50315
1.568
1.82369
1.64533
1.72137
1.71691
1.59919
1.56664
1.47363
1.49773
1.84042
1.68102
1.60127
1.73747
1.83107
1.73428
1.53465
1.64618
1.47173
1.51696
1.67378
1.63564
1.66882
1.50191
1.84063
1.53919
1.76256
1.66002
1.73773
1.60702
1.57965
1.94619
1.77159
1.56483
1.65018
1.53718
1.65061
1.67084
1.72319
1.62251
1.494
1.69772
1.49447
1.53622
1.58391
1.77284
1.64611
1.44767
1.5086
1.71415
1.49723
1.75463
1.5117
1.67057
1.54795
1.86419
1.70286
1.62486
1.7078
1.63925
1.42175
1.41529
1.62765
1.63666
1.54669
1.70489
1.72978
1.69008
1.89278
1.81025
1.74414
1.58743
1.68873
1.49453
1.77103
1.32455
1.61743
1.56465
1.66002
1.58083
1.74791
1.5414
1.64956
2.01367
1.65471
1.81096
1.55675
1.56405
1.58674
1.9998
1.7019
1.72522
1.7018
1.60211
1.57786
1.5102
1.49513
1.89451
1.70438
1.77105
1.62784
1.44918
1.57236
1.54914
1.79151
1.46862
1.84269
1.46025
1.60288
1.64942
1.92304
1.56204
1.61766
1.60886
1.54829
1.44156
2.06214
1.85797
1.93737
1.73477
1.75202
1.58676
1.62995
1.58393
2.07671
1.45405
1.8666
1.61804
1.53628
1.87631
1.7036
1.69941
1.57508
1.41946
1.74531
1.87012
1.76316
1.57543
1.46222
1.6198
1.60175
1.64394
1.76712
1.74693
1.77213
1.53907
1.94606
1.43393
1.65216
1.48141
1.66801
1.37465
1.60161
1.37728
1.7204
1.80821
1.69427
1.56659
1.71213
1.82872
1.68702
1.70576
1.51152
1.4699
2.0406
1.59474
1.39103
1.81195
1.58834
1.58801
1.45417
1.51775
1.50457
1.56296
1.35393
1.70908
1.93386
1.4947
2.26903
1.71279
1.51228
1.42225
1.50343
1.68716
1.95845
1.85228
1.33151
1.93432
1.53729
1.56367
1.30159
1.60177
1.37379
1.58557
1.59749
1.66575
1.62391
1.6756
1.66174
1.52496
1.56806
1.64678
1.78826
1.53719
1.67678
1.49211
1.28507
1.73013
1.55401
1.76276
1.90397
1.56408
1.74986
2.09375
1.57135
1.61638
1.66417
1.61738
1.72739
1.8892
1.60667
1.49348
1.70762
1.58858
1.64882
1.76805
1.71331
1.70844
1.97297
1.5988
1.63128
1.50605
1.4926
1.76332
1.37501
1.87079
1.64893
1.61942
1.68408
2.01622
1.31708
1.82613
1.56709
1.8753
1.58405
1.69118
1.52187
2.04379
1.65912
1.6292
1.62536
1.6085
1.64484
1.78108
1.79261
1.59041
1.77807
1.442
1.68386
1.84798
1.8092
1.87397
1.73701
1.9879
1.49131
1.80224
1.88391
1.44782
1.482
1.55946
1.81973
1.70507
1.84659
1.41112
1.76315
1.62412
1.52661
1.70469
1.54233
1.66101
1.36293
1.60147
1.71449
1.46558
1.75375
1.74367
1.57072
1.60175
1.59139
1.44782
1.88619
1.81579
1.57675
1.55656
1.52369
1.48884
1.78738
1.49095
1.80263
1.66588
1.56661
1.80066
1.41717
1.59449
1.4159
1.81015
1.6477
1.60191
1.74223
1.59549
1.357
1.50492
1.90359
1.85082
1.54525
1.52655
1.64323
1.79593
1.75059
1.54459
1.79186
1.80376
1.60553
1.75965
1.69147
1.45851
1.53625
1.88376
1.42777
1.55285
1.62625
1.73817
1.55247
1.83844
1.42971
1.50336
1.98147
2.12187
1.5545
1.43378
1.76924
1.59996
1.42176
1.50155
1.89458
1.92841
1.66422
1.42819
1.45128
1.54279
1.74537
1.65258
1.50531
1.68903
1.43218
1.55422
1.64261
1.67455
1.43669
1.54165
1.65448
1.40357
1.67791
1.6993
1.64714
1.80431
1.63729
2.44516
1.79141
1.66293
1.57451
1.837
1.77234
1.68367
1.5527
1.4874
1.65133
1.51809
1.98931
1.35587
1.54114
1.60182
1.69089
2.29693
1.56091
1.5047
1.66243
1.8472
1.6791
1.57845
1.89538
1.53274
1.70775
1.56296
1.70769
1.63244
1.90704
2.00517
1.97461
1.57391
1.49082
1.81338
1.9392
1.97307
1.72964
1.75028
1.77482
1.54443
1.57492
1.57608
1.76414
1.87928
1.6636
1.45292
1.71434
1.46092
1.54644
1.55681
1.40029
1.44221
2.06553
1.3792
1.65508
1.72282
1.64862
1.93279
1.72682
1.67536
1.52804
1.73437
1.64444
1.56787
1.69675
1.47061
1.41379
1.64504
1.60474
1.59579
1.70255
1.71762
1.70558
1.6218
1.40628
1.62222
1.55008
1.47114
1.85242
1.54528
1.74109
1.81121
1.48876
1.39974
1.73791
1.60726
1.60419
1.54382
1.76572
1.74202
1.63147
1.5503
1.55787
1.65191
1.57305
1.74907
1.56871
1.63885
1.63527
1.55484
1.49336
1.61857
1.69355
1.46553
1.59771
1.3818
1.6769
1.62597
1.4077
2.04854
1.46129
1.46336
1.50217
1.58827
1.61207
1.44218
1.49456
1.86627
1.67117
1.68856
1.62178
1.85162
1.66341
1.61459
1.50353
1.66048
1.83733
1.67633
1.8157
1.56614
1.63102
1.46172
1.92553
1.55994
1.47134
1.50745
1.52594
1.46279
1.5768
1.33747
1.67898
1.65105
1.54281
1.49849
1.6145
1.52928
1.67933
1.4091
1.75209
1.64518
1.53761
1.59734
1.58248
1.52826
1.37199
1.66803
1.64969
1.57928
1.77903
1.7072
1.92291
1.65914
1.90248
1.69844
1.50374
1.69582
1.53639
1.62439
1.80821
1.66825
1.54743
1.84355
1.55528
1.82323
1.41777
1.54798
1.38594
1.62617
1.61555
1.84499
1.47694
1.52545
1.96964
2.04394
1.58841
1.48508
1.57085
1.52123
1.60434
1.40106
1.70959
1.54546
1.58746
1.51362
1.45185
1.92781
1.50557
1.76389
1.60355
1.59289
1.44232
1.56189
1.68926
1.46385
1.83157
1.8228
1.50027
1.56117
1.94919
1.47622
1.73842
1.57165
1.36042
1.61817
1.7642
1.60907
1.65142
1.83291
1.38855
1.97094
1.84969
1.63514
1.86629
1.527
1.8172
1.60271
1.54166
1.46188
1.47876
1.48828
1.75462
1.63539
1.7203
1.51637
1.66494
1.37317
1.59216
1.71601
1.58133
1.52521
1.6391
1.55436
1.72733
1.42081
1.72183
1.70554
1.58139
1.6576
1.59348
1.75192
1.67177
1.54586
1.52758
1.63033
1.84114
1.88303
1.64017
1.73562
1.57141
1.83096
1.84046
1.76418
1.57479
1.66658
1.76395
1.63658
1.66054
1.8696
1.62998
1.62124
1.75675
1.77683
1.45713
1.8528
1.73555
1.67212
1.38885
1.53396
1.55627
1.48128
1.78208
1.56431
2.1039
2.03858
1.71447
1.62084
1.52778
1.6625
2.04317
1.45999
1.69434
1.68405
1.56089
1.76184
1.74437
1.56238
1.57664
1.55383
1.74009
1.62954
1.42476
1.42414
1.79907
1.57204
1.56169
1.52436
1.59624
1.53283
1.82506
1.5977
1.48652
1.47372
1.63709
1.6954
1.94674
1.71841
1.78617
1.6223
1.61626
1.59451
1.7898
1.82095
1.95412
2.03754
1.51755
1.52344
1.72796
1.456
1.62259
1.62571
1.54303
1.57114
1.9568
1.52288
1.86792
1.57052
1.70233
1.7842
1.37667
2.07451
1.58193
1.81309
1.75158
1.6359
1.86759
1.53542
1.67712
1.41944
1.61451
1.46547
1.51054
1.47052
1.48354
1.75446
1.50446
1.5498
1.72428
1.48386
1.77861
1.49524
1.47618
1.63574
1.49308
2.00032
1.70595
1.77604
1.43128
1.62288
1.98982
1.50213
1.81647
1.4331
1.49646
1.58326
1.50571
1.80278
1.50323
1.52155
1.79461
1.54192
1.50087
1.65274
1.4286
1.47197
1.60449
1.75107
1.6283
1.95328
1.70852
1.68885
1.54683
1.54147
1.7411
1.40728
1.48691
1.47997
1.64234
1.58464
1.63219
1.47439
1.65803
1.74577
1.80124
1.49318
1.68798
1.57784
1.28897
1.69502
1.7498
1.6449
1.52401
1.61472
1.73911
1.80059
1.64459
1.4983
1.70279
1.6902
1.83893
1.63046
1.82356
1.52581
1.5803
2.08108
1.83635
1.62864
1.75926
1.48208
1.42022
1.67088
1.52538
1.59328
1.45529
1.48414
1.83756
1.74159
1.47083
1.67817
1.69383
2.03318
1.86988
1.63272
1.78864
1.52507
1.70529
1.81957
1.79539
1.54767
1.44416
1.57006
1.42342
1.55556
1.67745
1.75958
1.70369
1.5552
1.74301
1.46085
1.74238
1.70851
1.41925
1.4809
1.43595
1.60592
1.65116
1.61989
1.48253
1.57753
1.79802
1.67327
1.75045
1.59287
1.75333
1.34468
1.71762
1.74873
1.86266
1.79607
1.96381
1.45898
1.47078
1.78884
1.6963
1.50164
1.58774
1.97549
1.87546
1.74367
2.10286
1.51788
1.64652
1.57486
1.58669
1.4561
1.52229
1.693
1.96264
1.45479
1.51035
1.45675
1.57549
1.75314
1.78947
1.64477
1.57594
1.64294
1.61701
1.68788
1.55073
1.65994
1.50709
1.7098
1.44095
1.40298
1.61537
1.42831
1.52341
1.70958
1.58822
1.7644
1.67904
1.45913
1.7977
1.71695
1.65253
1.80397
1.55387
1.51891
1.69172
1.57596
1.68195
1.63524
1.81865
1.62418
1.5421
1.64817
1.6831
1.62651
1.65681
1.5203
1.63659
1.36124
1.50897
1.65854
1.46761
1.62574
1.6546
1.55236
1.91295
1.51867
1.74404
1.71231
1.49696
1.75554
1.56565
1.40111
1.39158
1.50216
1.79297
1.57523
1.53715
1.50997
1.55692
1.61636
1.59439
1.88115
1.6198
1.71043
1.34157
1.68464
1.48476
1.64473
1.69481
1.56897
1.5921
1.47115
1.60781
1.41754
2.32695
1.73708
1.47383
1.60909
1.89601
1.62103
1.80752
1.79316
1.46315
1.90837
1.67917
1.60574
1.63542
1.74404
1.87288
1.44495
1.85567
1.64408
1.72383
1.8366
1.67472
1.62845
1.55315
1.37269
1.72651
1.49807
1.70134
1.63602
1.74026
1.79473
1.62335
1.47738
1.43557
1.52682
1.46432
1.66115
2.14897
1.58094
2.09973
1.84847
1.46768
1.75415
1.58658
1.58069
1.65213
1.5709
1.63692
1.56266
1.73074
1.77891
1.62657
1.38193
1.53897
1.50162
1.50315
1.568
1.82369
1.64533
1.72137
1.71691
1.59919
1.56664
1.47363
1.49773
1.84042
1.68102
1.60127
1.73747
1.83107
1.73428
1.53465
1.64618
1.47173
1.51696
1.67378
1.63564
1.66882
1.50191
1.84063
1.53919
1.76256
1.66002
1.73773
1.60702
1.57965
1.94619
1.77159
1.56483
1.65018
1.53718
1.65061
1.67084
1.72319
1.62251
1.494
1.69772
1.49447
1.53622
1.58391
1.77284
1.64611
1.44767
1.5086
1.71415
1.49723
1.75463
1.5117
1.67057
1.54795
1.86419
1.70286
1.62486
1.7078
1.63925
1.42175
1.41529
1.62765
1.63666
1.54669
1.70489
1.72978
1.69008
1.89278
1.81025
1.74414
1.58743
1.68873
1.49453
1.77103
1.32455
1.61743
1.56465
1.66002
1.58083
1.74791
1.5414
1.64956
2.01367
1.65471
1.81096
1.55675
1.56405
1.58674
1.9998
1.7019
1.72522
1.7018
1.60211
1.57786
1.5102
1.49513
1.89451
1.70438
1.77105
1.62784
1.44918
1.57236
1.54914
1.79151
1.46862
1.84269
1.46025
1.60288
1.64942
1.92304
1.56204
1.61766
1.60886
1.54829
1.44156
2.06214
1.85797
1.93737
1.73477
1.75202
1.58676
1.62995
1.58393
2.07671
1.45405
1.8666
1.61804
1.53628
1.87631
1.7036
1.69941
1.57508
1.41946
1.74531
1.87012
1.76316
1.57543
1.46222
1.6198
1.60175
1.64394
1.76712
1.74693
1.77213
1.53907
1.94606
1.43393
1.65216
1.48141
1.66801
1.37465
1.60161
1.37728
1.7204
1.80821
1.69427
1.56659
1.71213
1.82872
1.68702
1.70576
1.51152
1.4699
2.0406
1.59474
1.39103
1.81195
1.58834
1.58801
1.45417
1.51775
1.50457
1.56296
1.35393
1.70908
1.93386
1.4947
2.26903
1.71279
1.51228
1.42225
1.50343
1.68716
1.95845
1.85228
1.33151
1.93432
1.53729
1.56367
1.30159
1.60177
1.37379
1.58557
1.59749
1.66575
1.62391
1.6756
1.66174
1.52496
1.56806
1.64678
1.78826
1.53719
1.67678
1.49211
1.28507
1.73013
1.55401
1.76276
1.90397
1.56408
1.74986
2.09375
1.57135
1.61638
1.66417
1.61738
1.72739
1.8892
1.60667
1.49348
1.70762
1.58858
1.64882
1.76805
1.71331
1.70844
1.97297
1.5988
1.63128
1.50605
1.4926
1.76332
1.37501
1.87079
1.64893
1.61942
1.68408
2.01622
1.31708
1.82613
1.56709
1.8753
1.58405
1.69118
1.52187
2.04379
1.65912
1.6292
1.62536
1.6085
1.64484
1.78108
1.79261
1.59041
1.77807
1.442
1.68386
1.84798
1.8092
1.87397
1.73701
1.9879
1.49131
1.80224
1.88391
1.44782
1.482
1.55946
1.81973
1.70507
1.84659
1.41112
1.76315
1.62412
1.52661
1.70469
1.54233
1.66101
1.36293
1.60147
1.71449
1.46558
1.75375
1.74367
1.57072
1.60175
1.59139
1.44782
1.88619
1.81579
1.57675
1.55656
1.52369
1.48884
1.78738
1.49095
1.80263
1.66588
1.56661
1.80066
1.41717
1.59449
1.4159
1.81015
1.6477
1.60191
1.74223
1.59549
1.357
1.50492
1.90359
1.85082
1.54525
1.52655
1.64323
1.79593
1.75059
1.54459
1.79186
1.80376
1.60553
1.75965
1.69147
1.45851
1.53625
1.88376
1.42777
1.55285
1.62625
1.73817
1.55247
1.83844
1.42971
1.50336
1.98147
2.12187
1.5545
1.43378
1.76924
1.59996
1.42176
1.50155
1.89458
1.92841
1.66422
1.42819
1.45128
1.54279
1.74537
1.65258
1.50531
1.68903
1.43218
1.55422
1.64261
1.67455
1.43669
1.54165
1.65448
1.40357
1.67791
1.6993
1.64714
1.80431
1.63729
2.44516
1.79141
1.66293
1.57451
1.837
1.77234
1.68367
1.5527
1.4874
1.65133
1.51809
1.98931
1.35587
1.54114
1.60182
1.69089
2.29693
1.56091
1.5047
1.66243
1.8472
1.6791
1.57845
1.89538
1.53274
1.70775
1.56296
1.70769
1.63244
1.90704
2.00517
1.97461
1.57391
1.49082
1.81338
1.9392
1.97307
1.72964
1.75028
1.77482
1.54443
1.57492
1.57608
1.76414
1.87928
1.6636
1.45292
1.71434
1.46092
1.54644
1.55681
1.40029
1.44221
2.06553
1.3792
1.65508
1.72282
1.64862
1.93279
1.72682
1.67536
1.52804
1.73437
1.64444
1.56787
1.69675
1.47061
1.41379
1.64504
1.60474
1.59579
1.70255
1.71762
1.70558
1.6218
1.40628
1.62222
1.55008
1.47114
1.85242
1.54528
1.74109
1.81121
1.48876
1.39974
1.73791
1.60726
1.60419
1.54382
1.76572
1.74202
1.63147
1.5503
1.55787
1.65191
1.57305
1.74907
1.56871
1.63885
1.63527
1.55484
1.49336
1.61857
1.69355
1.46553
1.59771
1.3818
1.6769
1.62597
1.4077
2.04854
1.46129
1.46336
1.50217
1.58827
1.61207
1.44218
1.49456
1.86627
1.67117
1.68856
1.62178
1.85162
1.66341
1.61459
1.50353
1.66048
1.83733
1.67633
1.8157
1.56614
1.63102
1.46172
1.92553
1.55994
1.47134
1.50745
1.52594
1.46279
1.5768
1.33747
1.67898
1.65105
1.54281
1.49849
1.6145
1.52928
1.67933
1.4091
1.75209
1.64518
1.53761
1.59734
1.58248
1.52826
1.37199
1.66803
1.64969
1.57928
1.77903
1.7072
1.92291
1.65914
1.90248
1.13491
1.50374
1.69582
1.53639
1.62439
1.80821
1.66825
1.54743
1.84355
1.55528
1.82323
1.41777
1.54798
1.38594
1.62617
1.61555
1.84499
1.47694
1.52545
1.96964
2.04394
1.58841
1.48508
1.57085
1.52123
1.60434
1.40106
1.70959
1.54546
1.58746
1.51362
1.45185
1.92781
1.50557
1.76389
1.60355
1.59289
1.44232
1.56189
1.68926
1.46385
1.83157
1.8228
1.50027
1.56117
1.94919
1.47622
1.73842
1.57165
1.36042
1.61817
1.7642
1.60907
1.65142
1.83291
1.38855
1.97094
1.84969
1.63514
1.86629
1.527
1.8172
1.60271
1.54166
1.46188
1.47876
1.48828
1.75462
1.63539
1.7203
1.51637
1.66494
1.37317
1.59216
1.71601
1.58133
1.52521
1.6391
1.55436
1.72733
1.42081
1.72183
1.70554
1.58139
1.6576
1.59348
1.75192
1.67177
1.54586
1.52758
1.63033
1.84114
1.88303
1.64017
1.73562
1.57141
1.83096
1.84046
1.76418
1.57479
1.66658
1.76395
1.63658
1.66054
1.8696
1.62998
1.62124
1.75675
1.77683
1.45713
1.8528
1.73555
1.67212
1.38885
1.53396
1.55627
1.48128
1.78208
1.56431
2.1039
2.03858
1.71447
1.62084
1.52778
1.6625
2.04317
1.45999
1.69434
1.68405
1.56089
1.76184
1.74437
1.56238
1.57664
1.55383
1.74009
1.62954
1.42476
1.42414
1.79907
1.57204
1.56169
1.52436
1.59624
1.53283
1.82506
1.5977
1.48652
1.47372
1.63709
1.6954
1.94674
1.71841
1.78617
1.6223
1.61626
1.59451
1.7898
1.82095
1.95412
2.03754
1.51755
1.52344
1.72796
1.456
1.62259
1.62571
1.54303
1.57114
1.9568
1.52288
1.86792
1.57052
1.70233
1.7842
1.37667
2.07451
1.58193
1.81309
1.75158
1.6359
1.86759
1.53542
1.67712
1.41944
1.61451
1.46547
1.51054
1.47052
1.48354
1.75446
1.50446
1.5498
1.72428
1.48386
1.77861
1.49524
1.47618
1.63574
1.49308
2.00032
1.70595
1.77604
1.43128
1.62288
1.98982
1.50213
1.81647
1.4331
1.49646
1.58326
1.50571
1.80278
1.50323
1.52155
1.79461
1.54192
1.50087
1.65274
1.4286
1.47197
1.60449
1.75107
1.6283
1.95328
1.70852
1.68885
1.54683
1.54147
1.7411
1.40728
1.48691
1.47997
1.64234
1.58464
1.63219
1.47439
1.65803
1.74577
1.80124
1.49318
1.68798
1.57784
1.28897
1.69502
1.7498
1.6449
1.52401
1.61472
1.73911
1.80059
1.64459
1.4983
1.70279
1.6902
1.83893
1.63046
1.82356
1.52581
1.5803
2.08108
1.83635
1.62864
1.75926
1.48208
1.42022
1.67088
1.52538
1.59328
1.45529
1.48414
1.83756
1.74159
1.47083
1.67817
1.69383
2.03318
1.86988
1.63272
1.78864
1.52507
1.70529
1.81957
1.79539
1.54767
1.44416
1.57006
1.42342
1.55556
1.67745
1.75958
1.70369
1.5552
1.74301
1.46085
1.74238
1.70851
1.41925
1.4809
1.43595
1.60592
1.65116
1.61989
1.48253
1.57753
1.79802
1.67327
1.75045
1.59287
1.75333
1.34468
1.71762
1.74873
1.86266
1.79607
1.96381
1.45898
1.47078
1.78884
1.6963
1.50164
1.58774
1.97549
1.87546
1.74367
2.10286
1.51788
1.64652
1.57486
1.58669
1.4561
1.52229
1.693
1.96264
1.45479
1.51035
1.45675
1.57549
1.75314
1.78947
1.64477
1.57594
1.64294
1.61701
1.68788
1.55073
1.65994
1.50709
1.7098
1.44095
1.40298
1.61537
1.42831
1.52341
1.70958
1.58822
1.7644
1.67904
1.45913
1.7977
1.71695
1.65253
1.80397
1.55387
1.51891
1.69172
1.57596
1.68195
1.63524
1.81865
1.62418
1.5421
1.64817
1.6831
1.62651
1.65681
1.5203
1.63659
1.36124
1.50897
1.65854
1.46761
1.62574
1.6546
1.55236
1.91295
1.51867
1.74404
1.71231
1.49696
1.75554
1.56565
1.40111
1.39158
1.50216
1.79297
1.57523
1.53715
1.50997
1.55692
1.61636
1.59439
1.88115
1.6198
1.71043
1.34157
1.68464
1.48476
1.64473
1.69481
1.56897
1.5921
1.47115
1.60781
1.41754
2.32695
1.73708
1.47383
1.60909
1.89601
1.62103
1.80752
1.79316
1.46315
1.90837
1.67917
1.60574
1.63542
1.74404
1.87288
1.44495
1.85567
1.64408
1.72383
1.8366
1.67472
1.62845
1.55315
1.37269
1.72651
1.49807
1.70134
1.63602
1.74026
1.79473
1.62335
1.47738
1.43557
1.52682
1.46432
1.66115
2.14897
1.58094
2.09973
1.84847
1.46768
1.75415
1.58658
1.58069
1.65213
1.5709
1.63692
1.56266
1.73074
1.77891
1.62657
1.38193
1.53897
1.50162
1.50315
1.568
1.82369
1.64533
1.72137
1.71691
1.59919
1.56664
1.47363
1.49773
1.84042
1.68102
1.60127
1.73747
1.83107
1.73428
1.53465
1.64618
1.47173
1.51696
1.67378
1.63564
1.66882
1.50191
1.84063
1.53919
1.76256
1.66002
1.73773
1.60702
1.57965
1.94619
1.77159
1.56483
1.65018
1.53718
1.65061
1.67084
1.72319
1.62251
1.494
1.69772
1.49447
1.53622
1.58391
1.77284
1.64611
1.44767
1.5086
1.71415
1.49723
1.75463
1.5117
1.67057
1.54795
1.86419
1.70286
1.62486
1.7078
1.63925
1.42175
1.41529
1.62765
1.63666
1.54669
1.70489
1.72978
1.69008
1.89278
1.81025
1.74414
1.58743
1.68873
1.49453
1.77103
1.32455
1.61743
1.56465
1.66002
1.58083
1.74791
1.5414
1.64956
2.01367
1.65471
1.81096
1.55675
1.56405
1.58674
1.9998
1.7019
1.72522
1.7018
1.60211
1.57786
1.5102
1.49513
1.89451
1.70438
1.77105
1.62784
1.44918
1.57236
1.54914
1.79151
1.46862
1.84269
1.46025
1.60288
1.64942
1.92304
1.56204
1.61766
1.60886
1.54829
1.44156
2.06214
1.85797
1.93737
1.73477
1.75202
1.58676
1.62995
1.58393
2.07671
1.45405
1.8666
1.61804
1.53628
1.87631
1.7036
1.69941
1.57508
1.41946
1.74531
1.87012
1.76316
1.57543
1.46222
1.6198
1.60175
1.64394
1.76712
1.74693
1.77213
1.53907
1.94606
1.43393
1.65216
1.48141
1.66801
1.37465
1.60161
1.37728
1.7204
1.80821
1.69427
1.56659
1.71213
1.82872
1.68702
1.70576
1.51152
1.4699
2.0406
1.59474
1.39103
1.81195
1.58834
1.58801
1.45417
1.51775
1.50457
1.56296
1.35393
1.70908
1.93386
1.4947
2.26903
1.71279
1.51228
1.42225
1.50343
1.68716
1.95845
1.85228
1.33151
1.93432
1.53729
1.56367
1.30159
1.60177
1.37379
1.58557
1.59749
1.66575
1.62391
1.6756
1.66174
1.52496
1.56806
1.64678
1.78826
1.53719
1.67678
1.49211
1.28507
1.73013
1.55401
1.76276
1.90397
1.56408
1.74986
2.09375
1.57135
1.61638
1.66417
1.61738
1.72739
1.8892
1.60667
1.49348
1.70762
1.58858
1.64882
1.76805
1.71331
1.70844
1.97297
1.5988
1.63128
1.50605
1.4926
1.76332
1.37501
1.87079
1.64893
1.61942
1.68408
2.01622
1.31708
1.82613
1.56709
1.8753
1.58405
1.69118
1.52187
2.04379
1.65912
1.6292
1.62536
1.6085
1.64484
1.78108
1.79261
1.59041
1.77807
1.442
1.68386
1.84798
1.8092
1.87397
1.73701
1.9879
1.49131
1.80224
1.88391
1.44782
1.482
1.55946
1.81973
1.70507
1.84659
1.41112
1.76315
1.62412
1.52661
1.70469
1.54233
1.66101
1.36293
1.60147
1.71449
1.46558
1.75375
1.74367
1.57072
1.60175
1.59139
1.44782
1.88619
1.81579
1.57675
1.55656
1.52369
1.48884
1.78738
1.49095
1.80263
1.66588
1.56661
1.80066
1.41717
1.59449
1.4159
1.81015
1.6477
1.60191
1.74223
1.59549
1.357
1.50492
1.90359
1.85082
1.54525
1.52655
1.64323
1.79593
1.75059
1.54459
1.79186
1.80376
1.60553
1.75965
1.69147
1.45851
1.53625
1.88376
1.42777
1.55285
1.62625
1.73817
1.55247
1.83844
1.42971
1.50336
1.98147
2.12187
1.5545
1.43378
1.76924
1.59996
1.42176
1.50155
1.89458
1.92841
1.66422
1.42819
1.45128
1.54279
1.74537
1.65258
1.50531
1.68903
1.43218
1.55422
1.64261
1.67455
1.43669
1.54165
1.65448
1.40357
1.67791
1.6993
1.64714
1.80431
1.63729
2.44516
1.79141
1.66293
1.57451
1.837
1.77234
1.68367
1.5527
1.4874
1.65133
1.51809
1.98931
1.35587
1.54114
1.60182
1.69089
2.29693
1.56091
1.5047
1.66243
1.8472
1.6791
1.57845
1.89538
1.53274
1.70775
1.56296
1.70769
1.63244
1.90704
2.00517
1.97461
1.57391
1.49082
1.81338
1.9392
1.97307
1.72964
1.75028
1.77482
1.54443
1.57492
1.57608
1.76414
1.87928
1.6636
1.45292
1.71434
1.46092
1.54644
1.55681
1.40029
1.44221
2.06553
1.3792
1.65508
1.72282
1.64862
1.93279
1.72682
1.67536
1.52804
1.73437
1.64444
1.56787
1.69675
1.47061
1.41379
1.64504
1.60474
1.59579
1.70255
1.71762
1.70558
1.6218
1.40628
1.62222
1.55008
1.47114
1.85242
1.54528
1.74109
1.81121
1.48876
1.39974
1.73791
1.60726
1.60419
1.54382
1.76572
1.74202
1.63147
1.5503
1.55787
1.65191
1.57305
1.74907
1.56871
