1.06683
1.02391
1.02211
1.03868
1.00021
1.0443
1.01637
1.00022
1.03255
1.02229
1.01461
1.00022
1.02288
1.02118
1.0003
1.00026
1.00037
1.00833
1.02781
1.04316
1.07522
1.07914
1.04114
1.01224
1.00028
1.00721
1.01547
1.00025
1.01267
1.0002
1.00028
1.00029
1.03238
1.00019
1.05211
1.00024
1.05748
1.00241
1.02899
1.00027
1.00026
1.00032
1.02099
1.00023
1.00388
1.00045
1.00038
1.02393
1.00036
1.00019
1.01004
1.03878
1.00025
1.0064
1.00028
1.00038
1.03938
1.01483
1.02311
1.07041
1.05436
1.04386
1.04796
1.02773
1.00667
1.00542
1.0032
1.00019
1.01228
1.05348
1.00014
1.05526
1.00838
1.00029
1.00083
1.00441
1.00028
1.00022
1.00023
1.0015
1.02806
1.02949
1.01505
1.0113
1.06296
1.02373
1.00031
1.00002
1.01885
1.00106
1.01995
1.07599
1.03326
1.02579
1.00028
1.00016
1.04363
1.10331
1.03521
1.03304
1.00032
1.00071
1.00026
1.03315
1.06733
1.00031
1.00866
1.05051
1.00025
1.01989
1.00023
1.0639
1.04848
1.00023
1.06203
1.05459
1.00841
1.01855
1.04409
1.04861
1.00035
1.03133
1.00016
1.00951
1.0003
1.05071
1.09014
1.05229
1.02345
1.00028
1.06421
1.03541
1.01644
1.00026
1.02766
1.00028
1.01317
1.02331
1.0003
1.00002
1.00935
1.03232
1.00025
1.00206
1.07408
1.02148
1.00478
1.00245
1.00027
1.02787
1.00019
1.00563
1.04182
1.00362
1.00017
1.01234
1.00029
1.03989
1.04224
1.00507
1.07152
1.00015
1.00465
1.05854
1.0104
1.0264
1.0002
1.00022
1.00235
1.00003
1.00021
1.01325
1.01306
1.04983
1.00938
1.04194
1.00709
1.02333
1.00033
1.0023
1.00655
1.00053
1.01627
1.00014
1.00611
1.01855
1.00177
1.00024
1.07527
1.00015
1.00342
1.00018
1.00043
1.03015
1.00032
1.03139
1.00029
1.02714
1.00026
1.00027
1.00024
1.00025
1.02336
1.00028
1.00012
1.02589
1.02582
1.01493
1.01727
1.01619
1.00601
1.00019
1.01811
1.09847
1.00033
1.0002
1.00006
1.00036
1.0002
1.04343
1.00017
1.02495
1.01453
1.07258
1.00971
1.00023
1.0102
1.05922
1.00298
1.00021
1.00251
1.01547
1.00017
1.02914
1.03753
1.02161
1.00021
1.08571
1.01249
1.01499
1.00178
1.01308
1.05358
1.00024
1.00744
1.00022
1.00351
1.09542
1.00028
1.01276
1.01635
1.00038
1.0097
1.00182
1.01425
1.00192
1.02098
1.01933
1.00019
1.00022
1.03453
1.00014
1.00984
1.03414
1.06357
1.00027
1.00025
1.06191
1.03294
1.00035
1.00024
1.04713
1.06061
1.0285
1.00698
1.00014
1.05066
1.00682
1.00019
1.02425
1.00026
1.00023
1.01879
1.0003
1.01611
1.00019
1.00745
1.00001
1.146
1.00272
1.00704
1.00032
1.00003
1.00023
1.00022
1.00043
1.01221
1.00024
1.04604
1.00021
1.00626
1.03976
1.03002
1.00024
1.04164
1.0408
1.06529
1.00018
1.03816
1.02643
1.00033
1.04103
1.01637
1.00021
1.00154
1.04588
1.01317
1.00036
1.05057
1.00386
1.02357
1.00016
1.02593
1.04069
1.00013
1.00026
1.0193
1.02482
1.05643
1.02901
1.01328
1.02471
1.00027
1.08311
1.00024
1.00028
1.00018
1.02409
1.01203
1.0003
1.00029
1.00384
1.04321
1.04025
1.06868
1.0052
1.00037
1.00167
1.02247
1.00037
1.07486
1.03088
1.00026
1.00017
1.00027
1.05865
1.00026
1.00141
1.04301
1.00026
1.00031
1.0388
1.00526
1.00024
1.05839
1.00658
1.04672
1.00479
1.00593
1.0002
1.10984
1.04915
1.00144
1.00018
1.00001
1.02068
1.00083
1.00018
1.00019
1.00408
1.02327
1.0005
1.0309
1.00027
1.00575
1.04293
1.00017
1.00025
1.05984
1.00021
1.00033
1.00025
1.08028
1.02977
1.00015
1.02555
1.0003
1.00006
1.00032
1.00026
1.04768
1.08857
1.11148
1.01368
1.0013
1.00793
1.00029
1.00026
1.00025
1.04416
1.04749
1.00118
1.02431
1.01686
1.00034
1.06739
1.00832
1.00029
1.03576
1.0294
1.00336
1.00022
1.00023
1.00021
1.00354
1.00016
1.03767
1.05762
1.00028
1.0002
1.00971
1.00026
1.06359
1.02196
1.00029
1.01284
1.01054
1.03538
1.00037
1.06048
1.00517
1.00003
1.04406
1.01865
1.07745
1.02249
1.00023
1.00029
1.00369
1.00022
1.01164
1.05425
1.04291
1.00143
1.06634
1.00184
1.00018
1.00023
1.04339
1.00032
1.00025
1.00024
1.00152
1.02411
1.00534
1.00638
1.00022
1.03042
1.01909
1.0032
1.07734
1.1016
1.00012
1.00017
1.03145
1.00021
1.01625
1.05219
1.09711
1.00019
1.00032
1.01835
1.00002
1.00026
1.06377
1.10982
1.00351
1.00032
1.02029
1.03328
1.10518
1.00034
1.03751
1.0357
1.00126
1.00033
1.05685
1.05136
1.00302
1.00017
1.02671
1.00378
1.00022
1.00024
1.00013
1.00035
1.0108
1.00024
1.02247
1.0003
1.03637
1.04808
1.09249
1.00037
1.02104
1.00313
1.00301
1.00519
1.00023
1.00453
1.02568
1.05867
1.00028
1.00018
1.08584
1.00544
1.00257
1.03329
1.06348
1.00018
1.00022
1.033
1.01483
1.02518
1.01296
1.00019
1.08114
1.11237
1.01633
1.02071
1.01975
1.0002
1.00023
1.0556
1.00019
1.06287
1.0425
1.0877
1.02514
1.00025
1.02285
1.00987
1.00371
1.06117
1.00024
1.0089
1.00011
1.00604
1.02315
1.23474
1.00028
1.0108
1.01998
1.06325
1.01166
1.00027
1.00015
1.00022
1.00039
1.00807
1.07321
1.04165
1.00239
1.0698
1.00022
1.01794
1.04355
1.00014
1.00021
1.07482
1.02342
1.00028
1.02384
1.00018
1.02582
1.03441
1.01998
1.08195
1.03167
1.0003
1.08252
1.00028
1.00026
1.00953
1.03409
1.06878
1.00616
1.00019
1.02035
1.00018
1.00368
1.0002
1.02502
1.0002
1.03243
1.10752
1.07597
1.00664
1.05298
1.00026
1.03801
1.03511
1.00365
1.0292
1.00364
1.05066
1.03414
1.00944
1.00522
1.00006
1.0266
1.00046
1.06757
1.00016
1.03436
1.02744
1.00029
1.01688
1.03117
1.00606
1.01486
1.02008
1.0003
1.0321
1.00988
1.05145
1.0814
1.04768
1.00108
1.01583
1.00494
1.0026
1.00029
1.00563
1.00352
1.05006
1.0421
1.06603
1.00005
1.03218
1.00583
1.00019
1.03033
1.12196
1.00627
1.00033
1.0016
1.00176
1.00026
1.00031
1.01227
1.00024
1.00379
1.00423
1.00311
1.00031
1.0004
1.00023
1.07285
1.00036
1.04332
1.04083
1.01637
1.00022
1.02454
1.02731
1.01932
1.00016
1.0006
1.02521
1.00583
1.00034
1.00022
1.00047
1.03776
1.00021
1.00036
1.00026
1.00019
1.04838
1.00088
1.00094
1.00099
1.05985
1.00129
1.00031
1.00025
1.0002
1.02619
1.08402
1.00073
1.00101
1.05945
1.00017
1.04921
1.01147
1.00019
1.0096
1.02117
1.00435
1.00021
1.05122
1.06371
1.03113
1.00017
1.09535
1.05058
1.02528
1.00017
1.0208
1.01672
1.05024
1.00013
1.03289
1.00267
1.00019
1.00031
1.04068
1.00901
1.00457
1.01809
1.04242
1.00444
1.00028
1.00024
1.02883
1.0003
1.00026
1.00292
1.02283
1.01063
1.0004
1.0095
1.0597
1.00023
1.00027
1.00044
1.00068
1.01714
1.07542
1.03418
1.02082
1.00375
1.01785
1.08243
1.03575
1.02033
1.00037
1.02741
1.0002
1.0104
1.00089
1.00027
1.01013
1.02409
1.00027
1.00018
1.00019
1.0003
1.05352
1.05282
1.00019
1.0684
1.05693
1.00024
1.00427
1.00049
1.00019
1.00014
1.00024
1.04075
1.00025
1.00028
1.00187
1.00012
1.04259
1.02066
1.06133
1.01304
1.07544
1.00046
1.00022
1.00798
1.0002
1.00249
1.00017
1.00845
1.00025
1.00029
1.00314
1.00649
1.00025
1.00032
1.02435
1.04146
1.00691
1.00015
1.06688
1.00338
1.00087
1.00018
1.00035
1.00639
1.00021
1.03517
1.00481
1.01822
1.01236
1.00001
1.00325
1.0004
1.00025
1.04309
1.00021
1.02748
1.01054
1.06609
1.00022
1.00022
1.00987
1.01816
1.03295
1.01861
1.03048
1.00023
1.00027
1.12707
1.07097
1.04955
1.04877
1.00149
1.00451
1.00826
1.00529
1.07853
1.00042
1.06025
1.04894
1.01878
1.00039
1.00025
1.00137
1.0217
1.06401
1.00029
1.01467
1.00695
1.00016
1.01775
1.00102
1.00031
1.04244
1.00021
1.00139
1.00733
1.00021
1.00037
1.0002
1.00189
1.05289
1.00799
1.0445
1.04766
1.04026
1.03211
1.00022
1.00039
1.05615
1.00023
1.00017
1.01591
1.00034
1.00019
1.05124
1.00025
1.0586
1.02591
1.01938
1.03804
1.00025
1.05506
1.10634
1.01109
1.06402
1.00025
1.01139
1.01152
1.03398
1.0003
1.08505
1.05792
1.00688
1.00017
1.07291
1.02354
1.00009
1.00014
1.00632
1.00012
1.07094
1.03009
1.05401
1.04208
1.00592
1.08905
1.03291
1.00024
1.00487
1.03901
1.04747
1.00433
1.03389
1.00518
1.02476
1.03011
1.04667
1.00024
1.00022
1.00561
1.00571
1.00028
1.01619
1.03947
1.00026
1.00022
1.00021
1.03185
1.00032
1.01432
1.03867
1.00839
1.00019
1.02699
1.03491
1.00041
1.08146
1.05127
1.01647
1.00083
1.00344
1.01518
1.00875
1.00023
1.01989
1.0003
1.00018
1.00033
1.00041
1.0129
1.00877
1.02839
1.05458
1.02562
1.00839
1.00887
1.00568
1.00035
1.00025
1.05534
1.00424
1.00026
1.01975
1.00032
1.03345
1.06745
1.00422
1.04134
1.00314
1.06272
1.00017
1.0714
1.00244
1.11914
1.04439
1.03692
1.02366
1.00022
1.03469
1.00118
1.01703
1.01771
1.00073
1.00619
1.00036
1.00035
1.05
1.00016
1.0003
1.03687
1.00013
1.06683
1.02391
1.02211
1.03868
1.00021
1.0443
1.01637
1.00022
1.03255
1.02229
1.01461
1.00022
1.02288
1.02118
1.0003
1.00026
1.00037
1.00833
1.02781
1.04316
1.07522
1.07914
1.04114
1.01224
1.00028
1.00721
1.01547
1.00025
1.01267
1.0002
1.00028
1.00029
1.03238
1.00019
1.05211
1.00024
1.05748
1.00241
1.02899
1.00027
1.00026
1.00032
1.02099
1.00023
1.00388
1.00045
1.00038
1.02393
1.00036
1.00019
1.01004
1.03878
1.00025
1.0064
1.00028
1.00038
1.03938
1.01483
1.02311
1.07041
1.05436
1.04386
1.04796
1.02773
1.00667
1.00542
1.0032
1.00019
1.01228
1.05348
1.00014
1.05526
1.00838
1.00029
1.00083
1.00441
1.00028
1.00022
1.00023
1.0015
1.02806
1.02949
1.01505
1.0113
1.06296
1.02373
1.00031
1.00002
1.01885
1.00106
1.01995
1.07599
1.03326
1.02579
1.00028
1.00016
1.04363
1.10331
1.03521
1.03304
1.00032
1.00071
1.00026
1.03315
1.06733
1.00031
1.00866
1.05051
1.00025
1.01989
1.00023
1.0639
1.04848
1.00023
1.06203
1.05459
1.00841
1.01855
1.04409
1.04861
1.00035
1.03133
1.00016
1.00951
1.0003
1.05071
1.09014
1.05229
1.02345
1.00028
1.06421
1.03541
1.01644
1.00026
1.02766
1.00028
1.01317
1.02331
1.0003
1.00002
1.00935
1.03232
1.00025
1.00206
1.07408
1.02148
1.00478
1.00245
1.00027
1.02787
1.00019
1.00563
1.04182
1.00362
1.00017
1.01234
1.00029
1.03989
1.04224
1.00507
1.07152
1.00015
1.00465
1.05854
1.0104
1.0264
1.0002
1.00022
1.00235
1.00003
1.00021
1.01325
1.01306
1.04983
1.00938
1.04194
1.00709
1.02333
1.00033
1.0023
1.00655
1.00053
1.01627
1.00014
1.00611
1.01855
1.00177
1.00024
1.07527
1.00015
1.00342
1.00018
1.00043
1.03015
1.00032
1.03139
1.00029
1.02714
1.00026
1.00027
1.00024
1.00025
1.02336
1.00028
1.00012
1.02589
1.02582
1.01493
1.01727
1.01619
1.00601
1.00019
1.01811
1.09847
1.00033
1.0002
1.00006
1.00036
1.0002
1.04343
1.00017
1.02495
1.01453
1.07258
1.00971
1.00023
1.0102
1.05922
1.00298
1.00021
1.00251
1.01547
1.00017
1.02914
1.03753
1.02161
1.00021
1.08571
1.01249
1.01499
1.00178
1.01308
1.05358
1.00024
1.00744
1.00022
1.00351
1.09542
1.00028
1.01276
1.01635
1.00038
1.0097
1.00182
1.01425
1.00192
1.02098
1.01933
1.00019
1.00022
1.03453
1.00014
1.00984
1.03414
1.06357
1.00027
1.00025
1.06191
1.03294
1.00035
1.00024
1.04713
1.06061
1.0285
1.00698
1.00014
1.05066
1.00682
1.00019
1.02425
1.00026
1.00023
1.01879
1.0003
1.01611
1.00019
1.00745
1.00001
1.146
1.00272
1.00704
1.00032
1.00003
1.00023
1.00022
1.00043
1.01221
1.00024
1.04604
1.00021
1.00626
1.03976
1.03002
1.00024
1.04164
1.0408
1.06529
1.00018
1.03816
1.02643
1.00033
1.04103
1.01637
1.00021
1.00154
1.04588
1.01317
1.00036
1.05057
1.00386
1.02357
1.00016
1.02593
1.04069
1.00013
1.00026
1.0193
1.02482
1.05643
1.02901
1.01328
1.02471
1.00027
1.08311
1.00024
1.00028
1.00018
1.02409
1.01203
1.0003
1.00029
1.00384
1.04321
1.04025
1.06868
1.0052
1.00037
1.00167
1.02247
1.00037
1.07486
1.03088
1.00026
1.00017
1.00027
1.05865
1.00026
1.00141
1.04301
1.00026
1.00031
1.0388
1.00526
1.00024
1.05839
1.00658
1.04672
1.00479
1.00593
1.0002
1.10984
1.04915
1.00144
1.00018
1.00001
1.02068
1.00083
1.00018
1.00019
1.00408
1.02327
1.0005
1.0309
1.00027
1.00575
1.04293
1.00017
1.00025
1.05984
1.00021
1.00033
1.00025
1.08028
1.02977
1.00015
1.02555
1.0003
1.00006
1.00032
1.00026
1.04768
1.08857
1.11148
1.01368
1.0013
1.00793
1.00029
1.00026
1.00025
1.04416
1.04749
1.00118
1.02431
1.01686
1.00034
1.06739
1.00832
1.00029
1.03576
1.0294
1.00336
1.00022
1.00023
1.00021
1.00354
1.00016
1.03767
1.05762
1.00028
1.0002
1.00971
1.00026
1.06359
1.02196
1.00029
1.01284
1.01054
1.03538
1.00037
1.06048
1.00517
1.00003
1.04406
1.01865
1.07745
1.02249
1.00023
1.00029
1.00369
1.00022
1.01164
1.05425
1.04291
1.00143
1.06634
1.00184
1.00018
1.00023
1.04339
1.00032
1.00025
1.00024
1.00152
1.02411
1.00534
1.00638
1.00022
1.03042
1.01909
1.0032
1.07734
1.1016
1.00012
1.00017
1.03145
1.00021
1.01625
1.05219
1.09711
1.00019
1.00032
1.01835
1.00002
1.00026
1.06377
1.10982
1.00351
1.00032
1.02029
1.03328
1.10518
1.00034
1.03751
1.0357
1.00126
1.00033
1.05685
1.05136
1.00302
1.00017
1.02671
1.00378
1.00022
1.00024
1.00013
1.00035
1.0108
1.00024
1.02247
1.0003
1.03637
1.04808
1.09249
1.00037
1.02104
1.00313
1.00301
1.00519
1.00023
1.00453
1.02568
1.05867
1.00028
1.00018
1.08584
1.00544
1.00257
1.03329
1.06348
1.00018
1.00022
1.033
1.01483
1.02518
1.01296
1.00019
1.08114
1.11237
1.01633
1.02071
1.01975
1.0002
1.00023
1.0556
1.00019
1.06287
1.0425
1.0877
1.02514
1.00025
1.02285
1.00987
1.00371
1.06117
1.00024
1.0089
1.00011
1.00604
1.02315
1.23474
1.00028
1.0108
1.01998
1.06325
1.01166
1.00027
1.00015
1.00022
1.00039
1.00807
1.07321
1.04165
1.00239
1.0698
1.00022
1.01794
1.04355
1.00014
1.00021
1.07482
1.02342
1.00028
1.02384
1.00018
1.02582
1.03441
1.01998
1.08195
1.03167
1.0003
1.08252
1.00028
1.00026
1.00953
1.03409
1.06878
1.00616
1.00019
1.02035
1.00018
1.00368
1.0002
1.02502
1.0002
1.03243
1.10752
1.07597
1.00664
1.05298
1.00026
1.03801
1.03511
1.00365
1.0292
1.00364
1.05066
1.03414
1.00944
1.00522
1.00006
1.0266
1.00046
1.06757
1.00016
1.03436
1.02744
1.00029
1.01688
1.03117
1.00606
1.01486
1.02008
1.0003
1.0321
1.00988
1.05145
1.0814
1.04768
1.00108
1.01583
1.00494
1.0026
1.00029
1.00563
1.00352
1.05006
1.0421
1.06603
1.00005
1.03218
1.00583
1.00019
1.03033
1.12196
1.00627
1.00033
1.0016
1.00176
1.00026
1.00031
1.01227
1.00024
1.00379
1.00423
1.00311
1.00031
1.0004
1.00023
1.07285
1.00036
1.04332
1.04083
1.01637
1.00022
1.02454
1.02731
1.01932
1.00016
1.0006
1.02521
1.00583
1.00034
1.00022
1.00047
1.03776
1.00021
1.00036
1.00026
1.00019
1.04838
1.00088
1.00094
1.00099
1.05985
1.00129
1.00031
1.00025
1.0002
1.02619
1.08402
1.00073
1.00101
1.05945
1.00017
1.04921
1.01147
1.00019
1.0096
1.02117
1.00435
1.00021
1.05122
1.06371
1.03113
1.00017
1.09535
1.05058
1.02528
1.00017
1.0208
1.01672
1.05024
1.00013
1.03289
1.00267
1.00019
1.00031
1.04068
1.00901
1.00457
1.01809
1.04242
1.00444
1.00028
1.00024
1.02883
1.0003
1.00026
1.00292
1.02283
1.01063
1.0004
1.0095
1.0597
1.00023
1.00027
1.00044
1.00068
1.01714
1.07542
1.03418
1.02082
1.00375
1.01785
1.08243
1.03575
1.02033
1.00037
1.02741
1.0002
1.0104
1.00089
1.00027
1.01013
1.02409
1.00027
1.00018
1.00019
1.0003
1.05352
1.05282
1.00019
1.0684
1.05693
1.00024
1.00427
1.00049
1.00019
1.00014
1.00024
1.04075
1.00025
1.00028
1.00187
1.00012
1.04259
1.02066
1.06133
1.01304
1.07544
1.00046
1.00022
1.00798
1.0002
1.00249
1.00017
1.00845
1.00025
1.00029
1.00314
1.00649
1.00025
1.00032
1.02435
1.04146
1.00691
1.00015
1.06688
1.00338
1.00087
1.00018
1.00035
1.00639
1.00021
1.03517
1.00481
1.01822
1.01236
1.00001
1.00325
1.0004
1.00025
1.04309
1.00021
1.02748
1.01054
1.06609
1.00022
1.00022
1.00987
1.01816
1.03295
1.01861
1.03048
1.00023
1.00027
1.12707
1.07097
1.04955
1.04877
1.00149
1.00451
1.00826
1.00529
1.07853
1.00042
1.06025
1.04894
1.01878
1.00039
1.00025
1.00137
1.0217
1.06401
1.00029
1.01467
1.00695
1.00016
1.01775
1.00102
1.00031
1.04244
1.00021
1.00139
1.00733
1.00021
1.00037
1.0002
1.00189
1.05289
1.00799
1.0445
1.04766
1.04026
1.03211
1.00022
1.00039
1.05615
1.00023
1.00017
1.01591
1.00034
1.00019
1.05124
1.00025
1.0586
1.02591
1.01938
1.03804
1.00025
1.05506
1.10634
1.01109
1.06402
1.00025
1.01139
1.01152
1.03398
1.0003
1.08505
1.05792
1.00688
1.00017
1.07291
1.02354
1.00009
1.00014
1.00632
1.00012
1.07094
1.03009
1.05401
1.04208
1.00592
1.08905
1.03291
1.00024
1.00487
1.03901
1.04747
1.00433
1.03389
1.00518
1.02476
1.03011
1.04667
1.00024
1.00022
1.00561
1.00571
1.00028
1.01619
1.03947
1.00026
1.00022
1.00021
1.03185
1.00032
1.01432
1.03867
1.00839
1.00019
1.02699
1.03491
1.00041
1.08146
1.05127
1.01647
1.00083
1.00344
1.01518
1.00875
1.00023
1.01989
1.0003
1.00018
1.00033
1.00041
1.0129
1.00877
1.02839
1.05458
1.02562
1.00839
1.00887
1.00568
1.00035
1.00025
1.05534
1.00424
1.00026
1.01975
1.00032
1.03345
1.06745
1.00422
1.04134
1.00314
1.06272
1.00017
1.0714
1.00244
1.11914
1.04439
1.03692
1.02366
1.00022
1.03469
1.00118
1.01703
1.01771
1.00073
1.00619
1.00036
1.00035
1.05
1.00016
1.0003
1.03687
1.00013
1.0002
1.00654
1.08187
1.00015
1.05246
1.05543
1.0269
1.03783
1.04103
1.13408
1.01853
1.00022
1.00774
1.06318
1.07562
1.00026
1.01758
1.00942
1.03844
1.05035
1.25114
1.07077
1.04114
1.03238
1.00028
1.04096
1.00039
1.00025
1.01267
1.0002
1.00028
1.00029
1.0388
1.00019
1.05458
1.00024
1.01581
1.00241
1.07637
1.05813
1.00026
1.00032
1.02099
1.06231
1.05579
1.00045
1.00757
1.03077
1.02695
1.00038
1.0013
1.1529
1.13623
1.00323
1.09773
1.00024
1.02965
1.01483
1.1985
1.00026
1.00026
1.00985
1.09774
1.06688
1.00667
1.01798
1.04006
1.00019
1.03505
1.03498
1.00014
1.03694
1.00231
1.00029
1.00083
1.05467
1.00028
1.00022
1.03452
1.07439
1.03321
1.02271
1.07284
1.06917
1.0983
1.07682
1.00871
1.09656
1.03708
1.04636
1.02761
1.03963
1.02894
1.02579
1.00028
1.00016
1.05479
1.03686
1.03521
1.0427
1.00032
1.00071
1.06262
1.09777
1.10238
1.00997
1.00023
1.03602
1.00025
1.03094
1.00023
1.01856
1.00153
1.18312
1.01427
1.05459
1.02286
1.01856
1.03969
1.04736
1.13972
1.11134
1.01489
1.02799
1.0003
1.01324
1.09246
1.07754
1.0509
1.03962
1.07233
1.10818
1.02189
1.00026
1.02044
1.00028
1.00252
1.04676
1.10567
1.07164
1.04538
1.03232
1.0322
1.00803
1.00027
1.02148
1.02492
1.0119
1.00027
1.0004
1.00019
1.22384
1.04182
1.04952
1.0227
1.02685
1.00029
1.05253
1.04403
1.01144
1.11442
1.03118
1.00465
1.02405
1.08878
1.02731
1.0244
1.01255
1.01626
1.00003
1.02163
1.03164
1.11756
1.05099
1.03454
1.06397
1.04729
1.03993
1.00033
1.0023
1.00655
1.00053
1.01628
1.05908
1.0056
1.01855
1.00455
1.04971
1.00033
1.00015
1.00262
1.07233
1.03768
1.03015
1.01052
1.03139
1.00029
1.05355
1.03986
1.15278
1.00024
1.00025
1.02336
1.00028
1.00012
1.01288
1.034
1.01493
1.04584
1.01142
1.00824
1.00019
1.03784
1.00201
1.00033
1.0002
1.00006
1.00623
1.00021
1.07152
1.00018
1.01397
1.01453
1.03952
1.01641
1.00023
1.02937
1.05922
1.00298
1.00022
1.12263
1.10875
1.00017
1.07813
1.03975
1.02161
1.00021
1.05174
1.18755
1.02657
1.00128
1.01308
1.06156
1.02152
1.01056
1.00022
1.05511
1.08321
1.07958
1.0684
1.08053
1.00038
1.15767
1.01829
1.0222
1.01203
1.03756
1.07481
1.0002
1.00022
1.06003
1.00014
1.02557
1.07203
1.00026
1.00027
1.03922
1.06191
1.02327
1.0105
1.00024
1.06065
1.05851
1.0285
1.00698
1.04919
1.06473
1.00682
1.00019
1.04656
1.00026
1.00023
1.01879
1.07528
1.07009
1.03027
1.0077
1.00001
1.0578
1.01311
1.00263
1.00032
1.00003
1.083
1.07598
1.00043
1.07346
1.01349
1.05238
1.03618
1.05518
1.07171
1.0415
1.00024
1.0876
1.04485
1.08061
1.00018
1.10175
1.02644
1.05883
1.04302
1.07399
1.04345
1.00154
1.04998
1.01317
1.00036
1.09739
1.08049
1.00017
1.00016
1.05424
1.03629
1.00013
1.00026
1.09973
1.06702
1.08272
1.02901
1.03531
1.02471
1.00027
1.08311
1.00024
1.00028
1.00018
1.02997
1.12052
1.0003
1.02521
1.00389
1.06157
1.06576
1.04318
1.0242
1.05178
1.0282
1.02248
1.00037
1.04989
1.10121
1.00026
1.00018
1.06997
1.13508
1.00026
1.00141
1.02599
1.00026
1.00705
1.03943
1.0437
1.05861
1.02637
1.03004
1.07939
1.00572
1.04992
1.00021
1.03079
1.06102
1.00144
1.00958
1.11637
1.02068
1.00083
1.00018
1.00019
1.00408
1.00027
1.12865
1.02915
1.10001
1.00064
1.00028
1.00017
1.00026
1.04208
1.12792
1.05835
1.04699
1.08028
1.04129
1.00015
1.01875
1.0003
1.01861
1.0491
1.00026
1.01697
1.06822
1.12619
1.02135
1.16418
1.00793
1.06151
1.05057
1.00025
1.00015
1.25707
1.06356
1.0349
1.01686
1.00034
1.06908
1.06234
1.01309
1.03788
1.02495
1.00337
1.04168
1.05785
1.05229
1.0507
1.00851
1.01375
1.0355
1.04715
1.00021
1.00971
1.00026
1.00368
1.04182
1.00029
1.0011
1.01054
1.02014
1.04744
1.06258
1.03326
1.00003
1.12887
1.03396
1.03935
1.00015
1.20771
1.00029
1.07295
1.06216
1.01164
1.05108
1.14769
1.05015
1.06634
1.00184
1.01419
1.04525
1.06372
1.08677
1.00025
1.04443
1.04236
1.02071
1.00534
1.00677
1.17765
1.05854
1.04732
1.06468
1.08281
1.12288
1.00012
1.05271
1.03277
1.00021
1.06095
1.00018
1.06642
1.0307
1.0978
1.05237
1.0179
1.1536
1.04035
1.04985
1.00098
1.10738
1.07123
1.03328
1.08182
1.00034
1.01068
1.1316
1.013
1.00033
1.0282
1.00019
1.00302
1.00017
1.08057
1.04506
1.03405
1.04382
1.02085
1.00035
1.00025
1.00024
1.03242
1.0003
1.08289
1.06229
1.09369
1.00037
1.05731
1.00313
1.09944
1.02119
1.08396
1.00453
1.0374
1.05727
1.07335
1.02614
1.07805
1.01459
1.07887
1.05448
1.05182
1.00018
1.00022
1.033
1.01483
1.02518
1.00392
1.00019
1.00111
1.08003
1.00241
1.0372
1.0256
1.0002
1.00024
1.19888
1.00019
1.06474
1.05708
1.05234
1.04623
1.00025
1.07719
1.00712
1.04834
1.03773
1.00024
1.0089
1.03336
1.00604
1.06563
1.06536
1.00028
1.05125
1.05624
1.29405
1.00607
1.00027
1.00015
1.00022
1.00039
1.00807
1.0002
1.00373
1.05138
1.0698
1.00022
1.01952
1.10866
1.03821
1.00021
1.09676
1.02668
1.00028
1.02741
1.00018
1.02582
1.07051
1.08969
1.0456
1.0002
1.0003
1.03789
1.00028
1.00026
1.05252
1.03951
1.02982
1.03517
1.00019
1.02816
1.00797
1.00368
1.05095
1.02433
1.01381
1.032
1.00028
1.03729
1.00664
1.08979
1.01384
1.02879
1.08074
1.13482
1.10949
1.00364
1.04829
1.0784
1.00937
1.00522
1.00006
1.04656
1.01856
1.04978
1.00016
1.0279
1.09864
1.00029
1.0002
1.01158
1.00606
1.07506
1.02008
1.0003
1.05077
1.00988
1.00017
1.00026
1.04987
1.01991
1.01583
1.00932
1.14119
1.06
1.00563
1.00352
1.00834
1.06851
1.03543
1.08326
1.04694
1.02637
1.05754
1.03456
1.07976
1.00627
1.01811
1.0016
1.00199
1.00027
1.02061
1.00086
1.07771
1.00379
1.00423
1.00943
1.00031
1.0004
1.02662
1.07282
1.09917
1.09665
1.0284
1.02636
1.00022
1.01648
1.05403
1.01372
1.02262
1.0006
1.02521
1.06357
1.00034
1.00022
1.00047
1.12217
1.06273
1.00036
1.00026
1.00019
1.062
1.00088
1.04715
1.06057
1.04634
1.10997
1.00031
1.03463
1.03134
1.05905
1.0352
1.00073
1.00101
1.06823
1.07533
1.06919
1.03172
1.00019
1.14818
1.02697
1.00435
1.04557
1.04195
1.09981
1.03114
1.00017
1.09048
1.04676
1.02528
1.01172
1.02911
1.05988
1.00032
1.0308
1.00016
1.00267
1.00019
1.10213
1.07473
1.12319
1.04865
1.00033
1.05844
1.04982
1.03986
1.00024
1.05913
1.06529
1.00027
1.31945
1.09006
1.01063
1.05904
1.08098
1.07346
1.01955
1.00027
1.11779
1.00068
1.0111
1.02876
1.04433
1.09181
1.0374
1.05781
1.00023
1.13122
1.01528
1.07787
1.02661
1.02471
1.01582
1.08696
1.06287
1.01013
1.10203
1.00027
1.0405
1.12121
1.02534
1.08042
1.01299
1.00019
1.06022
1.06867
1.00024
1.04253
1.0005
1.00019
1.0727
1.00025
1.04075
1.00025
1.01518
1.00187
1.00012
1.00026
1.02663
1.03439
1.05135
1.02248
1.00046
1.07294
1.04001
1.02652
1.03508
1.04321
1.05051
1.01541
1.21514
1.05723
1.06847
1.04439
1.01921
1.1518
1.03742
1.05233
1.02315
1.07373
1.00338
1.00087
1.00018
1.00035
1.05182
1.09708
1.03488
1.05613
1.01822
1.03138
1.00001
1.00325
1.09706
1.03365
1.08557
1.00021
1.02798
1.06411
1.00021
1.00022
1.06754
1.00987
1.01017
1.00251
1.01861
1.01242
1.0409
1.00027
1.07773
1.12845
1.05305
1.04877
1.03865
1.04544
1.0503
1.11456
1.00001
1.00042
1.00021
1.03377
1.04894
1.00369
1.00025
1.00138
1.08653
1.06401
1.00029
1.00219
1.04584
1.00016
1.03696
1.03921
1.00031
1.04244
1.00021
1.16846
1.00733
1.00021
1.00438
1.04517
1.00189
1.07369
1.00903
1.00077
1.05083
1.03212
1.04681
1.00022
1.08044
1.05615
1.00023
1.00017
1.01857
1.01975
1.03202
1.04936
1.14224
1.06106
1.03783
1.01938
1.00026
1.00025
1.05109
1.07405
1.01351
1.10979
1.11518
1.01139
1.02149
1.00024
1.0003
1.08428
1.08804
1.00688
1.01511
1.07385
1.02354
1.05738
1.06347
1.0145
1.00012
1.06885
1.03009
1.03029
1.00022
1.00985
1.1044
1.04796
1.10959
1.16098
1.05655
1.00035
1.00433
1.03389
1.06803
1.02468
1.01047
1.07034
1.01722
1.00847
1.00561
1.00571
1.00028
1.08678
1.06743
1.00026
1.00023
1.09005
1.03185
1.00032
1.0275
1.0596
1.03544
1.03714
1.07483
1.07963
1.00041
1.03626
1.05127
1.01405
1.00083
1.04044
1.02152
1.08168
1.03848
1.01989
1.0003
1.00018
1.0786
1.08519
1.12137
1.17065
1.00026
1.08932
1.10369
1.00839
1.01106
1.0108
1.019
1.09007
1.01142
1.14311
1.00026
1.01975
1.00032
1.03137
1.04031
1.07769
1.08067
1.00314
1.01705
1.03377
1.02108
1.05797
1.05712
1.02491
1.00026
1.02784
1.00022
1.04066
1.04098
1.02373
1.04681
1.0584
1.00648
1.00036
1.03527
1.01433
1.00016
1.00015
1.04583
1.00013
1.5548
1.50836
1.59995
1.4098
1.57422
1.48412
1.70584
1.56339
1.45305
1.90125
1.55143
1.5709
1.73723
1.76178
1.65324
1.63518
1.89324
1.58868
1.78806
1.9441
1.67805
1.97609
1.74283
1.65518
1.66469
1.73046
1.84743
1.63716
2.12112
1.47725
1.7327
1.5564
1.754
1.46078
1.53862
1.81258
1.77251
1.4983
1.50194
1.73074
1.68011
1.75669
1.91693
1.6812
1.58574
1.80596
1.7543
1.66383
1.7161
1.46746
1.68969
1.64414
1.53302
1.59076
1.6279
1.56851
1.42579
1.84463
1.59719
1.67843
1.73348
1.59566
1.4334
1.93476
1.68298
1.55669
1.86772
1.49874
1.55674
1.48834
1.38242
1.47785
1.8598
1.71734
1.57968
1.78832
1.72759
1.56102
1.54542
1.57572
1.58873
1.86141
1.79786
1.96124
1.73994
1.74098
1.8252
1.48426
1.41277
1.78191
1.62498
1.85415
1.75026
1.58903
1.62146
1.42135
1.54313
1.57025
1.84055
1.53241
1.67435
1.72588
1.49401
1.73622
1.71831
1.45897
1.53493
1.56093
1.4619
1.54373
1.45332
1.54249
1.50932
1.46552
1.67055
1.64125
1.54238
1.66077
1.48402
1.95434
1.82305
1.70549
1.47007
1.61286
1.75289
1.61631
1.63795
1.77435
1.67214
1.63669
1.58961
1.79831
1.42182
1.66417
1.44447
1.73295
1.72753
1.69652
1.57924
1.64785
1.46427
2.14916
1.59413
1.63165
1.71785
1.65267
1.73594
1.64891
1.78116
1.70607
1.548
1.7541
1.55907
1.63611
1.45606
1.79427
1.64343
2.09839
1.46336
1.83521
1.56973
1.40831
1.6232
1.6662
1.65654
1.66778
1.44193
1.61216
1.53163
1.71223
1.54095
1.82373
1.54071
1.8455
1.57136
1.67753
1.91644
1.84987
1.72509
1.52346
1.48604
1.49761
1.47643
1.43119
1.93026
1.6016
1.57973
1.66126
1.81809
1.41646
1.50872
1.58803
1.95393
1.55369
1.74838
1.79183
1.82302
1.67706
1.6263
1.68748
1.53184
1.57203
1.80241
1.62303
1.59072
1.8215
1.59293
1.78595
1.74907
1.60342
1.79459
1.64651
1.89525
1.65672
1.63223
1.64065
1.34639
1.6158
1.6002
1.59815
1.53626
1.61401
1.61227
1.9276
1.60593
1.69746
1.60832
2.02168
1.60533
1.61506
1.72289
1.68489
1.5812
1.55635
1.66527
1.49068
1.44709
1.87183
1.4846
1.60926
1.6841
1.47615
1.46911
1.66758
1.58128
1.62809
1.71896
1.84696
1.73404
1.67633
2.15554
1.78102
1.80352
1.77663
1.49158
1.53415
1.58081
1.61588
1.52516
1.47804
1.70597
1.36809
1.42731
1.65202
1.45704
1.47416
1.70711
1.78505
1.53625
1.6751
1.53582
1.68727
1.68552
1.65778
1.59519
1.41104
1.8829
1.64404
1.46482
1.65274
1.69057
1.58326
1.69427
1.58804
1.75531
1.57707
1.74668
1.78959
1.70967
1.3538
1.59758
1.71278
1.69909
1.63919
1.55513
1.92429
1.61821
1.78406
1.44744
1.55873
1.76502
1.51563
1.69877
1.53137
1.51881
1.63247
1.67763
1.44473
1.64984
1.55761
1.67538
2.02793
2.16101
1.5375
1.46822
1.79014
1.67443
1.69756
1.45902
1.62449
1.52204
1.4256
1.6713
1.65883
1.35157
1.62133
1.59355
1.81197
1.65899
1.83093
1.66881
1.47155
1.55131
1.63332
1.61351
1.36622
1.44608
1.64324
1.83785
1.62549
1.63761
1.65102
1.50453
1.89533
1.66031
1.60402
1.79516
1.42517
1.56477
1.86365
1.63274
1.59215
1.75597
1.52777
1.55052
2.14391
1.73496
1.73433
1.52573
1.69602
1.74914
1.61186
1.83648
1.57675
1.76692
1.70297
1.51126
1.49616
1.56082
1.55558
1.85846
1.60375
1.77143
1.43127
1.49461
1.45947
1.62704
1.54381
1.53988
1.59061
1.71459
1.7304
1.80959
1.70494
1.75441
1.71392
1.48466
1.55673
1.81559
1.67414
1.78215
1.54089
1.99482
1.67581
1.41679
1.65691
1.7692
1.40423
1.77869
1.58911
1.69019
2.01821
1.67112
1.45183
1.48135
1.86126
1.78673
1.52344
1.53394
1.51368
1.63092
1.58839
1.5866
1.47834
1.78368
1.54053
1.71885
1.59913
1.56832
1.50518
1.43671
1.61661
1.5813
1.62698
1.63879
1.4157
1.47518
1.59597
1.5982
1.51826
1.74689
1.60827
1.62228
1.90459
1.67016
1.47165
1.78247
1.66621
1.89586
1.5605
1.65907
1.67841
1.80325
1.56271
1.48713
1.41474
1.82746
1.70327
1.62468
1.57862
1.54531
2.06437
1.74083
1.72917
1.89735
1.74902
1.50349
1.46296
1.55165
1.86097
1.58682
1.4976
1.43157
1.47628
1.75107
1.73262
1.44282
1.80385
1.75327
1.83345
1.72367
1.89056
1.35138
1.47806
1.47738
1.5548
1.61586
1.50219
1.67013
1.4544
1.74764
1.73816
1.70867
1.49637
1.9364
1.71635
1.48748
1.79767
1.51054
1.91109
1.82931
1.72812
1.95191
1.62023
1.55005
1.70241
1.64027
1.44881
1.56184
1.49003
1.73979
1.87035
1.58189
1.5227
1.33918
1.74787
1.52916
1.57975
1.82784
1.72707
1.67699
1.63471
1.66038
1.61328
1.69871
1.72509
1.61738
1.6504
1.5539
1.67814
1.64575
1.78233
1.77161
1.52268
1.73229
1.50885
1.63048
1.80403
1.72593
1.52853
1.54716
1.74807
1.68048
1.65635
1.8586
1.41677
1.67887
1.75596
1.5966
1.54326
1.49594
1.55231
1.60513
1.52245
1.52865
1.96885
1.5983
1.89789
1.52955
1.59261
1.64166
1.4976
1.63568
1.72793
1.8101
1.31111
1.79135
1.71521
1.68156
1.96919
1.66196
1.7148
1.55634
1.84537
1.56198
1.58181
1.40744
1.60485
1.73108
1.65207
1.55867
1.65466
1.62817
1.81935
1.51208
1.85968
2.01605
1.33983
1.53856
1.80225
1.64017
1.49165
1.60364
1.45087
1.56692
1.61055
1.53987
1.6825
1.56088
1.54831
1.76357
1.78215
1.68161
1.80331
1.53725
1.68104
1.46111
1.54026
1.63265
1.5129
1.79928
1.50396
1.68858
1.46544
1.55214
1.80769
1.6064
1.51068
2.09355
1.60538
1.50361
1.7293
1.70051
1.81797
1.61339
1.56772
1.52516
1.56121
1.83774
1.4178
1.46916
1.75599
1.61432
1.44783
1.5788
1.66923
1.6949
1.59106
1.62709
1.7948
1.80067
1.71117
1.72857
1.70198
1.54538
1.50404
1.55921
1.52465
1.55865
1.63037
1.66009
1.61162
1.82268
1.81547
1.6049
1.45118
2.06305
1.55522
1.60794
1.63863
1.85966
1.55924
1.49203
1.93355
1.6987
1.62853
1.42092
1.63486
1.59981
1.72526
1.70541
1.60096
1.78076
1.82354
1.60543
1.79234
2.1107
1.62575
2.03325
1.71515
1.68451
1.87953
1.53856
1.59373
1.47895
1.48565
1.87768
1.30194
1.50775
1.62539
1.604
1.88487
1.537
1.5833
1.63698
1.46286
1.68604
1.69754
1.47913
1.47314
1.62616
1.63198
1.48774
1.63255
1.73969
1.68135
1.55233
1.64059
1.50277
1.50121
1.76684
1.56528
1.91921
1.47555
1.39659
1.60515
1.37067
1.85567
1.69742
1.62181
1.55372
1.55009
1.55186
1.45873
1.50636
1.76838
1.74866
1.79531
1.52671
1.50331
1.62089
1.89446
1.37405
1.4615
1.55414
1.3785
1.71705
1.55256
1.86879
1.42392
1.76209
1.57165
1.70575
1.75208
1.56068
1.47829
1.57799
1.77441
1.7827
1.87393
1.58176
1.84478
1.87419
1.68203
1.51855
1.77321
1.77715
1.56165
1.57586
1.64791
1.69114
1.83192
1.42939
1.42358
1.59077
1.75849
1.79884
1.8251
1.67568
1.48393
1.32785
1.8334
1.64231
2.00868
1.53815
1.60528
1.53481
1.4429
1.64206
1.63599
1.80643
1.49347
1.61999
1.90143
1.67261
1.9106
1.63693
1.56981
1.36717
1.7053
1.63827
1.46732
1.5142
1.6682
1.32047
1.5662
1.62452
1.66876
1.61654
1.75337
1.70603
1.63077
1.54582
1.44877
1.43679
1.58214
1.68907
1.6313
1.56959
1.84721
1.77539
1.5222
1.57269
1.64555
1.57952
1.77105
1.43671
2.02638
1.83186
1.6424
1.52306
1.73975
1.6307
1.44527
1.66307
1.8181
1.55448
1.60851
1.64599
1.58806
1.87537
1.60257
2.04086
1.40428
1.58293
1.80464
1.48289
1.55975
1.53453
1.87158
1.60033
1.94924
1.5874
1.49118
1.65151
1.73477
1.8402
1.51436
1.95406
1.65663
1.67939
1.52441
1.72933
1.79506
1.57341
1.64157
1.48496
1.63704
1.6962
1.91553
1.57096
1.62325
1.38525
1.72855
1.47663
1.63446
1.56062
1.53947
1.68984
1.74195
1.59336
1.7569
1.57114
1.64778
1.65385
1.554
1.68067
1.54961
1.5195
1.6125
1.70252
1.72309
1.60691
1.82419
1.62101
1.50401
1.73395
1.57671
1.54653
1.50587
1.72101
1.7706
1.56296
1.48658
1.53475
1.60657
1.60131
1.58456
1.60041
1.63927
2.11579
1.79764
1.4269
1.49452
1.73364
1.65823
1.96145
1.64914
1.66927
1.77548
1.6984
1.51845
1.56412
2.13512
1.70301
1.79044
1.39197
1.52189
1.29817
1.56117
1.51271
1.54106
1.48709
1.56506
1.76386
1.60103
1.56113
1.58004
1.90183
1.81967
1.72424
1.7527
1.64057
1.69364
1.58856
1.63815
1.55828
1.61401
1.60332
1.56125
1.78181
1.56491
1.6166
1.70919
1.69043
1.52512
1.65557
1.5011
1.65605
1.63261
1.48183
1.58765
1.67687
1.4441
1.93404
1.66135
2.08295
1.65096
1.4824
1.59304
2.02618
1.54798
1.58565
1.71773
1.632
1.44028
1.65247
1.96446
1.91897
1.99062
1.74856
1.63068
1.56696
1.81943
1.94222
1.53692
2.06867
1.67691
1.5538
1.65622
1.68823
1.52699
1.94692
1.73611
1.59237
1.74623
1.4279
1.57069
1.62084
1.47829
1.67482
1.64576
1.64572
1.41532
1.57589
1.51954
1.49484
1.61021
1.53411
1.47915
1.80111
1.72265
1.60172
1.75224
1.68741
1.5747
1.48501
1.58211
1.7946
1.33676
1.09474
1.13144
1.15315
1.09809
1.10716
1.07001
1.10468
1.12491
1.14381
1.12793
1.13567
1.08844
1.14741
1.1903
1.11114
1.17844
1.15663
1.1108
1.15711
1.14587
1.11431
1.19287
1.20421
1.08142
1.16036
1.14655
1.20526
1.18111
1.1361
1.10953
1.19351
1.18901
1.13976
1.12027
1.12067
1.24774
1.17603
1.19843
1.15476
1.11233
1.18015
1.12023
1.19707
1.15397
1.1047
1.18264
1.12617
1.15427
1.23373
1.14608
1.09989
1.10128
1.05839
1.13909
1.16785
1.17663
1.10013
1.1032
1.12997
1.20502
1.16709
1.13039
1.09252
1.22334
1.11201
1.08147
1.22549
1.18723
1.14857
1.15005
1.08106
1.12515
1.11979
1.17263
1.1385
1.16477
1.15623
1.13566
1.13774
1.15416
1.0845
1.1404
1.14235
1.20562
1.15447
1.18396
1.15099
1.14578
1.09718
1.15099
1.0985
1.18186
1.19189
1.12932
1.11783
1.07064
1.17266
1.18721
1.19497
1.16909
1.09861
1.17785
1.16125
1.12778
1.17099
1.12661
1.14195
1.08524
1.17948
1.12056
1.17376
1.13617
1.10534
1.08871
1.16537
1.12333
1.09176
1.08878
1.07529
1.95434
1.17176
1.08463
1.05833
1.08037
1.21707
1.11061
1.15802
1.17029
1.11132
1.13408
1.14521
1.16244
1.12029
1.12401
1.07441
1.15097
1.15394
1.13522
1.14278
1.16087
1.11365
1.19694
1.15595
1.10513
1.19807
1.14645
1.09025
1.15686
1.16689
1.14424
1.11848
1.13166
1.18253
1.10012
1.13902
1.14992
1.16703
1.14409
1.14374
1.20113
1.19025
1.13176
1.17918
1.05882
1.12418
1.11391
1.10388
1.15574
1.12284
1.17696
1.17714
1.24004
1.09905
1.13211
1.11445
1.18901
1.19996
1.07858
1.1791
1.10997
1.19524
1.12008
1.07212
1.13009
1.1347
1.15131
1.16348
1.10976
1.14584
1.1244
1.08386
1.14073
1.14484
1.11663
1.23729
1.21624
1.17506
1.1797
1.11701
1.11687
1.09918
1.19041
1.21065
1.16936
1.1623
1.16037
1.12141
1.24376
1.16686
1.14441
1.18051
1.13966
1.22516
1.19147
1.19665
1.15261
1.09948
1.21131
1.13606
1.09263
1.17587
1.1909
1.11752
1.09421
1.13228
1.12974
1.14377
1.21553
1.15648
1.16238
1.12636
1.19175
1.16102
1.05242
1.1892
1.11317
1.1011
1.21395
1.14854
1.09132
1.04554
1.47615
1.14951
1.17469
1.10715
1.19328
1.19088
1.15367
1.16691
1.11319
1.12132
1.19993
1.18673
1.12879
1.14355
1.14689
1.10243
1.09921
1.52516
1.12503
1.1127
1.14554
1.0704
1.12756
1.13554
1.15397
1.17812
1.10575
1.17326
1.1646
1.1049
1.12998
1.17333
1.09752
1.11023
1.11806
1.10986
1.15075
1.14632
1.13717
1.16894
1.15665
1.09823
1.15799
1.16459
1.08125
1.14708
1.20606
1.09865
1.07439
1.15326
1.10583
1.1148
1.20921
1.15943
1.16753
1.1704
1.15516
1.04795
1.1633
1.16826
1.19664
1.1842
1.15544
1.08463
1.08326
1.13031
1.14329
1.1496
1.55761
1.17171
1.15667
1.15564
1.15256
1.1198
1.17122
1.10581
1.16778
1.13857
1.11103
1.11729
1.08859
1.1509
1.10936
1.06742
1.18782
1.06196
1.16518
1.12375
1.12687
1.09127
1.16522
1.20158
1.14923
1.13535
1.09299
1.12745
1.13147
1.18101
1.14077
1.1291
1.17419
1.10861
1.1518
1.15322
1.18482
1.15275
1.04765
1.14351
1.16402
1.11556
1.08186
1.20975
1.07049
1.08905
1.35853
1.09958
1.1217
1.18222
1.11633
1.15551
1.17741
1.16429
1.13045
1.20198
1.18076
1.08283
1.09439
1.16091
1.08888
1.18281
1.12632
1.18707
1.08687
1.09517
1.09675
1.15247
1.14946
1.12911
1.08223
1.05256
1.24057
1.1969
1.13063
1.11029
1.1629
1.14045
1.10412
1.09603
1.13061
1.18581
1.16828
1.2945
1.14746
1.10533
1.12504
1.13201
1.06649
1.24317
1.58911
1.16183
1.14806
1.1538
1.07931
1.18783
1.17033
1.13447
1.08493
1.18281
1.18376
1.23944
1.15001
1.06866
1.15607
1.16922
1.1193
1.18479
1.15389
1.13713
1.09974
1.16065
1.12773
1.12225
1.1588
1.14503
1.09092
1.12732
1.11303
1.10909
1.1373
1.08335
1.18273
1.1419
1.21165
1.18448
1.09991
1.2769
1.05801
1.23655
1.15571
1.1322
1.1817
1.17308
1.11746
1.137
1.08133
1.18616
1.1217
1.12392
1.16009
1.10722
1.16726
1.14088
1.14508
1.08923
1.17812
1.13696
1.2003
1.13873
1.18306
1.11931
1.17474
1.10294
1.18521
1.75107
1.1222
1.10655
1.16138
1.12573
1.19817
1.12902
1.14237
1.09484
1.06993
1.10942
1.17745
1.12785
1.13894
1.13704
1.09462
1.14316
1.13576
1.14957
1.05521
1.20376
1.10732
1.14745
1.22423
1.1193
1.21146
1.10099
1.21162
1.23013
1.15909
1.09414
1.24243
1.07731
1.09436
1.159
1.14481
1.17481
1.18347
1.10316
1.11219
1.10993
1.10986
1.14616
1.17107
1.15198
1.18503
1.67699
1.20626
1.20462
1.18517
1.12474
1.13474
1.07402
1.12604
1.11215
1.21661
1.13082
1.1324
1.2447
1.16986
1.09816
1.1695
1.11362
1.2472
1.12849
1.0877
1.11602
1.27456
1.17203
1.17458
1.1225
1.41677
1.18183
1.13366
1.12394
1.08932
1.09135
1.11517
1.10425
1.09402
1.15095
1.13375
1.10732
1.15076
1.08365
1.19622
1.11802
1.4976
1.19963
1.17745
1.09038
1.07552
1.19807
1.15902
1.14446
1.185
1.1847
1.17824
1.14185
1.19513
1.16529
1.13491
1.13153
1.09137
1.17031
1.18422
1.1825
1.18845
1.11718
1.07822
1.15014
1.32183
1.1669
1.09265
1.16108
1.1443
1.06436
1.11472
1.087
1.12334
1.14063
1.11795
1.0913
1.15426
1.1867
1.13872
1.11101
1.17868
1.2063
1.15041
1.13467
1.08165
1.1037
1.11572
1.1027
1.11647
1.20228
1.14036
1.17984
1.11838
1.17237
1.12851
1.20657
1.20364
1.12635
1.13695
1.1281
1.13784
1.20119
1.14289
1.16375
1.05603
1.08161
1.14209
1.20441
1.16448
1.18036
1.2473
1.1083
1.13634
1.15014
1.17021
1.17988
1.14715
1.11685
1.21666
1.18807
1.10961
1.1679
1.13567
1.0892
1.09773
1.18115
1.17989
1.10736
1.18509
1.16988
1.14663
1.18981
1.13435
1.07815
1.12759
1.10706
1.08328
1.14223
1.17006
1.21055
1.11468
1.08783
1.16735
1.30071
1.15321
1.13828
1.17075
1.14081
1.16787
1.16596
1.13726
1.19427
1.21064
1.16137
1.14725
1.22245
1.11408
1.2151
1.14924
1.14206
1.17499
1.09975
1.17367
1.05625
1.10215
1.11797
1.0923
1.11626
1.15848
1.12305
1.23314
1.12849
1.15688
1.07786
1.10532
1.16694
1.1336
1.08331
1.17013
1.14991
1.1365
1.11967
1.13291
1.17213
1.16415
1.10138
1.64059
1.07148
1.10051
1.17604
1.18555
1.13607
1.12656
1.0778
1.08087
1.37067
1.11812
1.12375
1.13203
1.12485
1.06609
1.13034
1.09831
1.16909
1.19198
1.16946
1.23109
1.11996
1.14505
1.13437
1.16655
1.0711
1.12218
1.20384
1.10001
1.17234
1.15605
1.07769
1.07225
1.12956
1.0871
1.1572
1.07672
1.13136
1.10217
1.11754
1.20195
1.0935
1.17463
1.1258
1.24111
1.1354
1.10483
1.194
1.15467
1.19874
1.09909
1.08999
1.09922
1.13717
1.2207
1.08232
1.11969
1.1306
1.15108
1.07278
1.20029
1.15491
1.13566
1.05437
1.16919
1.14354
1.21249
1.08486
1.10529
1.08336
1.17071
1.1316
1.10704
1.14375
1.14358
1.18409
1.22534
1.19158
1.20265
1.21312
1.13795
1.10684
1.11909
1.12961
1.16671
1.14289
1.18623
1.08073
1.15116
1.14132
1.13936
1.07912
1.23089
1.15737
1.13507
1.12748
1.16506
1.08235
1.10226
1.121
1.11987
1.15648
1.21273
1.17702
1.12475
1.12679
1.11082
1.11534
1.23238
1.09764
1.17867
1.13456
1.11772
1.16926
1.14805
1.10555
1.07744
1.12396
1.22444
1.16742
1.11112
1.1533
1.059
1.18249
1.17247
1.13949
1.10431
1.10853
1.19051
1.06612
1.15709
1.06361
1.143
1.17178
1.24807
1.11392
1.07825
1.10259
1.18164
1.17808
1.12907
1.20984
1.17015
1.11964
1.11675
1.20091
1.15319
1.15393
1.14422
1.11869
1.10776
1.17359
1.18543
1.15692
1.12056
1.07701
1.0798
1.14736
1.13172
1.12745
1.11874
1.12491
1.15216
1.17356
1.14558
1.06228
1.16023
1.19721
1.14765
1.11364
1.16345
1.10132
1.16316
1.1539
1.25323
1.07791
1.14476
1.12852
1.11771
1.16126
1.12199
1.1215
1.094
1.12632
1.22563
1.12693
1.07527
1.09215
1.16318
1.15494
1.12007
1.16364
1.17812
1.20383
1.12679
1.07557
1.12042
1.13545
1.15394
1.31501
1.2067
1.20922
1.15176
1.11897
1.13307
1.15139
1.22696
1.16169
1.2207
1.12769
1.08576
1.12421
1.10346
1.10986
1.17988
1.10992
1.14626
1.1801
1.06982
1.14277
1.07326
1.18141
1.18708
1.18562
1.103
1.16957
1.13158
1.13295
1.10326
1.14386
1.15647
1.17744
1.13816
1.14769
1.14545
1.0989
1.17875
1.13731
1.10718
1.15765
1.15443
1.17151
1.15679
1.1982
1.14202
1.18211
1.08404
1.08764
1.11818
1.29469
1.65096
1.12784
1.12888
1.11326
1.05795
1.13364
1.1834
1.14613
1.1033
1.08629
1.20622
1.18399
1.17451
1.14911
1.18152
1.12292
1.20043
1.16112
1.21051
1.12757
1.17166
1.11036
1.10713
1.18278
1.09554
1.16717
1.17226
1.10134
1.10893
1.05366
1.17007
1.18691
1.1005
1.15034
1.10363
1.13179
1.10406
1.1684
1.20044
1.12874
1.11874
1.1483
1.12318
1.05905
1.19123
1.17629
1.75224
1.18844
1.1312
1.16522
1.16491
1.13788
1.08645
1.5548
1.50836
1.59995
1.4098
1.57422
1.48412
1.70584
1.56339
1.45305
1.90125
1.55143
1.5709
1.73723
1.76178
1.65324
1.63518
1.89324
1.58868
1.78806
1.9441
1.67805
1.97609
1.74283
1.65518
1.66469
1.73046
1.84743
1.63716
2.12112
1.47725
1.7327
1.5564
1.754
1.46078
1.53862
1.81258
1.77251
1.4983
1.50194
1.73074
1.68011
1.75669
1.91693
1.6812
1.58574
1.80596
1.7543
1.66383
1.7161
1.46746
1.68969
1.64414
1.53302
1.59076
1.6279
1.56851
1.42579
1.84463
1.59719
1.67843
1.73348
1.59566
1.4334
1.93476
1.68298
1.55669
1.86772
1.49874
1.55674
1.48834
1.38242
1.47785
1.8598
1.71734
1.57968
1.78832
1.72759
1.56102
1.54542
1.57572
1.58873
1.86141
1.79786
1.96124
1.73994
1.74098
1.8252
1.48426
1.41277
1.78191
1.62498
1.85415
1.75026
1.58903
1.62146
1.42135
1.54313
1.57025
1.84055
1.53241
1.67435
1.72588
1.49401
1.73622
1.71831
1.45897
1.53493
1.56093
1.4619
1.54373
1.45332
1.54249
1.50932
1.46552
1.67055
1.64125
1.54238
1.66077
1.48402
1.95434
1.82305
1.70549
1.47007
1.61286
1.75289
1.61631
1.63795
1.77435
1.67214
1.63669
1.58961
1.79831
1.42182
1.66417
1.44447
1.73295
1.72753
1.69652
1.57924
1.64785
1.46427
2.14916
1.59413
1.63165
1.71785
1.65267
1.73594
1.64891
1.78116
1.70607
1.548
1.7541
1.55907
1.63611
1.45606
1.79427
1.64343
2.09839
1.46336
1.83521
1.56973
1.40831
1.6232
1.6662
1.65654
1.66778
1.44193
1.61216
1.53163
1.71223
1.54095
1.82373
1.54071
1.8455
1.57136
1.67753
1.91644
1.84987
1.72509
1.52346
1.48604
1.49761
1.47643
1.43119
1.93026
1.6016
1.57973
1.66126
1.81809
1.41646
1.50872
1.58803
1.95393
1.55369
1.74838
1.79183
1.82302
1.67706
1.6263
1.68748
1.53184
1.57203
1.80241
1.62303
1.59072
1.8215
1.59293
1.78595
1.74907
1.60342
1.79459
1.64651
1.89525
1.65672
1.63223
1.64065
1.34639
1.6158
1.6002
1.59815
1.53626
1.61401
1.61227
1.9276
1.60593
1.69746
1.60832
2.02168
1.60533
1.61506
1.72289
1.68489
1.5812
1.55635
1.66527
1.49068
1.44709
1.87183
1.4846
1.60926
1.6841
1.47615
1.46911
1.66758
1.58128
1.62809
1.71896
1.84696
1.73404
1.67633
2.15554
1.78102
1.80352
1.77663
1.49158
1.53415
1.58081
1.61588
1.52516
1.47804
1.70597
1.36809
1.42731
1.65202
1.45704
1.47416
1.70711
1.78505
1.53625
1.6751
1.53582
1.68727
1.68552
1.65778
1.59519
1.41104
1.8829
1.64404
1.46482
1.65274
1.69057
1.58326
1.69427
1.58804
1.75531
1.57707
1.74668
1.78959
1.70967
1.3538
1.59758
1.71278
1.69909
1.63919
1.55513
1.92429
1.61821
1.78406
1.44744
1.55873
1.76502
1.51563
1.69877
1.53137
1.51881
1.63247
1.67763
1.44473
1.64984
1.55761
1.67538
2.02793
2.16101
1.5375
1.46822
1.79014
1.67443
1.69756
1.45902
1.62449
1.52204
1.4256
1.6713
1.65883
1.35157
1.62133
1.59355
1.81197
1.65899
1.83093
1.66881
1.47155
1.55131
1.63332
1.61351
1.36622
1.44608
1.64324
1.83785
1.62549
1.63761
1.65102
1.50453
1.89533
1.66031
1.60402
1.79516
1.42517
1.56477
1.86365
1.63274
1.59215
1.75597
1.52777
1.55052
2.14391
1.73496
1.73433
1.52573
1.69602
1.74914
1.61186
1.83648
1.57675
1.76692
1.70297
1.51126
1.49616
1.56082
1.55558
1.85846
1.60375
1.77143
1.43127
1.49461
1.45947
1.62704
1.54381
1.53988
1.59061
1.71459
1.7304
1.80959
1.70494
1.75441
1.71392
1.48466
1.55673
1.81559
1.67414
1.78215
1.54089
1.99482
1.67581
1.41679
1.65691
1.7692
1.40423
1.77869
1.58911
1.69019
2.01821
1.67112
1.45183
1.48135
1.86126
1.78673
1.52344
1.53394
1.51368
1.63092
1.58839
1.5866
1.47834
1.78368
1.54053
1.71885
1.59913
1.56832
1.50518
1.43671
1.61661
1.5813
1.62698
1.63879
1.4157
1.47518
1.59597
1.5982
1.51826
1.74689
1.60827
1.62228
1.90459
1.67016
1.47165
1.78247
1.66621
1.89586
1.5605
1.65907
1.67841
1.80325
1.56271
1.48713
1.41474
1.82746
1.70327
1.62468
1.57862
1.54531
2.06437
1.74083
1.72917
1.89735
1.74902
1.50349
1.46296
1.55165
1.86097
1.58682
1.4976
1.43157
1.47628
1.75107
1.73262
1.44282
1.80385
1.75327
1.83345
1.72367
1.89056
1.35138
1.47806
1.47738
1.5548
1.61586
1.50219
1.67013
1.4544
1.74764
1.73816
1.70867
1.49637
1.9364
1.71635
1.48748
1.79767
1.51054
1.91109
1.82931
1.72812
1.95191
1.62023
1.55005
1.70241
1.64027
1.44881
1.56184
1.49003
1.73979
1.87035
1.58189
1.5227
1.33918
1.74787
1.52916
1.57975
1.82784
1.72707
1.67699
1.63471
1.66038
1.61328
1.69871
1.72509
1.61738
1.6504
1.5539
1.67814
1.64575
1.78233
1.77161
1.52268
1.73229
1.50885
1.63048
1.80403
1.72593
1.52853
1.54716
1.74807
1.68048
1.65635
1.8586
1.41677
1.67887
1.75596
1.5966
1.54326
1.49594
1.55231
1.60513
1.52245
1.52865
1.96885
1.5983
1.89789
1.52955
1.59261
1.64166
1.4976
1.63568
1.72793
1.8101
1.31111
1.79135
1.71521
1.68156
1.96919
1.66196
1.7148
1.55634
1.84537
1.56198
1.58181
1.40744
1.60485
1.73108
1.65207
1.55867
1.65466
1.62817
1.81935
1.51208
1.85968
2.01605
1.33983
1.53856
1.80225
1.64017
1.49165
1.60364
1.45087
1.56692
1.61055
1.53987
1.6825
1.56088
1.54831
1.76357
1.78215
1.68161
1.80331
1.53725
1.68104
1.46111
1.54026
1.63265
1.5129
1.79928
1.50396
1.68858
1.46544
1.55214
1.80769
1.6064
1.51068
2.09355
1.60538
1.50361
1.7293
1.70051
1.81797
1.61339
1.56772
1.52516
1.56121
1.83774
1.4178
1.46916
1.75599
1.61432
1.44783
1.5788
1.66923
1.6949
1.59106
1.62709
1.7948
1.80067
1.71117
1.72857
1.70198
1.54538
1.50404
1.55921
1.52465
1.55865
1.63037
1.66009
1.61162
1.82268
1.81547
1.6049
1.45118
2.06305
1.55522
1.60794
1.63863
1.85966
1.55924
1.49203
1.93355
1.6987
1.62853
1.42092
1.63486
1.59981
1.72526
1.70541
1.60096
1.78076
1.82354
1.60543
1.79234
2.1107
1.62575
2.03325
1.71515
1.68451
1.87953
1.53856
1.59373
1.47895
1.48565
1.87768
1.30194
1.50775
1.62539
1.604
1.88487
1.537
1.5833
1.63698
1.46286
1.68604
1.69754
1.47913
1.47314
1.62616
1.63198
1.48774
1.63255
1.73969
1.68135
1.55233
1.64059
1.50277
1.50121
1.76684
1.56528
1.91921
1.47555
1.39659
1.60515
1.37067
1.85567
1.69742
1.62181
1.55372
1.55009
1.55186
1.45873
1.50636
1.76838
1.74866
1.79531
1.52671
1.50331
1.62089
1.89446
1.37405
1.4615
1.55414
1.3785
1.71705
1.55256
1.86879
1.42392
1.76209
1.57165
1.70575
1.75208
1.56068
1.47829
1.57799
1.77441
1.7827
1.87393
1.58176
1.84478
1.87419
1.68203
1.51855
1.77321
1.77715
1.56165
1.57586
1.64791
1.69114
1.83192
1.42939
1.42358
1.59077
1.75849
1.79884
1.8251
1.67568
1.48393
1.32785
1.8334
1.64231
2.00868
1.53815
1.60528
1.53481
1.4429
1.64206
1.63599
1.80643
1.49347
1.61999
1.90143
1.67261
1.9106
1.63693
1.56981
1.36717
1.7053
1.63827
1.46732
1.5142
1.6682
1.32047
1.5662
1.62452
1.66876
1.61654
1.75337
1.70603
1.63077
1.54582
1.44877
1.43679
1.58214
1.68907
1.6313
1.56959
1.84721
1.77539
1.5222
1.57269
1.64555
1.57952
1.77105
1.43671
2.02638
1.83186
1.6424
1.52306
1.73975
1.6307
1.44527
1.66307
1.8181
1.55448
1.60851
1.64599
1.58806
1.87537
1.60257
2.04086
1.40428
1.58293
1.80464
1.48289
1.55975
1.53453
1.87158
1.60033
1.94924
1.5874
1.49118
1.65151
1.73477
1.8402
1.51436
1.95406
1.65663
1.67939
1.52441
1.72933
1.79506
1.57341
1.64157
1.48496
1.63704
1.6962
1.91553
1.57096
1.62325
1.38525
1.72855
1.47663
1.63446
1.56062
1.53947
1.68984
1.74195
1.59336
1.7569
1.57114
1.64778
1.65385
1.554
1.68067
1.54961
1.5195
1.6125
1.70252
1.72309
1.60691
1.82419
1.62101
1.50401
1.73395
1.57671
1.54653
1.50587
1.72101
1.7706
1.56296
1.48658
1.53475
1.60657
1.60131
1.58456
1.60041
1.63927
2.11579
1.79764
1.4269
1.49452
1.73364
1.65823
1.96145
1.64914
1.66927
1.77548
1.6984
1.51845
1.56412
2.13512
1.70301
1.79044
1.39197
1.52189
1.29817
1.56117
1.51271
1.54106
1.48709
1.56506
1.76386
1.60103
1.56113
1.58004
1.90183
1.81967
1.72424
1.7527
1.64057
1.69364
1.58856
1.63815
1.55828
1.61401
1.60332
1.56125
1.78181
1.56491
1.6166
1.70919
1.69043
1.52512
1.65557
1.5011
1.65605
1.63261
1.48183
1.58765
1.67687
1.4441
1.93404
1.66135
2.08295
1.65096
1.4824
1.59304
2.02618
1.54798
1.58565
1.71773
1.632
1.44028
1.65247
1.96446
1.91897
1.99062
1.74856
1.63068
1.56696
1.81943
1.94222
1.53692
2.06867
1.67691
1.5538
1.65622
1.68823
1.52699
1.94692
1.73611
1.59237
1.74623
1.4279
1.57069
1.62084
1.47829
1.67482
1.64576
1.64572
1.41532
1.57589
1.51954
1.49484
1.61021
1.53411
1.47915
1.80111
1.72265
1.60172
1.75224
1.68741
1.5747
1.48501
1.58211
1.7946
1.33676
1.5548
1.50836
1.59995
1.4098
1.57422
1.48412
1.70584
1.56339
1.45305
1.90125
1.55143
1.5709
1.73723
1.76178
1.65324
1.63518
1.89324
1.58868
1.78806
1.9441
1.67805
1.97609
1.74283
1.65518
1.66469
1.73046
1.84743
1.63716
2.12112
1.47725
1.7327
1.5564
1.754
1.46078
1.53862
1.81258
1.77251
1.4983
1.50194
1.73074
1.68011
1.75669
1.91693
1.6812
1.58574
1.80596
1.7543
1.66383
1.7161
1.46746
1.68969
1.64414
1.53302
1.59076
1.6279
1.56851
1.42579
1.84463
1.59719
1.67843
1.73348
1.59566
1.4334
1.93476
1.68298
1.55669
1.86772
1.49874
1.55674
1.48834
1.38242
1.47785
1.8598
1.71734
1.57968
1.78832
1.72759
1.56102
1.54542
1.57572
1.58873
1.86141
1.79786
1.96124
1.73994
1.74098
1.8252
1.48426
1.41277
1.78191
1.62498
1.85415
1.75026
1.58903
1.62146
1.42135
1.54313
1.57025
1.84055
1.53241
1.67435
1.72588
1.49401
1.73622
1.71831
1.45897
1.53493
1.56093
1.4619
1.54373
1.45332
1.54249
1.50932
1.46552
1.67055
1.64125
1.54238
1.66077
1.48402
1.95434
1.82305
1.70549
1.47007
1.61286
1.75289
1.61631
1.63795
1.77435
1.67214
1.63669
1.58961
1.79831
1.42182
1.66417
1.44447
1.73295
1.72753
1.69652
1.57924
1.64785
1.46427
2.14916
1.59413
1.63165
1.71785
1.65267
1.73594
1.64891
1.78116
1.70607
1.548
1.7541
1.55907
1.63611
1.45606
1.79427
1.64343
2.09839
1.46336
1.83521
1.56973
1.40831
1.6232
1.6662
1.65654
1.66778
1.44193
1.61216
1.53163
1.71223
1.54095
1.82373
1.54071
1.8455
1.57136
1.67753
1.91644
1.84987
1.72509
1.52346
1.48604
1.49761
1.47643
1.43119
1.93026
1.6016
1.57973
1.66126
1.81809
1.41646
1.50872
1.58803
1.95393
1.55369
1.74838
1.79183
1.82302
1.67706
1.6263
1.68748
1.53184
1.57203
1.80241
1.62303
1.59072
1.8215
1.59293
1.78595
1.74907
1.60342
1.79459
1.64651
1.89525
1.65672
1.63223
1.64065
1.34639
1.6158
1.6002
1.59815
1.53626
1.61401
1.61227
1.9276
1.60593
1.69746
1.60832
2.02168
1.60533
1.61506
1.72289
1.68489
1.5812
1.55635
1.66527
1.49068
1.44709
1.87183
1.4846
1.60926
1.6841
1.47615
1.46911
1.66758
1.58128
1.62809
1.71896
1.84696
1.73404
1.67633
2.15554
1.78102
1.80352
1.77663
1.49158
1.53415
1.58081
1.61588
1.52516
1.47804
1.70597
1.36809
1.42731
1.65202
1.45704
1.47416
1.70711
1.78505
1.53625
1.6751
1.53582
1.68727
1.68552
1.65778
1.59519
1.41104
1.8829
1.64404
1.46482
1.65274
1.69057
1.58326
1.69427
1.58804
1.75531
1.57707
1.74668
1.78959
1.70967
1.3538
1.59758
1.71278
1.69909
1.63919
1.55513
1.92429
1.61821
1.78406
1.44744
1.55873
1.76502
1.51563
1.69877
1.53137
1.51881
1.63247
1.67763
1.44473
1.64984
1.55761
1.67538
2.02793
2.16101
1.5375
1.46822
1.79014
1.67443
1.69756
1.45902
1.62449
1.52204
1.4256
1.6713
1.65883
1.35157
1.62133
1.59355
1.81197
1.65899
1.83093
1.66881
1.47155
1.55131
1.63332
1.61351
1.36622
1.44608
1.64324
1.83785
1.62549
1.63761
1.65102
1.50453
1.89533
1.66031
1.60402
1.79516
1.42517
1.56477
1.86365
1.63274
1.59215
1.75597
1.52777
1.55052
2.14391
1.73496
1.73433
1.52573
1.69602
1.74914
1.61186
1.83648
1.57675
1.76692
1.70297
1.51126
1.49616
1.56082
1.55558
1.85846
1.60375
1.77143
1.43127
1.49461
1.45947
1.62704
1.54381
1.53988
1.59061
1.71459
1.7304
1.80959
1.70494
1.75441
1.71392
1.48466
1.55673
1.81559
1.67414
1.78215
1.54089
1.99482
1.67581
1.41679
1.65691
1.7692
1.40423
1.77869
1.58911
1.69019
2.01821
1.67112
1.45183
1.48135
1.86126
1.78673
1.52344
1.53394
1.51368
1.63092
1.58839
1.5866
1.47834
1.78368
1.54053
1.71885
1.59913
1.56832
1.50518
1.43671
1.61661
1.5813
1.62698
1.63879
1.4157
1.47518
1.59597
1.5982
1.51826
1.74689
1.60827
1.62228
1.90459
1.67016
1.47165
1.78247
1.66621
1.89586
1.5605
1.65907
1.67841
1.80325
1.56271
1.48713
1.41474
1.82746
1.70327
1.62468
1.57862
1.54531
2.06437
1.74083
1.72917
1.89735
1.74902
1.50349
1.46296
1.55165
1.86097
1.58682
1.4976
1.43157
1.47628
1.75107
1.73262
1.44282
1.80385
1.75327
1.83345
1.72367
1.89056
1.35138
1.47806
1.47738
1.5548
1.61586
1.50219
1.67013
1.4544
1.74764
1.73816
1.70867
1.49637
1.9364
1.71635
1.48748
1.79767
1.51054
1.91109
1.82931
1.72812
1.95191
1.62023
1.55005
1.70241
1.64027
1.44881
1.56184
1.49003
1.73979
1.87035
1.58189
1.5227
1.33918
1.74787
1.52916
1.57975
1.82784
1.72707
1.67699
1.63471
1.66038
1.61328
1.69871
1.72509
1.61738
1.6504
1.5539
1.67814
1.64575
1.78233
1.77161
1.52268
1.73229
1.50885
1.63048
1.80403
1.72593
1.52853
1.54716
1.74807
1.68048
1.65635
1.8586
1.41677
1.67887
1.75596
1.5966
1.54326
1.49594
1.55231
1.60513
1.52245
1.52865
1.96885
1.5983
1.89789
1.52955
1.59261
1.64166
1.4976
1.63568
1.72793
1.8101
1.31111
1.79135
1.71521
1.68156
1.96919
1.66196
1.7148
1.55634
1.84537
1.56198
1.58181
1.40744
1.60485
1.73108
1.65207
1.55867
1.65466
1.62817
1.81935
1.51208
1.85968
2.01605
1.33983
1.53856
1.80225
1.64017
1.49165
1.60364
1.45087
1.56692
1.61055
1.53987
1.6825
1.56088
1.54831
1.76357
1.78215
1.68161
1.80331
1.53725
1.68104
1.46111
1.54026
1.63265
1.5129
1.79928
1.50396
1.68858
1.46544
1.55214
1.80769
1.6064
1.51068
2.09355
1.60538
1.50361
1.7293
1.70051
1.81797
1.61339
1.56772
1.52516
1.56121
1.83774
1.4178
1.46916
1.75599
1.61432
1.44783
1.5788
1.66923
1.6949
1.59106
1.62709
1.7948
1.80067
1.71117
1.72857
1.70198
1.54538
1.50404
1.55921
1.52465
1.55865
1.63037
1.66009
1.61162
1.82268
1.81547
1.6049
1.45118
2.06305
1.55522
1.60794
1.63863
1.85966
1.55924
1.49203
1.93355
1.6987
1.62853
1.42092
1.63486
1.59981
1.72526
1.70541
1.60096
1.78076
1.82354
1.60543
1.79234
2.1107
1.62575
2.03325
1.71515
1.68451
1.87953
1.53856
1.59373
1.47895
1.48565
1.87768
1.30194
1.50775
1.62539
1.604
1.88487
1.537
1.5833
1.63698
1.46286
1.68604
1.69754
1.47913
1.47314
1.62616
1.63198
1.48774
1.63255
1.73969
1.68135
1.55233
1.64059
1.50277
1.50121
1.76684
1.56528
1.91921
1.47555
1.39659
1.60515
1.37067
1.85567
1.69742
1.62181
1.55372
1.55009
1.55186
1.45873
1.50636
1.76838
1.74866
1.79531
1.52671
1.50331
1.62089
1.89446
1.37405
1.4615
1.55414
1.3785
1.71705
1.55256
1.86879
1.42392
1.76209
1.57165
1.70575
1.75208
1.56068
1.47829
1.57799
1.77441
1.7827
1.87393
1.58176
1.84478
1.87419
1.68203
1.51855
1.77321
1.77715
1.56165
1.57586
1.64791
1.69114
1.83192
1.42939
1.42358
1.59077
1.75849
1.79884
1.8251
1.67568
1.48393
1.32785
1.8334
1.64231
2.00868
1.53815
1.60528
1.53481
1.4429
1.64206
1.63599
1.80643
1.49347
1.61999
1.90143
1.67261
1.9106
1.63693
1.56981
1.36717
1.7053
1.63827
1.46732
1.5142
1.6682
1.32047
1.5662
1.62452
1.66876
1.61654
1.75337
1.70603
1.63077
1.54582
1.44877
1.43679
1.58214
1.68907
1.6313
1.56959
1.84721
1.77539
1.5222
1.57269
1.64555
1.57952
1.77105
1.43671
2.02638
1.83186
1.6424
1.52306
1.73975
1.6307
1.44527
1.66307
1.8181
1.55448
1.60851
1.64599
1.58806
1.87537
1.60257
2.04086
1.40428
1.58293
1.80464
1.48289
1.55975
1.53453
1.87158
1.60033
1.94924
1.5874
1.49118
1.65151
1.73477
1.8402
1.51436
1.95406
1.65663
1.67939
1.52441
1.72933
1.79506
1.57341
1.64157
1.48496
1.63704
1.6962
1.91553
1.57096
1.62325
1.38525
1.72855
1.47663
1.63446
1.56062
1.53947
1.68984
1.74195
1.59336
1.7569
1.57114
1.64778
1.65385
1.554
1.68067
1.54961
1.5195
1.6125
1.70252
1.72309
1.60691
1.82419
1.62101
1.50401
1.73395
1.57671
1.54653
1.50587
1.72101
1.7706
1.56296
1.48658
1.53475
1.60657
1.60131
1.58456
1.60041
1.63927
2.11579
1.79764
1.4269
1.49452
1.73364
1.65823
1.96145
1.64914
1.66927
1.77548
1.6984
1.51845
1.56412
2.13512
1.70301
1.79044
1.39197
1.52189
1.29817
1.56117
1.51271
1.54106
1.48709
1.56506
1.76386
1.60103
1.56113
1.58004
1.90183
1.81967
1.72424
1.7527
1.64057
1.69364
1.58856
1.63815
1.55828
1.61401
1.60332
1.56125
1.78181
1.56491
1.6166
1.70919
1.69043
1.52512
1.65557
1.5011
1.65605
1.63261
1.48183
1.58765
1.67687
1.4441
1.93404
1.66135
2.08295
1.65096
1.4824
1.59304
2.02618
1.54798
1.58565
1.71773
1.632
1.44028
1.65247
1.96446
1.91897
1.99062
1.74856
1.63068
1.56696
1.81943
1.94222
1.53692
2.06867
1.67691
1.5538
1.65622
1.68823
1.52699
1.94692
1.73611
1.59237
1.74623
1.4279
1.57069
1.62084
1.47829
1.67482
1.64576
1.64572
1.41532
1.57589
1.51954
1.49484
1.61021
1.53411
1.47915
1.80111
1.72265
1.60172
1.75224
1.68741
1.5747
1.48501
1.58211
1.7946
1.33676
1.5548
1.50836
1.59995
1.4098
1.57422
1.48412
1.70584
1.56339
1.45305
1.90125
1.55143
1.5709
1.73723
1.76178
1.65324
1.63518
1.89324
1.58868
1.78806
1.9441
1.67805
1.97609
1.74283
1.65518
1.66469
1.73046
1.84743
1.63716
2.12112
1.47725
1.7327
1.5564
1.754
1.46078
1.53862
1.81258
1.77251
1.4983
1.50194
1.73074
1.68011
1.75669
1.91693
1.6812
1.58574
1.80596
1.7543
1.66383
1.7161
1.46746
1.68969
1.64414
1.53302
1.59076
1.6279
1.56851
1.42579
1.84463
1.59719
1.67843
1.73348
1.59566
1.4334
1.93476
1.68298
1.55669
1.86772
1.49874
1.55674
1.48834
1.38242
1.47785
1.8598
1.71734
1.57968
1.78832
1.72759
1.56102
1.54542
1.57572
1.58873
1.86141
1.79786
1.96124
1.73994
1.74098
1.8252
1.48426
1.41277
1.78191
1.62498
1.85415
1.75026
1.58903
1.62146
1.42135
1.54313
1.57025
1.84055
1.53241
1.67435
1.72588
1.49401
1.73622
1.71831
1.45897
1.53493
1.56093
1.4619
1.54373
1.45332
1.54249
1.50932
1.46552
1.67055
1.64125
1.54238
1.66077
1.48402
1.95434
1.82305
1.70549
1.47007
1.61286
1.75289
1.61631
1.63795
1.77435
1.67214
1.63669
1.58961
1.79831
1.42182
1.66417
1.44447
1.73295
1.72753
1.69652
1.57924
1.64785
1.46427
2.14916
1.59413
1.63165
1.71785
1.65267
1.73594
1.64891
1.78116
1.70607
1.548
1.7541
1.55907
1.63611
1.45606
1.79427
1.64343
2.09839
1.46336
1.83521
1.56973
1.40831
1.6232
1.6662
1.65654
1.66778
1.44193
1.61216
1.53163
1.71223
1.54095
1.82373
1.54071
1.8455
1.57136
1.67753
1.91644
1.84987
1.72509
1.52346
1.48604
1.49761
1.47643
1.43119
1.93026
1.6016
1.57973
1.66126
1.81809
1.41646
1.50872
1.58803
1.95393
1.55369
1.74838
1.79183
1.82302
1.67706
1.6263
1.68748
1.53184
1.57203
1.80241
1.62303
1.59072
1.8215
1.59293
1.78595
1.74907
1.60342
1.79459
1.64651
1.89525
1.65672
1.63223
1.64065
1.34639
1.6158
1.6002
1.59815
1.53626
1.61401
1.61227
1.9276
1.60593
1.69746
1.60832
2.02168
1.60533
1.61506
1.72289
1.68489
1.5812
1.55635
1.66527
1.49068
1.44709
1.87183
1.4846
1.60926
1.6841
1.47615
1.46911
1.66758
1.58128
1.62809
1.71896
1.84696
1.73404
1.67633
2.15554
1.78102
1.80352
1.77663
1.49158
1.53415
1.58081
1.61588
1.52516
1.47804
1.70597
1.36809
1.42731
1.65202
1.45704
1.47416
1.70711
1.78505
1.53625
1.6751
1.53582
1.68727
1.68552
1.65778
1.59519
1.41104
1.8829
1.64404
1.46482
1.65274
1.69057
1.58326
1.69427
1.58804
1.75531
1.57707
1.74668
1.78959
1.70967
1.3538
1.59758
1.71278
1.69909
1.63919
1.55513
1.92429
1.61821
1.78406
1.44744
1.55873
1.76502
1.51563
1.69877
1.53137
1.51881
1.63247
1.67763
1.44473
1.64984
1.55761
1.67538
2.02793
2.16101
1.5375
1.46822
1.79014
1.67443
1.69756
1.45902
1.62449
1.52204
1.4256
1.6713
1.65883
1.35157
1.62133
1.59355
1.81197
1.65899
1.83093
1.66881
1.47155
1.55131
1.63332
1.61351
1.36622
1.44608
1.64324
1.83785
1.62549
1.63761
1.65102
1.50453
1.89533
1.66031
1.60402
1.79516
1.42517
1.56477
1.86365
1.63274
1.59215
1.75597
1.52777
1.55052
2.14391
1.73496
1.73433
1.52573
1.69602
1.74914
1.61186
1.83648
1.57675
1.76692
1.70297
1.51126
1.49616
1.56082
1.55558
1.85846
1.60375
1.77143
1.43127
1.49461
1.45947
1.62704
1.54381
1.53988
1.59061
1.71459
1.7304
1.80959
1.70494
1.75441
1.71392
1.48466
1.55673
1.81559
1.67414
1.78215
1.54089
1.99482
1.67581
1.41679
1.65691
1.7692
1.40423
1.77869
1.58911
1.69019
2.01821
1.67112
1.45183
1.48135
1.86126
1.78673
1.52344
1.53394
1.51368
1.63092
1.58839
1.5866
1.47834
1.78368
1.54053
1.71885
1.59913
1.56832
1.50518
1.43671
1.61661
1.5813
1.62698
1.63879
1.4157
1.47518
1.59597
1.5982
1.51826
1.74689
1.60827
1.62228
1.90459
1.67016
1.47165
1.78247
1.66621
1.89586
1.5605
1.65907
1.67841
1.80325
1.56271
1.48713
1.41474
1.82746
1.70327
1.62468
1.57862
1.54531
2.06437
1.74083
1.72917
1.89735
1.74902
1.50349
1.46296
1.55165
1.86097
1.58682
1.4976
1.43157
1.47628
1.75107
1.73262
1.44282
1.80385
1.75327
1.83345
1.72367
1.89056
1.35138
1.47806
1.47738
1.5548
1.61586
1.50219
1.67013
1.4544
1.74764
1.73816
1.70867
1.49637
1.9364
1.71635
1.48748
1.79767
1.51054
1.91109
1.82931
1.72812
1.95191
1.62023
1.55005
1.70241
1.64027
1.44881
1.56184
1.49003
1.73979
1.87035
1.58189
1.5227
1.33918
1.74787
1.52916
1.57975
1.82784
1.72707
1.67699
1.63471
1.66038
1.61328
1.69871
1.72509
1.61738
1.6504
1.5539
1.67814
1.64575
1.78233
1.77161
1.52268
1.73229
1.50885
1.63048
1.80403
1.72593
1.52853
1.54716
1.74807
1.68048
1.65635
1.8586
1.41677
1.67887
1.75596
1.5966
1.54326
1.49594
1.55231
1.60513
1.52245
1.52865
1.96885
1.5983
1.89789
1.52955
1.59261
1.64166
1.4976
1.63568
1.72793
1.8101
1.31111
1.79135
1.71521
1.68156
1.96919
1.66196
1.7148
1.55634
1.84537
1.56198
1.58181
1.40744
1.60485
1.73108
1.65207
1.55867
1.65466
1.62817
1.81935
1.51208
1.85968
2.01605
1.33983
1.53856
1.80225
1.64017
1.49165
1.60364
1.45087
1.56692
1.61055
1.53987
1.6825
1.56088
1.54831
1.76357
1.78215
1.68161
1.80331
1.53725
1.68104
1.46111
1.54026
1.63265
1.5129
1.79928
1.50396
1.68858
1.46544
1.55214
1.80769
1.6064
1.51068
2.09355
1.60538
1.50361
1.7293
1.70051
1.81797
1.61339
1.56772
1.52516
1.56121
1.83774
1.4178
1.46916
1.75599
1.61432
1.44783
1.5788
1.66923
1.6949
1.59106
1.62709
1.7948
1.80067
1.71117
1.72857
1.70198
1.54538
1.50404
1.55921
1.52465
1.55865
1.63037
1.66009
1.61162
1.82268
1.81547
1.6049
1.45118
2.06305
1.55522
1.60794
1.63863
1.85966
1.55924
1.49203
1.93355
1.6987
1.62853
1.42092
1.63486
1.59981
1.72526
1.70541
1.60096
1.78076
1.82354
1.60543
1.79234
2.1107
1.62575
2.03325
1.71515
1.68451
1.87953
1.53856
1.59373
1.47895
1.48565
1.87768
1.30194
1.50775
1.62539
1.604
1.88487
1.537
1.5833
1.63698
1.46286
1.68604
1.69754
1.47913
1.47314
1.62616
1.63198
1.48774
1.63255
1.73969
1.68135
1.55233
1.64059
1.50277
1.50121
1.76684
1.56528
1.91921
1.47555
1.39659
1.60515
1.37067
1.85567
1.69742
1.62181
1.55372
1.55009
1.55186
1.45873
1.50636
1.76838
1.74866
1.79531
1.52671
1.50331
1.62089
1.89446
1.37405
1.4615
1.55414
1.3785
1.71705
1.55256
1.86879
1.42392
1.76209
1.57165
1.70575
1.75208
1.56068
1.47829
1.57799
1.77441
1.7827
1.87393
1.58176
1.84478
1.87419
1.68203
1.51855
1.77321
1.77715
1.56165
1.57586
1.64791
1.69114
1.83192
1.42939
1.42358
1.59077
1.75849
1.79884
1.8251
1.67568
1.48393
1.32785
1.8334
1.64231
2.00868
1.53815
1.60528
1.53481
1.4429
1.64206
1.63599
1.80643
1.49347
1.61999
1.90143
1.67261
1.9106
1.63693
1.56981
1.36717
1.7053
1.63827
1.46732
1.5142
1.6682
1.32047
1.5662
1.62452
1.66876
1.61654
1.75337
1.70603
1.63077
1.54582
1.44877
1.43679
1.58214
1.68907
1.6313
1.56959
1.84721
1.77539
1.5222
1.57269
1.64555
1.57952
1.77105
1.43671
2.02638
1.83186
1.6424
1.52306
1.73975
1.6307
1.44527
1.66307
1.8181
1.55448
1.60851
1.64599
1.58806
1.87537
1.60257
2.04086
1.40428
1.58293
1.80464
1.48289
1.55975
1.53453
1.87158
1.60033
1.94924
1.5874
1.49118
1.65151
1.73477
1.8402
1.51436
1.95406
1.65663
1.67939
1.52441
1.72933
1.79506
1.57341
1.64157
1.48496
1.63704
1.6962
1.91553
1.57096
1.62325
1.38525
1.72855
1.47663
1.63446
1.56062
1.53947
1.68984
1.74195
1.59336
1.7569
1.57114
1.64778
1.65385
1.554
1.68067
1.54961
1.5195
1.6125
1.70252
1.72309
1.60691
1.82419
1.62101
1.50401
1.73395
1.57671
1.54653
1.50587
1.72101
1.7706
1.56296
1.48658
1.53475
1.60657
1.60131
1.58456
1.60041
1.63927
2.11579
1.79764
1.4269
1.49452
1.73364
1.65823
1.96145
1.64914
1.66927
1.77548
1.6984
1.51845
1.56412
2.13512
1.70301
1.79044
1.39197
1.52189
1.29817
1.56117
1.51271
1.54106
1.48709
1.56506
1.76386
1.60103
1.56113
1.58004
1.90183
1.81967
1.72424
1.7527
1.64057
1.69364
1.58856
1.63815
1.55828
1.61401
1.60332
1.56125
1.78181
1.56491
1.6166
1.70919
1.69043
1.52512
1.65557
1.5011
1.65605
1.63261
1.48183
1.58765
1.67687
1.4441
1.93404
1.66135
2.08295
1.65096
1.4824
1.59304
2.02618
1.54798
1.58565
1.71773
1.632
1.44028
1.65247
1.96446
1.91897
1.99062
1.74856
1.63068
1.56696
1.81943
1.94222
1.53692
2.06867
1.67691
1.5538
1.65622
1.68823
1.52699
1.94692
1.73611
1.59237
1.74623
1.4279
1.57069
1.62084
1.47829
1.67482
1.64576
1.64572
1.41532
1.57589
1.51954
1.49484
1.61021
1.53411
1.47915
1.80111
1.72265
1.60172
1.75224
1.68741
1.5747
1.48501
1.58211
1.7946
1.33676
1.5548
1.50836
1.59995
1.4098
1.57422
1.48412
1.70584
1.56339
1.45305
1.90125
1.55143
1.5709
1.73723
1.76178
1.65324
1.63518
1.89324
1.58868
1.78806
1.9441
1.67805
1.97609
1.74283
1.65518
1.66469
1.73046
1.84743
1.63716
2.12112
1.47725
1.7327
1.5564
1.754
1.46078
1.53862
1.81258
1.77251
1.4983
1.50194
1.73074
1.68011
1.75669
1.91693
1.6812
1.58574
1.80596
1.7543
1.66383
1.7161
1.46746
1.68969
1.64414
1.53302
1.59076
1.6279
1.56851
1.42579
1.84463
1.59719
1.67843
1.73348
1.59566
1.4334
1.93476
1.68298
1.55669
1.86772
1.49874
1.55674
1.48834
1.38242
1.47785
1.8598
1.71734
1.57968
1.78832
1.72759
1.56102
1.54542
1.57572
1.58873
1.86141
1.79786
1.96124
1.73994
1.74098
1.8252
1.48426
1.41277
1.78191
1.62498
1.85415
1.75026
1.58903
1.62146
1.42135
1.54313
1.57025
1.84055
1.53241
1.67435
1.72588
1.49401
1.73622
1.71831
1.45897
1.53493
1.56093
1.4619
1.54373
1.45332
1.54249
1.50932
1.46552
1.67055
1.64125
1.54238
1.66077
1.48402
1.95434
1.82305
1.70549
1.47007
1.61286
1.75289
1.61631
1.63795
1.77435
1.67214
1.63669
1.58961
1.79831
1.42182
1.66417
1.44447
1.73295
1.72753
1.69652
1.57924
1.64785
1.46427
2.14916
1.59413
1.63165
1.71785
1.65267
1.73594
1.64891
1.78116
1.70607
1.548
1.7541
1.55907
1.63611
1.45606
1.79427
1.64343
2.09839
1.46336
1.83521
1.56973
1.40831
1.6232
1.6662
1.65654
1.66778
1.44193
1.61216
1.53163
1.71223
1.54095
1.82373
1.54071
1.8455
1.57136
1.67753
1.91644
1.84987
1.72509
1.52346
1.48604
1.49761
1.47643
1.43119
1.93026
1.6016
1.57973
1.66126
1.81809
1.41646
1.50872
1.58803
1.95393
1.55369
1.74838
1.79183
1.82302
1.67706
1.6263
1.68748
1.53184
1.57203
1.80241
1.62303
1.59072
1.8215
1.59293
1.78595
1.74907
1.60342
1.79459
1.64651
1.89525
1.65672
1.63223
1.64065
1.34639
1.6158
1.6002
1.59815
1.53626
1.61401
1.61227
1.9276
1.60593
1.69746
1.60832
2.02168
1.60533
1.61506
1.72289
1.68489
1.5812
1.55635
1.66527
1.49068
1.44709
1.87183
1.4846
1.60926
1.6841
1.47615
1.46911
1.66758
1.58128
1.62809
1.71896
1.84696
1.73404
1.67633
2.15554
1.78102
1.80352
1.77663
1.49158
1.53415
1.58081
1.61588
1.52516
1.47804
1.70597
1.36809
1.42731
1.65202
1.45704
1.47416
1.70711
1.78505
1.53625
1.6751
1.53582
1.68727
1.68552
1.65778
1.59519
1.41104
1.8829
1.64404
1.46482
1.65274
1.69057
1.58326
1.69427
1.58804
1.75531
1.57707
1.74668
1.78959
1.70967
1.3538
1.59758
1.71278
1.69909
1.63919
1.55513
1.92429
1.61821
1.78406
1.44744
1.55873
1.76502
1.51563
1.69877
1.53137
1.51881
1.63247
1.67763
1.44473
1.64984
1.55761
1.67538
2.02793
2.16101
1.5375
1.46822
1.79014
1.67443
1.69756
1.45902
1.62449
1.52204
1.4256
1.6713
1.65883
1.35157
1.62133
1.59355
1.81197
1.65899
1.83093
1.66881
1.47155
1.55131
1.63332
1.61351
1.36622
1.44608
1.64324
1.83785
1.62549
1.63761
1.65102
1.50453
1.89533
1.66031
1.60402
1.79516
1.42517
1.56477
1.86365
1.63274
1.59215
1.75597
1.52777
1.55052
2.14391
1.73496
1.73433
1.52573
1.69602
1.74914
1.61186
1.83648
1.57675
1.76692
1.70297
1.51126
1.49616
1.56082
1.55558
1.85846
1.60375
1.77143
1.43127
1.49461
1.45947
1.62704
1.54381
1.53988
1.59061
1.71459
1.7304
1.80959
1.70494
1.75441
1.71392
1.48466
1.55673
1.81559
1.67414
1.78215
1.54089
1.99482
1.67581
1.41679
1.65691
1.7692
1.40423
1.77869
1.58911
1.69019
2.01821
1.67112
1.45183
1.48135
1.86126
1.78673
1.52344
1.53394
1.51368
1.63092
1.58839
1.5866
1.47834
1.78368
1.54053
1.71885
1.59913
1.56832
1.50518
1.43671
1.61661
1.5813
1.62698
1.63879
1.4157
1.47518
1.59597
1.5982
1.51826
1.74689
1.60827
1.62228
1.90459
1.67016
1.47165
1.78247
1.66621
1.89586
1.5605
1.65907
1.67841
1.80325
1.56271
1.48713
1.41474
1.82746
1.70327
1.62468
1.57862
1.54531
2.06437
1.74083
1.72917
1.89735
1.74902
1.50349
1.46296
1.55165
1.86097
1.58682
1.4976
1.43157
1.47628
1.75107
1.73262
1.44282
1.80385
1.75327
1.83345
1.72367
1.89056
1.35138
1.47806
1.47738
1.5548
1.61586
1.50219
1.67013
1.4544
1.74764
1.73816
1.70867
1.49637
1.9364
1.71635
1.48748
1.79767
1.51054
1.91109
1.82931
1.72812
1.95191
1.62023
1.55005
1.70241
1.64027
1.44881
1.56184
1.49003
1.73979
1.87035
1.58189
1.5227
1.33918
1.74787
1.52916
1.57975
1.82784
1.72707
1.67699
1.63471
1.66038
1.61328
1.69871
1.72509
1.61738
1.6504
1.5539
1.67814
1.64575
1.78233
1.77161
1.52268
1.73229
1.50885
1.63048
1.80403
1.72593
1.52853
1.54716
1.74807
1.68048
1.65635
1.8586
1.41677
1.67887
1.75596
1.5966
1.54326
1.49594
1.55231
1.60513
1.52245
1.52865
1.96885
1.5983
1.89789
1.52955
1.59261
1.64166
1.4976
1.63568
1.72793
1.8101
1.31111
1.79135
1.71521
1.68156
1.96919
1.66196
1.7148
1.55634
1.84537
1.56198
1.58181
1.40744
1.60485
1.73108
1.65207
1.55867
1.65466
1.62817
1.81935
1.51208
1.85968
2.01605
1.33983
1.53856
1.80225
1.64017
1.49165
1.60364
1.45087
1.56692
1.61055
1.53987
1.6825
1.56088
1.54831
1.76357
1.78215
1.68161
1.80331
1.53725
1.68104
1.46111
1.54026
1.63265
1.5129
1.79928
1.50396
1.68858
1.46544
1.55214
1.80769
1.6064
1.51068
2.09355
1.60538
1.50361
1.7293
1.70051
1.81797
1.61339
1.56772
1.52516
1.56121
1.83774
1.4178
1.46916
1.75599
1.61432
1.44783
1.5788
1.66923
1.6949
1.59106
1.62709
1.7948
1.80067
1.71117
1.72857
1.70198
1.54538
1.50404
1.55921
1.52465
1.55865
1.63037
1.66009
1.61162
1.82268
1.81547
1.6049
1.45118
2.06305
1.55522
1.60794
1.63863
1.85966
1.55924
1.49203
1.93355
1.6987
1.62853
1.42092
1.63486
1.59981
1.72526
1.70541
1.60096
1.78076
1.82354
1.60543
1.79234
2.1107
1.62575
2.03325
1.71515
1.68451
1.87953
1.53856
1.59373
1.47895
1.48565
1.87768
1.30194
1.50775
1.62539
1.604
1.88487
1.537
1.5833
1.63698
1.46286
1.68604
1.69754
1.47913
1.47314
1.62616
1.63198
1.48774
1.63255
1.73969
1.68135
1.55233
1.64059
1.50277
1.50121
1.76684
1.56528
1.91921
1.47555
1.39659
1.60515
1.37067
1.85567
1.69742
1.62181
1.55372
1.55009
1.55186
1.45873
1.50636
1.76838
1.74866
1.79531
1.52671
1.50331
1.62089
1.89446
1.37405
1.4615
1.55414
1.3785
1.71705
1.55256
1.86879
1.42392
1.76209
1.57165
1.70575
1.75208
1.56068
1.47829
1.57799
1.77441
1.7827
1.87393
1.58176
1.84478
1.87419
1.68203
1.51855
1.77321
1.77715
1.56165
1.57586
1.64791
1.69114
1.83192
1.42939
1.42358
1.59077
1.75849
1.79884
1.8251
1.67568
1.48393
1.32785
1.8334
1.64231
2.00868
1.53815
1.60528
1.53481
1.4429
1.64206
1.63599
1.80643
1.49347
1.61999
1.90143
1.67261
1.9106
1.63693
1.56981
1.36717
1.7053
1.63827
1.46732
1.5142
1.6682
1.32047
1.5662
1.62452
1.66876
1.61654
1.75337
1.70603
1.63077
1.54582
1.44877
1.43679
1.58214
1.68907
1.6313
1.56959
1.84721
1.77539
1.5222
1.57269
1.64555
1.57952
1.77105
1.43671
2.02638
1.83186
1.6424
1.52306
1.73975
1.6307
1.44527
1.66307
1.8181
1.55448
1.60851
1.64599
1.58806
1.87537
1.60257
2.04086
1.40428
1.58293
1.80464
1.48289
1.55975
1.53453
1.87158
1.60033
1.94924
1.5874
1.49118
1.65151
1.73477
1.8402
1.51436
1.95406
1.65663
1.67939
1.52441
1.72933
1.79506
1.57341
1.64157
1.48496
1.63704
1.6962
1.91553
1.57096
1.62325
1.38525
1.72855
1.47663
1.63446
1.56062
1.53947
1.68984
1.74195
1.59336
1.7569
1.57114
1.64778
1.65385
1.554
1.68067
1.54961
1.5195
1.6125
1.70252
1.72309
1.60691
1.82419
1.62101
1.50401
1.73395
1.57671
1.54653
1.50587
1.72101
1.7706
1.56296
1.48658
1.53475
1.60657
1.60131
1.58456
1.60041
1.63927
2.11579
1.79764
1.4269
1.49452
1.73364
1.65823
1.96145
1.64914
1.66927
1.77548
1.6984
1.51845
1.56412
2.13512
1.70301
1.79044
1.39197
1.52189
1.29817
1.56117
1.51271
1.54106
1.48709
1.56506
1.76386
1.60103
1.56113
1.58004
1.90183
1.81967
1.72424
1.7527
1.64057
1.69364
1.58856
1.63815
1.55828
1.61401
1.60332
1.56125
1.78181
1.56491
1.6166
1.70919
1.69043
1.52512
1.65557
1.5011
1.65605
1.63261
1.48183
1.58765
1.67687
1.4441
1.93404
1.66135
2.08295
1.65096
1.4824
1.59304
2.02618
1.54798
1.58565
1.71773
1.632
1.44028
1.65247
1.96446
1.91897
1.99062
1.74856
1.63068
1.56696
1.81943
1.94222
1.53692
2.06867
1.67691
1.5538
1.65622
1.68823
1.52699
1.94692
1.73611
1.59237
1.74623
1.4279
1.57069
1.62084
1.47829
1.67482
1.64576
1.64572
1.41532
1.57589
1.51954
1.49484
1.61021
1.53411
1.47915
1.80111
1.72265
1.60172
1.75224
1.68741
1.5747
1.48501
1.58211
1.7946
1.33676
1.5548
1.50836
1.59995
1.4098
1.57422
1.48412
1.70584
1.56339
1.45305
1.90125
1.55143
1.5709
1.73723
1.76178
1.65324
1.63518
1.89324
1.58868
1.78806
1.9441
1.67805
1.97609
1.74283
1.65518
1.66469
1.73046
1.84743
1.63716
2.12112
1.47725
1.7327
1.5564
1.754
1.46078
1.53862
1.81258
1.77251
1.4983
1.50194
1.73074
1.68011
1.75669
1.91693
1.6812
1.58574
1.80596
1.7543
1.66383
1.7161
1.46746
1.68969
1.64414
1.53302
1.59076
1.6279
1.56851
1.42579
1.84463
1.59719
1.67843
1.73348
1.59566
1.4334
1.93476
1.68298
1.55669
1.86772
1.49874
1.55674
1.48834
1.38242
1.47785
1.8598
1.71734
1.57968
1.78832
1.72759
1.56102
1.54542
1.57572
1.58873
1.86141
1.79786
1.96124
1.73994
1.74098
1.8252
1.48426
1.41277
1.78191
1.62498
1.85415
1.75026
1.58903
1.62146
1.42135
1.54313
1.57025
1.84055
1.53241
1.67435
1.72588
1.49401
1.73622
1.71831
1.45897
1.53493
1.56093
1.4619
1.54373
1.45332
1.54249
1.50932
1.46552
1.67055
1.64125
1.54238
1.66077
1.48402
1.95434
1.82305
1.70549
1.47007
1.61286
1.75289
1.61631
1.63795
1.77435
1.67214
1.63669
1.58961
1.79831
1.42182
1.66417
1.44447
1.73295
1.72753
1.69652
1.57924
1.64785
1.46427
2.14916
1.59413
1.63165
1.71785
1.65267
1.73594
1.64891
1.78116
1.70607
1.548
1.7541
1.55907
1.63611
1.45606
1.79427
1.64343
2.09839
1.46336
1.83521
1.56973
1.40831
1.6232
1.6662
1.65654
1.66778
1.44193
1.61216
1.53163
1.71223
1.54095
1.82373
1.54071
1.8455
1.57136
1.67753
1.91644
1.84987
1.72509
1.52346
1.48604
1.49761
1.47643
1.43119
1.93026
1.6016
1.57973
1.66126
1.81809
1.41646
1.50872
1.58803
1.95393
1.55369
1.74838
1.79183
1.82302
1.67706
1.6263
1.68748
1.53184
1.57203
1.80241
1.62303
1.59072
1.8215
1.59293
1.78595
1.74907
1.60342
1.79459
1.64651
1.89525
1.65672
1.63223
1.64065
1.34639
1.6158
1.6002
1.59815
1.53626
1.61401
1.61227
1.9276
1.60593
1.69746
1.60832
2.02168
1.60533
1.61506
1.72289
1.68489
1.5812
1.55635
1.66527
1.49068
1.44709
1.87183
1.4846
1.60926
1.6841
1.47615
1.46911
1.66758
1.58128
1.62809
1.71896
1.84696
1.73404
1.67633
2.15554
1.78102
1.80352
1.77663
1.49158
1.53415
1.58081
1.61588
1.52516
1.47804
1.70597
1.36809
1.42731
1.65202
1.45704
1.47416
1.70711
1.78505
1.53625
1.6751
1.53582
1.68727
1.68552
1.65778
1.59519
1.41104
1.8829
1.64404
1.46482
1.65274
1.69057
1.58326
1.69427
1.58804
1.75531
1.57707
1.74668
1.78959
1.70967
1.3538
1.59758
1.71278
1.69909
1.63919
1.55513
1.92429
1.61821
1.78406
1.44744
1.55873
1.76502
1.51563
1.69877
1.53137
1.51881
1.63247
1.67763
1.44473
1.64984
1.55761
1.67538
2.02793
2.16101
1.5375
1.46822
1.79014
1.67443
1.69756
1.45902
1.62449
1.52204
1.4256
1.6713
1.65883
1.35157
1.62133
1.59355
1.81197
1.65899
1.83093
1.66881
1.47155
1.55131
1.63332
1.61351
1.36622
1.44608
1.64324
1.83785
1.62549
1.63761
1.65102
1.50453
1.89533
1.66031
1.60402
1.79516
1.42517
1.56477
1.86365
1.63274
1.59215
1.75597
1.52777
1.55052
2.14391
1.73496
1.73433
1.52573
1.69602
1.74914
1.61186
1.83648
1.57675
1.76692
1.70297
1.51126
1.49616
1.56082
1.55558
1.85846
1.60375
1.77143
1.43127
1.49461
1.45947
1.62704
1.54381
1.53988
1.59061
1.71459
1.7304
1.80959
1.70494
1.75441
1.71392
1.48466
1.55673
1.81559
1.67414
1.78215
1.54089
1.99482
1.67581
1.41679
1.65691
1.7692
1.40423
1.77869
1.58911
1.69019
2.01821
1.67112
1.45183
1.48135
1.86126
1.78673
1.52344
1.53394
1.51368
1.63092
1.58839
1.5866
1.47834
1.78368
1.54053
1.71885
1.59913
1.56832
1.50518
1.43671
1.61661
1.5813
1.62698
1.63879
1.4157
1.47518
1.59597
1.5982
1.51826
1.74689
1.60827
1.62228
1.90459
1.67016
1.47165
1.78247
1.66621
1.89586
1.5605
1.65907
1.67841
1.80325
1.56271
1.48713
1.41474
1.82746
1.70327
1.62468
1.57862
1.54531
2.06437
1.74083
1.72917
1.89735
1.74902
1.50349
1.46296
1.55165
1.86097
1.58682
1.4976
1.43157
1.47628
1.75107
1.73262
1.44282
1.80385
1.75327
1.83345
1.72367
1.89056
1.35138
1.47806
1.47738
1.5548
1.61586
1.50219
1.67013
1.4544
1.74764
1.73816
1.70867
1.49637
1.9364
1.71635
1.48748
1.79767
1.51054
1.91109
1.82931
1.72812
1.95191
1.62023
1.55005
1.70241
1.64027
1.44881
1.56184
1.49003
1.73979
1.87035
1.58189
1.5227
1.33918
1.74787
1.52916
1.57975
1.82784
1.72707
1.67699
1.63471
1.66038
1.61328
1.69871
1.72509
1.61738
1.6504
1.5539
1.67814
1.64575
1.78233
1.77161
1.52268
1.73229
1.50885
1.63048
1.80403
1.72593
1.52853
1.54716
1.74807
1.68048
1.65635
1.8586
1.41677
1.67887
1.75596
1.5966
1.54326
1.49594
1.55231
1.60513
1.52245
1.52865
1.96885
1.5983
1.89789
1.52955
1.59261
1.64166
1.4976
1.63568
1.72793
1.8101
1.31111
1.79135
1.71521
1.68156
1.96919
1.66196
1.7148
1.55634
1.84537
1.56198
1.58181
1.40744
1.60485
1.73108
1.65207
1.55867
1.65466
1.62817
1.81935
1.51208
1.85968
2.01605
1.33983
1.53856
1.80225
1.64017
1.49165
1.60364
1.45087
1.56692
1.61055
1.53987
1.6825
1.56088
1.54831
1.76357
1.78215
1.68161
1.80331
1.53725
1.68104
1.46111
1.54026
1.63265
1.5129
1.79928
1.50396
1.68858
1.46544
1.55214
1.80769
1.6064
1.51068
2.09355
1.60538
1.50361
1.7293
1.70051
1.81797
1.61339
1.56772
1.52516
1.56121
1.83774
1.4178
1.46916
1.75599
1.61432
1.44783
1.5788
1.66923
1.6949
1.59106
1.62709
1.7948
1.80067
1.71117
1.72857
1.70198
1.54538
1.50404
1.55921
1.52465
1.55865
1.63037
1.66009
1.61162
1.82268
1.81547
1.6049
1.45118
2.06305
1.55522
1.60794
1.63863
1.85966
1.55924
1.49203
1.93355
1.6987
1.62853
1.42092
1.63486
1.59981
1.72526
1.70541
1.60096
1.78076
1.82354
1.60543
1.79234
2.1107
1.62575
2.03325
1.71515
1.68451
1.87953
1.53856
1.59373
1.47895
1.48565
1.87768
1.30194
1.50775
1.62539
1.604
1.88487
1.537
1.5833
1.63698
1.46286
1.68604
1.69754
1.47913
1.47314
1.62616
1.63198
1.48774
1.63255
1.73969
1.68135
1.55233
1.64059
1.50277
1.50121
1.76684
1.56528
1.91921
1.47555
1.39659
1.60515
1.37067
1.85567
1.69742
1.62181
1.55372
1.55009
1.55186
1.45873
1.50636
1.76838
1.74866
1.79531
1.52671
1.50331
1.62089
1.89446
1.37405
1.4615
1.55414
1.3785
1.71705
1.55256
1.86879
1.42392
1.76209
1.57165
1.70575
1.75208
1.56068
1.47829
1.57799
1.77441
1.7827
1.87393
1.58176
1.84478
1.87419
1.68203
1.51855
1.77321
1.77715
1.56165
1.57586
1.64791
1.69114
1.83192
1.42939
1.42358
1.59077
1.75849
1.79884
1.8251
1.67568
1.48393
1.32785
1.8334
1.64231
2.00868
1.53815
1.60528
1.53481
1.4429
1.64206
1.63599
1.80643
1.49347
1.61999
1.90143
1.67261
1.9106
1.63693
1.56981
1.36717
1.7053
1.63827
1.46732
1.5142
1.6682
1.32047
1.5662
1.62452
1.66876
1.61654
1.75337
1.70603
1.63077
1.54582
1.44877
1.43679
1.58214
1.68907
1.6313
1.56959
1.84721
1.77539
1.5222
1.57269
1.64555
1.57952
1.77105
1.43671
2.02638
1.83186
1.6424
1.52306
1.73975
1.6307
1.44527
1.66307
1.8181
1.55448
1.60851
1.64599
1.58806
1.87537
1.60257
2.04086
1.40428
1.58293
1.80464
1.48289
1.55975
1.53453
1.87158
1.60033
1.94924
1.5874
1.49118
1.65151
1.73477
1.8402
1.51436
1.95406
1.65663
1.67939
1.52441
1.72933
1.79506
1.57341
1.64157
1.48496
1.63704
1.6962
1.91553
1.57096
1.62325
1.38525
1.72855
1.47663
1.63446
1.56062
1.53947
1.68984
1.74195
1.59336
1.7569
1.57114
1.64778
1.65385
1.554
1.68067
1.54961
1.5195
1.6125
1.70252
1.72309
1.60691
1.82419
1.62101
1.50401
1.73395
1.57671
1.54653
1.50587
1.72101
1.7706
1.56296
1.48658
1.53475
1.60657
1.60131
1.58456
1.60041
1.63927
2.11579
1.79764
1.4269
1.49452
1.73364
1.65823
1.96145
1.64914
1.66927
1.77548
1.6984
1.51845
1.56412
2.13512
1.70301
1.79044
1.39197
1.52189
1.29817
1.56117
1.51271
1.54106
1.48709
1.56506
1.76386
1.60103
1.56113
1.58004
1.90183
1.81967
1.72424
1.7527
1.64057
1.69364
1.58856
1.63815
1.55828
1.61401
1.60332
1.56125
1.78181
1.56491
1.6166
1.70919
1.69043
1.52512
1.65557
1.5011
1.65605
1.63261
1.48183
1.58765
1.67687
1.4441
1.93404
1.66135
2.08295
1.65096
1.4824
1.59304
2.02618
1.54798
1.58565
1.71773
1.632
1.44028
1.65247
1.96446
1.91897
1.99062
1.74856
1.63068
1.56696
1.81943
1.94222
1.53692
2.06867
1.67691
1.5538
1.65622
1.68823
1.52699
1.94692
1.73611
1.59237
1.74623
1.4279
1.57069
1.62084
1.47829
1.67482
1.64576
1.64572
1.41532
1.57589
1.51954
1.49484
1.61021
1.53411
1.47915
1.80111
1.72265
1.60172
1.75224
1.68741
1.5747
1.48501
1.58211
1.7946
1.33676
