1.02207
1.02379
1.03092
1.00681
1.08817
1.00103
1.00271
1.01789
1.02521
1.03056
1.03021
1.02958
1.01634
1.05011
1.07933
1.05745
1.01438
1.0597
1.01014
1.00025
1.05633
1.05093
1.00019
1.02084
1.06526
1.00154
1.04706
1.00015
1.01775
1.03672
1.05212
1.00513
1.00014
1.0002
1.01009
1.03369
1.03952
1.02795
1.01836
1.00019
1.00015
1.01486
1.00524
1.00097
1.00031
1.01747
1.00023
1.045
1.00227
1.0003
1.00019
1.11884
1.00587
1.0083
1.00023
1.03252
1.00337
1.00017
1.02419
1.01853
1.02338
1.00028
1.00024
1.27993
1.00657
1.0011
1.00531
1.00026
1.0099
1.08045
1.02745
1.06961
1.02586
1.00795
1.00159
1.0002
1.00391
1.02462
1.04951
1.02958
1.03481
1.01291
1.03002
1.00021
1.00028
1.00018
1.10045
1.05204
1.00827
1.0002
1.00021
1.01091
1.05087
1.00017
1.00065
1.00016
1.04451
1.04726
1.08693
1.02024
1.00013
1.03417
1.08781
1.00017
1.05419
1.07509
1.05138
1.02402
1.00226
1.00023
1.00136
1.00021
1.01192
1.02238
1.00034
1.0093
1.00015
1.01622
1.01393
1.00266
1.00031
1.02112
1.02049
1.02471
1.00353
1.06992
1.05118
1.0002
1.04462
1.00026
1.00365
1.00022
1.00026
1.00026
1.10908
1.00018
1.0002
1.00027
1.01471
1.00026
1.00019
1.0007
1.0054
1.00019
1.03036
1.05462
1.00125
1.02611
1.00023
1.10323
1.06091
1.05734
1.01898
1.02567
1.04897
1.01473
1.00019
1.0685
1.00021
1.00746
1.00468
1.04372
1.0002
1.00024
1.1116
1.00022
1.00773
1.00043
1.04741
1.00021
1.02048
1.04586
1.00018
1.0245
1.00027
1.00019
1.05326
1.00018
1.00794
1.01822
1.01163
1.00025
1.00021
1.00027
1.00929
1.02154
1.01605
1.00017
1.03327
1.00022
1.03041
1.06
1.06976
1.0002
1.043
1.00021
1.0278
1.01502
1.029
1.03827
1.00028
1.04313
1.00014
1.00024
1.0648
1.04873
1.0085
1.06852
1.04271
1.06079
1.01779
1.00036
1.075
1.00812
1.02833
1.0002
1.00023
1.07419
1.01889
1.02872
1.0527
1.08734
1.02152
1.03774
1.03198
1.00094
1.04613
1.00002
1.06915
1.00022
1.02797
1.00006
1.00023
1.085
1.06656
1.00021
1.00018
1.00232
1.02158
1.00198
1.01081
1.04292
1.00034
1.07044
1.07685
1.00012
1.05849
1.02261
1.00012
1.00026
1.03283
1.0652
1.02286
1.00023
1.00973
1.03593
1.00072
1.05563
1.01083
1.0081
1.04131
1.00174
1.00039
1.03406
1.00022
1.06368
1.04999
1.03572
1.06161
1.05012
1.08379
1.00027
1.00132
1.0003
1.00023
1.06127
1.00011
1.01643
1.00884
1.02508
1.00024
1.00021
1.00542
1.00034
1.01002
1.00666
1.00463
1.00019
1.00873
1.00018
1.05179
1.00101
1.00084
1.00022
1.00691
1.04088
1.07815
1.00029
1.00746
1.02484
1.01862
1.00015
1.0067
1.01274
1.02004
1.01418
1.00389
1.02338
1.00019
1.05649
1.04158
1.05099
1.00028
1.02635
1.00026
1.01034
1.0002
1.01415
1.00037
1.00032
1.02291
1.00389
1.01772
1.00017
1.07658
1.00021
1.00023
1.00033
1.01704
1.00028
1.00013
1.00848
1.00025
1.01819
1.00324
1.00892
1.05618
1.00026
1.03684
1.0359
1.03228
1.00456
1.00098
1.01274
1.06911
1.07225
1.02074
1.07364
1.02387
1.07076
1.00888
1.00481
1.03299
1.0003
1.0326
1.02624
1.04222
1.00024
1.00249
1.05649
1.00032
1.00017
1.0631
1.00014
1.00022
1.00018
1.00456
1.02845
1.04709
1.0003
1.00912
1.03158
1.01114
1.01082
1.00029
1.00993
1.0003
1.01647
1.00783
1.0765
1.00018
1.02318
1.00019
1.02904
1.0543
1.03307
1.00026
1.00023
1.01627
1.00018
1.04631
1.04261
1.00297
1.00492
1.00019
1.02085
1.03924
1.02143
1.00025
1.02385
1.05969
1.0058
1.00032
1.03042
1.00023
1.00014
1.04492
1.02878
1.0131
1.00035
1.00026
1.01128
1.04215
1.00006
1.01397
1.0075
1.01039
1.03809
1.04317
1.13111
1.00035
1.01651
1.04015
1.02347
1.04466
1.01613
1.00129
1.00035
1.07153
1.06994
1.01098
1.034
1.02837
1.0002
1.0327
1.07847
1.00027
1.00026
1.0406
1.02929
1.04886
1.09439
1.00017
1.01637
1.00017
1.00406
1.01784
1.01691
1.00029
1.0002
1.0395
1.00048
1.01782
1.00022
1.02776
1.03255
1.03702
1.01101
1.00029
1.04209
1.10258
1.00019
1.01015
1.02843
1.00022
1.00021
1.01051
1.00029
1.04379
1.02432
1.00028
1.00024
1.02723
1.00024
1.0002
1.00054
1.00021
1.03972
1.00027
1.00551
1.00798
1.01218
1.05586
1.0519
1.00018
1.05206
1.04963
1.00016
1.03152
1.13153
1.00022
1.03175
1.00025
1.00027
1.02494
1.07078
1.00023
1.00332
1.00025
1.0402
1.01258
1.00019
1.00489
1.0086
1.00114
1.06008
1.0232
1.05495
1.00071
1.01209
1.00023
1.00013
1.05075
1.02156
1.00473
1.00015
1.00024
1.00023
1.04651
1.0002
1.00024
1.03057
1.03947
1.01041
1.02968
1.08047
1.00016
1.08661
1.00021
1.0009
1.05009
1.00112
1.00016
1.00445
1.05356
1.00036
1.02359
1.00932
1.00019
1.00028
1.00201
1.03556
1.00029
1.00017
1.0002
1.03006
1.00028
1.00017
1.00924
1.00022
1.00313
1.0855
1.03481
1.0002
1.00029
1.05155
1.03632
1.04708
1.01197
1.04641
1.00016
1.00855
1.00176
1.00026
1.01378
1.04311
1.0004
1.00091
1.00022
1.00021
1.00015
1.03117
1.04203
1.0553
1.07028
1.0392
1.02179
1.00561
1.00828
1.03552
1.06363
1.07034
1.00015
1.01338
1.00014
1.01485
1.09794
1.00657
1.00146
1.00945
1.00604
1.00023
1.00023
1.01193
1.02762
1.04516
1.0003
1.00031
1.00229
1.00979
1.03957
1.00063
1.00029
1.00018
1.00011
1.02043
1.04718
1.03148
1.03879
1.00406
1.00029
1.00519
1.04006
1.0003
1.00026
1.00018
1.00287
1.03153
1.0465
1.00286
1.07764
1.02907
1.00217
1.0468
1.00107
1.01267
1.07456
1.04022
1.11263
1.00197
1.00618
1.02877
1.0005
1.00021
1.01273
1.00816
1.00019
1.02096
1.00502
1.00018
1.02105
1.00017
1.04321
1.00019
1.01163
1.00033
1.00303
1.04615
1.0579
1.07126
1.03205
1.00017
1.0294
1.02302
1.02129
1.00029
1.15179
1.0067
1.0343
1.068
1.03768
1.03802
1.09057
1.00025
1.04122
1.00027
1.0002
1.00245
1.00018
1.00318
1.03921
1.01123
1.00021
1.0002
1.00024
1.00017
1.01536
1.00015
1.00024
1.01294
1.01698
1.03433
1.00013
1.02237
1.01006
1.00021
1.00544
1.00066
1.00031
1.00022
1.00233
1.04964
1.04158
1.00025
1.01321
1.02903
1.00837
1.00021
1.00022
1.00023
1.01051
1.00022
1.00185
1.09473
1.0405
1.02005
1.00015
1.05173
1.02389
1.01473
1.00024
1.00381
1.00022
1.00852
1.01035
1.00025
1.02727
1.00024
1.00036
1.00077
1.00286
1.00027
1.00026
1.00728
1.00017
1.06452
1.00015
1.04078
1.00024
1.05792
1.076
1.00025
1.00032
1.07324
1.00012
1.03437
1.0002
1.00018
1.00023
1.0002
1.00025
1.00025
1.00022
1.08549
1.00563
1.02748
1.00017
1.00036
1.00023
1.00022
1.00412
1.00343
1.08179
1.00208
1.02962
1.00028
1.00012
1.00503
1.00647
1.08141
1.01069
1.00018
1.00113
1.00031
1.00018
1.00021
1.03692
1.07776
1.00019
1.00018
1.00243
1.08625
1.00016
1.00077
1.00299
1.00818
1.00021
1.07289
1.00273
1.01556
1.01642
1.00017
1.01854
1.03846
1.00011
1.00024
1.00017
1.03826
1.00182
1.02752
1.00468
1.00289
1.00032
1.00016
1.00028
1.02005
1.02437
1.01707
1.00019
1.00032
1.00019
1.05053
1.09673
1.02023
1.06005
1.02895
1.00017
1.0438
1.00026
1.00019
1.00032
1.02953
1.00121
1.03719
1.01702
1.00126
1.00019
1.00076
1.05373
1.00059
1.00029
1.00015
1.00024
1.0089
1.00029
1.01226
1.04219
1.03214
1.00066
1.01123
1.00133
1.00016
1.01833
1.02678
1.08322
1.00164
1.0586
1.00635
1.00018
1.00547
1.01447
1.00024
1.02873
1.02899
1.10335
1.03786
1.02295
1.00016
1.00394
1.06318
1.05973
1.00029
1.00021
1.0194
1.00124
1.06077
1.07906
1.01909
1.00568
1.00222
1.00568
1.08333
1.00374
1.0141
1.00041
1.04961
1.00215
1.08037
1.05987
1.03931
1.0578
1.01824
1.01809
1.00757
1.04955
1.01781
1.00023
1.02846
1.00152
1.01705
1.04327
1.06263
1.00022
1.15312
1.00232
1.01353
1.01426
1.00005
1.05614
1.01744
1.00018
1.02661
1.00522
1.06417
1.00908
1.0145
1.00031
1.00026
1.0069
1.036
1.00023
1.01541
1.00109
1.03625
1.08049
1.05931
1.00019
1.01588
1.01889
1.01088
1.00027
1.02274
1.00016
1.01966
1.00016
1.00159
1.00016
1.00023
1.01851
1.00017
1.00017
1.00381
1.00015
1.00301
1.00007
1.02655
1.00019
1.06834
1.08459
1.00022
1.00021
1.06934
1.03652
1.04626
1.00021
1.00027
1.00025
1.00364
1.0852
1.00034
1.00531
1.00033
1.00436
1.02095
1.00022
1.00675
1.02518
1.00023
1.00016
1.0002
1.02156
1.00194
1.08729
1.04455
1.13488
1.02095
1.05021
1.02136
1.03854
1.00103
1.0005
1.00035
1.00023
1.03434
1.01771
1.00469
1.00016
1.00187
1.00024
1.07656
1.00032
1.00025
1.00031
1.00026
1.0002
1.08312
1.00691
1.07212
1.01966
1.01933
1.05464
1.04822
1.00014
1.02327
1.12491
1.00903
1.06524
1.04816
1.02461
1.00126
1.01059
1.01086
1.0673
1.01815
1.04031
1.00002
1.06827
1.00794
1.00006
1.00861
1.02207
1.02379
1.03092
1.00681
1.08817
1.00103
1.00271
1.01789
1.02521
1.03056
1.03021
1.02958
1.01634
1.05011
1.07933
1.05745
1.01438
1.0597
1.01014
1.00025
1.05633
1.05093
1.00019
1.02084
1.06526
1.00154
1.04706
1.00015
1.01775
1.03672
1.05212
1.00513
1.00014
1.0002
1.01009
1.03369
1.03952
1.02795
1.01836
1.00019
1.00015
1.01486
1.00524
1.00097
1.00031
1.01747
1.00023
1.045
1.00227
1.0003
1.00019
1.11884
1.00587
1.0083
1.00023
1.03252
1.00337
1.00017
1.02419
1.01853
1.02338
1.00028
1.00024
1.27993
1.00657
1.0011
1.00531
1.00026
1.0099
1.08045
1.02745
1.06961
1.02586
1.00795
1.00159
1.0002
1.00391
1.02462
1.04951
1.02958
1.03481
1.01291
1.03002
1.00021
1.00028
1.00018
1.10045
1.05204
1.00827
1.0002
1.00021
1.01091
1.05087
1.00017
1.00065
1.00016
1.04451
1.04726
1.08693
1.02024
1.00013
1.03417
1.08781
1.00017
1.05419
1.07509
1.05138
1.02402
1.00226
1.00023
1.00136
1.00021
1.01192
1.02238
1.00034
1.0093
1.00015
1.01622
1.01393
1.00266
1.00031
1.02112
1.02049
1.02471
1.00353
1.06992
1.05118
1.0002
1.04462
1.00026
1.00365
1.00022
1.00026
1.00026
1.10908
1.00018
1.0002
1.00027
1.01471
1.00026
1.00019
1.0007
1.0054
1.00019
1.03036
1.05462
1.00125
1.02611
1.00023
1.10323
1.06091
1.05734
1.01898
1.02567
1.04897
1.01473
1.00019
1.0685
1.00021
1.00746
1.00468
1.04372
1.0002
1.00024
1.1116
1.00022
1.00773
1.00043
1.04741
1.00021
1.02048
1.04586
1.00018
1.0245
1.00027
1.00019
1.05326
1.00018
1.00794
1.01822
1.01163
1.00025
1.00021
1.00027
1.00929
1.02154
1.01605
1.00017
1.03327
1.00022
1.03041
1.06
1.06976
1.0002
1.043
1.00021
1.0278
1.01502
1.029
1.03827
1.00028
1.04313
1.00014
1.00024
1.0648
1.04873
1.0085
1.06852
1.04271
1.06079
1.01779
1.00036
1.075
1.00812
1.02833
1.0002
1.00023
1.07419
1.01889
1.02872
1.0527
1.08734
1.02152
1.03774
1.03198
1.00094
1.04613
1.00002
1.06915
1.00022
1.02797
1.00006
1.00023
1.085
1.06656
1.00021
1.00018
1.00232
1.02158
1.00198
1.01081
1.04292
1.00034
1.07044
1.07685
1.00012
1.05849
1.02261
1.00012
1.00026
1.03283
1.0652
1.02286
1.00023
1.00973
1.03593
1.00072
1.05563
1.01083
1.0081
1.04131
1.00174
1.00039
1.03406
1.00022
1.06368
1.04999
1.03572
1.06161
1.05012
1.08379
1.00027
1.00132
1.0003
1.00023
1.06127
1.00011
1.01643
1.00884
1.02508
1.00024
1.00021
1.00542
1.00034
1.01002
1.00666
1.00463
1.00019
1.00873
1.00018
1.05179
1.00101
1.00084
1.00022
1.00691
1.04088
1.07815
1.00029
1.00746
1.02484
1.01862
1.00015
1.0067
1.01274
1.02004
1.01418
1.00389
1.02338
1.00019
1.05649
1.04158
1.05099
1.00028
1.02635
1.00026
1.01034
1.0002
1.01415
1.00037
1.00032
1.02291
1.00389
1.01772
1.00017
1.07658
1.00021
1.00023
1.00033
1.01704
1.00028
1.00013
1.00848
1.00025
1.01819
1.00324
1.00892
1.05618
1.00026
1.03684
1.0359
1.03228
1.00456
1.00098
1.01274
1.06911
1.07225
1.02074
1.07364
1.02387
1.07076
1.00888
1.00481
1.03299
1.0003
1.0326
1.02624
1.04222
1.00024
1.00249
1.05649
1.00032
1.00017
1.0631
1.00014
1.00022
1.00018
1.00456
1.02845
1.04709
1.0003
1.00912
1.03158
1.01114
1.01082
1.00029
1.00993
1.0003
1.01647
1.00783
1.0765
1.00018
1.02318
1.00019
1.02904
1.0543
1.03307
1.00026
1.00023
1.01627
1.00018
1.04631
1.04261
1.00297
1.00492
1.00019
1.02085
1.03924
1.02143
1.00025
1.02385
1.05969
1.0058
1.00032
1.03042
1.00023
1.00014
1.04492
1.02878
1.0131
1.00035
1.00026
1.01128
1.04215
1.00006
1.01397
1.0075
1.01039
1.03809
1.04317
1.13111
1.00035
1.01651
1.04015
1.02347
1.04466
1.01613
1.00129
1.00035
1.07153
1.06994
1.01098
1.034
1.02837
1.0002
1.0327
1.07847
1.00027
1.00026
1.0406
1.02929
1.04886
1.09439
1.00017
1.01637
1.00017
1.00406
1.01784
1.01691
1.00029
1.0002
1.0395
1.00048
1.01782
1.00022
1.02776
1.03255
1.03702
1.01101
1.00029
1.04209
1.10258
1.00019
1.01015
1.02843
1.00022
1.00021
1.01051
1.00029
1.04379
1.02432
1.00028
1.00024
1.02723
1.00024
1.0002
1.00054
1.00021
1.03972
1.00027
1.00551
1.00798
1.01218
1.05586
1.0519
1.00018
1.05206
1.04963
1.00016
1.03152
1.13153
1.00022
1.03175
1.00025
1.00027
1.02494
1.07078
1.00023
1.00332
1.00025
1.0402
1.01258
1.00019
1.00489
1.0086
1.00114
1.06008
1.0232
1.05495
1.00071
1.01209
1.00023
1.00013
1.05075
1.02156
1.00473
1.00015
1.00024
1.00023
1.04651
1.0002
1.00024
1.03057
1.03947
1.01041
1.02968
1.08047
1.00016
1.08661
1.00021
1.0009
1.05009
1.00112
1.00016
1.00445
1.05356
1.00036
1.02359
1.00932
1.00019
1.00028
1.00201
1.03556
1.00029
1.00017
1.0002
1.03006
1.00028
1.00017
1.00924
1.00022
1.00313
1.0855
1.03481
1.0002
1.00029
1.05155
1.03632
1.04708
1.01197
1.04641
1.00016
1.00855
1.00176
1.00026
1.01378
1.04311
1.0004
1.00091
1.00022
1.00021
1.00015
1.03117
1.04203
1.0553
1.07028
1.0392
1.02179
1.00561
1.00828
1.03552
1.06363
1.07034
1.00015
1.01338
1.00014
1.01485
1.09794
1.00657
1.00146
1.00945
1.00604
1.00023
1.00023
1.01193
1.02762
1.04516
1.0003
1.00031
1.00229
1.00979
1.03957
1.00063
1.00029
1.00018
1.00011
1.02043
1.04718
1.03148
1.03879
1.00406
1.00029
1.00519
1.04006
1.0003
1.00026
1.00018
1.00287
1.03153
1.0465
1.00286
1.07764
1.02907
1.00217
1.0468
1.00107
1.01267
1.07456
1.04022
1.11263
1.00197
1.00618
1.02877
1.0005
1.00021
1.01273
1.00816
1.00019
1.02096
1.00502
1.00018
1.02105
1.00017
1.04321
1.00019
1.01163
1.00033
1.00303
1.04615
1.0579
1.07126
1.03205
1.00017
1.0294
1.02302
1.02129
1.00029
1.15179
1.0067
1.0343
1.068
1.03768
1.03802
1.09057
1.00025
1.04122
1.00027
1.0002
1.00245
1.00018
1.00318
1.03921
1.01123
1.00021
1.0002
1.00024
1.00017
1.01536
1.00015
1.00024
1.01294
1.01698
1.03433
1.00013
1.02237
1.01006
1.00021
1.00544
1.00066
1.00031
1.00022
1.00233
1.04964
1.04158
1.00025
1.01321
1.02903
1.00837
1.00021
1.00022
1.00023
1.01051
1.00022
1.00185
1.09473
1.0405
1.02005
1.00015
1.05173
1.02389
1.01473
1.00024
1.00381
1.00022
1.00852
1.01035
1.00025
1.02727
1.00024
1.00036
1.00077
1.00286
1.00027
1.00026
1.00728
1.00017
1.06452
1.00015
1.04078
1.00024
1.05792
1.076
1.00025
1.00032
1.07324
1.00012
1.03437
1.0002
1.00018
1.00023
1.0002
1.00025
1.00025
1.00022
1.08549
1.00563
1.02748
1.00017
1.00036
1.00023
1.00022
1.00412
1.00343
1.08179
1.00208
1.02962
1.00028
1.00012
1.00503
1.00647
1.08141
1.01069
1.00018
1.00113
1.00031
1.00018
1.00021
1.03692
1.07776
1.00019
1.00018
1.00243
1.08625
1.00016
1.00077
1.00299
1.00818
1.00021
1.07289
1.00273
1.01556
1.01642
1.00017
1.01854
1.03846
1.00011
1.00024
1.00017
1.03826
1.00182
1.02752
1.00468
1.00289
1.00032
1.00016
1.00028
1.02005
1.02437
1.01707
1.00019
1.00032
1.00019
1.05053
1.09673
1.02023
1.06005
1.02895
1.00017
1.0438
1.00026
1.00019
1.00032
1.02953
1.00121
1.03719
1.01702
1.00126
1.00019
1.00076
1.05373
1.00059
1.00029
1.00015
1.00024
1.0089
1.00029
1.01226
1.04219
1.03214
1.00066
1.01123
1.00133
1.00016
1.01833
1.02678
1.08322
1.00164
1.0586
1.00635
1.00018
1.00547
1.01447
1.00024
1.02873
1.02899
1.10335
1.03786
1.02295
1.00016
1.00394
1.06318
1.05973
1.00029
1.00021
1.0194
1.00124
1.06077
1.07906
1.01909
1.00568
1.00222
1.00568
1.08333
1.00374
1.0141
1.00041
1.04961
1.00215
1.08037
1.05987
1.03931
1.0578
1.01824
1.01809
1.00757
1.04955
1.01781
1.00023
1.02846
1.00152
1.01705
1.04327
1.06263
1.00022
1.15312
1.00232
1.01353
1.01426
1.00005
1.05614
1.01744
1.00018
1.02661
1.00522
1.06417
1.00908
1.0145
1.00031
1.00026
1.0069
1.036
1.00023
1.01541
1.00109
1.03625
1.08049
1.05931
1.00019
1.01588
1.01889
1.01088
1.00027
1.02274
1.00016
1.01966
1.00016
1.00159
1.00016
1.00023
1.01851
1.00017
1.00017
1.00381
1.00015
1.00301
1.00007
1.02655
1.00019
1.06834
1.08459
1.00022
1.00021
1.06934
1.03652
1.04626
1.00021
1.00027
1.00025
1.00364
1.0852
1.00034
1.00531
1.00033
1.00436
1.02095
1.00022
1.00675
1.02518
1.00023
1.00016
1.0002
1.02156
1.00194
1.08729
1.04455
1.13488
1.02095
1.05021
1.02136
1.03854
1.00103
1.0005
1.00035
1.00023
1.03434
1.01771
1.00469
1.00016
1.00187
1.00024
1.07656
1.00032
1.00025
1.00031
1.00026
1.0002
1.08312
1.00691
1.07212
1.01966
1.01933
1.05464
1.04822
1.00014
1.02327
1.12491
1.00903
1.06524
1.04816
1.02461
1.00126
1.01059
1.01086
1.0673
1.01815
1.04031
1.00002
1.06827
1.00794
1.00006
1.00861
1.00027
1.00003
1.01252
1.00167
1.00027
1.00104
1.00313
1.09412
1.02512
1.08786
1.03603
1.02564
1.00241
1.00025
1.11409
1.09994
1.00033
1.02559
1.01528
1.00362
1.06483
1.09302
1.00019
1.02084
1.08409
1.04326
1.06809
1.11915
1.02801
1.0352
1.01157
1.03993
1.05524
1.01247
1.02654
1.03503
1.05994
1.02795
1.06528
1.03975
1.06307
1.05727
1.00524
1.00097
1.05061
1.02895
1.02035
1.05744
1.02002
1.0003
1.00019
1.00742
1.01029
1.02081
1.02684
1.00016
1.00337
1.00017
1.09012
1.01853
1.00466
1.04393
1.00024
1.06692
1.00658
1.06852
1.02024
1.00026
1.10523
1.15266
1.00019
1.05581
1.04908
1.00795
1.00396
1.02979
1.00498
1.02462
1.04814
1.10872
1.08524
1.00832
1.04672
1.00507
1.04019
1.02438
1.09278
1.05562
1.01076
1.04591
1.00021
1.07186
1.03824
1.00018
1.07574
1.02313
1.04206
1.03955
1.12202
1.07368
1.00013
1.00047
1.00686
1.00017
1.06034
1.06565
1.04397
1.03865
1.01686
1.03442
1.08097
1.00022
1.04798
1.03223
1.1549
1.01531
1.00525
1.03011
1.08585
1.02189
1.07581
1.05168
1.11196
1.03712
1.00353
1.04161
1.05945
1.0002
1.04462
1.00026
1.02434
1.00022
1.14856
1.00651
1.09099
1.05154
1.01713
1.00027
1.04236
1.2173
1.00019
1.02329
1.0054
1.03294
1.09212
1.05774
1.07019
1.0635
1.00023
1.00028
1.02725
1.05847
1.17636
1.04844
1.04367
1.02561
1.04941
1.07229
1.00021
1.00747
1.00122
1.01945
1.05874
1.07164
1.1116
1.09861
1.00017
1.00043
1.06007
1.00022
1.01661
1.05937
1.00018
1.02182
1.00027
1.04046
1.09014
1.00018
1.04136
1.01639
1.04322
1.05462
1.02433
1.00027
1.06659
1.02294
1.06648
1.01788
1.03149
1.00022
1.03041
1.00014
1.08543
1.0002
1.01939
1.05294
1.05924
1.05246
1.06832
1.07869
1.03304
1.03418
1.06862
1.05559
1.0587
1.06664
1.0452
1.00177
1.03381
1.0119
1.04451
1.22444
1.07096
1.00812
1.02236
1.02595
1.00023
1.09591
1.00023
1.02872
1.06648
1.0005
1.06274
1.05909
1.03657
1.02878
1.08178
1.00002
1.09049
1.05262
1.05639
1.02252
1.04319
1.07613
1.04143
1.04121
1.00018
1.15026
1.02304
1.00198
1.02221
1.00033
1.00034
1.0733
1.05062
1.00012
1.18397
1.02261
1.00004
1.03192
1.00016
1.09595
1.06786
1.08919
1.01317
1.03594
1.00072
1.1037
1.06307
1.13291
1.03203
1.00174
1.00039
1.13903
1.03401
1.12342
1.05883
1.02836
1.05814
1.06373
1.03956
1.0361
1.11712
1.04024
1.06034
1.10162
1.04268
1.02818
1.0004
1.02952
1.00025
1.00021
1.00542
1.00034
1.00029
1.04906
1.00463
1.00019
1.02495
1.03167
1.1021
1.05882
1.00667
1.01844
1.02614
1.05726
1.08717
1.00737
1.0406
1.08235
1.04155
1.02592
1.02381
1.02975
1.02575
1.01906
1.00389
1.00018
1.05986
1.00026
1.01179
1.01842
1.0821
1.04233
1.03618
1.01035
1.02516
1.00017
1.02403
1.00032
1.07793
1.00389
1.03966
1.00017
1.06398
1.00021
1.00023
1.00033
1.03491
1.00028
1.00014
1.0287
1.18757
1.02698
1.08197
1.05458
1.00072
1.05335
1.03571
1.0359
1.03228
1.04781
1.03527
1.01899
1.07059
1.07225
1.09842
1.08139
1.05381
1.06022
1.00888
1.03865
1.02924
1.05017
1.01418
1.02624
1.02892
1.02545
1.0585
1.07573
1.00032
1.05358
1.00023
1.07882
1.00023
1.00018
1.13147
1.04329
1.04709
1.0003
1.00912
1.03095
1.06383
1.00034
1.01148
1.00993
1.0003
1.04784
1.00783
1.23372
1.00018
1.13181
1.00639
1.06279
1.11097
1.03307
1.00027
1.00023
1.05641
1.00018
1.02717
1.04132
1.00297
1.00492
1.12023
1.02085
1.05259
1.00021
1.14732
1.02691
1.04285
1.01139
1.00032
1.07165
1.00023
1.01248
1.08482
1.03545
1.0131
1.10218
1.00026
1.02693
1.11843
1.06502
1.01397
1.02804
1.01458
1.02181
1.10675
1.05164
1.00035
1.01963
1.09565
1.03469
1.03608
1.01181
1.00129
1.00035
1.07866
1.05601
1.0268
1.00175
1.03387
1.0002
1.0327
1.08423
1.02695
1.00027
1.0406
1.04359
1.07527
1.00033
1.00017
1.01944
1.07988
1.00406
1.02663
1.03182
1.00029
1.0002
1.0395
1.00048
1.03044
1.00022
1.08224
1.03255
1.00496
1.01174
1.02716
1.08464
1.04249
1.02726
1.00932
1.09489
1.00023
1.09701
1.01066
1.04554
1.04188
1.09252
1.00028
1.0605
1.02723
1.02292
1.02598
1.00638
1.13895
1.05081
1.03269
1.06868
1.04934
1.02809
1.01232
1.0281
1.00266
1.05206
1.0314
1.00016
1.03756
1.04734
1.00022
1.03176
1.11206
1.13149
1.03845
1.1092
1.16837
1.00332
1.04599
1.04703
1.04882
1.00019
1.02901
1.06382
1.02515
1.00915
1.04377
1.16847
1.04791
1.01209
1.00023
1.00013
1.05835
1.03568
1.00473
1.07446
1.022
1.00023
1.06895
1.02464
1.00024
1.06752
1.03207
1.05311
1.02968
1.09941
1.00016
1.00025
1.01867
1.01718
1.03047
1.00112
1.17898
1.00246
1.05163
1.00036
1.02794
1.00932
1.01486
1.00562
1.01056
1.04172
1.05344
1.05526
1.03831
1.0372
1.07106
1.06103
1.00608
1.00022
1.00492
1.08866
1.0445
1.0002
1.02384
1.00147
1.00018
1.07536
1.09714
1.03049
1.00016
1.05861
1.00176
1.00026
1.04738
1.08363
1.0004
1.01315
1.00023
1.00021
1.00015
1.09434
1.00022
1.04617
1.17364
1.05576
1.00025
1.00111
1.00828
1.04502
1.01324
1.08247
1.02516
1.11254
1.00014
1.047
1.03874
1.00029
1.07414
1.00945
1.00604
1.03198
1.0187
1.01193
1.05955
1.1134
1.04177
1.03119
1.00229
1.07793
1.05542
1.07922
1.00029
1.03583
1.00869
1.11107
1.04108
1.04679
1.03678
1.00406
1.06207
1.00519
1.04554
1.0003
1.00026
1.00018
1.00527
1.04683
1.13224
1.00286
1.11236
1.02907
1.0192
1.13485
1.00107
1.03199
1.04658
1.03088
1.00012
1.01592
1.03746
1.03313
1.00014
1.00021
1.03905
1.04633
1.00019
1.05683
1.07342
1.00018
1.00038
1.00017
1.07591
1.01455
1.02121
1.00033
1.00282
1.03597
1.02
1.00022
1.06385
1.03178
1.06541
1.08729
1.02129
1.00029
1.077
1.0067
1.0343
1.05519
1.09002
1.01311
1.06855
1.04212
1.27759
1.05908
1.04116
1.08852
1.00018
1.00318
1.03553
1.05095
1.00021
1.03068
1.03883
1.06596
1.0227
1.03231
1.09479
1.11057
1.04059
1.05424
1.00013
1.05684
1.01006
1.02291
1.0059
1.1088
1.00031
1.01103
1.00233
1.00019
1.0654
1.00025
1.04518
1.04296
1.03225
1.00021
1.05398
1.00023
1.03296
1.00022
1.00185
1.08323
1.10787
1.07409
1.03953
1.06247
1.02299
1.00094
1.00839
1.00968
1.08657
1.00853
1.01261
1.07158
1.04235
1.00025
1.00036
1.0662
1.00286
1.03514
1.07071
1.04266
1.02098
1.02358
1.01543
1.09589
1.00024
1.16059
1.06846
1.0935
1.00032
1.06457
1.06677
1.06463
1.09258
1.00018
1.06262
1.11015
1.00025
1.02436
1.00022
1.15191
1.00041
1.01697
1.00018
1.07259
1.03481
1.03674
1.00412
1.05749
1.09257
1.1208
1.0264
1.00028
1.00013
1.28079
1.00647
1.08359
1.02579
1.00018
1.03437
1.00031
1.01717
1.00021
1.05635
1.03018
1.00019
1.02017
1.02033
1.00946
1.00016
1.00077
1.05121
1.06431
1.00021
1.07633
1.00273
1.10332
1.00022
1.00017
1.01862
1.00647
1.00011
1.0455
1.00017
1.06244
1.00182
1.02752
1.10051
1.02481
1.00033
1.02569
1.00028
1.07946
1.07182
1.01707
1.01503
1.05905
1.00019
1.05659
1.09754
1.01482
1.12372
1.05752
1.00038
1.10924
1.05693
1.09235
1.09951
1.02976
1.05186
1.04597
1.03114
1.00126
1.09814
1.01463
1.08241
1.00918
1.04023
1.10104
1.00025
1.0129
1.00029
1.00022
1.03052
1.03681
1.03012
1.00462
1.00133
1.00016
1.02821
1.07186
1.02948
1.1082
1.04818
1.09714
1.00018
1.00547
1.01447
1.03751
1.03439
1.02899
1.18061
1.02521
1.05004
1.02469
1.03815
1.03611
1.0716
1.02386
1.07909
1.00025
1.02897
1.09405
1.04737
1.06785
1.00569
1.00222
1.02096
1.04728
1.00374
1.02509
1.27012
1.00021
1.00215
1.02005
1.04681
1.00016
1.00415
1.04174
1.04407
1.05253
1.03804
1.04428
1.01828
1.03414
1.00152
1.00136
1.04327
1.06267
1.00022
1.07602
1.12856
1.09298
1.00369
1.01957
1.09269
1.02018
1.00019
1.05963
1.00522
1.07964
1.02944
1.01351
1.07686
1.00026
1.00729
1.06601
1.06058
1.11306
1.00109
1.00016
1.05453
1.05779
1.00019
1.01588
1.04474
1.021
1.00027
1.02007
1.01253
1.07407
1.00016
1.00159
1.00945
1.00023
1.01062
1.00017
1.00017
1.05886
1.04273
1.00301
1.00001
1.02948
1.05142
1.07591
1.02935
1.08267
1.00021
1.02965
1.04099
1.09404
1.00022
1.00027
1.00025
1.00364
1.05259
1.00034
1.03387
1.05319
1.00574
1.03255
1.00022
1.07229
1.07397
1.10207
1.08563
1.0546
1.14546
1.066
1.09852
1.07147
1.0002
1.04261
1.05354
1.01933
1.14713
1.00087
1.01632
1.04386
1.00023
1.0576
1.04076
1.01785
1.00016
1.03172
1.01244
1.03152
1.07916
1.07971
1.00031
1.04577
1.01343
1.06016
1.00668
1.00428
1.01966
1.01933
1.09624
1.00097
1.00014
1.01673
1.1396
1.07995
1.12335
1.07851
1.09583
1.05984
1.05409
1.07794
1.06243
1.00037
1.01167
1.00061
1.01223
1.00794
1.00006
1.00021
1.78693
1.50445
1.69218
1.65344
1.7435
1.37541
1.86055
1.83236
1.5315
1.64099
1.7287
1.52614
1.6088
1.52482
1.88083
1.78904
1.63763
1.53935
1.70509
1.68128
1.66802
1.54601
1.67481
1.59457
1.74369
1.86419
1.74102
1.48299
1.69112
1.48388
1.81785
1.8198
1.45681
1.64772
1.48716
1.81784
1.50129
2.30937
1.74299
1.50503
1.32943
1.60634
1.70778
1.82197
1.76082
1.75704
1.65708
1.72678
1.5629
1.86455
1.50742
1.84819
1.78855
1.59192
1.50846
1.5244
1.71174
1.44152
1.70521
1.73075
1.82264
1.5349
1.61904
1.4941
1.45968
1.64124
1.50892
1.58387
1.80336
1.66704
1.44614
1.57576
1.49402
1.5575
1.62882
1.5337
1.44835
1.65727
2.06774
1.58631
1.69255
1.52873
1.545
1.65008
1.80064
1.66228
1.79015
1.98822
1.47261
1.48622
1.46906
1.82623
1.56908
1.54161
1.85622
1.54668
1.75833
1.9398
2.01821
1.48445
1.34764
1.78197
1.63043
1.51708
1.50627
1.77095
1.55897
1.46171
1.51211
1.59315
1.67897
1.58826
1.47516
1.61593
1.91012
1.80876
1.49225
1.86779
1.79139
1.33844
1.8384
1.68582
1.80997
1.38956
1.8173
1.81545
1.50362
1.5145
2.09421
1.7654
1.72547
1.56636
1.82484
1.65962
1.74459
1.54497
1.56149
1.48917
1.7813
1.50999
1.53882
1.62523
1.7306
1.56172
1.73618
1.72298
1.95392
1.52592
1.55018
1.54959
1.72808
1.50435
1.64054
1.71386
1.60938
1.87583
1.62788
1.65284
1.63826
1.49043
1.89291
1.56771
1.58373
1.66542
1.66714
1.59656
1.47736
1.89075
1.78432
1.40164
1.82891
1.6288
1.46037
1.47519
1.60721
1.53109
1.83577
1.50501
1.67226
1.56884
1.73011
1.65386
1.51921
1.64271
1.78378
1.59935
1.46246
1.54362
1.52473
1.5381
1.66524
1.46799
1.78465
1.6023
1.41832
1.51301
1.92819
1.72782
1.61865
1.82618
1.81562
1.65578
1.45538
1.69458
1.54851
1.89397
1.91492
1.50911
1.81143
1.69271
1.7903
1.66554
1.77331
1.60645
1.94151
1.69166
1.67594
1.73565
1.6397
1.51062
1.61678
1.46139
1.70982
1.5296
1.59243
1.56741
1.75786
1.46535
1.72255
1.6466
1.70932
1.59086
1.68933
1.79687
2.18379
1.67565
1.63269
1.82727
1.55135
1.82898
1.65441
1.35961
1.85044
1.81857
1.54334
1.32716
1.86327
1.50505
1.6445
1.61025
1.42203
1.62558
1.91076
1.71499
1.80568
1.61624
1.81653
1.92365
1.61602
1.93315
1.98239
1.63042
2.08751
1.49646
1.56175
1.73122
1.75245
1.64529
1.51296
2.07411
1.87204
1.71874
1.55275
1.77057
1.66381
2.25984
1.34634
1.73145
1.57946
1.70374
1.45239
1.63227
1.74632
1.66361
1.88079
1.90602
1.79715
1.53112
1.43662
1.54578
1.65649
1.71822
1.51422
1.72771
1.63327
1.58001
1.71087
1.69847
1.64788
1.66576
1.45243
1.39889
1.67974
1.52667
1.35819
1.67903
1.8813
1.53636
1.43697
1.57171
1.60402
1.6807
1.59304
1.70654
1.63231
1.51695
1.69334
1.45191
1.71098
1.92481
1.61629
1.63326
1.98428
1.53319
1.58004
1.66413
1.66323
1.71722
1.53323
1.70529
1.43317
1.58883
1.81502
1.6828
1.57473
1.66343
1.47902
1.58203
1.7271
1.69636
1.45558
1.5005
1.76046
1.7088
1.83033
1.96835
1.61749
1.54674
1.60655
1.81299
1.74099
1.42678
1.51821
1.88863
1.4275
1.67643
1.58453
1.56311
1.4553
1.65773
1.50124
1.57484
1.51738
1.44949
1.57776
1.86423
2.01178
1.88344
1.51861
1.71579
1.51962
1.58783
1.48401
1.71199
1.52135
1.62717
1.82549
1.71906
1.60105
1.70656
1.46118
2.17962
1.496
1.95532
1.65098
1.57069
1.76314
1.47384
1.76117
1.58738
1.67324
1.64835
1.61841
1.60279
1.67489
1.55841
1.9195
1.68698
1.71235
1.62232
1.61363
1.53528
1.80832
1.63284
1.60992
1.48571
1.50989
1.97215
1.64521
1.69366
1.59962
1.69839
1.79433
1.48533
1.43445
1.43238
1.56983
1.66842
1.95151
1.86854
1.6637
1.73952
1.56494
1.92285
1.75538
1.76194
1.51293
1.53485
1.65577
1.99805
1.55234
1.51685
1.49817
1.40806
1.50437
1.48136
1.5226
1.63842
2.10507
1.52133
1.64123
1.68138
1.46001
1.81756
1.56315
1.96281
1.49226
1.86193
1.68686
1.62931
1.5777
1.63672
1.58282
1.62696
1.53981
1.72511
1.98048
1.66706
1.77004
1.629
1.60547
1.52063
1.70908
1.63419
1.57819
1.67022
1.86595
1.74156
1.6145
1.7197
1.7221
1.52853
1.77348
1.61356
1.43195
1.82182
1.43859
1.67761
1.59445
1.6083
1.65131
1.63098
1.65682
1.58646
1.37725
1.54358
1.63614
1.56093
1.69084
2.03538
1.60075
1.52978
1.67982
1.7516
1.57961
2.08159
1.71019
1.70846
1.59528
1.83324
1.67114
1.51737
1.34274
1.69722
1.54389
1.8305
1.56899
1.59223
1.77179
1.61658
1.69499
1.34751
1.55997
1.67586
1.63451
1.53726
1.61363
1.74563
1.71714
1.5572
1.65064
1.4307
1.56586
1.8292
1.47458
1.66004
1.50592
1.66261
1.54755
1.46293
1.62195
1.61014
1.41195
1.79535
1.565
1.58119
1.79739
1.48513
1.58855
1.74273
1.48543
1.77253
1.80613
1.55097
1.46779
1.72818
1.64324
1.32702
1.79533
1.56705
1.71295
1.97265
1.49569
1.56548
1.39071
1.49682
1.56528
1.66079
1.59444
1.62203
1.42981
1.61303
1.7487
1.64579
1.73528
1.52174
2.0559
1.80366
1.59508
1.51581
1.48711
1.65216
1.55612
1.68538
1.62131
1.78078
1.80707
1.75503
1.74055
1.48899
1.58213
1.60368
1.4062
1.49458
1.40467
1.52937
1.6899
1.82344
1.53379
1.73837
1.9813
1.62809
1.5394
1.74845
1.47174
1.74893
1.52411
1.76468
1.84167
2.10382
1.58649
1.61672
1.6781
1.51236
1.46746
1.55656
1.62009
1.56856
1.51191
1.67822
1.69808
1.60915
1.74632
1.68504
1.65117
1.51113
1.78609
1.56983
1.43232
1.6578
1.65605
1.5032
1.65924
1.72401
1.53121
1.78298
1.795
1.48103
1.31634
1.64271
1.44282
1.91601
1.42709
1.67508
1.67578
1.42863
1.55565
1.7522
1.6435
1.49756
1.42736
1.42454
1.52806
1.54815
1.45491
2.03713
1.59551
1.53537
1.80274
1.65236
1.73188
1.59846
1.63782
1.82347
1.54488
1.69254
1.50147
1.61584
1.72329
1.59415
1.62194
1.74691
1.80017
1.69253
1.57155
1.58424
1.57915
1.88604
1.46722
1.8052
1.68893
1.65839
1.63538
1.59968
1.548
1.48965
1.82817
1.48761
1.68145
1.62331
1.71301
1.40932
1.3751
1.8893
1.67367
1.61224
1.67882
1.70719
1.82262
1.53039
1.27313
1.56379
1.577
1.81478
1.5997
1.49493
1.60881
1.68969
1.63882
1.71729
1.56934
1.51559
1.66787
1.71771
1.58912
1.64639
1.39936
1.49243
1.38282
1.61643
1.65641
1.6466
1.73171
1.48355
1.46109
1.74716
1.5618
1.72703
1.75904
1.6146
1.71891
1.63831
1.704
1.82582
1.56861
1.65785
1.47449
1.70173
1.66726
1.72539
1.66773
1.70853
1.79023
1.72502
1.45529
1.93314
1.59194
1.48894
1.57758
1.46403
1.46061
1.65191
1.60323
1.7417
1.60112
1.4397
1.54105
1.64533
1.58737
1.56554
1.65335
1.61326
2.04679
1.58869
1.85348
1.80248
1.43567
1.64989
1.62389
1.88964
1.63441
1.43762
1.52102
1.47816
1.46004
1.63083
1.81829
1.71184
1.40401
1.56697
1.49526
1.76648
1.4981
1.52731
1.49132
1.65942
1.50411
1.74425
1.68227
1.82302
1.70718
1.44303
1.45672
1.59331
1.70276
1.56127
1.46996
1.49635
1.4769
2.03775
1.76467
1.60394
1.94579
1.50481
1.60424
1.59774
1.76362
1.60273
1.48555
1.77786
1.50003
1.64787
1.7158
2.17858
1.57003
1.87699
1.42521
1.74667
1.72111
1.4939
1.92263
1.73147
1.39223
1.72315
1.58254
1.70746
1.58176
1.44638
1.63426
1.49342
1.7226
1.44514
1.63492
1.53034
1.77686
1.56803
1.54371
1.88432
1.72154
1.78032
1.69539
1.33152
1.52531
1.67846
1.87671
1.76624
2.20032
1.65703
1.56998
1.55195
1.64266
1.80979
1.48597
1.86121
1.82492
1.48257
1.77059
1.48844
1.49714
1.51999
1.58627
1.60527
1.65709
1.61789
1.60173
1.62309
1.95477
1.67941
1.69534
1.61054
1.65635
1.95213
1.6459
1.34621
1.98938
1.54154
1.93935
1.66594
1.88306
1.39768
1.51944
1.71559
1.50429
1.69041
1.62235
1.81018
1.72269
1.7294
1.55219
1.67963
1.66132
1.81129
1.55534
1.56036
1.55371
1.56136
1.67266
1.65943
1.72729
1.74467
1.51271
1.85309
1.62453
1.60548
1.69357
1.68816
1.71597
1.5289
1.55314
1.67009
1.55726
1.47769
1.5492
1.37394
1.84671
1.7677
1.51781
1.49329
1.58152
1.53964
1.88304
1.67161
1.51827
1.53708
1.35681
1.62041
1.52411
1.5088
1.65705
1.53844
1.54105
1.58338
1.46527
1.41793
1.50307
1.53206
1.52332
1.72716
1.5113
1.56786
1.50782
1.70957
1.72216
1.60171
1.56763
1.83768
1.64985
2.11354
1.72517
1.95027
1.63089
1.89877
1.90065
1.66374
1.52003
1.70787
1.67607
1.66347
1.3855
1.59366
1.46572
2.18308
1.70989
1.54331
1.46819
1.41407
1.64467
1.56783
2.15902
1.80156
1.58868
1.85974
1.52164
1.5785
1.96899
1.44928
1.46315
1.65796
1.48663
1.74327
1.77131
1.71874
1.72883
1.54069
1.52871
1.82401
1.53301
1.6198
1.50903
1.99272
1.61131
1.90568
1.42401
1.80032
1.94972
1.65322
1.71253
1.94131
1.60994
1.60758
1.66388
1.62961
1.73248
1.8623
1.69727
1.55379
1.70732
1.64114
1.50491
1.53596
1.23003
1.11597
1.11579
1.16829
1.16206
1.114
1.19568
1.2652
1.13325
1.11376
1.16862
1.52614
1.12324
1.13079
1.17447
1.14101
1.17079
1.13521
1.08497
1.13587
1.14869
1.06358
1.17531
1.14638
1.17343
1.1453
1.1047
1.19375
1.18328
1.14805
1.18025
1.13154
1.12772
1.12594
1.1003
1.16584
1.0956
1.19861
1.12418
1.10766
1.12598
1.09319
1.10076
1.22586
1.11254
1.05151
1.65708
1.20327
1.10797
1.12392
1.13819
1.1923
1.17146
1.13881
1.10382
1.14193
1.14687
1.08358
1.17841
1.08191
1.18792
1.10432
1.18074
1.14379
1.0953
1.09164
1.1294
1.15572
1.20274
1.17492
1.14447
1.18277
1.11172
1.17006
1.11624
1.16075
1.10707
1.15434
1.18587
1.09309
1.16516
1.09455
1.13199
1.15685
1.18631
1.13585
1.23997
1.16276
1.14121
1.13367
1.13649
1.24229
1.09685
1.15221
1.13328
1.13613
1.16182
1.2449
1.16045
1.08071
1.09753
1.21077
1.12523
1.17624
1.14411
1.18981
1.12143
1.04881
1.12939
1.1409
1.15544
1.20605
1.15854
1.17368
1.27373
1.13456
1.12706
1.19721
1.1677
1.07903
1.15131
1.12954
1.13859
1.09796
1.25092
1.23379
1.12209
1.1264
1.10666
1.1811
1.18463
1.16317
1.22319
1.1371
1.14092
1.12934
1.1181
1.16044
1.10727
1.1405
1.15756
1.16822
1.14261
1.05896
1.20042
1.11594
1.09612
1.16493
1.18621
1.12591
1.18898
1.11187
1.13569
1.18785
1.09916
1.1835
1.09095
1.15576
1.17156
1.12496
1.18334
1.09022
1.07703
1.14074
1.14412
1.18799
1.12638
1.18952
1.26316
1.09052
1.20292
1.12746
1.12643
1.12586
1.1434
1.08635
1.12562
1.16843
1.14336
1.1722
1.1427
1.09981
1.15665
1.13421
1.15501
1.10765
1.08393
1.09233
1.14134
1.09917
1.07625
1.12751
1.16024
1.1873
1.10695
1.14142
1.17149
1.17374
1.17763
1.16815
1.14033
1.11915
1.07174
1.10136
1.11134
1.07445
1.09625
1.13106
1.14441
1.16058
1.13315
1.1622
1.18267
1.19277
1.13729
1.15439
1.14327
1.08361
1.16543
1.14146
1.13136
1.12979
1.10034
1.11637
1.12383
1.17182
1.18429
1.14782
1.13433
1.12864
1.1665
1.14652
1.15207
1.14887
2.18379
1.16522
1.09249
1.1656
1.12351
1.18295
1.12698
1.14363
1.14572
1.16602
1.11738
1.08953
1.09341
1.11565
1.14568
1.16431
1.14185
1.16106
1.19435
1.15402
1.80568
1.17794
1.17574
1.16825
1.20958
1.19624
1.23841
1.14972
1.25706
1.13317
1.15769
1.21101
1.16349
1.06964
1.16517
2.07411
1.2197
1.21985
1.10948
1.18393
1.12275
1.28017
1.11143
1.13356
1.16657
1.09021
1.12762
1.17088
1.15358
1.18036
1.18468
1.12551
1.23851
1.09494
1.11033
1.14405
1.07847
1.1278
1.12861
1.1653
1.12721
1.13606
1.09366
1.21938
1.17856
1.12055
1.07571
1.09735
1.126
1.15019
1.08981
1.09872
1.24463
1.10677
1.10221
1.13009
1.10887
1.11516
1.13432
1.15513
1.17204
1.09722
1.20535
1.09004
1.18983
1.1978
1.15713
1.11815
1.12801
1.12728
1.11931
1.17821
1.12831
1.21133
1.09871
1.24684
1.12052
1.13235
1.20409
1.14122
1.11334
1.12184
1.08799
1.14588
1.1543
1.16607
1.11775
1.14263
1.1355
1.08173
1.10814
1.12207
1.12517
1.06879
1.15965
1.08854
1.24387
1.14561
1.11338
1.27319
1.07871
1.1471
1.11541
1.14899
1.10313
1.12083
1.1917
1.12791
1.11925
1.13136
1.16357
1.23857
1.27644
1.13999
1.10136
1.19978
1.13431
1.13304
1.09005
1.20006
1.17303
1.12403
1.15248
1.20219
1.12861
1.17933
1.11524
1.17502
1.13036
1.19995
1.1064
1.15698
1.11021
1.14036
1.05798
1.11856
1.16533
1.13979
1.1356
1.06802
1.18034
1.14927
1.22735
1.13187
1.25016
1.09904
1.10603
1.0883
1.17286
1.08655
1.11685
1.1131
1.14009
1.19646
1.13966
1.22196
1.16007
1.17708
1.16215
1.1338
1.11433
1.09556
1.11572
1.19462
1.2004
1.15871
1.1529
1.12713
1.08318
1.17312
1.17872
1.20094
1.09149
1.13613
1.229
1.99805
1.11515
1.14657
1.11352
1.14312
1.11243
1.1202
1.1468
1.12348
1.23359
1.14944
1.11577
1.16129
1.17024
1.0921
1.1316
1.19111
1.0942
1.17139
1.17713
1.14639
1.08372
1.14735
1.1454
1.13487
1.13866
1.09059
1.24452
1.15353
1.77004
1.1372
1.13156
1.10535
1.16646
1.16692
1.16866
1.20325
1.10981
1.15498
1.11142
1.15832
1.13338
1.10977
1.1442
1.10831
1.18209
1.2013
1.13968
1.08374
1.14293
1.18643
1.11821
1.10068
1.11357
1.13734
1.11063
1.11715
1.11777
1.14737
1.14739
1.23804
1.15926
1.15874
1.15016
1.22194
1.16741
1.15747
1.12022
1.08613
1.14106
1.10896
1.21343
1.10011
1.08123
1.17756
1.12679
1.17283
1.12669
1.08485
1.13194
1.1393
1.09472
1.087
1.1712
1.10744
1.15653
1.08502
1.15732
1.10022
1.14957
1.16207
1.13639
1.09244
1.1457
1.21235
1.05985
1.15422
1.14517
1.18863
1.1389
1.08831
1.11316
1.09568
1.11025
1.22821
1.11669
1.15086
1.16085
1.05404
1.10498
1.14732
1.13684
1.1181
1.18151
1.14103
1.1249
1.19893
1.16703
1.10966
1.15578
1.12073
1.10771
1.17154
1.11297
1.21092
1.09793
1.09633
1.15577
1.09661
1.1236
1.09193
1.09113
1.16897
1.11759
1.13008
1.16275
1.10652
1.18715
1.17316
1.15496
1.15196
1.08425
1.12163
1.2331
1.14453
1.14116
1.17074
1.19015
1.21321
1.74055
1.11533
1.10926
1.13799
1.13628
1.08117
1.15442
1.07987
1.19249
1.1536
1.11835
1.17416
1.3041
1.17821
1.15859
1.18094
1.08338
1.12091
1.1448
1.2274
1.25229
1.19618
1.15987
1.12518
1.15649
1.11031
1.08393
1.19277
1.14327
1.13042
1.09807
1.17186
1.12043
1.17215
1.10226
1.18028
1.18005
1.12668
1.10283
1.14665
1.08067
1.19614
1.20886
1.10234
1.12403
1.08017
1.03523
1.12337
1.20121
1.15807
1.08828
1.10628
1.11323
1.19284
1.10295
1.14162
1.11831
1.11162
1.14704
1.14923
1.17809
1.15908
1.10514
1.08432
1.10113
1.06409
1.1271
1.2845
1.09532
1.11021
1.16554
1.13697
1.18223
1.11981
1.06689
1.14042
1.15067
1.21799
1.06765
1.13791
1.11163
1.11007
1.21585
1.12962
1.16839
1.14283
1.14132
1.08095
1.1811
1.1664
1.14401
1.16553
1.11834
1.15545
1.14977
1.14647
1.1558
1.15504
1.1592
1.11833
1.11228
1.13375
1.06518
1.10595
1.12275
1.08282
1.09329
1.15628
1.15418
1.13302
1.19606
1.14049
1.04165
1.12753
1.14605
1.23178
1.11501
1.08602
1.09568
1.1064
1.15501
1.15373
1.14383
1.13399
1.1243
1.12969
1.09695
1.14737
1.12777
1.09271
1.07005
1.10953
1.13456
1.14964
1.20118
1.09212
1.10708
1.1613
1.13793
1.19089
1.19628
1.08189
1.18353
1.17071
1.0934
1.15937
1.08742
1.16788
1.11691
1.14303
1.08957
1.16128
1.13354
1.14153
1.21342
1.1349
1.098
1.17503
1.12291
1.0781
1.12428
1.06467
1.13621
1.16968
1.16457
1.1777
1.14228
1.4397
1.17144
1.14521
1.16734
1.15175
1.17207
1.10803
1.11271
1.18751
1.09992
1.17134
1.14936
1.09081
1.13369
1.13011
1.10888
1.12181
1.13413
1.19085
1.07105
1.11281
1.16034
1.07708
1.09706
1.12579
1.132
1.20968
1.12935
1.16517
1.14081
1.16382
1.13318
1.19146
1.20917
1.18267
1.17205
1.13305
1.10313
1.06581
1.21831
1.14141
1.1136
1.10916
1.10438
1.08341
1.16207
1.16465
1.23943
1.11342
1.17176
1.14781
1.0906
1.08766
1.12738
1.20793
1.09944
1.10787
1.06702
1.12159
1.15397
1.08381
1.11707
1.14682
1.19781
1.16172
1.21519
1.12308
1.07419
1.10783
1.14906
1.15786
1.19005
1.06204
1.12175
1.16496
1.23379
1.08783
1.17442
1.13287
1.21996
1.09945
1.11297
1.17172
1.16059
1.06316
1.15473
1.11781
1.18139
1.1305
1.17249
1.18545
1.11072
1.15802
1.13034
1.17312
1.17493
1.14114
1.12711
1.23427
1.2404
1.10278
1.17634
1.14044
1.1557
1.06118
1.2002
1.103
1.15205
1.17496
1.16863
1.1426
1.30702
1.18074
1.09253
1.19804
1.12219
1.18226
1.20243
1.10471
1.14481
1.19456
1.17425
1.11641
1.16756
1.11185
1.18369
1.16634
1.08117
1.11352
1.13454
1.12684
1.14276
1.16397
1.11924
1.16244
1.1459
1.20374
1.19217
1.10656
1.10857
1.08068
1.14641
1.14507
1.15896
1.18728
1.10621
1.14701
1.19421
1.13801
1.18401
1.10785
1.14306
1.1161
1.14057
1.12008
1.16172
1.05878
1.14209
1.09116
1.18277
1.17073
1.11885
1.07609
1.13242
1.10094
1.2127
1.08916
1.09959
1.08002
1.0787
1.17192
1.14269
1.23033
1.05793
1.04165
1.15562
1.11299
1.10667
1.12943
1.12541
1.12963
1.12709
1.2002
1.13963
1.18068
1.13863
1.117
1.13601
1.13577
1.06609
1.19057
1.21103
1.17113
1.1395
1.13095
1.15365
1.19044
1.16411
1.09705
1.16205
1.16342
1.16655
1.21783
1.08961
1.12897
1.04324
1.2147
1.2205
1.11435
1.05769
1.09483
1.12239
1.17235
1.19495
1.23563
1.18188
1.21687
1.11543
1.11985
1.1746
1.12132
1.13366
1.18677
1.07255
1.15605
1.18534
1.16239
1.28176
1.13281
1.17417
1.1007
1.10798
1.13655
1.11274
1.27139
1.05005
1.19789
1.06345
1.17269
1.17977
1.11578
1.08611
1.17836
1.12005
1.14908
1.12063
1.16231
1.11864
1.1076
1.1674
1.17454
1.1317
1.15977
1.10156
1.14444
1.78693
1.50445
1.69218
1.65344
1.7435
1.37541
1.86055
1.83236
1.5315
1.64099
1.7287
1.52614
1.6088
1.52482
1.88083
1.78904
1.63763
1.53935
1.70509
1.68128
1.66802
1.54601
1.67481
1.59457
1.74369
1.86419
1.74102
1.48299
1.69112
1.48388
1.81785
1.8198
1.45681
1.64772
1.48716
1.81784
1.50129
2.30937
1.74299
1.50503
1.32943
1.60634
1.70778
1.82197
1.76082
1.75704
1.65708
1.72678
1.5629
1.86455
1.50742
1.84819
1.78855
1.59192
1.50846
1.5244
1.71174
1.44152
1.70521
1.73075
1.82264
1.5349
1.61904
1.4941
1.45968
1.64124
1.50892
1.58387
1.80336
1.66704
1.44614
1.57576
1.49402
1.5575
1.62882
1.5337
1.44835
1.65727
2.06774
1.58631
1.69255
1.52873
1.545
1.65008
1.80064
1.66228
1.79015
1.98822
1.47261
1.48622
1.46906
1.82623
1.56908
1.54161
1.85622
1.54668
1.75833
1.9398
2.01821
1.48445
1.34764
1.78197
1.63043
1.51708
1.50627
1.77095
1.55897
1.46171
1.51211
1.59315
1.67897
1.58826
1.47516
1.61593
1.91012
1.80876
1.49225
1.86779
1.79139
1.33844
1.8384
1.68582
1.80997
1.38956
1.8173
1.81545
1.50362
1.5145
2.09421
1.7654
1.72547
1.56636
1.82484
1.65962
1.74459
1.54497
1.56149
1.48917
1.7813
1.50999
1.53882
1.62523
1.7306
1.56172
1.73618
1.72298
1.95392
1.52592
1.55018
1.54959
1.72808
1.50435
1.64054
1.71386
1.60938
1.87583
1.62788
1.65284
1.63826
1.49043
1.89291
1.56771
1.58373
1.66542
1.66714
1.59656
1.47736
1.89075
1.78432
1.40164
1.82891
1.6288
1.46037
1.47519
1.60721
1.53109
1.83577
1.50501
1.67226
1.56884
1.73011
1.65386
1.51921
1.64271
1.78378
1.59935
1.46246
1.54362
1.52473
1.5381
1.66524
1.46799
1.78465
1.6023
1.41832
1.51301
1.92819
1.72782
1.61865
1.82618
1.81562
1.65578
1.45538
1.69458
1.54851
1.89397
1.91492
1.50911
1.81143
1.69271
1.7903
1.66554
1.77331
1.60645
1.94151
1.69166
1.67594
1.73565
1.6397
1.51062
1.61678
1.46139
1.70982
1.5296
1.59243
1.56741
1.75786
1.46535
1.72255
1.6466
1.70932
1.59086
1.68933
1.79687
2.18379
1.67565
1.63269
1.82727
1.55135
1.82898
1.65441
1.35961
1.85044
1.81857
1.54334
1.32716
1.86327
1.50505
1.6445
1.61025
1.42203
1.62558
1.91076
1.71499
1.80568
1.61624
1.81653
1.92365
1.61602
1.93315
1.98239
1.63042
2.08751
1.49646
1.56175
1.73122
1.75245
1.64529
1.51296
2.07411
1.87204
1.71874
1.55275
1.77057
1.66381
2.25984
1.34634
1.73145
1.57946
1.70374
1.45239
1.63227
1.74632
1.66361
1.88079
1.90602
1.79715
1.53112
1.43662
1.54578
1.65649
1.71822
1.51422
1.72771
1.63327
1.58001
1.71087
1.69847
1.64788
1.66576
1.45243
1.39889
1.67974
1.52667
1.35819
1.67903
1.8813
1.53636
1.43697
1.57171
1.60402
1.6807
1.59304
1.70654
1.63231
1.51695
1.69334
1.45191
1.71098
1.92481
1.61629
1.63326
1.98428
1.53319
1.58004
1.66413
1.66323
1.71722
1.53323
1.70529
1.43317
1.58883
1.81502
1.6828
1.57473
1.66343
1.47902
1.58203
1.7271
1.69636
1.45558
1.5005
1.76046
1.7088
1.83033
1.96835
1.61749
1.54674
1.60655
1.81299
1.74099
1.42678
1.51821
1.88863
1.4275
1.67643
1.58453
1.56311
1.4553
1.65773
1.50124
1.57484
1.51738
1.44949
1.57776
1.86423
2.01178
1.88344
1.51861
1.71579
1.51962
1.58783
1.48401
1.71199
1.52135
1.62717
1.82549
1.71906
1.60105
1.70656
1.46118
2.17962
1.496
1.95532
1.65098
1.57069
1.76314
1.47384
1.76117
1.58738
1.67324
1.64835
1.61841
1.60279
1.67489
1.55841
1.9195
1.68698
1.71235
1.62232
1.61363
1.53528
1.80832
1.63284
1.60992
1.48571
1.50989
1.97215
1.64521
1.69366
1.59962
1.69839
1.79433
1.48533
1.43445
1.43238
1.56983
1.66842
1.95151
1.86854
1.6637
1.73952
1.56494
1.92285
1.75538
1.76194
1.51293
1.53485
1.65577
1.99805
1.55234
1.51685
1.49817
1.40806
1.50437
1.48136
1.5226
1.63842
2.10507
1.52133
1.64123
1.68138
1.46001
1.81756
1.56315
1.96281
1.49226
1.86193
1.68686
1.62931
1.5777
1.63672
1.58282
1.62696
1.53981
1.72511
1.98048
1.66706
1.77004
1.629
1.60547
1.52063
1.70908
1.63419
1.57819
1.67022
1.86595
1.74156
1.6145
1.7197
1.7221
1.52853
1.77348
1.61356
1.43195
1.82182
1.43859
1.67761
1.59445
1.6083
1.65131
1.63098
1.65682
1.58646
1.37725
1.54358
1.63614
1.56093
1.69084
2.03538
1.60075
1.52978
1.67982
1.7516
1.57961
2.08159
1.71019
1.70846
1.59528
1.83324
1.67114
1.51737
1.34274
1.69722
1.54389
1.8305
1.56899
1.59223
1.77179
1.61658
1.69499
1.34751
1.55997
1.67586
1.63451
1.53726
1.61363
1.74563
1.71714
1.5572
1.65064
1.4307
1.56586
1.8292
1.47458
1.66004
1.50592
1.66261
1.54755
1.46293
1.62195
1.61014
1.41195
1.79535
1.565
1.58119
1.79739
1.48513
1.58855
1.74273
1.48543
1.77253
1.80613
1.55097
1.46779
1.72818
1.64324
1.32702
1.79533
1.56705
1.71295
1.97265
1.49569
1.56548
1.39071
1.49682
1.56528
1.66079
1.59444
1.62203
1.42981
1.61303
1.7487
1.64579
1.73528
1.52174
2.0559
1.80366
1.59508
1.51581
1.48711
1.65216
1.55612
1.68538
1.62131
1.78078
1.80707
1.75503
1.74055
1.48899
1.58213
1.60368
1.4062
1.49458
1.40467
1.52937
1.6899
1.82344
1.53379
1.73837
1.9813
1.62809
1.5394
1.74845
1.47174
1.74893
1.52411
1.76468
1.84167
2.10382
1.58649
1.61672
1.6781
1.51236
1.46746
1.55656
1.62009
1.56856
1.51191
1.67822
1.69808
1.60915
1.74632
1.68504
1.65117
1.51113
1.78609
1.56983
1.43232
1.6578
1.65605
1.5032
1.65924
1.72401
1.53121
1.78298
1.795
1.48103
1.31634
1.64271
1.44282
1.91601
1.42709
1.67508
1.67578
1.42863
1.55565
1.7522
1.6435
1.49756
1.42736
1.42454
1.52806
1.54815
1.45491
2.03713
1.59551
1.53537
1.80274
1.65236
1.73188
1.59846
1.63782
1.82347
1.54488
1.69254
1.50147
1.61584
1.72329
1.59415
1.62194
1.74691
1.80017
1.69253
1.57155
1.58424
1.57915
1.88604
1.46722
1.8052
1.68893
1.65839
1.63538
1.59968
1.548
1.48965
1.82817
1.48761
1.68145
1.62331
1.71301
1.40932
1.3751
1.8893
1.67367
1.61224
1.67882
1.70719
1.82262
1.53039
1.27313
1.56379
1.577
1.81478
1.5997
1.49493
1.60881
1.68969
1.63882
1.71729
1.56934
1.51559
1.66787
1.71771
1.58912
1.64639
1.39936
1.49243
1.38282
1.61643
1.65641
1.6466
1.73171
1.48355
1.46109
1.74716
1.5618
1.72703
1.75904
1.6146
1.71891
1.63831
1.704
1.82582
1.56861
1.65785
1.47449
1.70173
1.66726
1.72539
1.66773
1.70853
1.79023
1.72502
1.45529
1.93314
1.59194
1.48894
1.57758
1.46403
1.46061
1.65191
1.60323
1.7417
1.60112
1.4397
1.54105
1.64533
1.58737
1.56554
1.65335
1.61326
2.04679
1.58869
1.85348
1.80248
1.43567
1.64989
1.62389
1.88964
1.63441
1.43762
1.52102
1.47816
1.46004
1.63083
1.81829
1.71184
1.40401
1.56697
1.49526
1.76648
1.4981
1.52731
1.49132
1.65942
1.50411
1.74425
1.68227
1.82302
1.70718
1.44303
1.45672
1.59331
1.70276
1.56127
1.46996
1.49635
1.4769
2.03775
1.76467
1.60394
1.94579
1.50481
1.60424
1.59774
1.76362
1.60273
1.48555
1.77786
1.50003
1.64787
1.7158
2.17858
1.57003
1.87699
1.42521
1.74667
1.72111
1.4939
1.92263
1.73147
1.39223
1.72315
1.58254
1.70746
1.58176
1.44638
1.63426
1.49342
1.7226
1.44514
1.63492
1.53034
1.77686
1.56803
1.54371
1.88432
1.72154
1.78032
1.69539
1.33152
1.52531
1.67846
1.87671
1.76624
2.20032
1.65703
1.56998
1.55195
1.64266
1.80979
1.48597
1.86121
1.82492
1.48257
1.77059
1.48844
1.49714
1.51999
1.58627
1.60527
1.65709
1.61789
1.60173
1.62309
1.95477
1.67941
1.69534
1.61054
1.65635
1.95213
1.6459
1.34621
1.98938
1.54154
1.93935
1.66594
1.88306
1.39768
1.51944
1.71559
1.50429
1.69041
1.62235
1.81018
1.72269
1.7294
1.55219
1.67963
1.66132
1.81129
1.55534
1.56036
1.55371
1.56136
1.67266
1.65943
1.72729
1.74467
1.51271
1.85309
1.62453
1.60548
1.69357
1.68816
1.71597
1.5289
1.55314
1.67009
1.55726
1.47769
1.5492
1.37394
1.84671
1.7677
1.51781
1.49329
1.58152
1.53964
1.88304
1.67161
1.51827
1.53708
1.35681
1.62041
1.52411
1.5088
1.65705
1.53844
1.54105
1.58338
1.46527
1.41793
1.50307
1.53206
1.52332
1.72716
1.5113
1.56786
1.50782
1.70957
1.72216
1.60171
1.56763
1.83768
1.64985
2.11354
1.72517
1.95027
1.63089
1.89877
1.90065
1.66374
1.52003
1.70787
1.67607
1.66347
1.3855
1.59366
1.46572
2.18308
1.70989
1.54331
1.46819
1.41407
1.64467
1.56783
2.15902
1.80156
1.58868
1.85974
1.52164
1.5785
1.96899
1.44928
1.46315
1.65796
1.48663
1.74327
1.77131
1.71874
1.72883
1.54069
1.52871
1.82401
1.53301
1.6198
1.50903
1.99272
1.61131
1.90568
1.42401
1.80032
1.94972
1.65322
1.71253
1.94131
1.60994
1.60758
1.66388
1.62961
1.73248
1.8623
1.69727
1.55379
1.70732
1.64114
1.50491
1.53596
1.78693
1.50445
1.69218
1.65344
1.7435
1.37541
1.86055
1.83236
1.5315
1.64099
1.7287
1.52614
1.6088
1.52482
1.88083
1.78904
1.63763
1.53935
1.70509
1.68128
1.66802
1.54601
1.67481
1.59457
1.74369
1.86419
1.74102
1.48299
1.69112
1.48388
1.81785
1.8198
1.45681
1.64772
1.48716
1.81784
1.50129
2.30937
1.74299
1.50503
1.32943
1.60634
1.70778
1.82197
1.76082
1.75704
1.65708
1.72678
1.5629
1.86455
1.50742
1.84819
1.78855
1.59192
1.50846
1.5244
1.71174
1.44152
1.70521
1.73075
1.82264
1.5349
1.61904
1.4941
1.45968
1.64124
1.50892
1.58387
1.80336
1.66704
1.44614
1.57576
1.49402
1.5575
1.62882
1.5337
1.44835
1.65727
2.06774
1.58631
1.69255
1.52873
1.545
1.65008
1.80064
1.66228
1.79015
1.98822
1.47261
1.48622
1.46906
1.82623
1.56908
1.54161
1.85622
1.54668
1.75833
1.9398
2.01821
1.48445
1.34764
1.78197
1.63043
1.51708
1.50627
1.77095
1.55897
1.46171
1.51211
1.59315
1.67897
1.58826
1.47516
1.61593
1.91012
1.80876
1.49225
1.86779
1.79139
1.33844
1.8384
1.68582
1.80997
1.38956
1.8173
1.81545
1.50362
1.5145
2.09421
1.7654
1.72547
1.56636
1.82484
1.65962
1.74459
1.54497
1.56149
1.48917
1.7813
1.50999
1.53882
1.62523
1.7306
1.56172
1.73618
1.72298
1.95392
1.52592
1.55018
1.54959
1.72808
1.50435
1.64054
1.71386
1.60938
1.87583
1.62788
1.65284
1.63826
1.49043
1.89291
1.56771
1.58373
1.66542
1.66714
1.59656
1.47736
1.89075
1.78432
1.40164
1.82891
1.6288
1.46037
1.47519
1.60721
1.53109
1.83577
1.50501
1.67226
1.56884
1.73011
1.65386
1.51921
1.64271
1.78378
1.59935
1.46246
1.54362
1.52473
1.5381
1.66524
1.46799
1.78465
1.6023
1.41832
1.51301
1.92819
1.72782
1.61865
1.82618
1.81562
1.65578
1.45538
1.69458
1.54851
1.89397
1.91492
1.50911
1.81143
1.69271
1.7903
1.66554
1.77331
1.60645
1.94151
1.69166
1.67594
1.73565
1.6397
1.51062
1.61678
1.46139
1.70982
1.5296
1.59243
1.56741
1.75786
1.46535
1.72255
1.6466
1.70932
1.59086
1.68933
1.79687
2.18379
1.67565
1.63269
1.82727
1.55135
1.82898
1.65441
1.35961
1.85044
1.81857
1.54334
1.32716
1.86327
1.50505
1.6445
1.61025
1.42203
1.62558
1.91076
1.71499
1.80568
1.61624
1.81653
1.92365
1.61602
1.93315
1.98239
1.63042
2.08751
1.49646
1.56175
1.73122
1.75245
1.64529
1.51296
2.07411
1.87204
1.71874
1.55275
1.77057
1.66381
2.25984
1.34634
1.73145
1.57946
1.70374
1.45239
1.63227
1.74632
1.66361
1.88079
1.90602
1.79715
1.53112
1.43662
1.54578
1.65649
1.71822
1.51422
1.72771
1.63327
1.58001
1.71087
1.69847
1.64788
1.66576
1.45243
1.39889
1.67974
1.52667
1.35819
1.67903
1.8813
1.53636
1.43697
1.57171
1.60402
1.6807
1.59304
1.70654
1.63231
1.51695
1.69334
1.45191
1.71098
1.92481
1.61629
1.63326
1.98428
1.53319
1.58004
1.66413
1.66323
1.71722
1.53323
1.70529
1.43317
1.58883
1.81502
1.6828
1.57473
1.66343
1.47902
1.58203
1.7271
1.69636
1.45558
1.5005
1.76046
1.7088
1.83033
1.96835
1.61749
1.54674
1.60655
1.81299
1.74099
1.42678
1.51821
1.88863
1.4275
1.67643
1.58453
1.56311
1.4553
1.65773
1.50124
1.57484
1.51738
1.44949
1.57776
1.86423
2.01178
1.88344
1.51861
1.71579
1.51962
1.58783
1.48401
1.71199
1.52135
1.62717
1.82549
1.71906
1.60105
1.70656
1.46118
2.17962
1.496
1.95532
1.65098
1.57069
1.76314
1.47384
1.76117
1.58738
1.67324
1.64835
1.61841
1.60279
1.67489
1.55841
1.9195
1.68698
1.71235
1.62232
1.61363
1.53528
1.80832
1.63284
1.60992
1.48571
1.50989
1.97215
1.64521
1.69366
1.59962
1.69839
1.79433
1.48533
1.43445
1.43238
1.56983
1.66842
1.95151
1.86854
1.6637
1.73952
1.56494
1.92285
1.75538
1.76194
1.51293
1.53485
1.65577
1.99805
1.55234
1.51685
1.49817
1.40806
1.50437
1.48136
1.5226
1.63842
2.10507
1.52133
1.64123
1.68138
1.46001
1.81756
1.56315
1.96281
1.49226
1.86193
1.68686
1.62931
1.5777
1.63672
1.58282
1.62696
1.53981
1.72511
1.98048
1.66706
1.77004
1.629
1.60547
1.52063
1.70908
1.63419
1.57819
1.67022
1.86595
1.74156
1.6145
1.7197
1.7221
1.52853
1.77348
1.61356
1.43195
1.82182
1.43859
1.67761
1.59445
1.6083
1.65131
1.63098
1.65682
1.58646
1.37725
1.54358
1.63614
1.56093
1.69084
2.03538
1.60075
1.52978
1.67982
1.7516
1.57961
2.08159
1.71019
1.70846
1.59528
1.83324
1.67114
1.51737
1.34274
1.69722
1.54389
1.8305
1.56899
1.59223
1.77179
1.61658
1.69499
1.34751
1.55997
1.67586
1.63451
1.53726
1.61363
1.74563
1.71714
1.5572
1.65064
1.4307
1.56586
1.8292
1.47458
1.66004
1.50592
1.66261
1.54755
1.46293
1.62195
1.61014
1.41195
1.79535
1.565
1.58119
1.79739
1.48513
1.58855
1.74273
1.48543
1.77253
1.80613
1.55097
1.46779
1.72818
1.64324
1.32702
1.79533
1.56705
1.71295
1.97265
1.49569
1.56548
1.39071
1.49682
1.56528
1.66079
1.59444
1.62203
1.42981
1.61303
1.7487
1.64579
1.73528
1.52174
2.0559
1.80366
1.59508
1.51581
1.48711
1.65216
1.55612
1.68538
1.62131
1.78078
1.80707
1.75503
1.74055
1.48899
1.58213
1.60368
1.4062
1.49458
1.40467
1.52937
1.6899
1.82344
1.53379
1.73837
1.9813
1.62809
1.5394
1.74845
1.47174
1.74893
1.52411
1.76468
1.84167
2.10382
1.58649
1.61672
1.6781
1.51236
1.46746
1.55656
1.62009
1.56856
1.51191
1.67822
1.69808
1.60915
1.74632
1.68504
1.65117
1.51113
1.78609
1.56983
1.43232
1.6578
1.65605
1.5032
1.65924
1.72401
1.53121
1.78298
1.795
1.48103
1.31634
1.64271
1.44282
1.91601
1.42709
1.67508
1.67578
1.42863
1.55565
1.7522
1.6435
1.49756
1.42736
1.42454
1.52806
1.54815
1.45491
2.03713
1.59551
1.53537
1.80274
1.65236
1.73188
1.59846
1.63782
1.82347
1.54488
1.69254
1.50147
1.61584
1.72329
1.59415
1.62194
1.74691
1.80017
1.69253
1.57155
1.58424
1.57915
1.88604
1.46722
1.8052
1.68893
1.65839
1.63538
1.59968
1.548
1.48965
1.82817
1.48761
1.68145
1.62331
1.71301
1.40932
1.3751
1.8893
1.67367
1.61224
1.67882
1.70719
1.82262
1.53039
1.27313
1.56379
1.577
1.81478
1.5997
1.49493
1.60881
1.68969
1.63882
1.71729
1.56934
1.51559
1.66787
1.71771
1.58912
1.64639
1.39936
1.49243
1.38282
1.61643
1.65641
1.6466
1.73171
1.48355
1.46109
1.74716
1.5618
1.72703
1.75904
1.6146
1.71891
1.63831
1.704
1.82582
1.56861
1.65785
1.47449
1.70173
1.66726
1.72539
1.66773
1.70853
1.79023
1.72502
1.45529
1.93314
1.59194
1.48894
1.57758
1.46403
1.46061
1.65191
1.60323
1.7417
1.60112
1.4397
1.54105
1.64533
1.58737
1.56554
1.65335
1.61326
2.04679
1.58869
1.85348
1.80248
1.43567
1.64989
1.62389
1.88964
1.63441
1.43762
1.52102
1.47816
1.46004
1.63083
1.81829
1.71184
1.40401
1.56697
1.49526
1.76648
1.4981
1.52731
1.49132
1.65942
1.50411
1.74425
1.68227
1.82302
1.70718
1.44303
1.45672
1.59331
1.70276
1.56127
1.46996
1.49635
1.4769
2.03775
1.76467
1.60394
1.94579
1.50481
1.60424
1.59774
1.76362
1.60273
1.48555
1.77786
1.50003
1.64787
1.7158
2.17858
1.57003
1.87699
1.42521
1.74667
1.72111
1.4939
1.92263
1.73147
1.39223
1.72315
1.58254
1.70746
1.58176
1.44638
1.63426
1.49342
1.7226
1.44514
1.63492
1.53034
1.77686
1.56803
1.54371
1.88432
1.72154
1.78032
1.69539
1.33152
1.52531
1.67846
1.87671
1.76624
2.20032
1.65703
1.56998
1.55195
1.64266
1.80979
1.48597
1.86121
1.82492
1.48257
1.77059
1.48844
1.49714
1.51999
1.58627
1.60527
1.65709
1.61789
1.60173
1.62309
1.95477
1.67941
1.69534
1.61054
1.65635
1.95213
1.6459
1.34621
1.98938
1.54154
1.93935
1.66594
1.88306
1.39768
1.51944
1.71559
1.50429
1.69041
1.62235
1.81018
1.72269
1.7294
1.55219
1.67963
1.66132
1.81129
1.55534
1.56036
1.55371
1.56136
1.67266
1.65943
1.72729
1.74467
1.51271
1.85309
1.62453
1.60548
1.69357
1.68816
1.71597
1.5289
1.55314
1.67009
1.55726
1.47769
1.5492
1.37394
1.84671
1.7677
1.51781
1.49329
1.58152
1.53964
1.88304
1.67161
1.51827
1.53708
1.35681
1.62041
1.52411
1.5088
1.65705
1.53844
1.54105
1.58338
1.46527
1.41793
1.50307
1.53206
1.52332
1.72716
1.5113
1.56786
1.50782
1.70957
1.72216
1.60171
1.56763
1.83768
1.64985
2.11354
1.72517
1.95027
1.63089
1.89877
1.90065
1.66374
1.52003
1.70787
1.67607
1.66347
1.3855
1.59366
1.46572
2.18308
1.70989
1.54331
1.46819
1.41407
1.64467
1.56783
2.15902
1.80156
1.58868
1.85974
1.52164
1.5785
1.96899
1.44928
1.46315
1.65796
1.48663
1.74327
1.77131
1.71874
1.72883
1.54069
1.52871
1.82401
1.53301
1.6198
1.50903
1.99272
1.61131
1.90568
1.42401
1.80032
1.94972
1.65322
1.71253
1.94131
1.60994
1.60758
1.66388
1.62961
1.73248
1.8623
1.69727
1.55379
1.70732
1.64114
1.50491
1.53596
1.78693
1.50445
1.69218
1.65344
1.7435
1.37541
1.86055
1.83236
1.5315
1.64099
1.7287
1.52614
1.6088
1.52482
1.88083
1.78904
1.63763
1.53935
1.70509
1.68128
1.66802
1.54601
1.67481
1.59457
1.74369
1.86419
1.74102
1.48299
1.69112
1.48388
1.81785
1.8198
1.45681
1.64772
1.48716
1.81784
1.50129
2.30937
1.74299
1.50503
1.32943
1.60634
1.70778
1.82197
1.76082
1.75704
1.65708
1.72678
1.5629
1.86455
1.50742
1.84819
1.78855
1.59192
1.50846
1.5244
1.71174
1.44152
1.70521
1.73075
1.82264
1.5349
1.61904
1.4941
1.45968
1.64124
1.50892
1.58387
1.80336
1.66704
1.44614
1.57576
1.49402
1.5575
1.62882
1.5337
1.44835
1.65727
2.06774
1.58631
1.69255
1.52873
1.545
1.65008
1.80064
1.66228
1.79015
1.98822
1.47261
1.48622
1.46906
1.82623
1.56908
1.54161
1.85622
1.54668
1.75833
1.9398
2.01821
1.48445
1.34764
1.78197
1.63043
1.51708
1.50627
1.77095
1.55897
1.46171
1.51211
1.59315
1.67897
1.58826
1.47516
1.61593
1.91012
1.80876
1.49225
1.86779
1.79139
1.33844
1.8384
1.68582
1.80997
1.38956
1.8173
1.81545
1.50362
1.5145
2.09421
1.7654
1.72547
1.56636
1.82484
1.65962
1.74459
1.54497
1.56149
1.48917
1.7813
1.50999
1.53882
1.62523
1.7306
1.56172
1.73618
1.72298
1.95392
1.52592
1.55018
1.54959
1.72808
1.50435
1.64054
1.71386
1.60938
1.87583
1.62788
1.65284
1.63826
1.49043
1.89291
1.56771
1.58373
1.66542
1.66714
1.59656
1.47736
1.89075
1.78432
1.40164
1.82891
1.6288
1.46037
1.47519
1.60721
1.53109
1.83577
1.50501
1.67226
1.56884
1.73011
1.65386
1.51921
1.64271
1.78378
1.59935
1.46246
1.54362
1.52473
1.5381
1.66524
1.46799
1.78465
1.6023
1.41832
1.51301
1.92819
1.72782
1.61865
1.82618
1.81562
1.65578
1.45538
1.69458
1.54851
1.89397
1.91492
1.50911
1.81143
1.69271
1.7903
1.66554
1.77331
1.60645
1.94151
1.69166
1.67594
1.73565
1.6397
1.51062
1.61678
1.46139
1.70982
1.5296
1.59243
1.56741
1.75786
1.46535
1.72255
1.6466
1.70932
1.59086
1.68933
1.79687
2.18379
1.67565
1.63269
1.82727
1.55135
1.82898
1.65441
1.35961
1.85044
1.81857
1.54334
1.32716
1.86327
1.50505
1.6445
1.61025
1.42203
1.62558
1.91076
1.71499
1.80568
1.61624
1.81653
1.92365
1.61602
1.93315
1.98239
1.63042
2.08751
1.49646
1.56175
1.73122
1.75245
1.64529
1.51296
2.07411
1.87204
1.71874
1.55275
1.77057
1.66381
2.25984
1.34634
1.73145
1.57946
1.70374
1.45239
1.63227
1.74632
1.66361
1.88079
1.90602
1.79715
1.53112
1.43662
1.54578
1.65649
1.71822
1.51422
1.72771
1.63327
1.58001
1.71087
1.69847
1.64788
1.66576
1.45243
1.39889
1.67974
1.52667
1.35819
1.67903
1.8813
1.53636
1.43697
1.57171
1.60402
1.6807
1.59304
1.70654
1.63231
1.51695
1.69334
1.45191
1.71098
1.92481
1.61629
1.63326
1.98428
1.53319
1.58004
1.66413
1.66323
1.71722
1.53323
1.70529
1.43317
1.58883
1.81502
1.6828
1.57473
1.66343
1.47902
1.58203
1.7271
1.69636
1.45558
1.5005
1.76046
1.7088
1.83033
1.96835
1.61749
1.54674
1.60655
1.81299
1.74099
1.42678
1.51821
1.88863
1.4275
1.67643
1.58453
1.56311
1.4553
1.65773
1.50124
1.57484
1.51738
1.44949
1.57776
1.86423
2.01178
1.88344
1.51861
1.71579
1.51962
1.58783
1.48401
1.71199
1.52135
1.62717
1.82549
1.71906
1.60105
1.70656
1.46118
2.17962
1.496
1.95532
1.65098
1.57069
1.76314
1.47384
1.76117
1.58738
1.67324
1.64835
1.61841
1.60279
1.67489
1.55841
1.9195
1.68698
1.71235
1.62232
1.61363
1.53528
1.80832
1.63284
1.60992
1.48571
1.50989
1.97215
1.64521
1.69366
1.59962
1.69839
1.79433
1.48533
1.43445
1.43238
1.56983
1.66842
1.95151
1.86854
1.6637
1.73952
1.56494
1.92285
1.75538
1.76194
1.51293
1.53485
1.65577
1.99805
1.55234
1.51685
1.49817
1.40806
1.50437
1.48136
1.5226
1.63842
2.10507
1.52133
1.64123
1.68138
1.46001
1.81756
1.56315
1.96281
1.49226
1.86193
1.68686
1.62931
1.5777
1.63672
1.58282
1.62696
1.53981
1.72511
1.98048
1.66706
1.77004
1.629
1.60547
1.52063
1.70908
1.63419
1.57819
1.67022
1.86595
1.74156
1.6145
1.7197
1.7221
1.52853
1.77348
1.61356
1.43195
1.82182
1.43859
1.67761
1.59445
1.6083
1.65131
1.63098
1.65682
1.58646
1.37725
1.54358
1.63614
1.56093
1.69084
2.03538
1.60075
1.52978
1.67982
1.7516
1.57961
2.08159
1.71019
1.70846
1.59528
1.83324
1.67114
1.51737
1.34274
1.69722
1.54389
1.8305
1.56899
1.59223
1.77179
1.61658
1.69499
1.34751
1.55997
1.67586
1.63451
1.53726
1.61363
1.74563
1.71714
1.5572
1.65064
1.4307
1.56586
1.8292
1.47458
1.66004
1.50592
1.66261
1.54755
1.46293
1.62195
1.61014
1.41195
1.79535
1.565
1.58119
1.79739
1.48513
1.58855
1.74273
1.48543
1.77253
1.80613
1.55097
1.46779
1.72818
1.64324
1.32702
1.79533
1.56705
1.71295
1.97265
1.49569
1.56548
1.39071
1.49682
1.56528
1.66079
1.59444
1.62203
1.42981
1.61303
1.7487
1.64579
1.73528
1.52174
2.0559
1.80366
1.59508
1.51581
1.48711
1.65216
1.55612
1.68538
1.62131
1.78078
1.80707
1.75503
1.74055
1.48899
1.58213
1.60368
1.4062
1.49458
1.40467
1.52937
1.6899
1.82344
1.53379
1.73837
1.9813
1.62809
1.5394
1.74845
1.47174
1.74893
1.52411
1.76468
1.84167
2.10382
1.58649
1.61672
1.6781
1.51236
1.46746
1.55656
1.62009
1.56856
1.51191
1.67822
1.69808
1.60915
1.74632
1.68504
1.65117
1.51113
1.78609
1.56983
1.43232
1.6578
1.65605
1.5032
1.65924
1.72401
1.53121
1.78298
1.795
1.48103
1.31634
1.64271
1.44282
1.91601
1.42709
1.67508
1.67578
1.42863
1.55565
1.7522
1.6435
1.49756
1.42736
1.42454
1.52806
1.54815
1.45491
2.03713
1.59551
1.53537
1.80274
1.65236
1.73188
1.59846
1.63782
1.82347
1.54488
1.69254
1.50147
1.61584
1.72329
1.59415
1.62194
1.74691
1.80017
1.69253
1.57155
1.58424
1.57915
1.88604
1.46722
1.8052
1.68893
1.65839
1.63538
1.59968
1.548
1.48965
1.82817
1.48761
1.68145
1.62331
1.71301
1.40932
1.3751
1.8893
1.67367
1.61224
1.67882
1.70719
1.82262
1.53039
1.27313
1.56379
1.577
1.81478
1.5997
1.49493
1.60881
1.68969
1.63882
1.71729
1.56934
1.51559
1.66787
1.71771
1.58912
1.64639
1.39936
1.49243
1.38282
1.61643
1.65641
1.6466
1.73171
1.48355
1.46109
1.74716
1.5618
1.72703
1.75904
1.6146
1.71891
1.63831
1.704
1.82582
1.56861
1.65785
1.47449
1.70173
1.66726
1.72539
1.66773
1.70853
1.79023
1.72502
1.45529
1.93314
1.59194
1.48894
1.57758
1.46403
1.46061
1.65191
1.60323
1.7417
1.60112
1.4397
1.54105
1.64533
1.58737
1.56554
1.65335
1.61326
2.04679
1.58869
1.85348
1.80248
1.43567
1.64989
1.62389
1.88964
1.63441
1.43762
1.52102
1.47816
1.46004
1.63083
1.81829
1.71184
1.40401
1.56697
1.49526
1.76648
1.4981
1.52731
1.49132
1.65942
1.50411
1.74425
1.68227
1.82302
1.70718
1.44303
1.45672
1.59331
1.70276
1.56127
1.46996
1.49635
1.4769
2.03775
1.76467
1.60394
1.94579
1.50481
1.60424
1.59774
1.76362
1.60273
1.48555
1.77786
1.50003
1.64787
1.7158
2.17858
1.57003
1.87699
1.42521
1.74667
1.72111
1.4939
1.92263
1.73147
1.39223
1.72315
1.58254
1.70746
1.58176
1.44638
1.63426
1.49342
1.7226
1.44514
1.63492
1.53034
1.77686
1.56803
1.54371
1.88432
1.72154
1.78032
1.69539
1.33152
1.52531
1.67846
1.87671
1.76624
2.20032
1.65703
1.56998
1.55195
1.64266
1.80979
1.48597
1.86121
1.82492
1.48257
1.77059
1.48844
1.49714
1.51999
1.58627
1.60527
1.65709
1.61789
1.60173
1.62309
1.95477
1.67941
1.69534
1.61054
1.65635
1.95213
1.6459
1.34621
1.98938
1.54154
1.93935
1.66594
1.88306
1.39768
1.51944
1.71559
1.50429
1.69041
1.62235
1.81018
1.72269
1.7294
1.55219
1.67963
1.66132
1.81129
1.55534
1.56036
1.55371
1.56136
1.67266
1.65943
1.72729
1.74467
1.51271
1.85309
1.62453
1.60548
1.69357
1.68816
1.71597
1.5289
1.55314
1.67009
1.55726
1.47769
1.5492
1.37394
1.84671
1.7677
1.51781
1.49329
1.58152
1.53964
1.88304
1.67161
1.51827
1.53708
1.35681
1.62041
1.52411
1.5088
1.65705
1.53844
1.54105
1.58338
1.46527
1.41793
1.50307
1.53206
1.52332
1.72716
1.5113
1.56786
1.50782
1.70957
1.72216
1.60171
1.56763
1.83768
1.64985
2.11354
1.72517
1.95027
1.63089
1.89877
1.90065
1.66374
1.52003
1.70787
1.67607
1.66347
1.3855
1.59366
1.46572
2.18308
1.70989
1.54331
1.46819
1.41407
1.64467
1.56783
2.15902
1.80156
1.58868
1.85974
1.52164
1.5785
1.96899
1.44928
1.46315
1.65796
1.48663
1.74327
1.77131
1.71874
1.72883
1.54069
1.52871
1.82401
1.53301
1.6198
1.50903
1.99272
1.61131
1.90568
1.42401
1.80032
1.94972
1.65322
1.71253
1.94131
1.60994
1.60758
1.66388
1.62961
1.73248
1.8623
1.69727
1.55379
1.70732
1.64114
1.50491
1.53596
1.78693
1.50445
1.69218
1.65344
1.7435
1.37541
1.86055
1.83236
1.5315
1.64099
1.7287
1.52614
1.6088
1.52482
1.88083
1.78904
1.63763
1.53935
1.70509
1.68128
1.66802
1.54601
1.67481
1.59457
1.74369
1.86419
1.74102
1.48299
1.69112
1.48388
1.81785
1.8198
1.45681
1.64772
1.48716
1.81784
1.50129
2.30937
1.74299
1.50503
1.32943
1.60634
1.70778
1.82197
1.76082
1.75704
1.65708
1.72678
1.5629
1.86455
1.50742
1.84819
1.78855
1.59192
1.50846
1.5244
1.71174
1.44152
1.70521
1.73075
1.82264
1.5349
1.61904
1.4941
1.45968
1.64124
1.50892
1.58387
1.80336
1.66704
1.44614
1.57576
1.49402
1.5575
1.62882
1.5337
1.44835
1.65727
2.06774
1.58631
1.69255
1.52873
1.545
1.65008
1.80064
1.66228
1.79015
1.98822
1.47261
1.48622
1.46906
1.82623
1.56908
1.54161
1.85622
1.54668
1.75833
1.9398
2.01821
1.48445
1.34764
1.78197
1.63043
1.51708
1.50627
1.77095
1.55897
1.46171
1.51211
1.59315
1.67897
1.58826
1.47516
1.61593
1.91012
1.80876
1.49225
1.86779
1.79139
1.33844
1.8384
1.68582
1.80997
1.38956
1.8173
1.81545
1.50362
1.5145
2.09421
1.7654
1.72547
1.56636
1.82484
1.65962
1.74459
1.54497
1.56149
1.48917
1.7813
1.50999
1.53882
1.62523
1.7306
1.56172
1.73618
1.72298
1.95392
1.52592
1.55018
1.54959
1.72808
1.50435
1.64054
1.71386
1.60938
1.87583
1.62788
1.65284
1.63826
1.49043
1.89291
1.56771
1.58373
1.66542
1.66714
1.59656
1.47736
1.89075
1.78432
1.40164
1.82891
1.6288
1.46037
1.47519
1.60721
1.53109
1.83577
1.50501
1.67226
1.56884
1.73011
1.65386
1.51921
1.64271
1.78378
1.59935
1.46246
1.54362
1.52473
1.5381
1.66524
1.46799
1.78465
1.6023
1.41832
1.51301
1.92819
1.72782
1.61865
1.82618
1.81562
1.65578
1.45538
1.69458
1.54851
1.89397
1.91492
1.50911
1.81143
1.69271
1.7903
1.66554
1.77331
1.60645
1.94151
1.69166
1.67594
1.73565
1.6397
1.51062
1.61678
1.46139
1.70982
1.5296
1.59243
1.56741
1.75786
1.46535
1.72255
1.6466
1.70932
1.59086
1.68933
1.79687
2.18379
1.67565
1.63269
1.82727
1.55135
1.82898
1.65441
1.35961
1.85044
1.81857
1.54334
1.32716
1.86327
1.50505
1.6445
1.61025
1.42203
1.62558
1.91076
1.71499
1.80568
1.61624
1.81653
1.92365
1.61602
1.93315
1.98239
1.63042
2.08751
1.49646
1.56175
1.73122
1.75245
1.64529
1.51296
2.07411
1.87204
1.71874
1.55275
1.77057
1.66381
2.25984
1.34634
1.73145
1.57946
1.70374
1.45239
1.63227
1.74632
1.66361
1.88079
1.90602
1.79715
1.53112
1.43662
1.54578
1.65649
1.71822
1.51422
1.72771
1.63327
1.58001
1.71087
1.69847
1.64788
1.66576
1.45243
1.39889
1.67974
1.52667
1.35819
1.67903
1.8813
1.53636
1.43697
1.57171
1.60402
1.6807
1.59304
1.70654
1.63231
1.51695
1.69334
1.45191
1.71098
1.92481
1.61629
1.63326
1.98428
1.53319
1.58004
1.66413
1.66323
1.71722
1.53323
1.70529
1.43317
1.58883
1.81502
1.6828
1.57473
1.66343
1.47902
1.58203
1.7271
1.69636
1.45558
1.5005
1.76046
1.7088
1.83033
1.96835
1.61749
1.54674
1.60655
1.81299
1.74099
1.42678
1.51821
1.88863
1.4275
1.67643
1.58453
1.56311
1.4553
1.65773
1.50124
1.57484
1.51738
1.44949
1.57776
1.86423
2.01178
1.88344
1.51861
1.71579
1.51962
1.58783
1.48401
1.71199
1.52135
1.62717
1.82549
1.71906
1.60105
1.70656
1.46118
2.17962
1.496
1.95532
1.65098
1.57069
1.76314
1.47384
1.76117
1.58738
1.67324
1.64835
1.61841
1.60279
1.67489
1.55841
1.9195
1.68698
1.71235
1.62232
1.61363
1.53528
1.80832
1.63284
1.60992
1.48571
1.50989
1.97215
1.64521
1.69366
1.59962
1.69839
1.79433
1.48533
1.43445
1.43238
1.56983
1.66842
1.95151
1.86854
1.6637
1.73952
1.56494
1.92285
1.75538
1.76194
1.51293
1.53485
1.65577
1.99805
1.55234
1.51685
1.49817
1.40806
1.50437
1.48136
1.5226
1.63842
2.10507
1.52133
1.64123
1.68138
1.46001
1.81756
1.56315
1.96281
1.49226
1.86193
1.68686
1.62931
1.5777
1.63672
1.58282
1.62696
1.53981
1.72511
1.98048
1.66706
1.77004
1.629
1.60547
1.52063
1.70908
1.63419
1.57819
1.67022
1.86595
1.74156
1.6145
1.7197
1.7221
1.52853
1.77348
1.61356
1.43195
1.82182
1.43859
1.67761
1.59445
1.6083
1.65131
1.63098
1.65682
1.58646
1.37725
1.54358
1.63614
1.56093
1.69084
2.03538
1.60075
1.52978
1.67982
1.7516
1.57961
2.08159
1.71019
1.70846
1.59528
1.83324
1.67114
1.51737
1.34274
1.69722
1.54389
1.8305
1.56899
1.59223
1.77179
1.61658
1.69499
1.34751
1.55997
1.67586
1.63451
1.53726
1.61363
1.74563
1.71714
1.5572
1.65064
1.4307
1.56586
1.8292
1.47458
1.66004
1.50592
1.66261
1.54755
1.46293
1.62195
1.61014
1.41195
1.79535
1.565
1.58119
1.79739
1.48513
1.58855
1.74273
1.48543
1.77253
1.80613
1.55097
1.46779
1.72818
1.64324
1.32702
1.79533
1.56705
1.71295
1.97265
1.49569
1.56548
1.39071
1.49682
1.56528
1.66079
1.59444
1.62203
1.42981
1.61303
1.7487
1.64579
1.73528
1.52174
2.0559
1.80366
1.59508
1.51581
1.48711
1.65216
1.55612
1.68538
1.62131
1.78078
1.80707
1.75503
1.74055
1.48899
1.58213
1.60368
1.4062
1.49458
1.40467
1.52937
1.6899
1.82344
1.53379
1.73837
1.9813
1.62809
1.5394
1.74845
1.47174
1.74893
1.52411
1.76468
1.84167
2.10382
1.58649
1.61672
1.6781
1.51236
1.46746
1.55656
1.62009
1.56856
1.51191
1.67822
1.69808
1.60915
1.74632
1.68504
1.65117
1.51113
1.78609
1.56983
1.43232
1.6578
1.65605
1.5032
1.65924
1.72401
1.53121
1.78298
1.795
1.48103
1.31634
1.64271
1.44282
1.91601
1.42709
1.67508
1.67578
1.42863
1.55565
1.7522
1.6435
1.49756
1.42736
1.42454
1.52806
1.54815
1.45491
2.03713
1.59551
1.53537
1.80274
1.65236
1.73188
1.59846
1.63782
1.82347
1.54488
1.69254
1.50147
1.61584
1.72329
1.59415
1.62194
1.74691
1.80017
1.69253
1.57155
1.58424
1.57915
1.88604
1.46722
1.8052
1.68893
1.65839
1.63538
1.59968
1.548
1.48965
1.82817
1.48761
1.68145
1.62331
1.71301
1.40932
1.3751
1.8893
1.67367
1.61224
1.67882
1.70719
1.82262
1.53039
1.27313
1.56379
1.577
1.81478
1.5997
1.49493
1.60881
1.68969
1.63882
1.71729
1.56934
1.51559
1.66787
1.71771
1.58912
1.64639
1.39936
1.49243
1.38282
1.61643
1.65641
1.6466
1.73171
1.48355
1.46109
1.74716
1.5618
1.72703
1.75904
1.6146
1.71891
1.63831
1.704
1.82582
1.56861
1.65785
1.47449
1.70173
1.66726
1.72539
1.66773
1.70853
1.79023
1.72502
1.45529
1.93314
1.59194
1.48894
1.57758
1.46403
1.46061
1.65191
1.60323
1.7417
1.60112
1.4397
1.54105
1.64533
1.58737
1.56554
1.65335
1.61326
2.04679
1.58869
1.85348
1.80248
1.43567
1.64989
1.62389
1.88964
1.63441
1.43762
1.52102
1.47816
1.46004
1.63083
1.81829
1.71184
1.40401
1.56697
1.49526
1.76648
1.4981
1.52731
1.49132
1.65942
1.50411
1.74425
1.68227
1.82302
1.70718
1.44303
1.45672
1.59331
1.70276
1.56127
1.46996
1.49635
1.4769
2.03775
1.76467
1.60394
1.94579
1.50481
1.60424
1.59774
1.76362
1.60273
1.48555
1.77786
1.50003
1.64787
1.7158
2.17858
1.57003
1.87699
1.42521
1.74667
1.72111
1.4939
1.92263
1.73147
1.39223
1.72315
1.58254
1.70746
1.58176
1.44638
1.63426
1.49342
1.7226
1.44514
1.63492
1.53034
1.77686
1.56803
1.54371
1.88432
1.72154
1.78032
1.69539
1.33152
1.52531
1.67846
1.87671
1.76624
2.20032
1.65703
1.56998
1.55195
1.64266
1.80979
1.48597
1.86121
1.82492
1.48257
1.77059
1.48844
1.49714
1.51999
1.58627
1.60527
1.65709
1.61789
1.60173
1.62309
1.95477
1.67941
1.69534
1.61054
1.65635
1.95213
1.6459
1.34621
1.98938
1.54154
1.93935
1.66594
1.88306
1.39768
1.51944
1.71559
1.50429
1.69041
1.62235
1.81018
1.72269
1.7294
1.55219
1.67963
1.66132
1.81129
1.55534
1.56036
1.55371
1.56136
1.67266
1.65943
1.72729
1.74467
1.51271
1.85309
1.62453
1.60548
1.69357
1.68816
1.71597
1.5289
1.55314
1.67009
1.55726
1.47769
1.5492
1.37394
1.84671
1.7677
1.51781
1.49329
1.58152
1.53964
1.88304
1.67161
1.51827
1.53708
1.35681
1.62041
1.52411
1.5088
1.65705
1.53844
1.54105
1.58338
1.46527
1.41793
1.50307
1.53206
1.52332
1.72716
1.5113
1.56786
1.50782
1.70957
1.72216
1.60171
1.56763
1.83768
1.64985
2.11354
1.72517
1.95027
1.63089
1.89877
1.90065
1.66374
1.52003
1.70787
1.67607
1.66347
1.3855
1.59366
1.46572
2.18308
1.70989
1.54331
1.46819
1.41407
1.64467
1.56783
2.15902
1.80156
1.58868
1.85974
1.52164
1.5785
1.96899
1.44928
1.46315
1.65796
1.48663
1.74327
1.77131
1.71874
1.72883
1.54069
1.52871
1.82401
1.53301
1.6198
1.50903
1.99272
1.61131
1.90568
1.42401
1.80032
1.94972
1.65322
1.71253
1.94131
1.60994
1.60758
1.66388
1.62961
1.73248
1.8623
1.69727
1.55379
1.70732
1.64114
1.50491
1.53596
1.78693
1.50445
1.69218
1.65344
1.7435
1.37541
1.86055
1.83236
1.5315
1.64099
1.7287
1.52614
1.6088
1.52482
1.88083
1.78904
1.63763
1.53935
1.70509
1.68128
1.66802
1.54601
1.67481
1.59457
1.74369
1.86419
1.74102
1.48299
1.69112
1.48388
1.81785
1.8198
1.45681
1.64772
1.48716
1.81784
1.50129
2.30937
1.74299
1.50503
1.32943
1.60634
1.70778
1.82197
1.76082
1.75704
1.65708
1.72678
1.5629
1.86455
1.50742
1.84819
1.78855
1.59192
1.50846
1.5244
1.71174
1.44152
1.70521
1.73075
1.82264
1.5349
1.61904
1.4941
1.45968
1.64124
1.50892
1.58387
1.80336
1.66704
1.44614
1.57576
1.49402
1.5575
1.62882
1.5337
1.44835
1.65727
2.06774
1.58631
1.69255
1.52873
1.545
1.65008
1.80064
1.66228
1.79015
1.98822
1.47261
1.48622
1.46906
1.82623
1.56908
1.54161
1.85622
1.54668
1.75833
1.9398
2.01821
1.48445
1.34764
1.78197
1.63043
1.51708
1.50627
1.77095
1.55897
1.46171
1.51211
1.59315
1.67897
1.58826
1.47516
1.61593
1.91012
1.80876
1.49225
1.86779
1.79139
1.33844
1.8384
1.68582
1.80997
1.38956
1.8173
1.81545
1.50362
1.5145
2.09421
1.7654
1.72547
1.56636
1.82484
1.65962
1.74459
1.54497
1.56149
1.48917
1.7813
1.50999
1.53882
1.62523
1.7306
1.56172
1.73618
1.72298
1.95392
1.52592
1.55018
1.54959
1.72808
1.50435
1.64054
1.71386
1.60938
1.87583
1.62788
1.65284
1.63826
1.49043
1.89291
1.56771
1.58373
1.66542
1.66714
1.59656
1.47736
1.89075
1.78432
1.40164
1.82891
1.6288
1.46037
1.47519
1.60721
1.53109
1.83577
1.50501
1.67226
1.56884
1.73011
1.65386
1.51921
1.64271
1.78378
1.59935
1.46246
1.54362
1.52473
1.5381
1.66524
1.46799
1.78465
1.6023
1.41832
1.51301
1.92819
1.72782
1.61865
1.82618
1.81562
1.65578
1.45538
1.69458
1.54851
1.89397
1.91492
1.50911
1.81143
1.69271
1.7903
1.66554
1.77331
1.60645
1.94151
1.69166
1.67594
1.73565
1.6397
1.51062
1.61678
1.46139
1.70982
1.5296
1.59243
1.56741
1.75786
1.46535
1.72255
1.6466
1.70932
1.59086
1.68933
1.79687
2.18379
1.67565
1.63269
1.82727
1.55135
1.82898
1.65441
1.35961
1.85044
1.81857
1.54334
1.32716
1.86327
1.50505
1.6445
1.61025
1.42203
1.62558
1.91076
1.71499
1.80568
1.61624
1.81653
1.92365
1.61602
1.93315
1.98239
1.63042
2.08751
1.49646
1.56175
1.73122
1.75245
1.64529
1.51296
2.07411
1.87204
1.71874
1.55275
1.77057
1.66381
2.25984
1.34634
1.73145
1.57946
1.70374
1.45239
1.63227
1.74632
1.66361
1.88079
1.90602
1.79715
1.53112
1.43662
1.54578
1.65649
1.71822
1.51422
1.72771
1.63327
1.58001
1.71087
1.69847
1.64788
1.66576
1.45243
1.39889
1.67974
1.52667
1.35819
1.67903
1.8813
1.53636
1.43697
1.57171
1.60402
1.6807
1.59304
1.70654
1.63231
1.51695
1.69334
1.45191
1.71098
1.92481
1.61629
1.63326
1.98428
1.53319
1.58004
1.66413
1.66323
1.71722
1.53323
1.70529
1.43317
1.58883
1.81502
1.6828
1.57473
1.66343
1.47902
1.58203
1.7271
1.69636
1.45558
1.5005
1.76046
1.7088
1.83033
1.96835
1.61749
1.54674
1.60655
1.81299
1.74099
1.42678
1.51821
1.88863
1.4275
1.67643
1.58453
1.56311
1.4553
1.65773
1.50124
1.57484
1.51738
1.44949
1.57776
1.86423
2.01178
1.88344
1.51861
1.71579
1.51962
1.58783
1.48401
1.71199
1.52135
1.62717
1.82549
1.71906
1.60105
1.70656
1.46118
2.17962
1.496
1.95532
1.65098
1.57069
1.76314
1.47384
1.76117
1.58738
1.67324
1.64835
1.61841
1.60279
1.67489
1.55841
1.9195
1.68698
1.71235
1.62232
1.61363
1.53528
1.80832
1.63284
1.60992
1.48571
1.50989
1.97215
1.64521
1.69366
1.59962
1.69839
1.79433
1.48533
1.43445
1.43238
1.56983
1.66842
1.95151
1.86854
1.6637
1.73952
1.56494
1.92285
1.75538
1.76194
1.51293
1.53485
1.65577
1.99805
1.55234
1.51685
1.49817
1.40806
1.50437
1.48136
1.5226
1.63842
2.10507
1.52133
1.64123
1.68138
1.46001
1.81756
1.56315
1.96281
1.49226
1.86193
1.68686
1.62931
1.5777
1.63672
1.58282
1.62696
1.53981
1.72511
1.98048
1.66706
1.77004
1.629
1.60547
1.52063
1.70908
1.63419
1.57819
1.67022
1.86595
1.74156
1.6145
1.7197
1.7221
1.52853
1.77348
1.61356
1.43195
1.82182
1.43859
1.67761
1.59445
1.6083
1.65131
1.63098
1.65682
1.58646
1.37725
1.54358
1.63614
1.56093
1.69084
2.03538
1.60075
1.52978
1.67982
1.7516
1.57961
2.08159
1.71019
1.70846
1.59528
1.83324
1.67114
1.51737
1.34274
1.69722
1.54389
1.8305
1.56899
1.59223
1.77179
1.61658
1.69499
1.34751
1.55997
1.67586
1.63451
1.53726
1.61363
1.74563
1.71714
1.5572
1.65064
1.4307
1.56586
1.8292
1.47458
1.66004
1.50592
1.66261
1.54755
1.46293
1.62195
1.61014
1.41195
1.79535
1.565
1.58119
1.79739
1.48513
1.58855
1.74273
1.48543
1.77253
1.80613
1.55097
1.46779
1.72818
1.64324
1.32702
1.79533
1.56705
1.71295
1.97265
1.49569
1.56548
1.39071
1.49682
1.56528
1.66079
1.59444
1.62203
1.42981
1.61303
1.7487
1.64579
1.73528
1.52174
2.0559
1.80366
1.59508
1.51581
1.48711
1.65216
1.55612
1.68538
1.62131
1.78078
1.80707
1.75503
1.74055
1.48899
1.58213
1.60368
1.4062
1.49458
1.40467
1.52937
1.6899
1.82344
1.53379
1.73837
1.9813
1.62809
1.5394
1.74845
1.47174
1.74893
1.52411
1.76468
1.84167
2.10382
1.58649
1.61672
1.6781
1.51236
1.46746
1.55656
1.62009
1.56856
1.51191
1.67822
1.69808
1.60915
1.74632
1.68504
1.65117
1.51113
1.78609
1.56983
1.43232
1.6578
1.65605
1.5032
1.65924
1.72401
1.53121
1.78298
1.795
1.48103
1.31634
1.64271
1.44282
1.91601
1.42709
1.67508
1.67578
1.42863
1.55565
1.7522
1.6435
1.49756
1.42736
1.42454
1.52806
1.54815
1.45491
2.03713
1.59551
1.53537
1.80274
1.65236
1.73188
1.59846
1.63782
1.82347
1.54488
1.69254
1.50147
1.61584
1.72329
1.59415
1.62194
1.74691
1.80017
1.69253
1.57155
1.58424
1.57915
1.88604
1.46722
1.8052
1.68893
1.65839
1.63538
1.59968
1.548
1.48965
1.82817
1.48761
1.68145
1.62331
1.71301
1.40932
1.3751
1.8893
1.67367
1.61224
1.67882
1.70719
1.82262
1.53039
1.27313
1.56379
1.577
1.81478
1.5997
1.49493
1.60881
1.68969
1.63882
1.71729
1.56934
1.51559
1.66787
1.71771
1.58912
1.64639
1.39936
1.49243
1.38282
1.61643
1.65641
1.6466
1.73171
1.48355
1.46109
1.74716
1.5618
1.72703
1.75904
1.6146
1.71891
1.63831
1.704
1.82582
1.56861
1.65785
1.47449
1.70173
1.66726
1.72539
1.66773
1.70853
1.79023
1.72502
1.45529
1.93314
1.59194
1.48894
1.57758
1.46403
1.46061
1.65191
1.60323
1.7417
1.60112
1.4397
1.54105
1.64533
1.58737
1.56554
1.65335
1.61326
2.04679
1.58869
1.85348
1.80248
1.43567
1.64989
1.62389
1.88964
1.63441
1.43762
1.52102
1.47816
1.46004
1.63083
1.81829
1.71184
1.40401
1.56697
1.49526
1.76648
1.4981
1.52731
1.49132
1.65942
1.50411
1.74425
1.68227
1.82302
1.70718
1.44303
1.45672
1.59331
1.70276
1.56127
1.46996
1.49635
1.4769
2.03775
1.76467
1.60394
1.94579
1.50481
1.60424
1.59774
1.76362
1.60273
1.48555
1.77786
1.50003
1.64787
1.7158
2.17858
1.57003
1.87699
1.42521
1.74667
1.72111
1.4939
1.92263
1.73147
1.39223
1.72315
1.58254
1.70746
1.58176
1.44638
1.63426
1.49342
1.7226
1.44514
1.63492
1.53034
1.77686
1.56803
1.54371
1.88432
1.72154
1.78032
1.69539
1.33152
1.52531
1.67846
1.87671
1.76624
2.20032
1.65703
1.56998
1.55195
1.64266
1.80979
1.48597
1.86121
1.82492
1.48257
1.77059
1.48844
1.49714
1.51999
1.58627
1.60527
1.65709
1.61789
1.60173
1.62309
1.95477
1.67941
1.69534
1.61054
1.65635
1.95213
1.6459
1.34621
1.98938
1.54154
1.93935
1.66594
1.88306
1.39768
1.51944
1.71559
1.50429
1.69041
1.62235
1.81018
1.72269
1.7294
1.55219
1.67963
1.66132
1.81129
1.55534
1.56036
1.55371
1.56136
1.67266
1.65943
1.72729
1.74467
1.51271
1.85309
1.62453
1.60548
1.69357
1.68816
1.71597
1.5289
1.55314
1.67009
1.55726
1.47769
1.5492
1.37394
1.84671
1.7677
1.51781
1.49329
1.58152
1.53964
1.88304
1.67161
1.51827
1.53708
1.35681
1.62041
1.52411
1.5088
1.65705
1.53844
1.54105
1.58338
1.46527
1.41793
1.50307
1.53206
1.52332
1.72716
1.5113
1.56786
1.50782
1.70957
1.72216
1.60171
1.56763
1.83768
1.64985
2.11354
1.72517
1.95027
1.63089
1.89877
1.90065
1.66374
1.52003
1.70787
1.67607
1.66347
1.3855
1.59366
1.46572
2.18308
1.70989
1.54331
1.46819
1.41407
1.64467
1.56783
2.15902
1.80156
1.58868
1.85974
1.52164
1.5785
1.96899
1.44928
1.46315
1.65796
1.48663
1.74327
1.77131
1.71874
1.72883
1.54069
1.52871
1.82401
1.53301
1.6198
1.50903
1.99272
1.61131
1.90568
1.42401
1.80032
1.94972
1.65322
1.71253
1.94131
1.60994
1.60758
1.66388
1.62961
1.73248
1.8623
1.69727
1.55379
1.70732
1.64114
1.50491
1.53596
