1.02879
1.05562
1.0079
1.00157
1.0002
1.00391
1.0001
1.00472
1.04935
1.00549
1.04419
1.00532
1.00025
1.0254
1.00405
1.01064
1.02177
1.04612
1.03649
1.00055
1.00211
1.03748
1.02576
1.00037
1.00022
1.00021
1.0076
1.00186
1.05161
1.02831
1.00052
1.00017
1.0479
1.06574
1.03707
1.01878
1.02521
1.00448
1.00295
1.00014
1.05288
1.00377
1.00027
1.02996
1.04982
1.07168
1.00032
1.00022
1.00015
1.00277
1.0913
1.02025
1.00571
1.00021
1.04525
1.00023
1.00025
1.03179
1.11001
1.00065
1.00029
1.01456
1.00089
1.00572
1.01934
1.01164
1.00315
1.04564
1.0002
1.02309
1.10133
1.00046
1.03752
1.02155
1.05344
1.02243
1.00084
1.04943
1.04837
1.06906
1.0005
1.00019
1.02507
1.00714
1.00017
1.00019
1.01374
1.05895
1.00017
1.01082
1.008
1.00619
1.00024
1.01326
1.0002
1.00372
1.00904
1.0058
1.0072
1.02808
1.00205
1.00043
1.03775
1.00541
1.04966
1.02556
1.01264
1.0002
1.0531
1.00022
1.03508
1.02342
1.00391
1.00022
1.04081
1.00023
1.00021
1.00019
1.00021
1.00024
1.00067
1.00063
1.02191
1.04722
1.0003
1.00908
1.00114
1.00026
1.04142
1.01247
1.0206
1.03608
1.0859
1.00028
1.00022
1.00017
1.00022
1.0419
1.0013
1.00504
1.02291
1.02305
1.0003
1.03293
1.00319
1.00021
1.03437
1.00016
1.00021
1.03245
1.00026
1.04934
1.00028
1.05577
1.04677
1.04702
1.00022
1.02474
1.00013
1.00025
1.00037
1.0438
1.05081
1.0033
1.00024
1.06298
1.00188
1.01929
1.05951
1.06898
1.0649
1.0002
1.04883
1.00415
1.01602
1.01435
1.01313
1.0002
1.00734
1.02146
1.04706
1.0476
1.00033
1.00018
1.00441
1.00031
1.0002
1.06534
1.00026
1.00023
1.00021
1.00023
1.03883
1.05688
1.01447
1.04542
1.0081
1.0014
1.15676
1.08213
1.00013
1.00083
1.04072
1.00016
1.01449
1.00016
1.02948
1.03841
1.00036
1.06909
1.00024
1.10445
1.0004
1.00021
1.1034
1.05304
1.05006
1.02341
1.03804
1.02314
1.02234
1.00017
1.0607
1.04544
1.00028
1.06351
1.02043
1.08121
1.00016
1.0002
1.00023
1.0003
1.07153
1.00787
1.00021
1.03341
1.03148
1.00612
1.01771
1.04032
1.03797
1.05046
1.00088
1.00013
1.01572
1.01362
1.023
1.00006
1.00022
1.0092
1.05282
1.06646
1.00259
1.01563
1.00146
1.02874
1.00416
1.03345
1.00022
1.01533
1.04164
1.00129
1.00014
1.00015
1.08965
1.00028
1.00087
1.00019
1.0031
1.07106
1.00149
1.00745
1.00014
1.00023
1.00015
1.00442
1.00021
1.00806
1.00018
1.00539
1.00027
1.06566
1.00023
1.00028
1.02163
1.00015
1.01382
1.05195
1.00016
1.08227
1.0177
1.04638
1.05075
1.05501
1.0171
1.04273
1.00023
1.04506
1.03633
1.022
1.09499
1.00014
1.0246
1.01
1.0143
1.00035
1.00017
1.00018
1.00021
1.08278
1.00029
1.00036
1.0326
1.00654
1.00298
1.03708
1.02117
1.00098
1.02255
1.17033
1.05275
1.08869
1.00024
1.00255
1.00022
1.03211
1.06236
1.18717
1.0105
1.03565
1.00463
1.10278
1.03503
1.00021
1.01939
1.00036
1.00023
1.01066
1.02268
1.00015
1.00025
1.02327
1.05298
1.00382
1.00015
1.00026
1.05734
1.00016
1.05233
1.0271
1.00538
1.00002
1.00027
1.00016
1.00025
1.00019
1.00018
1.0504
1.00177
1.00016
1.03005
1.00501
1.00016
1.06166
1.01732
1.06996
1.00094
1.08034
1.03646
1.00021
1.05468
1.03863
1.04352
1.06492
1.00015
1.00034
1.01236
1.0002
1.00022
1.01283
1.02458
1.00026
1.08072
1.00022
1.00017
1.00571
1.00019
1.00023
1.09585
1.00359
1.02148
1.00112
1.00016
1.01383
1.00013
1.01948
1.0002
1.06533
1.00051
1.00837
1.0085
1.00026
1.00019
1.00012
1.02293
1.01795
1.00193
1.00021
1.01387
1.02398
1.00027
1.01159
1.08892
1.00157
1.04897
1.00801
1.01113
1.00132
1.02737
1.00199
1.0349
1.00025
1.0002
1.00024
1.00015
1.0003
1.05748
1.00015
1.05094
1.00021
1.00011
1.04597
1.05109
1.03825
1.00181
1.0003
1.06247
1.02099
1.00016
1.07032
1.07973
1.00022
1.03681
1.04037
1.00017
1.02512
1.0003
1.01225
1.00125
1.01063
1.06379
1.06338
1.00021
1.00957
1.00026
1.06869
1.00132
1.00064
1.03308
1.05229
1.00038
1.10743
1.00026
1.03348
1.08067
1.00017
1.00016
1.00029
1.00221
1.113
1.03797
1.03546
1.05644
1.00026
1.0115
1.00018
1.00018
1.04564
1.0315
1.04443
1.02076
1.03814
1.01052
1.0447
1.05868
1.01201
1.01946
1.01323
1.1043
1.03812
1.00046
1.03188
1.04471
1.00144
1.00486
1.21458
1.00027
1.06071
1.00016
1.0002
1.01474
1.00715
1.02268
1.01881
1.00016
1.05558
1.00014
1.00017
1.05308
1.05882
1.00307
1.00015
1.05307
1.00019
1.00976
1.00672
1.00412
1.0246
1.04638
1.01223
1.08651
1.04177
1.00735
1.01558
1.08065
1.00017
1.0008
1.00375
1.03379
1.00005
1.0592
1.07995
1.00001
1.00024
1.03194
1.00023
1.04524
1.00022
1.00181
1.04048
1.06484
1.0002
1.00713
1.00029
1.06024
1.03494
1.12152
1.02988
1.00323
1.04536
1.08423
1.00031
1.00026
1.00012
1.05242
1.00024
1.00072
1.00138
1.00031
1.04032
1.00033
1.00002
1.0543
1.03638
1.00021
1.00026
1.02223
1.0002
1.07245
1.03354
1.00024
1.03703
1.00018
1.04107
1.06292
1.04351
1.00021
1.01942
1.0038
1.07691
1.00979
1.00894
1.00024
1.01486
1.01484
1.05942
1.03612
1.00016
1.0649
1.0002
1.04511
1.00024
1.0002
1.02051
1.00012
1.00026
1.00013
1.05317
1.03533
1.0003
1.00021
1.00023
1.0003
1.07884
1.00152
1.01178
1.09331
1.00771
1.01181
1.00021
1.02658
1.06569
1.01628
1.17254
1.0103
1.07201
1.00698
1.05593
1.0169
1.00023
1.00023
1.00595
1.02292
1.00082
1.04049
1.02148
1.0055
1.00307
1.02867
1.00491
1.00172
1.00022
1.06418
1.0255
1.00026
1.00204
1.00302
1.0399
1.00281
1.00022
1.02144
1.0162
1.00176
1.00025
1.01498
1.08807
1.00009
1.01981
1.04628
1.00047
1.03877
1.00026
1.00029
1.07383
1.02073
1.09353
1.00237
1.03954
1.00082
1.04711
1.00341
1.0002
1.05478
1.05978
1.02853
1.00681
1.06897
1.08064
1.04575
1.06211
1.01681
1.00283
1.00601
1.0005
1.00014
1.00023
1.00876
1.01328
1.02864
1.0598
1.06883
1.02481
1.00131
1.04389
1.0274
1.04578
1.00027
1.00527
1.0032
1.00041
1.01239
1.01026
1.01024
1.00162
1.00017
1.01367
1.1046
1.03197
1.07761
1.01251
1.00019
1.06033
1.02746
1.06015
1.07908
1.03754
1.045
1.01095
1.00015
1.08582
1.00018
1.02033
1.00084
1.01532
1.00019
1.05138
1.00576
1.00026
1.00655
1.00257
1.0282
1.00018
1.00013
1.05063
1.02531
1.00934
1.00254
1.03467
1.00109
1.00022
1.03245
1.0053
1.03149
1.00745
1.02242
1.06828
1.00025
1.1578
1.01289
1.04597
1.00021
1.00775
1.07552
1.00043
1.00021
1.00021
1.05058
1.01566
1.03127
1.00017
1.03828
1.0296
1.00033
1.03709
1.02494
1.15157
1.00035
1.01386
1.03944
1.02359
1.02505
1.0753
1.04505
1.00202
1.0002
1.00536
1.00532
1.00021
1.06064
1.09511
1.00026
1.00705
1.01735
1.01454
1.00699
1.00335
1.00027
1.06307
1.05646
1.0227
1.00019
1.03652
1.00022
1.00599
1.01273
1.00024
1.00027
1.00668
1.07057
1.00125
1.01638
1.0024
1.00027
1.0002
1.00175
1.00126
1.00028
1.0002
1.01851
1.00017
1.04569
1.02246
1.0248
1.00864
1.00268
1.0685
1.00833
1.00071
1.03476
1.00329
1.07375
1.00015
1.00328
1.00024
1.00018
1.00088
1.05299
1.0004
1.00018
1.01802
1.03872
1.01923
1.00018
1.00126
1.00758
1.00511
1.03265
1.02591
1.00904
1.05128
1.0923
1.01053
1.0085
1.11607
1.01041
1.00016
1.00001
1.01383
1.00019
1.00292
1.00988
1.01805
1.00007
1.01613
1.0166
1.0002
1.00016
1.04097
1.0789
1.01509
1.03816
1.02958
1.04214
1.01163
1.02017
1.00884
1.0189
1.05334
1.00526
1.00297
1.11388
1.00016
1.02443
1.03251
1.03833
1.02245
1.05252
1.01103
1.00018
1.00055
1.06155
1.08039
1.01912
1.06117
1.01107
1.0062
1.04487
1.00024
1.01989
1.04441
1.00801
1.03953
1.00022
1.04589
1.00014
1.01935
1.01745
1.1097
1.00004
1.00089
1.04735
1.00023
1.0002
1.00745
1.28566
1.0858
1.00026
1.06764
1.01585
1.00503
1.00072
1.00658
1.00018
1.00026
1.00153
1.00106
1.01015
1.02527
1.10406
1.11735
1.04904
1.05218
1.0325
1.00249
1.00599
1.00021
1.00014
1.04678
1.03094
1.06721
1.26361
1.00278
1.00092
1.00013
1.03331
1.00044
1.00053
1.00021
1.0004
1.02958
1.0251
1.00023
1.00018
1.09356
1.00023
1.00023
1.00452
1.01172
1.00069
1.04255
1.00024
1.03403
1.02291
1.01297
1.00025
1.03323
1.05656
1.00081
1.00018
1.0003
1.02589
1.00053
1.03657
1.02623
1.00016
1.02546
1.02224
1.05712
1.08744
1.00022
1.0002
1.00016
1.00019
1.01361
1.00024
1.02753
1.04132
1.03028
1.01694
1.00003
1.02918
1.00019
1.00015
1.01026
1.07894
1.00362
1.05174
1.00837
1.00622
1.01721
1.0001
1.01088
1.03945
1.07476
1.00025
1.00016
1.0814
1.04431
1.05171
1.02704
1.017
1.05872
1.00744
1.09782
1.00031
1.0002
1.0002
1.0484
1.07558
1.00206
1.02879
1.05562
1.0079
1.00157
1.0002
1.00391
1.0001
1.00472
1.04935
1.00549
1.04419
1.00532
1.00025
1.0254
1.00405
1.01064
1.02177
1.04612
1.03649
1.00055
1.00211
1.03748
1.02576
1.00037
1.00022
1.00021
1.0076
1.00186
1.05161
1.02831
1.00052
1.00017
1.0479
1.06574
1.03707
1.01878
1.02521
1.00448
1.00295
1.00014
1.05288
1.00377
1.00027
1.02996
1.04982
1.07168
1.00032
1.00022
1.00015
1.00277
1.0913
1.02025
1.00571
1.00021
1.04525
1.00023
1.00025
1.03179
1.11001
1.00065
1.00029
1.01456
1.00089
1.00572
1.01934
1.01164
1.00315
1.04564
1.0002
1.02309
1.10133
1.00046
1.03752
1.02155
1.05344
1.02243
1.00084
1.04943
1.04837
1.06906
1.0005
1.00019
1.02507
1.00714
1.00017
1.00019
1.01374
1.05895
1.00017
1.01082
1.008
1.00619
1.00024
1.01326
1.0002
1.00372
1.00904
1.0058
1.0072
1.02808
1.00205
1.00043
1.03775
1.00541
1.04966
1.02556
1.01264
1.0002
1.0531
1.00022
1.03508
1.02342
1.00391
1.00022
1.04081
1.00023
1.00021
1.00019
1.00021
1.00024
1.00067
1.00063
1.02191
1.04722
1.0003
1.00908
1.00114
1.00026
1.04142
1.01247
1.0206
1.03608
1.0859
1.00028
1.00022
1.00017
1.00022
1.0419
1.0013
1.00504
1.02291
1.02305
1.0003
1.03293
1.00319
1.00021
1.03437
1.00016
1.00021
1.03245
1.00026
1.04934
1.00028
1.05577
1.04677
1.04702
1.00022
1.02474
1.00013
1.00025
1.00037
1.0438
1.05081
1.0033
1.00024
1.06298
1.00188
1.01929
1.05951
1.06898
1.0649
1.0002
1.04883
1.00415
1.01602
1.01435
1.01313
1.0002
1.00734
1.02146
1.04706
1.0476
1.00033
1.00018
1.00441
1.00031
1.0002
1.06534
1.00026
1.00023
1.00021
1.00023
1.03883
1.05688
1.01447
1.04542
1.0081
1.0014
1.15676
1.08213
1.00013
1.00083
1.04072
1.00016
1.01449
1.00016
1.02948
1.03841
1.00036
1.06909
1.00024
1.10445
1.0004
1.00021
1.1034
1.05304
1.05006
1.02341
1.03804
1.02314
1.02234
1.00017
1.0607
1.04544
1.00028
1.06351
1.02043
1.08121
1.00016
1.0002
1.00023
1.0003
1.07153
1.00787
1.00021
1.03341
1.03148
1.00612
1.01771
1.04032
1.03797
1.05046
1.00088
1.00013
1.01572
1.01362
1.023
1.00006
1.00022
1.0092
1.05282
1.06646
1.00259
1.01563
1.00146
1.02874
1.00416
1.03345
1.00022
1.01533
1.04164
1.00129
1.00014
1.00015
1.08965
1.00028
1.00087
1.00019
1.0031
1.07106
1.00149
1.00745
1.00014
1.00023
1.00015
1.00442
1.00021
1.00806
1.00018
1.00539
1.00027
1.06566
1.00023
1.00028
1.02163
1.00015
1.01382
1.05195
1.00016
1.08227
1.0177
1.04638
1.05075
1.05501
1.0171
1.04273
1.00023
1.04506
1.03633
1.022
1.09499
1.00014
1.0246
1.01
1.0143
1.00035
1.00017
1.00018
1.00021
1.08278
1.00029
1.00036
1.0326
1.00654
1.00298
1.03708
1.02117
1.00098
1.02255
1.17033
1.05275
1.08869
1.00024
1.00255
1.00022
1.03211
1.06236
1.18717
1.0105
1.03565
1.00463
1.10278
1.03503
1.00021
1.01939
1.00036
1.00023
1.01066
1.02268
1.00015
1.00025
1.02327
1.05298
1.00382
1.00015
1.00026
1.05734
1.00016
1.05233
1.0271
1.00538
1.00002
1.00027
1.00016
1.00025
1.00019
1.00018
1.0504
1.00177
1.00016
1.03005
1.00501
1.00016
1.06166
1.01732
1.06996
1.00094
1.08034
1.03646
1.00021
1.05468
1.03863
1.04352
1.06492
1.00015
1.00034
1.01236
1.0002
1.00022
1.01283
1.02458
1.00026
1.08072
1.00022
1.00017
1.00571
1.00019
1.00023
1.09585
1.00359
1.02148
1.00112
1.00016
1.01383
1.00013
1.01948
1.0002
1.06533
1.00051
1.00837
1.0085
1.00026
1.00019
1.00012
1.02293
1.01795
1.00193
1.00021
1.01387
1.02398
1.00027
1.01159
1.08892
1.00157
1.04897
1.00801
1.01113
1.00132
1.02737
1.00199
1.0349
1.00025
1.0002
1.00024
1.00015
1.0003
1.05748
1.00015
1.05094
1.00021
1.00011
1.04597
1.05109
1.03825
1.00181
1.0003
1.06247
1.02099
1.00016
1.07032
1.07973
1.00022
1.03681
1.04037
1.00017
1.02512
1.0003
1.01225
1.00125
1.01063
1.06379
1.06338
1.00021
1.00957
1.00026
1.06869
1.00132
1.00064
1.03308
1.05229
1.00038
1.10743
1.00026
1.03348
1.08067
1.00017
1.00016
1.00029
1.00221
1.113
1.03797
1.03546
1.05644
1.00026
1.0115
1.00018
1.00018
1.04564
1.0315
1.04443
1.02076
1.03814
1.01052
1.0447
1.05868
1.01201
1.01946
1.01323
1.1043
1.03812
1.00046
1.03188
1.04471
1.00144
1.00486
1.21458
1.00027
1.06071
1.00016
1.0002
1.01474
1.00715
1.02268
1.01881
1.00016
1.05558
1.00014
1.00017
1.05308
1.05882
1.00307
1.00015
1.05307
1.00019
1.00976
1.00672
1.00412
1.0246
1.04638
1.01223
1.08651
1.04177
1.00735
1.01558
1.08065
1.00017
1.0008
1.00375
1.03379
1.00005
1.0592
1.07995
1.00001
1.00024
1.03194
1.00023
1.04524
1.00022
1.00181
1.04048
1.06484
1.0002
1.00713
1.00029
1.06024
1.03494
1.12152
1.02988
1.00323
1.04536
1.08423
1.00031
1.00026
1.00012
1.05242
1.00024
1.00072
1.00138
1.00031
1.04032
1.00033
1.00002
1.0543
1.03638
1.00021
1.00026
1.02223
1.0002
1.07245
1.03354
1.00024
1.03703
1.00018
1.04107
1.06292
1.04351
1.00021
1.01942
1.0038
1.07691
1.00979
1.00894
1.00024
1.01486
1.01484
1.05942
1.03612
1.00016
1.0649
1.0002
1.04511
1.00024
1.0002
1.02051
1.00012
1.00026
1.00013
1.05317
1.03533
1.0003
1.00021
1.00023
1.0003
1.07884
1.00152
1.01178
1.09331
1.00771
1.01181
1.00021
1.02658
1.06569
1.01628
1.17254
1.0103
1.07201
1.00698
1.05593
1.0169
1.00023
1.00023
1.00595
1.02292
1.00082
1.04049
1.02148
1.0055
1.00307
1.02867
1.00491
1.00172
1.00022
1.06418
1.0255
1.00026
1.00204
1.00302
1.0399
1.00281
1.00022
1.02144
1.0162
1.00176
1.00025
1.01498
1.08807
1.00009
1.01981
1.04628
1.00047
1.03877
1.00026
1.00029
1.07383
1.02073
1.09353
1.00237
1.03954
1.00082
1.04711
1.00341
1.0002
1.05478
1.05978
1.02853
1.00681
1.06897
1.08064
1.04575
1.06211
1.01681
1.00283
1.00601
1.0005
1.00014
1.00023
1.00876
1.01328
1.02864
1.0598
1.06883
1.02481
1.00131
1.04389
1.0274
1.04578
1.00027
1.00527
1.0032
1.00041
1.01239
1.01026
1.01024
1.00162
1.00017
1.01367
1.1046
1.03197
1.07761
1.01251
1.00019
1.06033
1.02746
1.06015
1.07908
1.03754
1.045
1.01095
1.00015
1.08582
1.00018
1.02033
1.00084
1.01532
1.00019
1.05138
1.00576
1.00026
1.00655
1.00257
1.0282
1.00018
1.00013
1.05063
1.02531
1.00934
1.00254
1.03467
1.00109
1.00022
1.03245
1.0053
1.03149
1.00745
1.02242
1.06828
1.00025
1.1578
1.01289
1.04597
1.00021
1.00775
1.07552
1.00043
1.00021
1.00021
1.05058
1.01566
1.03127
1.00017
1.03828
1.0296
1.00033
1.03709
1.02494
1.15157
1.00035
1.01386
1.03944
1.02359
1.02505
1.0753
1.04505
1.00202
1.0002
1.00536
1.00532
1.00021
1.06064
1.09511
1.00026
1.00705
1.01735
1.01454
1.00699
1.00335
1.00027
1.06307
1.05646
1.0227
1.00019
1.03652
1.00022
1.00599
1.01273
1.00024
1.00027
1.00668
1.07057
1.00125
1.01638
1.0024
1.00027
1.0002
1.00175
1.00126
1.00028
1.0002
1.01851
1.00017
1.04569
1.02246
1.0248
1.00864
1.00268
1.0685
1.00833
1.00071
1.03476
1.00329
1.07375
1.00015
1.00328
1.00024
1.00018
1.00088
1.05299
1.0004
1.00018
1.01802
1.03872
1.01923
1.00018
1.00126
1.00758
1.00511
1.03265
1.02591
1.00904
1.05128
1.0923
1.01053
1.0085
1.11607
1.01041
1.00016
1.00001
1.01383
1.00019
1.00292
1.00988
1.01805
1.00007
1.01613
1.0166
1.0002
1.00016
1.04097
1.0789
1.01509
1.03816
1.02958
1.04214
1.01163
1.02017
1.00884
1.0189
1.05334
1.00526
1.00297
1.11388
1.00016
1.02443
1.03251
1.03833
1.02245
1.05252
1.01103
1.00018
1.00055
1.06155
1.08039
1.01912
1.06117
1.01107
1.0062
1.04487
1.00024
1.01989
1.04441
1.00801
1.03953
1.00022
1.04589
1.00014
1.01935
1.01745
1.1097
1.00004
1.00089
1.04735
1.00023
1.0002
1.00745
1.28566
1.0858
1.00026
1.06764
1.01585
1.00503
1.00072
1.00658
1.00018
1.00026
1.00153
1.00106
1.01015
1.02527
1.10406
1.11735
1.04904
1.05218
1.0325
1.00249
1.00599
1.00021
1.00014
1.04678
1.03094
1.06721
1.26361
1.00278
1.00092
1.00013
1.03331
1.00044
1.00053
1.00021
1.0004
1.02958
1.0251
1.00023
1.00018
1.09356
1.00023
1.00023
1.00452
1.01172
1.00069
1.04255
1.00024
1.03403
1.02291
1.01297
1.00025
1.03323
1.05656
1.00081
1.00018
1.0003
1.02589
1.00053
1.03657
1.02623
1.00016
1.02546
1.02224
1.05712
1.08744
1.00022
1.0002
1.00016
1.00019
1.01361
1.00024
1.02753
1.04132
1.03028
1.01694
1.00003
1.02918
1.00019
1.00015
1.01026
1.07894
1.00362
1.05174
1.00837
1.00622
1.01721
1.0001
1.01088
1.03945
1.07476
1.00025
1.00016
1.0814
1.04431
1.05171
1.02704
1.017
1.05872
1.00744
1.09782
1.00031
1.0002
1.0002
1.0484
1.07558
1.00206
1.00015
1.00019
1.05171
1.07101
1.0002
1.04099
1.0001
1.00174
1.08821
1.10622
1.03334
1.01334
1.01825
1.0254
1.00405
1.01065
1.04511
1.19589
1.03816
1.0302
1.06339
1.03748
1.07787
1.00037
1.00022
1.00021
1.04763
1.00186
1.09756
1.03512
1.15459
1.06514
1.06099
1.07755
1.03609
1.03606
1.03473
1.00439
1.00295
1.02019
1.05289
1.07549
1.0395
1.03038
1.05288
1.08945
1.0718
1.03861
1.03934
1.17154
1.04878
1.12258
1.05495
1.13526
1.09
1.0259
1.00025
1.04304
1.00776
1.08727
1.00496
1.0135
1.08986
1.02712
1.02525
1.01164
1.06615
1.06889
1.05791
1.06859
1.00598
1.00046
1.0269
1.03622
1.06237
1.05235
1.02385
1.06072
1.03252
1.08806
1.01361
1.00971
1.01737
1.00714
1.00017
1.00019
1.0001
1.05895
1.02477
1.01881
1.04117
1.00619
1.04919
1.06577
1.0002
1.00372
1.08356
1.10035
1.01806
1.00007
1.00206
1.00043
1.0892
1.0329
1.10105
1.07943
1.02591
1.0101
1.01444
1.06262
1.12447
1.02342
1.00391
1.08464
1.07192
1.04132
1.00021
1.04823
1.00484
1.00024
1.00067
1.00063
1.07802
1.09072
1.0003
1.045
1.00114
1.00026
1.04142
1.00234
1.00015
1.03254
1.12018
1.08356
1.00022
1.0175
1.02785
1.04887
1.0013
1.0144
1.0398
1.0444
1.02751
1.11445
1.00319
1.00021
1.04027
1.00016
1.00021
1.03929
1.00026
1.07394
1.06429
1.06727
1.07775
1.05668
1.06146
1.02474
1.02147
1.0878
1.00037
1.03159
1.08028
1.0033
1.00198
1.09142
1.00188
1.04607
1.07683
1.06979
1.08273
1.01302
1.15285
1.00415
1.02537
1.10331
1.00906
1.10605
1.02658
1.03195
1.04044
1.05813
1.00033
1.02665
1.03555
1.00031
1.10574
1.06534
1.00026
1.00023
1.00021
1.0183
1.07361
1.00018
1.01633
1.02704
1.0081
1.0014
1.13068
1.08213
1.06143
1.03056
1.03131
1.03386
1.06992
1.02556
1.11669
1.06796
1.00036
1.13499
1.0557
1.11314
1.01792
1.00021
1.09893
1.08386
1.0953
1.04537
1.03921
1.00003
1.02234
1.0225
1.0789
1.01678
1.07774
1.05976
1.03569
1.00023
1.05531
1.0002
1.00023
1.01339
1.05379
1.00578
1.00021
1.00871
1.01105
1.00613
1.07864
1.06063
1.03539
1.01621
1.0856
1.04728
1.02133
1.0674
1.07552
1.00006
1.00022
1.0092
1.02696
1.00005
1.00259
1.13682
1.202
1.04149
1.00416
1.06125
1.05808
1.14529
1.08892
1.06532
1.00983
1.00015
1.07067
1.00028
1.00088
1.00831
1.00394
1.07107
1.00149
1.06096
1.00014
1.01318
1.00016
1.00442
1.11401
1.03078
1.00019
1.01528
1.00027
1.00021
1.00675
1.00028
1.00018
1.01277
1.04205
1.06137
1.00016
1.16352
1.04238
1.05933
1.09585
1.03687
1.01708
1.04274
1.04048
1.08129
1.0538
1.022
1.09916
1.06052
1.07143
1.04506
1.04164
1.0001
1.0075
1.00019
1.08014
1.0304
1.05531
1.00036
1.0599
1.06072
1.00298
1.08453
1.0317
1.05156
1.03723
1.07538
1.08622
1.1353
1.00025
1.00255
1.00023
1.06233
1.00063
1.01321
1.00943
1.04488
1.08661
1.09225
1.18975
1.00052
1.0003
1.00036
1.00023
1.01063
1.04773
1.03397
1.00025
1.08145
1.14553
1.0496
1.01663
1.00026
1.04049
1.00016
1.08183
1.03156
1.00538
1.06538
1.01055
1.00016
1.04773
1.03882
1.00018
1.06329
1.04824
1.00016
1.03005
1.02933
1.00016
1.001
1.01585
1.03365
1.03063
1.10538
1.052
1.00021
1.05803
1.10189
1.0663
1.02895
1.02919
1.01796
1.04565
1.04197
1.12469
1.05827
1.03689
1.05321
1.03977
1.00022
1.00017
1.00571
1.00019
1.00023
1.06167
1.00359
1.05671
1.00046
1.00016
1.02435
1.00013
1.0742
1.0002
1.06718
1.06419
1.00838
1.04541
1.00026
1.0447
1.00012
1.04438
1.01795
1.00193
1.03076
1.04928
1.0701
1.08144
1.05186
1.05233
1.05163
1.00572
1.00076
1.01114
1.02849
1.05875
1.06998
1.0508
1.00025
1.00021
1.0406
1.06595
1.0003
1.00021
1.05156
1.0301
1.03589
1.17182
1.07149
1.01152
1.03825
1.00181
1.01915
1.07829
1.0683
1.03842
1.24377
1.05484
1.08992
1.03498
1.04037
1.00017
1.02646
1.0003
1.03006
1.00125
1.01063
1.00022
1.00026
1.00021
1.00027
1.03076
1.06181
1.00132
1.00064
1.13487
1.00172
1.00038
1.13344
1.00026
1.02439
1.04604
1.01573
1.00016
1.0003
1.00221
1.0002
1.05858
1.09864
1.00605
1.10404
1.09653
1.00018
1.0526
1.04564
1.03525
1.04967
1.01941
1.09898
1.01052
1.06093
1.05821
1.07921
1.05555
1.0257
1.07263
1.02855
1.00046
1.07564
1.13184
1.02494
1.00254
1.00018
1.00027
1.03416
1.00016
1.0002
1.05012
1.01013
1.04352
1.02276
1.00016
1.00018
1.03612
1.00017
1.09166
1.1047
1.09126
1.00015
1.10882
1.06453
1.00022
1.00686
1.00278
1.065
1.0009
1.03547
1.05624
1.07312
1.00735
1.01558
1.06663
1.029
1.0008
1.06942
1.00018
1.03808
1.05991
1.00732
1.00001
1.00024
1.04304
1.00023
1.17159
1.05711
1.00181
1.16271
1.00102
1.01889
1.00713
1.0003
1.05986
1.04066
1.03222
1.06996
1.04228
1.00014
1.10584
1.01971
1.06446
1.00012
1.05675
1.10864
1.03461
1.00138
1.0486
1.03275
1.00033
1.00002
1.08434
1.03638
1.09058
1.00026
1.0067
1.0002
1.09711
1.07442
1.00024
1.07525
1.03763
1.06805
1.05559
1.09435
1.02617
1.00015
1.04711
1.07029
1.00979
1.01634
1.00024
1.01033
1.04041
1.05777
1.03267
1.03586
1.1064
1.0002
1.03544
1.05311
1.10321
1.00041
1.02681
1.00026
1.12705
1.0523
1.05444
1.0003
1.00021
1.0158
1.0003
1.09371
1.04417
1.00026
1.09078
1.03902
1.01578
1.02941
1.06422
1.02941
1.00013
1.08544
1.0103
1.10694
1.04492
1.05257
1.0169
1.05668
1.04326
1.00595
1.02292
1.0029
1.06926
1.03569
1.19701
1.00307
1.04941
1.0054
1.04511
1.0655
1.2025
1.05095
1.0893
1.10935
1.00302
1.03991
1.20401
1.00023
1.07114
1.04237
1.00176
1.00025
1.05294
1.04569
1.00009
1.01008
1.05409
1.00047
1.10654
1.03038
1.12986
1.02261
1.01204
1.12881
1.00238
1.03167
1.01071
1.04777
1.04211
1.01497
1.06718
1.06999
1.03676
1.01764
1.00357
1.15336
1.05544
1.07448
1.1301
1.00328
1.00601
1.01648
1.0254
1.13031
1.00982
1.01067
1.02433
1.06639
1.08353
1.00058
1.00131
1.02841
1.08571
1.00749
1.05172
1.00655
1.03818
1.00041
1.03957
1.071
1.07592
1.08847
1.00017
1.02556
1.08129
1.03727
1.0771
1.01251
1.0002
1.07059
1.01457
1.05114
1.08287
1.03702
1.06029
1.03978
1.06244
1.09839
1.00018
1.06041
1.02513
1.01532
1.00019
1.08764
1.01332
1.00026
1.01222
1.00257
1.06195
1.01652
1.00013
1.0414
1.03705
1.01948
1.00311
1.05859
1.12354
1.01184
1.05357
1.0053
1.03106
1.01586
1.01
1.05508
1.06994
1.0246
1.02431
1.05598
1.00021
1.03654
1.01604
1.01068
1.00021
1.00021
1.03325
1.05888
1.04966
1.01713
1.03818
1.01146
1.07066
1.10839
1.04292
1.08216
1.0807
1.05037
1.02563
1.03566
1.04716
1.09717
1.00112
1.00023
1.0002
1.02095
1.06106
1.02506
1.07856
1.02916
1.01658
1.06647
1.05444
1.04523
1.14647
1.08984
1.1811
1.02464
1.06399
1.00448
1.06227
1.05563
1.00022
1.04448
1.01677
1.02458
1.07178
1.00668
1.02111
1.04166
1.04826
1.05951
1.01404
1.01414
1.04413
1.00126
1.01042
1.0002
1.01851
1.00017
1.06885
1.05316
1.06532
1.00864
1.00269
1.10742
1.00027
1.04002
1.00284
1.0033
1.07601
1.04589
1.00248
1.00024
1.00018
1.01319
1.00021
1.00002
1.00018
1.02376
1.15131
1.03795
1.11815
1.06596
1.00758
1.06902
1.0449
1.09683
1.14187
1.07354
1.12319
1.07236
1.01499
1.1444
1.01345
1.04406
1.03011
1.03719
1.00019
1.02831
1.04462
1.01743
1.07802
1.01911
1.04544
1.0002
1.04285
1.03334
1.087
1.05309
1.08488
1.08529
1.06618
1.01647
1.02017
1.01263
1.03951
1.06403
1.00042
1.04918
1.05482
1.00016
1.05357
1.06889
1.08665
1.01758
1.01499
1.01024
1.02806
1.01496
1.07216
1.13657
1.01763
1.05051
1.01558
1.09819
1.11338
1.03493
1.0596
1.04441
1.00591
1.03415
1.00022
1.00015
1.00014
1.06136
1.03745
1.11057
1.0026
1.0009
1.03864
1.00023
1.0002
1.01071
1.0195
1.04692
1.00026
1.07201
1.07717
1.00503
1.04472
1.00658
1.00018
1.10676
1.01982
1.03631
1.03912
1.01668
1.10462
1.06213
1.04904
1.05218
1.03511
1.00249
1.05201
1.00021
1.00014
1.12939
1.05352
1.03671
1.25212
1.03829
1.05376
1.02353
1.05211
1.05223
1.00536
1.10915
1.00041
1.04373
1.04774
1.01728
1.00018
1.04662
1.07206
1.05102
1.00766
1.07692
1.00069
1.05072
1.05869
1.02784
1.06434
1.09042
1.00021
1.05537
1.06044
1.00018
1.06493
1.10248
1.04539
1.00053
1.05646
1.06353
1.00016
1.00021
1.12533
1.02425
1.00302
1.01076
1.0002
1.02409
1.00019
1.01361
1.39135
1.02754
1.12292
1.00022
1.02482
1.0392
1.0287
1.00019
1.04636
1.06734
1.04375
1.00541
1.00036
1.08113
1.07562
1.01119
1.0001
1.05852
1.08
1.29268
1.00025
1.06233
1.00015
1.06105
1.00082
1.05306
1.02141
1.0724
1.09277
1.00744
1.20895
1.01664
1.04961
1.07475
1.16533
1.00023
1.49924
1.52136
1.47628
1.61142
1.725
1.95105
1.74763
1.63202
1.65215
1.52921
1.57751
1.75035
1.67887
1.73681
1.61164
1.62414
1.6203
1.85269
1.62846
1.39935
1.63131
1.60476
1.58091
1.71288
1.68796
1.57724
1.61355
1.70897
1.64717
1.67681
1.68129
1.49071
1.67315
1.66903
2.01829
1.77284
1.58325
1.69289
1.78623
1.34661
1.43474
1.79248
1.92461
1.78167
1.67205
1.78987
1.63983
1.71112
1.52069
1.76658
1.99935
1.74299
1.65511
1.62736
1.59395
1.74532
1.67999
1.76445
1.74826
1.49385
1.75549
1.51389
1.56285
1.51817
1.70006
1.87596
1.56347
1.65006
1.52454
1.58865
1.75591
1.55059
1.5935
1.9496
1.63053
1.55163
1.61476
1.5868
1.54468
1.6855
1.78651
1.73082
1.51231
1.60244
1.4522
1.68665
1.53447
1.82005
1.52918
1.61697
1.6992
1.85302
1.67635
1.96621
1.56641
1.74231
1.63076
1.68281
1.62633
1.59351
1.73433
1.58321
1.89667
1.48238
1.77367
1.65464
1.57776
1.47161
1.68162
1.66088
1.6479
1.67596
1.58033
1.58967
1.6978
1.72949
1.51675
1.66643
1.63764
1.74463
1.96673
1.56271
1.83147
1.57782
1.66187
1.63783
1.56878
1.60316
1.42625
1.8951
1.49466
1.45306
1.73485
1.79803
1.70867
1.57567
1.60296
1.75974
1.5834
1.59542
1.62485
1.649
1.83848
1.81727
1.92184
1.63686
1.6328
1.4946
1.525
1.59748
1.65148
1.65128
1.85663
1.6429
1.79044
1.66808
1.59849
1.72679
1.39075
1.77737
1.863
1.7468
1.8884
1.64488
1.66323
1.61906
1.5575
1.54129
1.9844
1.44484
1.98412
1.5637
2.04305
1.59558
1.56823
1.63239
1.66519
1.55388
1.79616
1.62331
1.4945
1.66963
1.64591
1.57561
1.76743
1.79341
1.72322
1.75843
1.693
1.73361
1.58574
1.59637
1.69571
1.6469
1.64105
1.63608
1.68542
2.17517
1.78675
2.15476
1.46866
1.58367
1.48858
1.54132
1.66051
1.52098
1.52924
1.78982
1.77747
1.71061
1.61836
1.6497
1.71086
1.61134
1.71608
1.72899
1.79608
1.64579
1.49368
1.86697
1.52376
1.59029
1.68104
1.62031
1.58672
1.59733
1.83196
1.75221
1.55035
1.61097
1.5269
1.70593
1.58956
1.69126
1.52158
1.72413
1.44644
1.53173
1.76236
1.55369
1.42406
1.46632
1.65162
1.47718
1.58834
1.53741
1.78
1.7061
1.52444
1.71124
1.7327
1.59263
1.56638
1.49016
1.47305
1.71043
1.82604
1.78462
1.65444
1.80241
1.69444
1.82353
1.50156
1.42586
1.61259
1.60688
1.60482
1.53093
1.65472
1.72028
1.74386
1.59992
1.484
1.6235
1.47044
1.64713
1.71689
1.68223
1.47832
1.48075
1.46084
1.60427
1.50198
1.86075
1.59373
1.54353
1.76598
1.60926
1.49487
1.70061
1.79178
1.62617
1.51096
1.48011
1.79623
1.59235
1.65863
1.55268
1.54876
1.65316
1.78705
1.3957
1.63568
1.48142
1.85887
1.47129
1.6001
1.57074
1.5322
1.55874
1.70142
1.74116
1.58892
1.80455
1.72479
1.79828
1.5636
1.47517
1.64735
1.32139
1.66827
1.88899
1.71515
1.58124
1.50009
1.66726
1.55704
1.58769
1.47602
1.78591
1.60688
1.55171
1.95441
1.48843
1.72411
1.89346
1.7103
1.8333
1.75508
1.61161
1.81595
1.78045
1.51299
1.64831
1.59657
1.73268
1.91865
1.4638
1.81519
1.61975
1.80906
1.51645
1.65439
1.43451
1.66449
1.48044
1.50261
1.70107
1.64774
1.51632
1.68052
1.62871
1.37508
1.65347
1.79135
1.30639
1.5899
1.89748
1.71667
1.55964
1.57394
1.56927
1.64419
1.40714
1.4537
1.71249
1.65412
1.56669
1.65656
1.69921
1.46608
1.7324
1.56197
1.69543
1.58548
1.65781
1.50755
1.70845
1.62999
1.74894
1.73911
1.56945
1.57159
1.65768
1.49095
1.70114
1.6748
1.68239
1.55287
1.74218
1.96859
1.6439
1.64716
1.38227
1.75177
1.62125
1.43244
1.54602
1.60254
1.73074
1.75634
1.75561
2.01335
1.68306
1.52806
2.21915
1.55443
1.65612
1.6652
1.63715
1.47434
1.50858
1.55934
1.52693
1.47372
1.78948
1.56167
1.48353
1.64064
1.50457
1.57352
1.62704
1.52708
2.21637
2.09334
1.87236
1.63748
1.79625
1.6935
1.86889
1.66874
1.65431
1.57188
1.7687
1.49408
1.641
1.67833
1.55972
1.59192
1.78053
1.57935
1.77419
1.62917
1.60167
1.75166
1.92418
1.71842
1.90345
1.99969
1.51251
1.75184
1.84908
1.78373
1.61442
2.06417
1.53743
1.47534
1.74668
1.72699
1.61137
1.63416
1.66225
1.60239
1.63104
1.55322
1.56604
1.50956
1.51851
1.66963
1.60727
1.70164
1.82472
1.71623
1.64105
1.5434
1.56831
1.56159
1.61309
1.8184
1.50275
1.41975
1.79373
1.64007
1.64743
1.68674
1.55232
1.75026
1.47079
1.43889
1.59847
1.65453
1.77605
1.71911
1.45936
1.51342
1.4356
1.4231
1.46437
1.75831
1.71528
1.70347
1.44697
1.65821
1.55943
1.50605
1.48028
1.60663
1.94788
1.73732
1.59424
1.68019
1.60925
1.6194
1.63068
1.61196
1.43376
1.71814
1.77599
1.5042
1.54524
1.63365
1.75295
1.51369
1.69766
1.61469
1.61462
1.61677
1.52579
1.52291
2.02234
1.69532
1.59587
1.43395
1.61083
1.95013
1.57483
1.94536
1.55704
1.47424
1.53233
1.85355
1.72348
1.61993
1.37859
1.66229
1.67778
1.66717
1.98606
1.73598
1.70732
1.74428
1.3827
1.6122
1.59364
1.62269
1.64552
1.38928
1.70105
1.62218
1.44688
1.63177
1.68937
1.66128
1.601
1.89819
1.74071
1.54488
1.51297
1.61814
1.99508
1.63922
1.49982
1.52594
1.49112
1.5665
1.56224
1.68752
1.57526
1.93437
1.63469
1.44686
1.76277
1.59294
1.72
1.34827
1.3933
1.52009
1.48328
1.72097
1.75148
1.50101
1.68825
1.7613
2.05784
1.63944
1.59828
1.89077
1.82635
1.51675
1.6778
1.57351
1.68449
1.50911
2.1166
1.87294
1.60171
1.55243
1.65848
1.56049
1.63511
1.59458
1.64983
1.42829
1.59362
2.06712
1.82489
1.57584
1.81346
1.49413
1.91023
1.52901
1.72198
1.65761
1.83593
1.76741
1.7226
1.57385
1.43297
1.77407
1.56407
1.79902
1.68294
1.62778
1.70223
1.60953
1.65279
1.63984
1.73296
1.57699
1.92253
1.62404
1.81131
1.66393
1.48599
1.48864
1.80009
1.5781
1.55254
1.45316
2.05208
1.46892
1.44447
1.72347
1.55502
1.48017
1.6359
1.69316
1.68111
1.67235
1.61488
1.57391
1.68473
1.56165
1.53839
1.4531
1.63188
1.81581
1.54443
1.80269
1.66138
1.82959
1.49521
1.49469
1.78012
1.56808
1.81931
1.73142
1.89015
1.76498
1.67388
1.44367
1.83627
1.71347
1.90796
1.55916
1.7974
1.97994
1.57232
1.8488
1.72094
1.57967
1.67204
1.61809
1.77106
1.64151
1.614
1.64593
1.81127
1.49597
1.84027
1.60381
1.54324
1.73907
2.10591
1.68721
1.74041
1.65178
1.69262
1.69545
1.69639
1.51687
1.45137
1.409
1.607
1.62609
1.78234
1.54675
1.49371
1.63242
1.55068
1.89706
1.51607
1.80957
1.83693
1.81062
1.68894
1.60086
1.38792
1.53487
1.75136
1.55069
1.73676
1.71909
1.99781
1.61296
1.54521
1.59625
1.71486
1.6524
1.58887
1.5642
1.55932
1.66911
1.60479
1.67308
1.64954
1.98452
1.43011
1.49106
1.7052
1.62473
1.71088
1.87174
1.7772
1.56536
1.55285
1.55413
1.59528
1.53322
1.49033
1.68863
1.63651
1.60418
1.63534
2.09892
1.79545
1.58778
1.65486
1.96072
1.63211
1.56912
1.9254
1.76599
1.66524
1.58624
1.6568
1.79545
1.76767
1.69655
1.45904
1.55485
1.77252
1.86931
1.6395
1.45332
1.58879
1.79369
1.5916
1.86997
1.57784
1.4544
1.63089
1.72984
1.45631
1.64235
1.76259
1.92921
1.75824
1.8205
1.42947
1.76128
1.44309
1.92197
1.55338
1.53242
1.6454
1.6729
1.4448
1.56329
1.72581
1.52927
1.72372
1.50841
1.73775
1.48646
1.65608
1.733
1.63983
1.71082
1.78243
1.76756
1.5505
1.53525
1.62824
1.60009
1.46043
1.61243
1.53278
1.48916
1.63879
1.55725
1.56739
1.59925
1.56472
1.63689
1.62188
1.51826
1.49522
1.99998
1.59455
1.52268
1.73766
1.61132
1.64088
1.71203
1.4558
1.50104
1.5731
1.92948
1.56591
1.69455
1.55102
1.37374
1.46587
1.57537
1.65671
1.51498
1.56213
1.65541
1.6224
1.61008
2.02604
1.58734
1.60642
1.79342
1.85839
1.87742
1.73198
1.65304
1.66621
1.83143
1.63666
1.55882
1.49809
1.40608
1.78418
1.46442
1.86365
1.74413
1.50765
1.62262
1.61042
1.70113
1.79317
1.66076
1.81675
1.6282
1.78841
1.53507
1.95314
1.49052
1.63963
1.59325
1.88615
1.6384
1.78798
1.78857
1.606
1.85789
1.88018
1.69371
1.90109
1.81533
1.85277
1.47125
1.51672
1.48549
1.53276
1.47607
1.60512
1.58839
1.57724
1.79781
1.46749
1.63508
1.79474
1.57387
1.56402
1.47973
1.49843
1.87772
1.58622
1.58691
1.61969
1.58515
1.64438
1.7214
1.50082
1.7726
1.50895
1.63758
1.55215
1.97089
1.72952
1.67465
1.49158
1.52481
1.54705
1.57094
1.74747
1.72654
1.64613
1.43209
1.58616
1.57196
1.58468
1.80115
1.5678
1.65364
1.64676
1.51647
1.52116
1.47484
1.41461
1.79326
1.7522
1.71896
1.61662
1.46097
1.64589
1.69295
1.6443
1.3478
1.59205
1.77871
1.56172
1.7688
2.17707
1.65296
1.73137
1.66738
1.50492
1.25403
1.69104
1.63974
1.49451
1.56819
1.76799
1.50091
1.58901
1.48711
1.85595
1.94881
1.703
1.93127
1.50652
1.59356
2.03507
1.97562
1.72341
1.06924
1.17863
1.12599
1.13314
1.18807
1.26543
1.18512
1.15894
1.22029
1.18498
1.09459
1.14931
1.13842
1.16294
1.06296
1.11244
1.20562
1.11801
1.1328
1.09272
1.1282
1.12076
1.10549
1.17098
1.16596
1.12933
1.10461
1.15563
1.10864
1.20026
1.16242
1.06215
1.14935
1.108
1.14047
1.13892
1.09054
1.18795
1.1941
1.10002
1.09841
1.11467
1.19318
1.18415
1.14672
1.19042
1.13246
1.11433
1.13502
1.12526
1.26523
1.19432
1.09478
1.17729
1.14612
1.23702
1.15826
1.76445
1.21694
1.15105
1.16966
1.15347
1.16725
1.09962
1.21993
1.22065
1.15421
1.22034
1.12137
1.19055
1.16756
1.13215
1.07781
1.24288
1.15806
1.09028
1.12353
1.11413
1.17117
1.14023
1.14893
1.20792
1.14271
1.10614
1.14557
1.19197
1.14002
1.11287
1.09541
1.15569
1.16688
1.27388
1.1523
1.06684
1.12963
1.21941
1.1006
1.14898
1.09774
1.11524
1.16558
1.14578
1.11361
1.09162
1.77367
1.12409
1.11318
1.12547
1.14357
1.14807
1.15267
1.15995
1.10375
1.16306
1.10835
1.72949
1.10122
1.21154
1.1388
1.20637
1.20459
1.19337
1.14729
1.12466
1.17728
1.16414
1.11483
1.16379
1.08561
1.16471
1.11567
1.07642
1.10314
1.15358
1.17742
1.10375
1.14066
1.15629
1.13231
1.15948
1.11207
1.13575
1.20534
1.16555
1.10205
1.17779
1.11938
1.13895
1.12956
1.19991
1.10558
1.18281
1.21817
1.16744
1.21096
1.19907
1.20962
1.14285
1.04596
1.10839
1.19048
1.09591
1.15871
1.14017
1.16539
1.08859
1.14647
1.0818
1.11285
1.08229
1.13446
1.14259
2.04305
1.12349
1.07888
1.08807
1.17433
1.17233
1.21967
1.12556
1.1097
1.11517
1.1381
1.0909
1.20118
1.25287
1.23632
1.17239
1.13695
1.20561
1.15131
1.1391
1.12271
1.15873
1.09782
1.17355
1.10672
1.15323
1.12117
1.31249
1.13048
1.14109
1.14544
1.10332
1.15914
1.08573
1.10549
1.19279
1.23534
1.19805
1.13361
1.18051
1.08593
1.15909
1.14019
1.18545
1.18191
1.18692
1.10154
1.18846
1.09152
1.18766
1.14585
1.13164
1.16055
1.11647
1.17985
1.08395
1.09478
1.10601
1.07972
1.13018
1.14665
1.11824
1.11841
1.14512
1.1398
1.15825
1.11996
1.13794
1.09977
1.06023
1.20682
1.14963
1.13357
1.12524
1.20586
1.15703
1.13183
1.07124
1.7327
1.11118
1.13988
1.12069
1.15735
1.10659
1.17061
1.14075
1.18244
1.1316
1.1931
1.19659
1.13969
1.16206
1.07762
1.18493
1.1325
1.15575
1.11032
1.14261
1.18086
1.15214
1.1314
1.15915
1.16787
1.05693
1.14435
1.12307
1.13362
1.08158
1.12129
1.14978
1.12729
1.1779
1.16191
1.13974
1.13983
1.16789
1.12201
1.12418
1.79178
1.62617
1.1666
1.48011
1.17496
1.15164
1.14822
1.12781
1.12222
1.16689
1.1678
1.12261
1.16005
1.1365
1.12348
1.12226
1.1461
1.11081
1.15826
1.55874
1.16814
1.15614
1.16618
1.11588
1.1898
1.22003
1.13119
1.10564
1.13736
1.06138
1.16162
1.1833
1.11156
1.13359
1.14235
1.14241
1.14619
1.16025
1.11625
1.14372
1.08569
1.09474
1.15448
1.11764
1.22454
1.23194
1.25294
1.12875
1.09643
1.12173
1.18161
1.19268
1.12416
1.11811
1.07931
1.18907
1.17399
1.10563
1.09563
1.11543
1.14009
1.0815
1.1569
1.15545
1.15032
1.13709
1.13565
1.16654
1.1264
1.12822
1.19075
1.10056
1.09227
1.22179
1.17521
1.03855
1.167
1.15345
1.10721
1.13262
1.14829
1.08601
1.20506
1.0549
1.11009
1.19418
1.16962
1.12901
1.17117
1.16864
1.0856
1.13786
1.11773
1.20552
1.07679
1.15607
1.10252
1.15401
1.11968
1.15783
1.12176
1.17296
1.09121
1.09589
1.12045
1.14184
1.12391
1.1585
1.12395
1.10121
1.13895
1.14302
1.14869
1.07863
1.14571
1.12984
1.05908
1.16427
1.13736
1.13565
1.12229
1.12988
1.21336
1.13163
1.15206
1.38399
1.14643
1.16928
1.1641
1.1288
1.16964
1.14429
1.12227
1.19198
1.16019
1.11702
1.10927
1.13464
1.13015
1.13757
1.13217
1.06333
1.1074
1.14821
1.16635
1.20131
1.14361
1.13162
1.07745
1.11455
1.16935
1.10192
1.10626
1.12018
1.10442
1.14542
1.14401
1.10331
1.11108
1.23976
1.13966
1.19585
1.19702
1.13936
1.1439
1.2654
1.20729
1.19475
1.2149
1.14593
1.13677
1.24777
1.11615
1.08864
1.11993
1.11816
1.04897
1.20548
1.13739
1.09248
1.15699
1.09693
1.09355
1.17674
1.12769
1.11048
1.0918
1.10367
1.11277
1.19984
1.1861
1.12785
1.13342
1.12831
1.09503
1.11023
1.14734
1.07832
1.12553
1.10136
1.41975
1.12269
1.1038
1.17068
1.17285
1.2105
1.17765
1.20382
1.11829
1.13617
1.17453
1.1497
1.19623
1.10276
1.14855
1.11657
1.08223
1.12176
1.13945
1.1318
1.13879
1.12881
1.15185
1.07228
1.09038
1.08069
1.12011
1.16767
1.17744
1.15895
1.1218
1.12941
1.18469
1.15426
1.15014
1.06262
1.14535
1.1418
1.13947
1.11
1.16406
1.14784
1.16265
1.17563
1.12298
1.1152
1.10677
1.10851
1.13826
1.23969
1.17448
1.11478
1.13211
1.16435
1.21536
1.12422
1.13209
1.1464
1.09339
1.18917
1.15739
1.11961
1.11743
1.10111
1.1585
1.05247
1.12503
1.19308
1.14754
1.13614
1.10588
1.07626
1.12303
1.14221
1.14621
1.11894
1.10276
1.1425
1.09809
1.12164
1.09752
1.11803
1.12347
1.11548
1.17568
1.1626
1.18446
1.19264
1.13352
1.15829
1.19177
1.09347
1.1164
1.04592
1.15623
1.1252
1.10658
1.1243
1.18342
1.0923
1.10756
1.19138
1.15959
1.09631
1.0923
1.11991
1.15598
1.11218
1.11852
1.22988
1.15425
1.14598
1.17577
1.19414
1.1223
1.16747
1.14797
1.10357
1.15083
1.14118
1.173
1.18676
1.13701
1.11272
1.87294
1.06917
1.12335
1.14922
1.09107
1.1425
1.17761
1.09679
1.12381
1.05613
1.15869
1.12425
1.11228
1.14911
1.1271
1.08712
1.12549
1.1822
1.14128
1.17674
1.1837
1.10467
1.17755
1.11293
1.16582
1.14811
1.12877
1.13311
1.12221
1.0913
1.14605
1.1607
1.1636
1.10703
1.14344
1.1709
1.1062
1.14948
1.17802
1.14606
1.10056
1.11625
1.11756
1.15412
1.14636
1.19806
1.14086
1.12277
1.16022
1.14361
1.11247
1.10463
1.13558
1.17629
1.11017
1.12965
1.13291
1.13553
1.06883
1.11182
1.1318
1.17976
1.16305
1.1117
1.08792
1.13537
1.13317
1.12629
1.12625
1.1516
1.14427
1.12788
1.13246
1.17239
1.15724
1.17699
1.07591
1.14508
1.15241
1.13285
1.06875
1.21089
1.17104
1.08332
1.14849
1.09172
1.16364
1.08856
1.12276
1.14707
1.12873
1.11892
1.11148
1.15411
1.115
1.19739
1.15403
1.08915
1.18005
1.16329
1.12296
1.09665
1.17899
1.16842
1.14952
1.21182
1.08296
1.13519
1.16417
1.14732
1.1745
1.16627
1.12189
1.10301
1.16149
1.15795
1.07148
1.1973
1.17411
1.18365
1.09977
1.13021
1.10232
1.06327
1.53487
1.15787
1.14041
1.1498
1.10308
1.26702
1.17976
1.18132
1.17062
1.15331
1.0956
1.1415
1.09962
1.11915
1.17565
1.14144
1.67308
1.09442
1.19761
1.09197
1.09858
1.18404
1.14299
1.24541
1.20551
1.19845
1.13327
1.1692
1.13201
1.1597
1.15349
1.09212
1.13812
1.12832
1.12378
1.13
1.29309
1.15385
1.15011
1.08437
1.2111
1.0765
1.14704
1.15863
1.14974
1.11939
1.08626
1.0739
1.17976
1.17553
1.07754
1.11986
1.09886
1.12177
1.14407
1.16446
1.11171
1.13292
1.17862
1.22367
1.1256
1.07162
1.1055
1.17228
1.18638
1.13224
1.14419
1.18446
1.19055
1.25701
1.21306
1.10165
1.21923
1.10022
1.17536
1.08245
1.14418
1.17611
1.13173
1.12587
1.14208
1.20968
1.08906
1.17334
1.07878
1.20037
1.07177
1.22429
1.08377
1.10279
1.1528
1.18364
1.1018
1.12581
1.11262
1.07257
1.12839
1.12948
1.15698
1.06465
1.12568
1.11263
1.12226
1.10751
1.11051
1.11166
1.10961
1.16983
1.10879
1.1359
1.20876
1.13107
1.15608
1.09415
1.11619
1.17938
1.15882
1.15335
1.15602
1.18093
1.24607
1.16861
1.15007
1.16115
1.06298
1.09404
1.09012
1.15003
1.17659
1.05194
1.16665
1.13377
1.14459
1.14334
1.17026
1.60642
1.25594
1.13446
1.0815
1.13992
1.19344
1.17426
1.1072
1.08918
1.1004
1.08009
1.14034
1.18291
1.11486
1.08292
1.17422
1.11944
1.13918
1.094
1.11183
1.19009
1.10195
1.21216
1.18428
1.16363
1.1182
1.22872
1.11019
1.09881
1.08863
1.16019
1.1695
1.1345
1.1116
1.07067
1.17369
1.15171
1.142
1.14229
1.14321
1.18296
1.13499
1.09341
1.10169
1.14345
1.13412
1.09674
1.10032
1.1933
1.16209
1.1463
1.1307
1.17044
1.09938
1.16156
1.15021
1.09775
1.23093
1.13773
1.14315
1.12902
1.13968
1.10197
1.15443
1.1561
1.21112
1.08365
1.15361
1.13246
1.17572
1.14242
1.19325
1.11217
1.10488
1.15094
1.11558
1.21795
1.11588
1.15236
1.11144
1.17517
1.10232
1.18461
1.15263
1.13642
1.16343
1.12262
1.14487
1.04096
1.10567
1.15231
1.19869
1.1284
1.12958
1.20301
1.09306
1.14823
1.13298
1.1737
1.04967
1.13653
1.10725
1.07149
1.23147
1.23956
1.13635
1.16588
1.20922
1.11812
1.03716
1.16822
1.17387
1.1334
1.12108
1.10765
1.1592
1.13151
1.07227
1.10268
1.26834
1.16743
1.18282
1.14438
1.15069
1.16463
1.18634
1.13377
1.49924
1.52136
1.47628
1.61142
1.725
1.95105
1.74763
1.63202
1.65215
1.52921
1.57751
1.75035
1.67887
1.73681
1.61164
1.62414
1.6203
1.85269
1.62846
1.39935
1.63131
1.60476
1.58091
1.71288
1.68796
1.57724
1.61355
1.70897
1.64717
1.67681
1.68129
1.49071
1.67315
1.66903
2.01829
1.77284
1.58325
1.69289
1.78623
1.34661
1.43474
1.79248
1.92461
1.78167
1.67205
1.78987
1.63983
1.71112
1.52069
1.76658
1.99935
1.74299
1.65511
1.62736
1.59395
1.74532
1.67999
1.76445
1.74826
1.49385
1.75549
1.51389
1.56285
1.51817
1.70006
1.87596
1.56347
1.65006
1.52454
1.58865
1.75591
1.55059
1.5935
1.9496
1.63053
1.55163
1.61476
1.5868
1.54468
1.6855
1.78651
1.73082
1.51231
1.60244
1.4522
1.68665
1.53447
1.82005
1.52918
1.61697
1.6992
1.85302
1.67635
1.96621
1.56641
1.74231
1.63076
1.68281
1.62633
1.59351
1.73433
1.58321
1.89667
1.48238
1.77367
1.65464
1.57776
1.47161
1.68162
1.66088
1.6479
1.67596
1.58033
1.58967
1.6978
1.72949
1.51675
1.66643
1.63764
1.74463
1.96673
1.56271
1.83147
1.57782
1.66187
1.63783
1.56878
1.60316
1.42625
1.8951
1.49466
1.45306
1.73485
1.79803
1.70867
1.57567
1.60296
1.75974
1.5834
1.59542
1.62485
1.649
1.83848
1.81727
1.92184
1.63686
1.6328
1.4946
1.525
1.59748
1.65148
1.65128
1.85663
1.6429
1.79044
1.66808
1.59849
1.72679
1.39075
1.77737
1.863
1.7468
1.8884
1.64488
1.66323
1.61906
1.5575
1.54129
1.9844
1.44484
1.98412
1.5637
2.04305
1.59558
1.56823
1.63239
1.66519
1.55388
1.79616
1.62331
1.4945
1.66963
1.64591
1.57561
1.76743
1.79341
1.72322
1.75843
1.693
1.73361
1.58574
1.59637
1.69571
1.6469
1.64105
1.63608
1.68542
2.17517
1.78675
2.15476
1.46866
1.58367
1.48858
1.54132
1.66051
1.52098
1.52924
1.78982
1.77747
1.71061
1.61836
1.6497
1.71086
1.61134
1.71608
1.72899
1.79608
1.64579
1.49368
1.86697
1.52376
1.59029
1.68104
1.62031
1.58672
1.59733
1.83196
1.75221
1.55035
1.61097
1.5269
1.70593
1.58956
1.69126
1.52158
1.72413
1.44644
1.53173
1.76236
1.55369
1.42406
1.46632
1.65162
1.47718
1.58834
1.53741
1.78
1.7061
1.52444
1.71124
1.7327
1.59263
1.56638
1.49016
1.47305
1.71043
1.82604
1.78462
1.65444
1.80241
1.69444
1.82353
1.50156
1.42586
1.61259
1.60688
1.60482
1.53093
1.65472
1.72028
1.74386
1.59992
1.484
1.6235
1.47044
1.64713
1.71689
1.68223
1.47832
1.48075
1.46084
1.60427
1.50198
1.86075
1.59373
1.54353
1.76598
1.60926
1.49487
1.70061
1.79178
1.62617
1.51096
1.48011
1.79623
1.59235
1.65863
1.55268
1.54876
1.65316
1.78705
1.3957
1.63568
1.48142
1.85887
1.47129
1.6001
1.57074
1.5322
1.55874
1.70142
1.74116
1.58892
1.80455
1.72479
1.79828
1.5636
1.47517
1.64735
1.32139
1.66827
1.88899
1.71515
1.58124
1.50009
1.66726
1.55704
1.58769
1.47602
1.78591
1.60688
1.55171
1.95441
1.48843
1.72411
1.89346
1.7103
1.8333
1.75508
1.61161
1.81595
1.78045
1.51299
1.64831
1.59657
1.73268
1.91865
1.4638
1.81519
1.61975
1.80906
1.51645
1.65439
1.43451
1.66449
1.48044
1.50261
1.70107
1.64774
1.51632
1.68052
1.62871
1.37508
1.65347
1.79135
1.30639
1.5899
1.89748
1.71667
1.55964
1.57394
1.56927
1.64419
1.40714
1.4537
1.71249
1.65412
1.56669
1.65656
1.69921
1.46608
1.7324
1.56197
1.69543
1.58548
1.65781
1.50755
1.70845
1.62999
1.74894
1.73911
1.56945
1.57159
1.65768
1.49095
1.70114
1.6748
1.68239
1.55287
1.74218
1.96859
1.6439
1.64716
1.38227
1.75177
1.62125
1.43244
1.54602
1.60254
1.73074
1.75634
1.75561
2.01335
1.68306
1.52806
2.21915
1.55443
1.65612
1.6652
1.63715
1.47434
1.50858
1.55934
1.52693
1.47372
1.78948
1.56167
1.48353
1.64064
1.50457
1.57352
1.62704
1.52708
2.21637
2.09334
1.87236
1.63748
1.79625
1.6935
1.86889
1.66874
1.65431
1.57188
1.7687
1.49408
1.641
1.67833
1.55972
1.59192
1.78053
1.57935
1.77419
1.62917
1.60167
1.75166
1.92418
1.71842
1.90345
1.99969
1.51251
1.75184
1.84908
1.78373
1.61442
2.06417
1.53743
1.47534
1.74668
1.72699
1.61137
1.63416
1.66225
1.60239
1.63104
1.55322
1.56604
1.50956
1.51851
1.66963
1.60727
1.70164
1.82472
1.71623
1.64105
1.5434
1.56831
1.56159
1.61309
1.8184
1.50275
1.41975
1.79373
1.64007
1.64743
1.68674
1.55232
1.75026
1.47079
1.43889
1.59847
1.65453
1.77605
1.71911
1.45936
1.51342
1.4356
1.4231
1.46437
1.75831
1.71528
1.70347
1.44697
1.65821
1.55943
1.50605
1.48028
1.60663
1.94788
1.73732
1.59424
1.68019
1.60925
1.6194
1.63068
1.61196
1.43376
1.71814
1.77599
1.5042
1.54524
1.63365
1.75295
1.51369
1.69766
1.61469
1.61462
1.61677
1.52579
1.52291
2.02234
1.69532
1.59587
1.43395
1.61083
1.95013
1.57483
1.94536
1.55704
1.47424
1.53233
1.85355
1.72348
1.61993
1.37859
1.66229
1.67778
1.66717
1.98606
1.73598
1.70732
1.74428
1.3827
1.6122
1.59364
1.62269
1.64552
1.38928
1.70105
1.62218
1.44688
1.63177
1.68937
1.66128
1.601
1.89819
1.74071
1.54488
1.51297
1.61814
1.99508
1.63922
1.49982
1.52594
1.49112
1.5665
1.56224
1.68752
1.57526
1.93437
1.63469
1.44686
1.76277
1.59294
1.72
1.34827
1.3933
1.52009
1.48328
1.72097
1.75148
1.50101
1.68825
1.7613
2.05784
1.63944
1.59828
1.89077
1.82635
1.51675
1.6778
1.57351
1.68449
1.50911
2.1166
1.87294
1.60171
1.55243
1.65848
1.56049
1.63511
1.59458
1.64983
1.42829
1.59362
2.06712
1.82489
1.57584
1.81346
1.49413
1.91023
1.52901
1.72198
1.65761
1.83593
1.76741
1.7226
1.57385
1.43297
1.77407
1.56407
1.79902
1.68294
1.62778
1.70223
1.60953
1.65279
1.63984
1.73296
1.57699
1.92253
1.62404
1.81131
1.66393
1.48599
1.48864
1.80009
1.5781
1.55254
1.45316
2.05208
1.46892
1.44447
1.72347
1.55502
1.48017
1.6359
1.69316
1.68111
1.67235
1.61488
1.57391
1.68473
1.56165
1.53839
1.4531
1.63188
1.81581
1.54443
1.80269
1.66138
1.82959
1.49521
1.49469
1.78012
1.56808
1.81931
1.73142
1.89015
1.76498
1.67388
1.44367
1.83627
1.71347
1.90796
1.55916
1.7974
1.97994
1.57232
1.8488
1.72094
1.57967
1.67204
1.61809
1.77106
1.64151
1.614
1.64593
1.81127
1.49597
1.84027
1.60381
1.54324
1.73907
2.10591
1.68721
1.74041
1.65178
1.69262
1.69545
1.69639
1.51687
1.45137
1.409
1.607
1.62609
1.78234
1.54675
1.49371
1.63242
1.55068
1.89706
1.51607
1.80957
1.83693
1.81062
1.68894
1.60086
1.38792
1.53487
1.75136
1.55069
1.73676
1.71909
1.99781
1.61296
1.54521
1.59625
1.71486
1.6524
1.58887
1.5642
1.55932
1.66911
1.60479
1.67308
1.64954
1.98452
1.43011
1.49106
1.7052
1.62473
1.71088
1.87174
1.7772
1.56536
1.55285
1.55413
1.59528
1.53322
1.49033
1.68863
1.63651
1.60418
1.63534
2.09892
1.79545
1.58778
1.65486
1.96072
1.63211
1.56912
1.9254
1.76599
1.66524
1.58624
1.6568
1.79545
1.76767
1.69655
1.45904
1.55485
1.77252
1.86931
1.6395
1.45332
1.58879
1.79369
1.5916
1.86997
1.57784
1.4544
1.63089
1.72984
1.45631
1.64235
1.76259
1.92921
1.75824
1.8205
1.42947
1.76128
1.44309
1.92197
1.55338
1.53242
1.6454
1.6729
1.4448
1.56329
1.72581
1.52927
1.72372
1.50841
1.73775
1.48646
1.65608
1.733
1.63983
1.71082
1.78243
1.76756
1.5505
1.53525
1.62824
1.60009
1.46043
1.61243
1.53278
1.48916
1.63879
1.55725
1.56739
1.59925
1.56472
1.63689
1.62188
1.51826
1.49522
1.99998
1.59455
1.52268
1.73766
1.61132
1.64088
1.71203
1.4558
1.50104
1.5731
1.92948
1.56591
1.69455
1.55102
1.37374
1.46587
1.57537
1.65671
1.51498
1.56213
1.65541
1.6224
1.61008
2.02604
1.58734
1.60642
1.79342
1.85839
1.87742
1.73198
1.65304
1.66621
1.83143
1.63666
1.55882
1.49809
1.40608
1.78418
1.46442
1.86365
1.74413
1.50765
1.62262
1.61042
1.70113
1.79317
1.66076
1.81675
1.6282
1.78841
1.53507
1.95314
1.49052
1.63963
1.59325
1.88615
1.6384
1.78798
1.78857
1.606
1.85789
1.88018
1.69371
1.90109
1.81533
1.85277
1.47125
1.51672
1.48549
1.53276
1.47607
1.60512
1.58839
1.57724
1.79781
1.46749
1.63508
1.79474
1.57387
1.56402
1.47973
1.49843
1.87772
1.58622
1.58691
1.61969
1.58515
1.64438
1.7214
1.50082
1.7726
1.50895
1.63758
1.55215
1.97089
1.72952
1.67465
1.49158
1.52481
1.54705
1.57094
1.74747
1.72654
1.64613
1.43209
1.58616
1.57196
1.58468
1.80115
1.5678
1.65364
1.64676
1.51647
1.52116
1.47484
1.41461
1.79326
1.7522
1.71896
1.61662
1.46097
1.64589
1.69295
1.6443
1.3478
1.59205
1.77871
1.56172
1.7688
2.17707
1.65296
1.73137
1.66738
1.50492
1.25403
1.69104
1.63974
1.49451
1.56819
1.76799
1.50091
1.58901
1.48711
1.85595
1.94881
1.703
1.93127
1.50652
1.59356
2.03507
1.97562
1.72341
1.49924
1.52136
1.47628
1.61142
1.725
1.95105
1.74763
1.63202
1.65215
1.52921
1.57751
1.75035
1.67887
1.73681
1.61164
1.62414
1.6203
1.85269
1.62846
1.39935
1.63131
1.60476
1.58091
1.71288
1.68796
1.57724
1.61355
1.70897
1.64717
1.67681
1.68129
1.49071
1.67315
1.66903
2.01829
1.77284
1.58325
1.69289
1.78623
1.34661
1.43474
1.79248
1.92461
1.78167
1.67205
1.78987
1.63983
1.71112
1.52069
1.76658
1.99935
1.74299
1.65511
1.62736
1.59395
1.74532
1.67999
1.76445
1.74826
1.49385
1.75549
1.51389
1.56285
1.51817
1.70006
1.87596
1.56347
1.65006
1.52454
1.58865
1.75591
1.55059
1.5935
1.9496
1.63053
1.55163
1.61476
1.5868
1.54468
1.6855
1.78651
1.73082
1.51231
1.60244
1.4522
1.68665
1.53447
1.82005
1.52918
1.61697
1.6992
1.85302
1.67635
1.96621
1.56641
1.74231
1.63076
1.68281
1.62633
1.59351
1.73433
1.58321
1.89667
1.48238
1.77367
1.65464
1.57776
1.47161
1.68162
1.66088
1.6479
1.67596
1.58033
1.58967
1.6978
1.72949
1.51675
1.66643
1.63764
1.74463
1.96673
1.56271
1.83147
1.57782
1.66187
1.63783
1.56878
1.60316
1.42625
1.8951
1.49466
1.45306
1.73485
1.79803
1.70867
1.57567
1.60296
1.75974
1.5834
1.59542
1.62485
1.649
1.83848
1.81727
1.92184
1.63686
1.6328
1.4946
1.525
1.59748
1.65148
1.65128
1.85663
1.6429
1.79044
1.66808
1.59849
1.72679
1.39075
1.77737
1.863
1.7468
1.8884
1.64488
1.66323
1.61906
1.5575
1.54129
1.9844
1.44484
1.98412
1.5637
2.04305
1.59558
1.56823
1.63239
1.66519
1.55388
1.79616
1.62331
1.4945
1.66963
1.64591
1.57561
1.76743
1.79341
1.72322
1.75843
1.693
1.73361
1.58574
1.59637
1.69571
1.6469
1.64105
1.63608
1.68542
2.17517
1.78675
2.15476
1.46866
1.58367
1.48858
1.54132
1.66051
1.52098
1.52924
1.78982
1.77747
1.71061
1.61836
1.6497
1.71086
1.61134
1.71608
1.72899
1.79608
1.64579
1.49368
1.86697
1.52376
1.59029
1.68104
1.62031
1.58672
1.59733
1.83196
1.75221
1.55035
1.61097
1.5269
1.70593
1.58956
1.69126
1.52158
1.72413
1.44644
1.53173
1.76236
1.55369
1.42406
1.46632
1.65162
1.47718
1.58834
1.53741
1.78
1.7061
1.52444
1.71124
1.7327
1.59263
1.56638
1.49016
1.47305
1.71043
1.82604
1.78462
1.65444
1.80241
1.69444
1.82353
1.50156
1.42586
1.61259
1.60688
1.60482
1.53093
1.65472
1.72028
1.74386
1.59992
1.484
1.6235
1.47044
1.64713
1.71689
1.68223
1.47832
1.48075
1.46084
1.60427
1.50198
1.86075
1.59373
1.54353
1.76598
1.60926
1.49487
1.70061
1.79178
1.62617
1.51096
1.48011
1.79623
1.59235
1.65863
1.55268
1.54876
1.65316
1.78705
1.3957
1.63568
1.48142
1.85887
1.47129
1.6001
1.57074
1.5322
1.55874
1.70142
1.74116
1.58892
1.80455
1.72479
1.79828
1.5636
1.47517
1.64735
1.32139
1.66827
1.88899
1.71515
1.58124
1.50009
1.66726
1.55704
1.58769
1.47602
1.78591
1.60688
1.55171
1.95441
1.48843
1.72411
1.89346
1.7103
1.8333
1.75508
1.61161
1.81595
1.78045
1.51299
1.64831
1.59657
1.73268
1.91865
1.4638
1.81519
1.61975
1.80906
1.51645
1.65439
1.43451
1.66449
1.48044
1.50261
1.70107
1.64774
1.51632
1.68052
1.62871
1.37508
1.65347
1.79135
1.30639
1.5899
1.89748
1.71667
1.55964
1.57394
1.56927
1.64419
1.40714
1.4537
1.71249
1.65412
1.56669
1.65656
1.69921
1.46608
1.7324
1.56197
1.69543
1.58548
1.65781
1.50755
1.70845
1.62999
1.74894
1.73911
1.56945
1.57159
1.65768
1.49095
1.70114
1.6748
1.68239
1.55287
1.74218
1.96859
1.6439
1.64716
1.38227
1.75177
1.62125
1.43244
1.54602
1.60254
1.73074
1.75634
1.75561
2.01335
1.68306
1.52806
2.21915
1.55443
1.65612
1.6652
1.63715
1.47434
1.50858
1.55934
1.52693
1.47372
1.78948
1.56167
1.48353
1.64064
1.50457
1.57352
1.62704
1.52708
2.21637
2.09334
1.87236
1.63748
1.79625
1.6935
1.86889
1.66874
1.65431
1.57188
1.7687
1.49408
1.641
1.67833
1.55972
1.59192
1.78053
1.57935
1.77419
1.62917
1.60167
1.75166
1.92418
1.71842
1.90345
1.99969
1.51251
1.75184
1.84908
1.78373
1.61442
2.06417
1.53743
1.47534
1.74668
1.72699
1.61137
1.63416
1.66225
1.60239
1.63104
1.55322
1.56604
1.50956
1.51851
1.66963
1.60727
1.70164
1.82472
1.71623
1.64105
1.5434
1.56831
1.56159
1.61309
1.8184
1.50275
1.41975
1.79373
1.64007
1.64743
1.68674
1.55232
1.75026
1.47079
1.43889
1.59847
1.65453
1.77605
1.71911
1.45936
1.51342
1.4356
1.4231
1.46437
1.75831
1.71528
1.70347
1.44697
1.65821
1.55943
1.50605
1.48028
1.60663
1.94788
1.73732
1.59424
1.68019
1.60925
1.6194
1.63068
1.61196
1.43376
1.71814
1.77599
1.5042
1.54524
1.63365
1.75295
1.51369
1.69766
1.61469
1.61462
1.61677
1.52579
1.52291
2.02234
1.69532
1.59587
1.43395
1.61083
1.95013
1.57483
1.94536
1.55704
1.47424
1.53233
1.85355
1.72348
1.61993
1.37859
1.66229
1.67778
1.66717
1.98606
1.73598
1.70732
1.74428
1.3827
1.6122
1.59364
1.62269
1.64552
1.38928
1.70105
1.62218
1.44688
1.63177
1.68937
1.66128
1.601
1.89819
1.74071
1.54488
1.51297
1.61814
1.99508
1.63922
1.49982
1.52594
1.49112
1.5665
1.56224
1.68752
1.57526
1.93437
1.63469
1.44686
1.76277
1.59294
1.72
1.34827
1.3933
1.52009
1.48328
1.72097
1.75148
1.50101
1.68825
1.7613
2.05784
1.63944
1.59828
1.89077
1.82635
1.51675
1.6778
1.57351
1.68449
1.50911
2.1166
1.87294
1.60171
1.55243
1.65848
1.56049
1.63511
1.59458
1.64983
1.42829
1.59362
2.06712
1.82489
1.57584
1.81346
1.49413
1.91023
1.52901
1.72198
1.65761
1.83593
1.76741
1.7226
1.57385
1.43297
1.77407
1.56407
1.79902
1.68294
1.62778
1.70223
1.60953
1.65279
1.63984
1.73296
1.57699
1.92253
1.62404
1.81131
1.66393
1.48599
1.48864
1.80009
1.5781
1.55254
1.45316
2.05208
1.46892
1.44447
1.72347
1.55502
1.48017
1.6359
1.69316
1.68111
1.67235
1.61488
1.57391
1.68473
1.56165
1.53839
1.4531
1.63188
1.81581
1.54443
1.80269
1.66138
1.82959
1.49521
1.49469
1.78012
1.56808
1.81931
1.73142
1.89015
1.76498
1.67388
1.44367
1.83627
1.71347
1.90796
1.55916
1.7974
1.97994
1.57232
1.8488
1.72094
1.57967
1.67204
1.61809
1.77106
1.64151
1.614
1.64593
1.81127
1.49597
1.84027
1.60381
1.54324
1.73907
2.10591
1.68721
1.74041
1.65178
1.69262
1.69545
1.69639
1.51687
1.45137
1.409
1.607
1.62609
1.78234
1.54675
1.49371
1.63242
1.55068
1.89706
1.51607
1.80957
1.83693
1.81062
1.68894
1.60086
1.38792
1.53487
1.75136
1.55069
1.73676
1.71909
1.99781
1.61296
1.54521
1.59625
1.71486
1.6524
1.58887
1.5642
1.55932
1.66911
1.60479
1.67308
1.64954
1.98452
1.43011
1.49106
1.7052
1.62473
1.71088
1.87174
1.7772
1.56536
1.55285
1.55413
1.59528
1.53322
1.49033
1.68863
1.63651
1.60418
1.63534
2.09892
1.79545
1.58778
1.65486
1.96072
1.63211
1.56912
1.9254
1.76599
1.66524
1.58624
1.6568
1.79545
1.76767
1.69655
1.45904
1.55485
1.77252
1.86931
1.6395
1.45332
1.58879
1.79369
1.5916
1.86997
1.57784
1.4544
1.63089
1.72984
1.45631
1.64235
1.76259
1.92921
1.75824
1.8205
1.42947
1.76128
1.44309
1.92197
1.55338
1.53242
1.6454
1.6729
1.4448
1.56329
1.72581
1.52927
1.72372
1.50841
1.73775
1.48646
1.65608
1.733
1.63983
1.71082
1.78243
1.76756
1.5505
1.53525
1.62824
1.60009
1.46043
1.61243
1.53278
1.48916
1.63879
1.55725
1.56739
1.59925
1.56472
1.63689
1.62188
1.51826
1.49522
1.99998
1.59455
1.52268
1.73766
1.61132
1.64088
1.71203
1.4558
1.50104
1.5731
1.92948
1.56591
1.69455
1.55102
1.37374
1.46587
1.57537
1.65671
1.51498
1.56213
1.65541
1.6224
1.61008
2.02604
1.58734
1.60642
1.79342
1.85839
1.87742
1.73198
1.65304
1.66621
1.83143
1.63666
1.55882
1.49809
1.40608
1.78418
1.46442
1.86365
1.74413
1.50765
1.62262
1.61042
1.70113
1.79317
1.66076
1.81675
1.6282
1.78841
1.53507
1.95314
1.49052
1.63963
1.59325
1.88615
1.6384
1.78798
1.78857
1.606
1.85789
1.88018
1.69371
1.90109
1.81533
1.85277
1.47125
1.51672
1.48549
1.53276
1.47607
1.60512
1.58839
1.57724
1.79781
1.46749
1.63508
1.79474
1.57387
1.56402
1.47973
1.49843
1.87772
1.58622
1.58691
1.61969
1.58515
1.64438
1.7214
1.50082
1.7726
1.50895
1.63758
1.55215
1.97089
1.72952
1.67465
1.49158
1.52481
1.54705
1.57094
1.74747
1.72654
1.64613
1.43209
1.58616
1.57196
1.58468
1.80115
1.5678
1.65364
1.64676
1.51647
1.52116
1.47484
1.41461
1.79326
1.7522
1.71896
1.61662
1.46097
1.64589
1.69295
1.6443
1.3478
1.59205
1.77871
1.56172
1.7688
2.17707
1.65296
1.73137
1.66738
1.50492
1.25403
1.69104
1.63974
1.49451
1.56819
1.76799
1.50091
1.58901
1.48711
1.85595
1.94881
1.703
1.93127
1.50652
1.59356
2.03507
1.97562
1.72341
1.49924
1.52136
1.47628
1.61142
1.725
1.95105
1.74763
1.63202
1.65215
1.52921
1.57751
1.75035
1.67887
1.73681
1.61164
1.62414
1.6203
1.85269
1.62846
1.39935
1.63131
1.60476
1.58091
1.71288
1.68796
1.57724
1.61355
1.70897
1.64717
1.67681
1.68129
1.49071
1.67315
1.66903
2.01829
1.77284
1.58325
1.69289
1.78623
1.34661
1.43474
1.79248
1.92461
1.78167
1.67205
1.78987
1.63983
1.71112
1.52069
1.76658
1.99935
1.74299
1.65511
1.62736
1.59395
1.74532
1.67999
1.76445
1.74826
1.49385
1.75549
1.51389
1.56285
1.51817
1.70006
1.87596
1.56347
1.65006
1.52454
1.58865
1.75591
1.55059
1.5935
1.9496
1.63053
1.55163
1.61476
1.5868
1.54468
1.6855
1.78651
1.73082
1.51231
1.60244
1.4522
1.68665
1.53447
1.82005
1.52918
1.61697
1.6992
1.85302
1.67635
1.96621
1.56641
1.74231
1.63076
1.68281
1.62633
1.59351
1.73433
1.58321
1.89667
1.48238
1.77367
1.65464
1.57776
1.47161
1.68162
1.66088
1.6479
1.67596
1.58033
1.58967
1.6978
1.72949
1.51675
1.66643
1.63764
1.74463
1.96673
1.56271
1.83147
1.57782
1.66187
1.63783
1.56878
1.60316
1.42625
1.8951
1.49466
1.45306
1.73485
1.79803
1.70867
1.57567
1.60296
1.75974
1.5834
1.59542
1.62485
1.649
1.83848
1.81727
1.92184
1.63686
1.6328
1.4946
1.525
1.59748
1.65148
1.65128
1.85663
1.6429
1.79044
1.66808
1.59849
1.72679
1.39075
1.77737
1.863
1.7468
1.8884
1.64488
1.66323
1.61906
1.5575
1.54129
1.9844
1.44484
1.98412
1.5637
2.04305
1.59558
1.56823
1.63239
1.66519
1.55388
1.79616
1.62331
1.4945
1.66963
1.64591
1.57561
1.76743
1.79341
1.72322
1.75843
1.693
1.73361
1.58574
1.59637
1.69571
1.6469
1.64105
1.63608
1.68542
2.17517
1.78675
2.15476
1.46866
1.58367
1.48858
1.54132
1.66051
1.52098
1.52924
1.78982
1.77747
1.71061
1.61836
1.6497
1.71086
1.61134
1.71608
1.72899
1.79608
1.64579
1.49368
1.86697
1.52376
1.59029
1.68104
1.62031
1.58672
1.59733
1.83196
1.75221
1.55035
1.61097
1.5269
1.70593
1.58956
1.69126
1.52158
1.72413
1.44644
1.53173
1.76236
1.55369
1.42406
1.46632
1.65162
1.47718
1.58834
1.53741
1.78
1.7061
1.52444
1.71124
1.7327
1.59263
1.56638
1.49016
1.47305
1.71043
1.82604
1.78462
1.65444
1.80241
1.69444
1.82353
1.50156
1.42586
1.61259
1.60688
1.60482
1.53093
1.65472
1.72028
1.74386
1.59992
1.484
1.6235
1.47044
1.64713
1.71689
1.68223
1.47832
1.48075
1.46084
1.60427
1.50198
1.86075
1.59373
1.54353
1.76598
1.60926
1.49487
1.70061
1.79178
1.62617
1.51096
1.48011
1.79623
1.59235
1.65863
1.55268
1.54876
1.65316
1.78705
1.3957
1.63568
1.48142
1.85887
1.47129
1.6001
1.57074
1.5322
1.55874
1.70142
1.74116
1.58892
1.80455
1.72479
1.79828
1.5636
1.47517
1.64735
1.32139
1.66827
1.88899
1.71515
1.58124
1.50009
1.66726
1.55704
1.58769
1.47602
1.78591
1.60688
1.55171
1.95441
1.48843
1.72411
1.89346
1.7103
1.8333
1.75508
1.61161
1.81595
1.78045
1.51299
1.64831
1.59657
1.73268
1.91865
1.4638
1.81519
1.61975
1.80906
1.51645
1.65439
1.43451
1.66449
1.48044
1.50261
1.70107
1.64774
1.51632
1.68052
1.62871
1.37508
1.65347
1.79135
1.30639
1.5899
1.89748
1.71667
1.55964
1.57394
1.56927
1.64419
1.40714
1.4537
1.71249
1.65412
1.56669
1.65656
1.69921
1.46608
1.7324
1.56197
1.69543
1.58548
1.65781
1.50755
1.70845
1.62999
1.74894
1.73911
1.56945
1.57159
1.65768
1.49095
1.70114
1.6748
1.68239
1.55287
1.74218
1.96859
1.6439
1.64716
1.38227
1.75177
1.62125
1.43244
1.54602
1.60254
1.73074
1.75634
1.75561
2.01335
1.68306
1.52806
2.21915
1.55443
1.65612
1.6652
1.63715
1.47434
1.50858
1.55934
1.52693
1.47372
1.78948
1.56167
1.48353
1.64064
1.50457
1.57352
1.62704
1.52708
2.21637
2.09334
1.87236
1.63748
1.79625
1.6935
1.86889
1.66874
1.65431
1.57188
1.7687
1.49408
1.641
1.67833
1.55972
1.59192
1.78053
1.57935
1.77419
1.62917
1.60167
1.75166
1.92418
1.71842
1.90345
1.99969
1.51251
1.75184
1.84908
1.78373
1.61442
2.06417
1.53743
1.47534
1.74668
1.72699
1.61137
1.63416
1.66225
1.60239
1.63104
1.55322
1.56604
1.50956
1.51851
1.66963
1.60727
1.70164
1.82472
1.71623
1.64105
1.5434
1.56831
1.56159
1.61309
1.8184
1.50275
1.41975
1.79373
1.64007
1.64743
1.68674
1.55232
1.75026
1.47079
1.43889
1.59847
1.65453
1.77605
1.71911
1.45936
1.51342
1.4356
1.4231
1.46437
1.75831
1.71528
1.70347
1.44697
1.65821
1.55943
1.50605
1.48028
1.60663
1.94788
1.73732
1.59424
1.68019
1.60925
1.6194
1.63068
1.61196
1.43376
1.71814
1.77599
1.5042
1.54524
1.63365
1.75295
1.51369
1.69766
1.61469
1.61462
1.61677
1.52579
1.52291
2.02234
1.69532
1.59587
1.43395
1.61083
1.95013
1.57483
1.94536
1.55704
1.47424
1.53233
1.85355
1.72348
1.61993
1.37859
1.66229
1.67778
1.66717
1.98606
1.73598
1.70732
1.74428
1.3827
1.6122
1.59364
1.62269
1.64552
1.38928
1.70105
1.62218
1.44688
1.63177
1.68937
1.66128
1.601
1.89819
1.74071
1.54488
1.51297
1.61814
1.99508
1.63922
1.49982
1.52594
1.49112
1.5665
1.56224
1.68752
1.57526
1.93437
1.63469
1.44686
1.76277
1.59294
1.72
1.34827
1.3933
1.52009
1.48328
1.72097
1.75148
1.50101
1.68825
1.7613
2.05784
1.63944
1.59828
1.89077
1.82635
1.51675
1.6778
1.57351
1.68449
1.50911
2.1166
1.87294
1.60171
1.55243
1.65848
1.56049
1.63511
1.59458
1.64983
1.42829
1.59362
2.06712
1.82489
1.57584
1.81346
1.49413
1.91023
1.52901
1.72198
1.65761
1.83593
1.76741
1.7226
1.57385
1.43297
1.77407
1.56407
1.79902
1.68294
1.62778
1.70223
1.60953
1.65279
1.63984
1.73296
1.57699
1.92253
1.62404
1.81131
1.66393
1.48599
1.48864
1.80009
1.5781
1.55254
1.45316
2.05208
1.46892
1.44447
1.72347
1.55502
1.48017
1.6359
1.69316
1.68111
1.67235
1.61488
1.57391
1.68473
1.56165
1.53839
1.4531
1.63188
1.81581
1.54443
1.80269
1.66138
1.82959
1.49521
1.49469
1.78012
1.56808
1.81931
1.73142
1.89015
1.76498
1.67388
1.44367
1.83627
1.71347
1.90796
1.55916
1.7974
1.97994
1.57232
1.8488
1.72094
1.57967
1.67204
1.61809
1.77106
1.64151
1.614
1.64593
1.81127
1.49597
1.84027
1.60381
1.54324
1.73907
2.10591
1.68721
1.74041
1.65178
1.69262
1.69545
1.69639
1.51687
1.45137
1.409
1.607
1.62609
1.78234
1.54675
1.49371
1.63242
1.55068
1.89706
1.51607
1.80957
1.83693
1.81062
1.68894
1.60086
1.38792
1.53487
1.75136
1.55069
1.73676
1.71909
1.99781
1.61296
1.54521
1.59625
1.71486
1.6524
1.58887
1.5642
1.55932
1.66911
1.60479
1.67308
1.64954
1.98452
1.43011
1.49106
1.7052
1.62473
1.71088
1.87174
1.7772
1.56536
1.55285
1.55413
1.59528
1.53322
1.49033
1.68863
1.63651
1.60418
1.63534
2.09892
1.79545
1.58778
1.65486
1.96072
1.63211
1.56912
1.9254
1.76599
1.66524
1.58624
1.6568
1.79545
1.76767
1.69655
1.45904
1.55485
1.77252
1.86931
1.6395
1.45332
1.58879
1.79369
1.5916
1.86997
1.57784
1.4544
1.63089
1.72984
1.45631
1.64235
1.76259
1.92921
1.75824
1.8205
1.42947
1.76128
1.44309
1.92197
1.55338
1.53242
1.6454
1.6729
1.4448
1.56329
1.72581
1.52927
1.72372
1.50841
1.73775
1.48646
1.65608
1.733
1.63983
1.71082
1.78243
1.76756
1.5505
1.53525
1.62824
1.60009
1.46043
1.61243
1.53278
1.48916
1.63879
1.55725
1.56739
1.59925
1.56472
1.63689
1.62188
1.51826
1.49522
1.99998
1.59455
1.52268
1.73766
1.61132
1.64088
1.71203
1.4558
1.50104
1.5731
1.92948
1.56591
1.69455
1.55102
1.37374
1.46587
1.57537
1.65671
1.51498
1.56213
1.65541
1.6224
1.61008
2.02604
1.58734
1.60642
1.79342
1.85839
1.87742
1.73198
1.65304
1.66621
1.83143
1.63666
1.55882
1.49809
1.40608
1.78418
1.46442
1.86365
1.74413
1.50765
1.62262
1.61042
1.70113
1.79317
1.66076
1.81675
1.6282
1.78841
1.53507
1.95314
1.49052
1.63963
1.59325
1.88615
1.6384
1.78798
1.78857
1.606
1.85789
1.88018
1.69371
1.90109
1.81533
1.85277
1.47125
1.51672
1.48549
1.53276
1.47607
1.60512
1.58839
1.57724
1.79781
1.46749
1.63508
1.79474
1.57387
1.56402
1.47973
1.49843
1.87772
1.58622
1.58691
1.61969
1.58515
1.64438
1.7214
1.50082
1.7726
1.50895
1.63758
1.55215
1.97089
1.72952
1.67465
1.49158
1.52481
1.54705
1.57094
1.74747
1.72654
1.64613
1.43209
1.58616
1.57196
1.58468
1.80115
1.5678
1.65364
1.64676
1.51647
1.52116
1.47484
1.41461
1.79326
1.7522
1.71896
1.61662
1.46097
1.64589
1.69295
1.6443
1.3478
1.59205
1.77871
1.56172
1.7688
2.17707
1.65296
1.73137
1.66738
1.50492
1.25403
1.69104
1.63974
1.49451
1.56819
1.76799
1.50091
1.58901
1.48711
1.85595
1.94881
1.703
1.93127
1.50652
1.59356
2.03507
1.97562
1.72341
1.49924
1.52136
1.47628
1.61142
1.725
1.95105
1.74763
1.63202
1.65215
1.52921
1.57751
1.75035
1.67887
1.73681
1.61164
1.62414
1.6203
1.85269
1.62846
1.39935
1.63131
1.60476
1.58091
1.71288
1.68796
1.57724
1.61355
1.70897
1.64717
1.67681
1.68129
1.49071
1.67315
1.66903
2.01829
1.77284
1.58325
1.69289
1.78623
1.34661
1.43474
1.79248
1.92461
1.78167
1.67205
1.78987
1.63983
1.71112
1.52069
1.76658
1.99935
1.74299
1.65511
1.62736
1.59395
1.74532
1.67999
1.76445
1.74826
1.49385
1.75549
1.51389
1.56285
1.51817
1.70006
1.87596
1.56347
1.65006
1.52454
1.58865
1.75591
1.55059
1.5935
1.9496
1.63053
1.55163
1.61476
1.5868
1.54468
1.6855
1.78651
1.73082
1.51231
1.60244
1.4522
1.68665
1.53447
1.82005
1.52918
1.61697
1.6992
1.85302
1.67635
1.96621
1.56641
1.74231
1.63076
1.68281
1.62633
1.59351
1.73433
1.58321
1.89667
1.48238
1.77367
1.65464
1.57776
1.47161
1.68162
1.66088
1.6479
1.67596
1.58033
1.58967
1.6978
1.72949
1.51675
1.66643
1.63764
1.74463
1.96673
1.56271
1.83147
1.57782
1.66187
1.63783
1.56878
1.60316
1.42625
1.8951
1.49466
1.45306
1.73485
1.79803
1.70867
1.57567
1.60296
1.75974
1.5834
1.59542
1.62485
1.649
1.83848
1.81727
1.92184
1.63686
1.6328
1.4946
1.525
1.59748
1.65148
1.65128
1.85663
1.6429
1.79044
1.66808
1.59849
1.72679
1.39075
1.77737
1.863
1.7468
1.8884
1.64488
1.66323
1.61906
1.5575
1.54129
1.9844
1.44484
1.98412
1.5637
2.04305
1.59558
1.56823
1.63239
1.66519
1.55388
1.79616
1.62331
1.4945
1.66963
1.64591
1.57561
1.76743
1.79341
1.72322
1.75843
1.693
1.73361
1.58574
1.59637
1.69571
1.6469
1.64105
1.63608
1.68542
2.17517
1.78675
2.15476
1.46866
1.58367
1.48858
1.54132
1.66051
1.52098
1.52924
1.78982
1.77747
1.71061
1.61836
1.6497
1.71086
1.61134
1.71608
1.72899
1.79608
1.64579
1.49368
1.86697
1.52376
1.59029
1.68104
1.62031
1.58672
1.59733
1.83196
1.75221
1.55035
1.61097
1.5269
1.70593
1.58956
1.69126
1.52158
1.72413
1.44644
1.53173
1.76236
1.55369
1.42406
1.46632
1.65162
1.47718
1.58834
1.53741
1.78
1.7061
1.52444
1.71124
1.7327
1.59263
1.56638
1.49016
1.47305
1.71043
1.82604
1.78462
1.65444
1.80241
1.69444
1.82353
1.50156
1.42586
1.61259
1.60688
1.60482
1.53093
1.65472
1.72028
1.74386
1.59992
1.484
1.6235
1.47044
1.64713
1.71689
1.68223
1.47832
1.48075
1.46084
1.60427
1.50198
1.86075
1.59373
1.54353
1.76598
1.60926
1.49487
1.70061
1.79178
1.62617
1.51096
1.48011
1.79623
1.59235
1.65863
1.55268
1.54876
1.65316
1.78705
1.3957
1.63568
1.48142
1.85887
1.47129
1.6001
1.57074
1.5322
1.55874
1.70142
1.74116
1.58892
1.80455
1.72479
1.79828
1.5636
1.47517
1.64735
1.32139
1.66827
1.88899
1.71515
1.58124
1.50009
1.66726
1.55704
1.58769
1.47602
1.78591
1.60688
1.55171
1.95441
1.48843
1.72411
1.89346
1.7103
1.8333
1.75508
1.61161
1.81595
1.78045
1.51299
1.64831
1.59657
1.73268
1.91865
1.4638
1.81519
1.61975
1.80906
1.51645
1.65439
1.43451
1.66449
1.48044
1.50261
1.70107
1.64774
1.51632
1.68052
1.62871
1.37508
1.65347
1.79135
1.30639
1.5899
1.89748
1.71667
1.55964
1.57394
1.56927
1.64419
1.40714
1.4537
1.71249
1.65412
1.56669
1.65656
1.69921
1.46608
1.7324
1.56197
1.69543
1.58548
1.65781
1.50755
1.70845
1.62999
1.74894
1.73911
1.56945
1.57159
1.65768
1.49095
1.70114
1.6748
1.68239
1.55287
1.74218
1.96859
1.6439
1.64716
1.38227
1.75177
1.62125
1.43244
1.54602
1.60254
1.73074
1.75634
1.75561
2.01335
1.68306
1.52806
2.21915
1.55443
1.65612
1.6652
1.63715
1.47434
1.50858
1.55934
1.52693
1.47372
1.78948
1.56167
1.48353
1.64064
1.50457
1.57352
1.62704
1.52708
2.21637
2.09334
1.87236
1.63748
1.79625
1.6935
1.86889
1.66874
1.65431
1.57188
1.7687
1.49408
1.641
1.67833
1.55972
1.59192
1.78053
1.57935
1.77419
1.62917
1.60167
1.75166
1.92418
1.71842
1.90345
1.99969
1.51251
1.75184
1.84908
1.78373
1.61442
2.06417
1.53743
1.47534
1.74668
1.72699
1.61137
1.63416
1.66225
1.60239
1.63104
1.55322
1.56604
1.50956
1.51851
1.66963
1.60727
1.70164
1.82472
1.71623
1.64105
1.5434
1.56831
1.56159
1.61309
1.8184
1.50275
1.41975
1.79373
1.64007
1.64743
1.68674
1.55232
1.75026
1.47079
1.43889
1.59847
1.65453
1.77605
1.71911
1.45936
1.51342
1.4356
1.4231
1.46437
1.75831
1.71528
1.70347
1.44697
1.65821
1.55943
1.50605
1.48028
1.60663
1.94788
1.73732
1.59424
1.68019
1.60925
1.6194
1.63068
1.61196
1.43376
1.71814
1.77599
1.5042
1.54524
1.63365
1.75295
1.51369
1.69766
1.61469
1.61462
1.61677
1.52579
1.52291
2.02234
1.69532
1.59587
1.43395
1.61083
1.95013
1.57483
1.94536
1.55704
1.47424
1.53233
1.85355
1.72348
1.61993
1.37859
1.66229
1.67778
1.66717
1.98606
1.73598
1.70732
1.74428
1.3827
1.6122
1.59364
1.62269
1.64552
1.38928
1.70105
1.62218
1.44688
1.63177
1.68937
1.66128
1.601
1.89819
1.74071
1.54488
1.51297
1.61814
1.99508
1.63922
1.49982
1.52594
1.49112
1.5665
1.56224
1.68752
1.57526
1.93437
1.63469
1.44686
1.76277
1.59294
1.72
1.34827
1.3933
1.52009
1.48328
1.72097
1.75148
1.50101
1.68825
1.7613
2.05784
1.63944
1.59828
1.89077
1.82635
1.51675
1.6778
1.57351
1.68449
1.50911
2.1166
1.87294
1.60171
1.55243
1.65848
1.56049
1.63511
1.59458
1.64983
1.42829
1.59362
2.06712
1.82489
1.57584
1.81346
1.49413
1.91023
1.52901
1.72198
1.65761
1.83593
1.76741
1.7226
1.57385
1.43297
1.77407
1.56407
1.79902
1.68294
1.62778
1.70223
1.60953
1.65279
1.63984
1.73296
1.57699
1.92253
1.62404
1.81131
1.66393
1.48599
1.48864
1.80009
1.5781
1.55254
1.45316
2.05208
1.46892
1.44447
1.72347
1.55502
1.48017
1.6359
1.69316
1.68111
1.67235
1.61488
1.57391
1.68473
1.56165
1.53839
1.4531
1.63188
1.81581
1.54443
1.80269
1.66138
1.82959
1.49521
1.49469
1.78012
1.56808
1.81931
1.73142
1.89015
1.76498
1.67388
1.44367
1.83627
1.71347
1.90796
1.55916
1.7974
1.97994
1.57232
1.8488
1.72094
1.57967
1.67204
1.61809
1.77106
1.64151
1.614
1.64593
1.81127
1.49597
1.84027
1.60381
1.54324
1.73907
2.10591
1.68721
1.74041
1.65178
1.69262
1.69545
1.69639
1.51687
1.45137
1.409
1.607
1.62609
1.78234
1.54675
1.49371
1.63242
1.55068
1.89706
1.51607
1.80957
1.83693
1.81062
1.68894
1.60086
1.38792
1.53487
1.75136
1.55069
1.73676
1.71909
1.99781
1.61296
1.54521
1.59625
1.71486
1.6524
1.58887
1.5642
1.55932
1.66911
1.60479
1.67308
1.64954
1.98452
1.43011
1.49106
1.7052
1.62473
1.71088
1.87174
1.7772
1.56536
1.55285
1.55413
1.59528
1.53322
1.49033
1.68863
1.63651
1.60418
1.63534
2.09892
1.79545
1.58778
1.65486
1.96072
1.63211
1.56912
1.9254
1.76599
1.66524
1.58624
1.6568
1.79545
1.76767
1.69655
1.45904
1.55485
1.77252
1.86931
1.6395
1.45332
1.58879
1.79369
1.5916
1.86997
1.57784
1.4544
1.63089
1.72984
1.45631
1.64235
1.76259
1.92921
1.75824
1.8205
1.42947
1.76128
1.44309
1.92197
1.55338
1.53242
1.6454
1.6729
1.4448
1.56329
1.72581
1.52927
1.72372
1.50841
1.73775
1.48646
1.65608
1.733
1.63983
1.71082
1.78243
1.76756
1.5505
1.53525
1.62824
1.60009
1.46043
1.61243
1.53278
1.48916
1.63879
1.55725
1.56739
1.59925
1.56472
1.63689
1.62188
1.51826
1.49522
1.99998
1.59455
1.52268
1.73766
1.61132
1.64088
1.71203
1.4558
1.50104
1.5731
1.92948
1.56591
1.69455
1.55102
1.37374
1.46587
1.57537
1.65671
1.51498
1.56213
1.65541
1.6224
1.61008
2.02604
1.58734
1.60642
1.79342
1.85839
1.87742
1.73198
1.65304
1.66621
1.83143
1.63666
1.55882
1.49809
1.40608
1.78418
1.46442
1.86365
1.74413
1.50765
1.62262
1.61042
1.70113
1.79317
1.66076
1.81675
1.6282
1.78841
1.53507
1.95314
1.49052
1.63963
1.59325
1.88615
1.6384
1.78798
1.78857
1.606
1.85789
1.88018
1.69371
1.90109
1.81533
1.85277
1.47125
1.51672
1.48549
1.53276
1.47607
1.60512
1.58839
1.57724
1.79781
1.46749
1.63508
1.79474
1.57387
1.56402
1.47973
1.49843
1.87772
1.58622
1.58691
1.61969
1.58515
1.64438
1.7214
1.50082
1.7726
1.50895
1.63758
1.55215
1.97089
1.72952
1.67465
1.49158
1.52481
1.54705
1.57094
1.74747
1.72654
1.64613
1.43209
1.58616
1.57196
1.58468
1.80115
1.5678
1.65364
1.64676
1.51647
1.52116
1.47484
1.41461
1.79326
1.7522
1.71896
1.61662
1.46097
1.64589
1.69295
1.6443
1.3478
1.59205
1.77871
1.56172
1.7688
2.17707
1.65296
1.73137
1.66738
1.50492
1.25403
1.69104
1.63974
1.49451
1.56819
1.76799
1.50091
1.58901
1.48711
1.85595
1.94881
1.703
1.93127
1.50652
1.59356
2.03507
1.97562
1.72341
1.49924
1.52136
1.47628
1.61142
1.725
1.95105
1.74763
1.63202
1.65215
1.52921
1.57751
1.75035
1.67887
1.73681
1.61164
1.62414
1.6203
1.85269
1.62846
1.39935
1.63131
1.60476
1.58091
1.71288
1.68796
1.57724
1.61355
1.70897
1.64717
1.67681
1.68129
1.49071
1.67315
1.66903
2.01829
1.77284
1.58325
1.69289
1.78623
1.34661
1.43474
1.79248
1.92461
1.78167
1.67205
1.78987
1.63983
1.71112
1.52069
1.76658
1.99935
1.74299
1.65511
1.62736
1.59395
1.74532
1.67999
1.76445
1.74826
1.49385
1.75549
1.51389
1.56285
1.51817
1.70006
1.87596
1.56347
1.65006
1.52454
1.58865
1.75591
1.55059
1.5935
1.9496
1.63053
1.55163
1.61476
1.5868
1.54468
1.6855
1.78651
1.73082
1.51231
1.60244
1.4522
1.68665
1.53447
1.82005
1.52918
1.61697
1.6992
1.85302
1.67635
1.96621
1.56641
1.74231
1.63076
1.68281
1.62633
1.59351
1.73433
1.58321
1.89667
1.48238
1.77367
1.65464
1.57776
1.47161
1.68162
1.66088
1.6479
1.67596
1.58033
1.58967
1.6978
1.72949
1.51675
1.66643
1.63764
1.74463
1.96673
1.56271
1.83147
1.57782
1.66187
1.63783
1.56878
1.60316
1.42625
1.8951
1.49466
1.45306
1.73485
1.79803
1.70867
1.57567
1.60296
1.75974
1.5834
1.59542
1.62485
1.649
1.83848
1.81727
1.92184
1.63686
1.6328
1.4946
1.525
1.59748
1.65148
1.65128
1.85663
1.6429
1.79044
1.66808
1.59849
1.72679
1.39075
1.77737
1.863
1.7468
1.8884
1.64488
1.66323
1.61906
1.5575
1.54129
1.9844
1.44484
1.98412
1.5637
2.04305
1.59558
1.56823
1.63239
1.66519
1.55388
1.79616
1.62331
1.4945
1.66963
1.64591
1.57561
1.76743
1.79341
1.72322
1.75843
1.693
1.73361
1.58574
1.59637
1.69571
1.6469
1.64105
1.63608
1.68542
2.17517
1.78675
2.15476
1.46866
1.58367
1.48858
1.54132
1.66051
1.52098
1.52924
1.78982
1.77747
1.71061
1.61836
1.6497
1.71086
1.61134
1.71608
1.72899
1.79608
1.64579
1.49368
1.86697
1.52376
1.59029
1.68104
1.62031
1.58672
1.59733
1.83196
1.75221
1.55035
1.61097
1.5269
1.70593
1.58956
1.69126
1.52158
1.72413
1.44644
1.53173
1.76236
1.55369
1.42406
1.46632
1.65162
1.47718
1.58834
1.53741
1.78
1.7061
1.52444
1.71124
1.7327
1.59263
1.56638
1.49016
1.47305
1.71043
1.82604
1.78462
1.65444
1.80241
1.69444
1.82353
1.50156
1.42586
1.61259
1.60688
1.60482
1.53093
1.65472
1.72028
1.74386
1.59992
1.484
1.6235
1.47044
1.64713
1.71689
1.68223
1.47832
1.48075
1.46084
1.60427
1.50198
1.86075
1.59373
1.54353
1.76598
1.60926
1.49487
1.70061
1.79178
1.62617
1.51096
1.48011
1.79623
1.59235
1.65863
1.55268
1.54876
1.65316
1.78705
1.3957
1.63568
1.48142
1.85887
1.47129
1.6001
1.57074
1.5322
1.55874
1.70142
1.74116
1.58892
1.80455
1.72479
1.79828
1.5636
1.47517
1.64735
1.32139
1.66827
1.88899
1.71515
1.58124
1.50009
1.66726
1.55704
1.58769
1.47602
1.78591
1.60688
1.55171
1.95441
1.48843
1.72411
1.89346
1.7103
1.8333
1.75508
1.61161
1.81595
1.78045
1.51299
1.64831
1.59657
1.73268
1.91865
1.4638
1.81519
1.61975
1.80906
1.51645
1.65439
1.43451
1.66449
1.48044
1.50261
1.70107
1.64774
1.51632
1.68052
1.62871
1.37508
1.65347
1.79135
1.30639
1.5899
1.89748
1.71667
1.55964
1.57394
1.56927
1.64419
1.40714
1.4537
1.71249
1.65412
1.56669
1.65656
1.69921
1.46608
1.7324
1.56197
1.69543
1.58548
1.65781
1.50755
1.70845
1.62999
1.74894
1.73911
1.56945
1.57159
1.65768
1.49095
1.70114
1.6748
1.68239
1.55287
1.74218
1.96859
1.6439
1.64716
1.38227
1.75177
1.62125
1.43244
1.54602
1.60254
1.73074
1.75634
1.75561
2.01335
1.68306
1.52806
2.21915
1.55443
1.65612
1.6652
1.63715
1.47434
1.50858
1.55934
1.52693
1.47372
1.78948
1.56167
1.48353
1.64064
1.50457
1.57352
1.62704
1.52708
2.21637
2.09334
1.87236
1.63748
1.79625
1.6935
1.86889
1.66874
1.65431
1.57188
1.7687
1.49408
1.641
1.67833
1.55972
1.59192
1.78053
1.57935
1.77419
1.62917
1.60167
1.75166
1.92418
1.71842
1.90345
1.99969
1.51251
1.75184
1.84908
1.78373
1.61442
2.06417
1.53743
1.47534
1.74668
1.72699
1.61137
1.63416
1.66225
1.60239
1.63104
1.55322
1.56604
1.50956
1.51851
1.66963
1.60727
1.70164
1.82472
1.71623
1.64105
1.5434
1.56831
1.56159
1.61309
1.8184
1.50275
1.41975
1.79373
1.64007
1.64743
1.68674
1.55232
1.75026
1.47079
1.43889
1.59847
1.65453
1.77605
1.71911
1.45936
1.51342
1.4356
1.4231
1.46437
1.75831
1.71528
1.70347
1.44697
1.65821
1.55943
1.50605
1.48028
1.60663
1.94788
1.73732
1.59424
1.68019
1.60925
1.6194
1.63068
1.61196
1.43376
1.71814
1.77599
1.5042
1.54524
1.63365
1.75295
1.51369
1.69766
1.61469
1.61462
1.61677
1.52579
1.52291
2.02234
1.69532
1.59587
1.43395
1.61083
1.95013
1.57483
1.94536
1.55704
1.47424
1.53233
1.85355
1.72348
1.61993
1.37859
1.66229
1.67778
1.66717
1.98606
1.73598
1.70732
1.74428
1.3827
1.6122
1.59364
1.62269
1.64552
1.38928
1.70105
1.62218
1.44688
1.63177
1.68937
1.66128
1.601
1.89819
1.74071
1.54488
1.51297
1.61814
1.99508
1.63922
1.49982
1.52594
1.49112
1.5665
1.56224
1.68752
1.57526
1.93437
1.63469
1.44686
1.76277
1.59294
1.72
1.34827
1.3933
1.52009
1.48328
1.72097
1.75148
1.50101
1.68825
1.7613
2.05784
1.63944
1.59828
1.89077
1.82635
1.51675
1.6778
1.57351
1.68449
1.50911
2.1166
1.87294
1.60171
1.55243
1.65848
1.56049
1.63511
1.59458
1.64983
1.42829
1.59362
2.06712
1.82489
1.57584
1.81346
1.49413
1.91023
1.52901
1.72198
1.65761
1.83593
1.76741
1.7226
1.57385
1.43297
1.77407
1.56407
1.79902
1.68294
1.62778
1.70223
1.60953
1.65279
1.63984
1.73296
1.57699
1.92253
1.62404
1.81131
1.66393
1.48599
1.48864
1.80009
1.5781
1.55254
1.45316
2.05208
1.46892
1.44447
1.72347
1.55502
1.48017
1.6359
1.69316
1.68111
1.67235
1.61488
1.57391
1.68473
1.56165
1.53839
1.4531
1.63188
1.81581
1.54443
1.80269
1.66138
1.82959
1.49521
1.49469
1.78012
1.56808
1.81931
1.73142
1.89015
1.76498
1.67388
1.44367
1.83627
1.71347
1.90796
1.55916
1.7974
1.97994
1.57232
1.8488
1.72094
1.57967
1.67204
1.61809
1.77106
1.64151
1.614
1.64593
1.81127
1.49597
1.84027
1.60381
1.54324
1.73907
2.10591
1.68721
1.74041
1.65178
1.69262
1.69545
1.69639
1.51687
1.45137
1.409
1.607
1.62609
1.78234
1.54675
1.49371
1.63242
1.55068
1.89706
1.51607
1.80957
1.83693
1.81062
1.68894
1.60086
1.38792
1.53487
1.75136
1.55069
1.73676
1.71909
1.99781
1.61296
1.54521
1.59625
1.71486
1.6524
1.58887
1.5642
1.55932
1.66911
1.60479
1.67308
1.64954
1.98452
1.43011
1.49106
1.7052
1.62473
1.71088
1.87174
1.7772
1.56536
1.55285
1.55413
1.59528
1.53322
1.49033
1.68863
1.63651
1.60418
1.63534
2.09892
1.79545
1.58778
1.65486
1.96072
1.63211
1.56912
1.9254
1.76599
1.66524
1.58624
1.6568
1.79545
1.76767
1.69655
1.45904
1.55485
1.77252
1.86931
1.6395
1.45332
1.58879
1.79369
1.5916
1.86997
1.57784
1.4544
1.63089
1.72984
1.45631
1.64235
1.76259
1.92921
1.75824
1.8205
1.42947
1.76128
1.44309
1.92197
1.55338
1.53242
1.6454
1.6729
1.4448
1.56329
1.72581
1.52927
1.72372
1.50841
1.73775
1.48646
1.65608
1.733
1.63983
1.71082
1.78243
1.76756
1.5505
1.53525
1.62824
1.60009
1.46043
1.61243
1.53278
1.48916
1.63879
1.55725
1.56739
1.59925
1.56472
1.63689
1.62188
1.51826
1.49522
1.99998
1.59455
1.52268
1.73766
1.61132
1.64088
1.71203
1.4558
1.50104
1.5731
1.92948
1.56591
1.69455
1.55102
1.37374
1.46587
1.57537
1.65671
1.51498
1.56213
1.65541
1.6224
1.61008
2.02604
1.58734
1.60642
1.79342
1.85839
1.87742
1.73198
1.65304
1.66621
1.83143
1.63666
1.55882
1.49809
1.40608
1.78418
1.46442
1.86365
1.74413
1.50765
1.62262
1.61042
1.70113
1.79317
1.66076
1.81675
1.6282
1.78841
1.53507
1.95314
1.49052
1.63963
1.59325
1.88615
1.6384
1.78798
1.78857
1.606
1.85789
1.88018
1.69371
1.90109
1.81533
1.85277
1.47125
1.51672
1.48549
1.53276
1.47607
1.60512
1.58839
1.57724
1.79781
1.46749
1.63508
1.79474
1.57387
1.56402
1.47973
1.49843
1.87772
1.58622
1.58691
1.61969
1.58515
1.64438
1.7214
1.50082
1.7726
1.50895
1.63758
1.55215
1.97089
1.72952
1.67465
1.49158
1.52481
1.54705
1.57094
1.74747
1.72654
1.64613
1.43209
1.58616
1.57196
1.58468
1.80115
1.5678
1.65364
1.64676
1.51647
1.52116
1.47484
1.41461
1.79326
1.7522
1.71896
1.61662
1.46097
1.64589
1.69295
1.6443
1.3478
1.59205
1.77871
1.56172
1.7688
2.17707
1.65296
1.73137
1.66738
1.50492
1.25403
1.69104
1.63974
1.49451
1.56819
1.76799
1.50091
1.58901
1.48711
1.85595
1.94881
1.703
1.93127
1.50652
1.59356
2.03507
1.97562
1.72341
