1.11634
1.04156
1.00458
1.08479
1.02231
1.04952
1.0336
1.00088
1.03379
1.00017
1.00306
1.0023
1.00247
1.00004
1.00019
1.01889
1.02498
1.00027
1.00315
1.00249
1.07169
1.01734
1.00022
1.00026
1.02642
1.07672
1.01507
1.00129
1.01678
1.03571
1.03161
1.0003
1.02254
1.0003
1.00013
1.00267
1.01554
1.00235
1.06924
1.04375
1.00534
1.00022
1.01468
1.00022
1.00011
1.03444
1.00021
1.00473
1.00004
1.05478
1.09531
1.01836
1.05606
1.18602
1.00825
1.00329
1.00012
1.02219
1.06929
1.06243
1.01782
1.00022
1.00854
1.00195
1.00014
1.01493
1.02141
1.09683
1.00016
1.05602
1.02313
1.01005
1.01627
1.00223
1.03605
1.03728
1.05534
1.09252
1.0002
1.03283
1.00023
1.02031
1.0954
1.04441
1.02364
1.06047
1.00164
1.01184
1.05602
1.00666
1.02343
1.06507
1.00021
1.05131
1.00021
1.04803
1.14676
1.00553
1.00024
1.00012
1.00013
1.05815
1.03536
1.00298
1.00021
1.04681
1.00209
1.0038
1.0003
1.00949
1.00019
1.00099
1.07261
1.00132
1.0508
1.00286
1.00018
1.02963
1.00784
1.06206
1.00023
1.05079
1.00021
1.00038
1.05254
1.03958
1.00026
1.09735
1.04593
1.11594
1.00021
1.0466
1.00048
1.02425
1.05138
1.03013
1.00016
1.00013
1.00854
1.03975
1.00485
1.00253
1.01893
1.00021
1.00015
1.00046
1.02436
1.01226
1.00117
1.04884
1.02154
1.00068
1.00015
1.00323
1.06736
1.00018
1.03628
1.00472
1.00022
1.00316
1.00033
1.0357
1.048
1.00164
1.02594
1.01062
1.008
1.00014
1.00058
1.0298
1.01523
1.00047
1.00129
1.08346
1.03476
1.00017
1.00017
1.02845
1.00074
1.00018
1.0002
1.00029
1.01934
1.00023
1.03915
1.00024
1.00111
1.01576
1.00022
1.00016
1.04211
1.03326
1.00211
1.03032
1.00012
1.03769
1.0094
1.00044
1.07233
1.09803
1.03872
1.00023
1.01053
1.00018
1.05468
1.00029
1.08137
1.00306
1.01039
1.06141
1.00795
1.00022
1.01298
1.00112
1.05452
1.00033
1.01996
1.00019
1.00021
1.04771
1.00023
1.00016
1.08601
1.00032
1.00801
1.02951
1.00445
1.02574
1.02281
1.03468
1.08193
1.02323
1.0035
1.04609
1.00421
1.00031
1.05072
1.01334
1.00018
1.00273
1.00966
1.00293
1.00018
1.00023
1.00421
1.0535
1.00025
1.01457
1.01764
1.02053
1.00013
1.0308
1.00338
1.03592
1.04924
1.01549
1.00119
1.00408
1.02335
1.04391
1.03942
1.01209
1.00363
1.00015
1.00745
1.00021
1.07546
1.03812
1.01328
1.06215
1.06131
1.0429
1.02355
1.00017
1.05649
1.00528
1.09204
1.24996
1.01645
1.01821
1.07657
1.01116
1.02262
1.0002
1.00619
1.02762
1.00013
1.00065
1.00017
1.03754
1.03432
1.00013
1.00089
1.02478
1.00862
1.00025
1.01533
1.07749
1.05573
1.0003
1.04782
1.01429
1.04052
1.00491
1.00111
1.05931
1.01594
1.00912
1.0125
1.03152
1.01048
1.00024
1.00657
1.06672
1.00254
1.00022
1.00018
1.00019
1.00114
1.05326
1.00018
1.0036
1.00817
1.00016
1.00011
1.00114
1.03437
1.00021
1.00817
1.08404
1.00035
1.00023
1.03137
1.02585
1.00016
1.00019
1.03428
1.02863
1.00023
1.00023
1.00062
1.00333
1.02716
1.01406
1.0535
1.00019
1.01821
1.00018
1.0379
1.03168
1.00007
1.00021
1.05094
1.01037
1.00092
1.04757
1.00042
1.02326
1.1152
1.02267
1.00023
1.02175
1.04266
1.00014
1.0276
1.00765
1.00015
1.00128
1.00022
1.01031
1.00999
1.00677
1.01402
1.0251
1.01025
1.00016
1.00595
1.01752
1.02316
1.00023
1.05573
1.0067
1.02981
1.00003
1.00015
1.00023
1.00016
1.00143
1.10857
1.00208
1.02391
1.023
1.00276
1.00597
1.00025
1.00968
1.00948
1.01071
1.00003
1.00023
1.03116
1.01038
1.00035
1.03791
1.09061
1.00014
1.00019
1.02601
1.00023
1.00014
1.01893
1.00022
1.00019
1.00014
1.01448
1.04268
1.04755
1.00851
1.00036
1.02905
1.07208
1.00013
1.02286
1.00023
1.04347
1.00449
1.00001
1.00023
1.13566
1.00549
1.01397
1.00019
1.00188
1.08857
1.07179
1.01678
1.00215
1.00469
1.0513
1.00419
1.00014
1.02091
1.00303
1.04151
1.00018
1.00016
1.00002
1.00039
1.0002
1.02106
1.00065
1.00754
1.04263
1.03477
1.0002
1.02657
1.02038
1.00017
1.01822
1.05294
1.00324
1.08144
1.01902
1.00015
1.06445
1.25319
1.04748
1.00017
1.01393
1.00012
1.0143
1.03029
1.01758
1.00027
1.0363
1.01471
1.00026
1.05038
1.03645
1.00019
1.00013
1.07143
1.00059
1.02252
1.00014
1.00017
1.02458
1.00955
1.01804
1.01361
1.04571
1.02372
1.00021
1.00477
1.00014
1.06519
1.00104
1.07104
1.0002
1.00849
1.02319
1.05992
1.01818
1.0051
1.00024
1.00019
1.03507
1.01974
1.00225
1.00022
1.00017
1.00992
1.01496
1.00018
1.05522
1.03323
1.00022
1.0002
1.00239
1.05333
1.01469
1.0777
1.03027
1.00025
1.02167
1.01951
1.07226
1.00018
1.00032
1.00018
1.00254
1.06853
1.00019
1.00024
1.00336
1.00019
1.01941
1.00021
1.09279
1.10602
1.03401
1.06075
1.00033
1.00018
1.00912
1.0382
1.00018
1.01876
1.00381
1.06241
1.08652
1.00021
1.00902
1.00017
1.08652
1.03027
1.02382
1.09225
1.04222
1.02258
1.03856
1.00646
1.00019
1.0735
1.02844
1.04608
1.01272
1.05314
1.00549
1.02146
1.00029
1.03986
1.00011
1.00242
1.00897
1.03193
1.04732
1.06198
1.00086
1.00386
1.02524
1.05251
1.00016
1.02006
1.00117
1.01285
1.00662
1.00881
1.00386
1.00476
1.00023
1.00406
1.00198
1.03448
1.02286
1.01955
1.04215
1.00013
1.00015
1.06001
1.00004
1.04096
1.04779
1.00025
1.04748
1.04246
1.02744
1.00018
1.00014
1.00017
1.04926
1.00971
1.00012
1.00024
1.04167
1.02694
1.00013
1.00019
1.00017
1.01023
1.00018
1.00758
1.00018
1.05009
1.00022
1.00232
1.02988
1.09219
1.00963
1.00063
1.00002
1.00144
1.00406
1.00018
1.00014
1.00569
1.07324
1.02352
1.02223
1.07234
1.00032
1.00021
1.04156
1.01774
1.00022
1.07213
1.0137
1.07408
1.00475
1.00052
1.00022
1.04113
1.0002
1.06244
1.02993
1.05566
1.0489
1.01987
1.07726
1.02093
1.04159
1.03338
1.01311
1.07583
1.00019
1.0014
1.00015
1.06894
1.00033
1.0002
1.00082
1.0002
1.00014
1.00344
1.00019
1.00023
1.00953
1.00193
1.00024
1.00264
1.09518
1.00091
1.00022
1.06534
1.0015
1.00026
1.0201
1.04284
1.01563
1.00023
1.00023
1.00015
1.00021
1.0132
1.03977
1.02244
1.05242
1.0471
1.02288
1.00016
1.0535
1.04781
1.05606
1.03027
1.01241
1.04513
1.0325
1.05113
1.00019
1.02325
1.00019
1.12127
1.00026
1.00017
1.02305
1.00359
1.00024
1.02822
1.00032
1.00021
1.00021
1.00153
1.00025
1.00032
1.07193
1.05987
1.01765
1.00346
1.00863
1.00978
1.00026
1.00031
1.07906
1.00018
1.00016
1.00439
1.0129
1.05415
1.03531
1.00025
1.00375
1.02356
1.07673
1.00334
1.00041
1.04666
1.05241
1.00012
1.03783
1.04724
1.02882
1.02508
1.00016
1.02377
1.19574
1.00017
1.01984
1.03896
1.04374
1.00911
1.0248
1.00605
1.01458
1.03565
1.03427
1.05337
1.00018
1.04195
1.00023
1.00729
1.00925
1.0448
1.01065
1.07017
1.00024
1.01981
1.06097
1.01911
1.00015
1.0193
1.00019
1.08228
1.03914
1.01029
1.0656
1.0279
1.04211
1.03318
1.0455
1.00019
1.00023
1.00019
1.02196
1.03779
1.00016
1.00265
1.04549
1.02683
1.04582
1.01944
1.04109
1.03236
1.00023
1.0002
1.00025
1.00021
1.00023
1.09155
1.00024
1.1013
1.0257
1.00023
1.01822
1.00113
1.02927
1.05263
1.06042
1.01091
1.00017
1.02067
1.01879
1.00433
1.01921
1.09287
1.02715
1.08429
1.06733
1.00033
1.07732
1.01587
1.08178
1.06921
1.00014
1.00724
1.02505
1.04912
1.02191
1.02188
1.00022
1.00017
1.01039
1.00017
1.0122
1.00028
1.00024
1.00227
1.00377
1.00013
1.08461
1.0002
1.02009
1.00403
1.0552
1.05911
1.01776
1.05637
1.00011
1.06765
1.03042
1.03655
1.01651
1.07483
1.00014
1.03704
1.03669
1.00109
1.00601
1.04232
1.0002
1.00018
1.01546
1.03742
1.0336
1.01289
1.05931
1.00806
1.00019
1.00729
1.05345
1.04177
1.09296
1.00016
1.06743
1.04022
1.06097
1.00842
1.02646
1.05221
1.01981
1.00035
1.02525
1.03088
1.04021
1.00102
1.00028
1.00028
1.03754
1.06794
1.00281
1.00017
1.02989
1.01455
1.02425
1.02765
1.00094
1.00617
1.00017
1.00022
1.00025
1.0002
1.0002
1.00983
1.05842
1.00017
1.00022
1.06023
1.00835
1.003
1.043
1.02321
1.00025
1.05698
1.00009
1.03321
1.00283
1.04195
1.00018
1.01664
1.00577
1.03035
1.00019
1.05955
1.02848
1.03808
1.05098
1.04642
1.0051
1.07461
1.03056
1.00603
1.00019
1.00648
1.01835
1.05485
1.0002
1.06262
1.0002
1.00019
1.00035
1.03597
1.00016
1.02113
1.0297
1.00712
1.08054
1.00017
1.00016
1.00308
1.01384
1.06901
1.06453
1.00019
1.00023
1.027
1.04211
1.00195
1.09936
1.03469
1.01203
1.04642
1.00271
1.00026
1.01809
1.0793
1.03933
1.00017
1.05582
1.03673
1.00016
1.00317
1.00016
1.00225
1.00017
1.00017
1.00294
1.0189
1.05878
1.10406
1.00334
1.00027
1.0001
1.0002
1.05284
1.00909
1.00022
1.00026
1.00371
1.07046
1.05294
1.07785
1.11634
1.04156
1.00458
1.08479
1.02231
1.04952
1.0336
1.00088
1.03379
1.00017
1.00306
1.0023
1.00247
1.00004
1.00019
1.01889
1.02498
1.00027
1.00315
1.00249
1.07169
1.01734
1.00022
1.00026
1.02642
1.07672
1.01507
1.00129
1.01678
1.03571
1.03161
1.0003
1.02254
1.0003
1.00013
1.00267
1.01554
1.00235
1.06924
1.04375
1.00534
1.00022
1.01468
1.00022
1.00011
1.03444
1.00021
1.00473
1.00004
1.05478
1.09531
1.01836
1.05606
1.18602
1.00825
1.00329
1.00012
1.02219
1.06929
1.06243
1.01782
1.00022
1.00854
1.00195
1.00014
1.01493
1.02141
1.09683
1.00016
1.05602
1.02313
1.01005
1.01627
1.00223
1.03605
1.03728
1.05534
1.09252
1.0002
1.03283
1.00023
1.02031
1.0954
1.04441
1.02364
1.06047
1.00164
1.01184
1.05602
1.00666
1.02343
1.06507
1.00021
1.05131
1.00021
1.04803
1.14676
1.00553
1.00024
1.00012
1.00013
1.05815
1.03536
1.00298
1.00021
1.04681
1.00209
1.0038
1.0003
1.00949
1.00019
1.00099
1.07261
1.00132
1.0508
1.00286
1.00018
1.02963
1.00784
1.06206
1.00023
1.05079
1.00021
1.00038
1.05254
1.03958
1.00026
1.09735
1.04593
1.11594
1.00021
1.0466
1.00048
1.02425
1.05138
1.03013
1.00016
1.00013
1.00854
1.03975
1.00485
1.00253
1.01893
1.00021
1.00015
1.00046
1.02436
1.01226
1.00117
1.04884
1.02154
1.00068
1.00015
1.00323
1.06736
1.00018
1.03628
1.00472
1.00022
1.00316
1.00033
1.0357
1.048
1.00164
1.02594
1.01062
1.008
1.00014
1.00058
1.0298
1.01523
1.00047
1.00129
1.08346
1.03476
1.00017
1.00017
1.02845
1.00074
1.00018
1.0002
1.00029
1.01934
1.00023
1.03915
1.00024
1.00111
1.01576
1.00022
1.00016
1.04211
1.03326
1.00211
1.03032
1.00012
1.03769
1.0094
1.00044
1.07233
1.09803
1.03872
1.00023
1.01053
1.00018
1.05468
1.00029
1.08137
1.00306
1.01039
1.06141
1.00795
1.00022
1.01298
1.00112
1.05452
1.00033
1.01996
1.00019
1.00021
1.04771
1.00023
1.00016
1.08601
1.00032
1.00801
1.02951
1.00445
1.02574
1.02281
1.03468
1.08193
1.02323
1.0035
1.04609
1.00421
1.00031
1.05072
1.01334
1.00018
1.00273
1.00966
1.00293
1.00018
1.00023
1.00421
1.0535
1.00025
1.01457
1.01764
1.02053
1.00013
1.0308
1.00338
1.03592
1.04924
1.01549
1.00119
1.00408
1.02335
1.04391
1.03942
1.01209
1.00363
1.00015
1.00745
1.00021
1.07546
1.03812
1.01328
1.06215
1.06131
1.0429
1.02355
1.00017
1.05649
1.00528
1.09204
1.24996
1.01645
1.01821
1.07657
1.01116
1.02262
1.0002
1.00619
1.02762
1.00013
1.00065
1.00017
1.03754
1.03432
1.00013
1.00089
1.02478
1.00862
1.00025
1.01533
1.07749
1.05573
1.0003
1.04782
1.01429
1.04052
1.00491
1.00111
1.05931
1.01594
1.00912
1.0125
1.03152
1.01048
1.00024
1.00657
1.06672
1.00254
1.00022
1.00018
1.00019
1.00114
1.05326
1.00018
1.0036
1.00817
1.00016
1.00011
1.00114
1.03437
1.00021
1.00817
1.08404
1.00035
1.00023
1.03137
1.02585
1.00016
1.00019
1.03428
1.02863
1.00023
1.00023
1.00062
1.00333
1.02716
1.01406
1.0535
1.00019
1.01821
1.00018
1.0379
1.03168
1.00007
1.00021
1.05094
1.01037
1.00092
1.04757
1.00042
1.02326
1.1152
1.02267
1.00023
1.02175
1.04266
1.00014
1.0276
1.00765
1.00015
1.00128
1.00022
1.01031
1.00999
1.00677
1.01402
1.0251
1.01025
1.00016
1.00595
1.01752
1.02316
1.00023
1.05573
1.0067
1.02981
1.00003
1.00015
1.00023
1.00016
1.00143
1.10857
1.00208
1.02391
1.023
1.00276
1.00597
1.00025
1.00968
1.00948
1.01071
1.00003
1.00023
1.03116
1.01038
1.00035
1.03791
1.09061
1.00014
1.00019
1.02601
1.00023
1.00014
1.01893
1.00022
1.00019
1.00014
1.01448
1.04268
1.04755
1.00851
1.00036
1.02905
1.07208
1.00013
1.02286
1.00023
1.04347
1.00449
1.00001
1.00023
1.13566
1.00549
1.01397
1.00019
1.00188
1.08857
1.07179
1.01678
1.00215
1.00469
1.0513
1.00419
1.00014
1.02091
1.00303
1.04151
1.00018
1.00016
1.00002
1.00039
1.0002
1.02106
1.00065
1.00754
1.04263
1.03477
1.0002
1.02657
1.02038
1.00017
1.01822
1.05294
1.00324
1.08144
1.01902
1.00015
1.06445
1.25319
1.04748
1.00017
1.01393
1.00012
1.0143
1.03029
1.01758
1.00027
1.0363
1.01471
1.00026
1.05038
1.03645
1.00019
1.00013
1.07143
1.00059
1.02252
1.00014
1.00017
1.02458
1.00955
1.01804
1.01361
1.04571
1.02372
1.00021
1.00477
1.00014
1.06519
1.00104
1.07104
1.0002
1.00849
1.02319
1.05992
1.01818
1.0051
1.00024
1.00019
1.03507
1.01974
1.00225
1.00022
1.00017
1.00992
1.01496
1.00018
1.05522
1.03323
1.00022
1.0002
1.00239
1.05333
1.01469
1.0777
1.03027
1.00025
1.02167
1.01951
1.07226
1.00018
1.00032
1.00018
1.00254
1.06853
1.00019
1.00024
1.00336
1.00019
1.01941
1.00021
1.09279
1.10602
1.03401
1.06075
1.00033
1.00018
1.00912
1.0382
1.00018
1.01876
1.00381
1.06241
1.08652
1.00021
1.00902
1.00017
1.08652
1.03027
1.02382
1.09225
1.04222
1.02258
1.03856
1.00646
1.00019
1.0735
1.02844
1.04608
1.01272
1.05314
1.00549
1.02146
1.00029
1.03986
1.00011
1.00242
1.00897
1.03193
1.04732
1.06198
1.00086
1.00386
1.02524
1.05251
1.00016
1.02006
1.00117
1.01285
1.00662
1.00881
1.00386
1.00476
1.00023
1.00406
1.00198
1.03448
1.02286
1.01955
1.04215
1.00013
1.00015
1.06001
1.00004
1.04096
1.04779
1.00025
1.04748
1.04246
1.02744
1.00018
1.00014
1.00017
1.04926
1.00971
1.00012
1.00024
1.04167
1.02694
1.00013
1.00019
1.00017
1.01023
1.00018
1.00758
1.00018
1.05009
1.00022
1.00232
1.02988
1.09219
1.00963
1.00063
1.00002
1.00144
1.00406
1.00018
1.00014
1.00569
1.07324
1.02352
1.02223
1.07234
1.00032
1.00021
1.04156
1.01774
1.00022
1.07213
1.0137
1.07408
1.00475
1.00052
1.00022
1.04113
1.0002
1.06244
1.02993
1.05566
1.0489
1.01987
1.07726
1.02093
1.04159
1.03338
1.01311
1.07583
1.00019
1.0014
1.00015
1.06894
1.00033
1.0002
1.00082
1.0002
1.00014
1.00344
1.00019
1.00023
1.00953
1.00193
1.00024
1.00264
1.09518
1.00091
1.00022
1.06534
1.0015
1.00026
1.0201
1.04284
1.01563
1.00023
1.00023
1.00015
1.00021
1.0132
1.03977
1.02244
1.05242
1.0471
1.02288
1.00016
1.0535
1.04781
1.05606
1.03027
1.01241
1.04513
1.0325
1.05113
1.00019
1.02325
1.00019
1.12127
1.00026
1.00017
1.02305
1.00359
1.00024
1.02822
1.00032
1.00021
1.00021
1.00153
1.00025
1.00032
1.07193
1.05987
1.01765
1.00346
1.00863
1.00978
1.00026
1.00031
1.07906
1.00018
1.00016
1.00439
1.0129
1.05415
1.03531
1.00025
1.00375
1.02356
1.07673
1.00334
1.00041
1.04666
1.05241
1.00012
1.03783
1.04724
1.02882
1.02508
1.00016
1.02377
1.19574
1.00017
1.01984
1.03896
1.04374
1.00911
1.0248
1.00605
1.01458
1.03565
1.03427
1.05337
1.00018
1.04195
1.00023
1.00729
1.00925
1.0448
1.01065
1.07017
1.00024
1.01981
1.06097
1.01911
1.00015
1.0193
1.00019
1.08228
1.03914
1.01029
1.0656
1.0279
1.04211
1.03318
1.0455
1.00019
1.00023
1.00019
1.02196
1.03779
1.00016
1.00265
1.04549
1.02683
1.04582
1.01944
1.04109
1.03236
1.00023
1.0002
1.00025
1.00021
1.00023
1.09155
1.00024
1.1013
1.0257
1.00023
1.01822
1.00113
1.02927
1.05263
1.06042
1.01091
1.00017
1.02067
1.01879
1.00433
1.01921
1.09287
1.02715
1.08429
1.06733
1.00033
1.07732
1.01587
1.08178
1.06921
1.00014
1.00724
1.02505
1.04912
1.02191
1.02188
1.00022
1.00017
1.01039
1.00017
1.0122
1.00028
1.00024
1.00227
1.00377
1.00013
1.08461
1.0002
1.02009
1.00403
1.0552
1.05911
1.01776
1.05637
1.00011
1.06765
1.03042
1.03655
1.01651
1.07483
1.00014
1.03704
1.03669
1.00109
1.00601
1.04232
1.0002
1.00018
1.01546
1.03742
1.0336
1.01289
1.05931
1.00806
1.00019
1.00729
1.05345
1.04177
1.09296
1.00016
1.06743
1.04022
1.06097
1.00842
1.02646
1.05221
1.01981
1.00035
1.02525
1.03088
1.04021
1.00102
1.00028
1.00028
1.03754
1.06794
1.00281
1.00017
1.02989
1.01455
1.02425
1.02765
1.00094
1.00617
1.00017
1.00022
1.00025
1.0002
1.0002
1.00983
1.05842
1.00017
1.00022
1.06023
1.00835
1.003
1.043
1.02321
1.00025
1.05698
1.00009
1.03321
1.00283
1.04195
1.00018
1.01664
1.00577
1.03035
1.00019
1.05955
1.02848
1.03808
1.05098
1.04642
1.0051
1.07461
1.03056
1.00603
1.00019
1.00648
1.01835
1.05485
1.0002
1.06262
1.0002
1.00019
1.00035
1.03597
1.00016
1.02113
1.0297
1.00712
1.08054
1.00017
1.00016
1.00308
1.01384
1.06901
1.06453
1.00019
1.00023
1.027
1.04211
1.00195
1.09936
1.03469
1.01203
1.04642
1.00271
1.00026
1.01809
1.0793
1.03933
1.00017
1.05582
1.03673
1.00016
1.00317
1.00016
1.00225
1.00017
1.00017
1.00294
1.0189
1.05878
1.10406
1.00334
1.00027
1.0001
1.0002
1.05284
1.00909
1.00022
1.00026
1.00371
1.07046
1.05294
1.07785
1.03316
1.05264
1.00312
1.09389
1.09223
1.0691
1.07065
1.00088
1.07544
1.00965
1.00306
1.12619
1.00209
1.00004
1.00019
1.05063
1.02768
1.06595
1.06655
1.00249
1.06699
1.01734
1.00022
1.00026
1.05082
1.07271
1.05852
1.08541
1.01199
1.0817
1.02456
1.06201
1.00347
1.04631
1.00013
1.00267
1.02438
1.00235
1.03209
1.04942
1.05372
1.05372
1.04604
1.01717
1.00011
1.0383
1.00021
1.03207
1.00004
1.06634
1.11212
1.05608
1.04783
1.10247
1.08452
1.00749
1.04187
1.04528
1.09303
1.03706
1.03441
1.12959
1.08591
1.07134
1.08513
1.02432
1.0365
1.05018
1.00016
1.04463
1.03938
1.01384
1.02728
1.04383
1.00788
1.04328
1.15187
1.12776
1.0407
1.14348
1.06697
1.03793
1.11416
1.04441
1.08326
1.07851
1.02371
1.01184
1.0831
1.01199
1.04582
1.03817
1.04655
1.14476
1.00021
1.00017
1.20003
1.02971
1.00024
1.00013
1.02477
1.08657
1.03512
1.17635
1.00021
1.05597
1.07976
1.02756
1.0003
1.05503
1.00019
1.00099
1.06128
1.00132
1.06026
1.00286
1.00018
1.04508
1.0131
1.06195
1.05871
1.03606
1.00021
1.00038
1.07994
1.03077
1.02589
1.11145
1.06432
1.11494
1.00021
1.07904
1.06045
1.08723
1.06125
1.02468
1.0836
1.00013
1.00854
1.0394
1.0545
1.08477
1.05985
1.01739
1.01365
1.04111
1.0431
1.04305
1.04832
1.00019
1.03568
1.00068
1.05207
1.09028
1.02648
1.04475
1.06888
1.08721
1.03971
1.08309
1.0953
1.02859
1.00679
1.00046
1.04488
1.00894
1.008
1.08738
1.00058
1.05738
1.04552
1.00047
1.00129
1.09992
1.00021
1.01778
1.00017
1.0161
1.00074
1.10762
1.04601
1.00029
1.06538
1.00023
1.0856
1.13556
1.03183
1.03776
1.04957
1.00016
1.05587
1.02765
1.00664
1.03228
1.02367
1.01886
1.0094
1.03469
1.06654
1.10349
1.05114
1.0606
1.01004
1.06269
1.05558
1.01963
1.18486
1.00387
1.03781
1.00262
1.00796
1.00876
1.00115
1.06725
1.053
1.00033
1.06045
1.07214
1.00021
1.06213
1.00023
1.00432
1.10037
1.0079
1.01087
1.0003
1.00019
1.04726
1.06207
1.11168
1.08133
1.02323
1.06996
1.08342
1.00421
1.06012
1.0414
1.00196
1.00018
1.00273
1.01391
1.0094
1.05839
1.00023
1.06557
1.06453
1.06132
1.05487
1.00396
1.02209
1.05069
1.01223
1.00338
1.0323
1.05129
1.06738
1.02286
1.2197
1.02335
1.0532
1.06745
1.07717
1.00363
1.06317
1.00745
1.00021
1.06927
1.11042
1.01318
1.06215
1.00018
1.08363
1.04144
1.00017
1.07078
1.06814
1.10325
1.06924
1.01705
1.09727
1.05496
1.01381
1.02262
1.03513
1.00617
1.02868
1.00014
1.0008
1.08547
1.06804
1.05953
1.06126
1.04094
1.05129
1.09015
1.00025
1.09947
1.07645
1.03415
1.03946
1.06305
1.04525
1.02765
1.00669
1.00111
1.06064
1.02968
1.00257
1.0125
1.0818
1.02749
1.00025
1.05944
1.0362
1.00254
1.06167
1.00018
1.0323
1.04374
1.02045
1.00018
1.05094
1.03699
1.00016
1.00403
1.00114
1.07948
1.06892
1.04291
1.08582
1.03189
1.10159
1.03137
1.02585
1.00016
1.05072
1.03428
1.11976
1.05202
1.00023
1.00091
1.00049
1.08682
1.0002
1.0531
1.13835
1.05094
1.00018
1.0142
1.03168
1.00007
1.00021
1.00016
1.0541
1.00093
1.04626
1.01119
1.03434
1.0446
1.02267
1.00023
1.0636
1.03675
1.00014
1.0276
1.11799
1.02088
1.00524
1.04966
1.11158
1.00999
1.00016
1.16993
1.01398
1.11188
1.00047
1.00595
1.0731
1.02334
1.00023
1.02405
1.06508
1.02981
1.033
1.01418
1.07023
1.03296
1.00143
1.06441
1.00981
1.01526
1.04756
1.13464
1.00597
1.00025
1.04489
1.05924
1.06912
1.00004
1.01271
1.02381
1.07431
1.00035
1.03788
1.04845
1.04016
1.11426
1.00014
1.00023
1.06389
1.01772
1.08884
1.00019
1.00014
1.01449
1.05927
1.02063
1.00546
1.00036
1.05173
1.00643
1.04816
1.0334
1.06547
1.06481
1.00449
1.07713
1.00023
1.1039
1.04594
1.00019
1.00019
1.00188
1.00852
1.06446
1.02261
1.00215
1.00469
1.00018
1.0199
1.03337
1.03985
1.01277
1.01932
1.06385
1.02861
1.04318
1.07353
1.00021
1.0187
1.00065
1.06297
1.14947
1.04169
1.02453
1.03256
1.05475
1.05051
1.07933
1.05552
1.00324
1.07727
1.02252
1.04976
1.05144
1.01403
1.07321
1.01947
1.01393
1.04291
1.00017
1.02101
1.06087
1.03077
1.06105
1.00034
1.00028
1.05127
1.00131
1.00019
1.02179
1.07799
1.00061
1.0465
1.00929
1.05434
1.02458
1.00956
1.0721
1.01084
1.05037
1.03684
1.00021
1.00477
1.01025
1.09926
1.01927
1.04968
1.0654
1.10355
1.03773
1.00577
1.01818
1.01416
1.03433
1.00019
1.07273
1.0468
1.04698
1.08257
1.0648
1.01081
1.12101
1.0737
1.05095
1.00247
1.00023
1.0002
1.08091
1.17139
1.03901
1.09264
1.04896
1.02083
1.01829
1.0884
1.08612
1.00018
1.00001
1.0661
1.07883
1.08961
1.00019
1.00024
1.00336
1.03889
1.01028
1.02221
1.046
1.12161
1.0501
1.08476
1.00033
1.01961
1.05875
1.03039
1.00019
1.01876
1.00381
1.09437
1.01207
1.08364
1.00018
1.00017
1.0623
1.0598
1.04766
1.06927
1.05879
1.02259
1.03856
1.03664
1.0002
1.1276
1.01807
1.068
1.01272
1.05028
1.02572
1.02449
1.00029
1.03457
1.00011
1.00242
1.09389
1.03193
1.02911
1.00306
1.0632
1.03732
1.04812
1.06126
1.0117
1.04321
1.15985
1.00014
1.03199
1.03096
1.03505
1.03594
1.05484
1.0301
1.00198
1.0562
1.03312
1.02898
1.06144
1.00013
1.00015
1.08785
1.01203
1.06284
1.07386
1.03317
1.0264
1.02881
1.03731
1.04557
1.03682
1.01667
1.05873
1.00971
1.00012
1.03334
1.04193
1.02315
1.00013
1.00019
1.07209
1.04839
1.00018
1.03679
1.01778
1.00021
1.00022
1.00232
1.07081
1.16305
1.02972
1.00063
1.05772
1.00144
1.00406
1.03802
1.01387
1.00682
1.0144
1.03026
1.12462
1.07129
1.03591
1.00021
1.01997
1.0265
1.00022
1.04061
1.02736
1.13515
1.00475
1.11756
1.00022
1.03435
1.03664
1.08144
1.0708
1.02139
1.04124
1.07966
1.0413
1.11026
1.04004
1.04209
1.02252
1.19102
1.00019
1.16666
1.00015
1.04909
1.07871
1.0002
1.07626
1.0002
1.06592
1.00344
1.14384
1.00023
1.01097
1.0765
1.0171
1.00022
1.04932
1.11661
1.00022
1.0454
1.10248
1.06792
1.05956
1.09257
1.03049
1.00023
1.00023
1.02033
1.00022
1.00022
1.02236
1.02807
1.11507
1.07005
1.02288
1.00016
1.05807
1.05716
1.07078
1.00029
1.05245
1.06861
1.03177
1.01848
1.04559
1.11031
1.03441
1.09018
1.05895
1.00017
1.07682
1.05391
1.10873
1.03058
1.00033
1.00021
1.00021
1.0658
1.00025
1.12778
1.08174
1.10777
1.04579
1.02672
1.08045
1.03739
1.14267
1.00031
1.02011
1.00018
1.00506
1.02159
1.00025
1.07196
1.05684
1.00025
1.02745
1.07196
1.03311
1.05002
1.28428
1.07449
1.00007
1.00012
1.02091
1.04986
1.02648
1.07022
1.00016
1.02377
1.07394
1.04652
1.01174
1.083
1.07056
1.00911
1.04219
1.0185
1.01283
1.05161
1.07649
1.10328
1.00018
1.04764
1.02188
1.01602
1.1106
1.1498
1.01234
1.03906
1.0003
1.03322
1.02852
1.03573
1.00016
1.03698
1.00019
1.08608
1.03315
1.01822
1.10674
1.08982
1.00018
1.03752
1.06297
1.0002
1.00023
1.00019
1.01742
1.02677
1.01273
1.01916
1.02294
1.06339
1.06406
1.27705
1.07862
1.03236
1.00023
1.0002
1.00193
1.00022
1.00023
1.14689
1.00024
1.03732
1.0257
1.04497
1.01822
1.00125
1.04741
1.05848
1.07849
1.05542
1.03488
1.07713
1.00034
1.00433
1.02249
1.18068
1.09884
1.02558
1.06163
1.02442
1.29144
1.0874
1.0543
1.00916
1.02288
1.02585
1.07719
1.07522
1.05397
1.03022
1.05778
1.00017
1.09611
1.04741
1.07902
1.00029
1.02917
1.04562
1.00854
1.06925
1.10291
1.04461
1.04701
1.03132
1.02636
1.13541
1.07011
1.03629
1.02191
1.13875
1.00143
1.06146
1.00447
1.13577
1.00014
1.07418
1.03669
1.00109
1.10693
1.00979
1.00021
1.02231
1.02944
1.05454
1.0336
1.02419
1.05959
1.05285
1.00019
1.05141
1.08538
1.02506
1.09086
1.00016
1.1332
1.14564
1.09511
1.0141
1.03313
1.08829
1.0292
1.00035
1.04502
1.03088
1.05812
1.04848
1.00028
1.04451
1.0553
1.03436
1.04729
1.10574
1.04281
1.01455
1.00024
1.02786
1.0553
1.03035
1.00017
1.0231
1.00025
1.0002
1.04724
1.0378
1.05744
1.0218
1.00022
1.12385
1.00639
1.003
1.043
1.02511
1.04561
1.06056
1.0221
1.00018
1.00286
1.05151
1.10367
1.04801
1.00577
1.01634
1.02085
1.12626
1.06912
1.20644
1.03365
1.02326
1.01502
1.05087
1.05605
1.00598
1.00019
1.00391
1.01831
1.00018
1.08773
1.06982
1.04757
1.00019
1.1084
1.12608
1.09248
1.0023
1.10321
1.00479
1.19608
1.01169
1.05256
1.00772
1.05121
1.07627
1.06615
1.11275
1.00023
1.02273
1.10424
1.00195
1.07594
1.07215
1.02815
1.06908
1.00271
1.00026
1.03925
1.09192
1.03607
1.00017
1.05582
1.0042
1.00016
1.00436
1.00016
1.00032
1.00017
1.07336
1.00294
1.03827
1.07067
1.10326
1.00334
1.08744
1.01952
1.0002
1.12469
1.02084
1.0802
1.00026
1.01846
1.10638
1.00018
1.00028
2.15926
1.60791
1.59798
1.91744
1.71662
1.6617
1.89345
1.46417
1.59623
1.52939
1.91503
1.66975
1.5891
1.61379
1.42122
1.56401
1.86631
1.7101
1.65148
1.63583
1.56952
1.938
1.67464
1.77137
1.68932
1.58011
1.59556
1.61085
1.65728
1.56253
1.8184
1.87122
1.77475
1.90587
1.47443
1.75962
1.81242
1.72668
1.62113
1.49316
1.7184
1.72196
1.61258
1.63516
1.45217
1.52949
1.61538
1.74107
1.72592
1.63864
1.62809
1.86559
1.70807
1.51997
1.57719
1.81478
1.39648
1.69964
1.78047
1.55543
1.50084
1.71836
1.9449
1.70939
1.50848
1.81849
1.58831
1.98747
1.40123
1.47688
1.73264
1.69671
1.5573
1.67805
1.45011
1.65315
1.56981
1.57204
1.66236
1.82787
1.83195
1.64896
1.66383
1.59175
1.45233
1.96516
1.64542
1.8494
1.57331
1.48633
1.57368
1.67833
1.64016
1.68758
1.55531
1.79056
1.60773
1.47863
1.7317
1.37669
1.5449
1.6806
1.86642
1.81617
1.56694
1.47311
1.68838
1.96891
1.5016
1.60833
1.66227
1.55412
1.78779
1.56107
1.57214
1.65383
1.47909
1.60478
1.692
1.92472
1.66136
1.59489
1.74449
1.82666
1.6232
1.66415
1.80396
1.85789
1.59016
1.69927
1.70472
1.68454
1.71406
1.62583
1.63277
1.68643
1.56064
1.47308
1.9449
1.56686
1.76461
1.74741
1.78908
1.61459
1.50922
1.70195
1.73097
1.75202
1.7074
1.58644
1.4823
1.66957
1.41599
1.6623
1.73511
1.56091
1.58552
1.46122
1.6674
1.79683
1.61412
1.59398
1.84191
1.42259
1.49403
1.74641
1.67339
1.42715
1.70807
1.77505
1.67325
1.5781
1.45552
1.84242
1.70279
1.39632
1.60805
1.63734
1.72167
1.72232
1.60074
1.84652
1.72963
1.66563
1.57988
1.58417
1.55629
1.74747
1.69064
1.49401
1.65726
1.61267
1.65101
1.64554
1.4198
1.61732
1.61642
1.71868
1.70983
1.82671
1.64356
1.57089
1.98856
1.55296
1.6397
1.51655
1.6006
1.48506
1.50624
1.81599
1.57233
1.60375
1.56905
1.63124
1.55106
1.60906
1.70101
1.59343
1.63408
1.82921
1.62944
1.57453
1.65381
1.62339
1.85972
1.70945
1.65618
1.64747
1.64332
1.77986
1.90322
1.82142
1.7479
1.94744
1.73627
1.76976
1.50173
1.63351
1.55226
1.52728
1.69163
1.61444
1.72569
1.68708
1.86407
1.67429
1.61961
1.59744
1.72239
1.42349
1.46674
1.62665
1.54695
1.67538
1.70835
1.98328
1.40554
1.74568
1.50718
1.75982
1.52753
1.67793
1.70606
1.51559
1.58372
1.58839
1.77676
1.67735
1.71817
1.65817
1.63261
1.84631
1.68296
1.44329
1.94865
1.78951
1.93138
1.57241
1.74396
1.82849
1.79324
1.3686
1.56439
1.58428
1.71567
1.48908
1.50451
1.56934
1.46629
1.59759
1.50952
1.4919
1.66983
1.77642
1.64292
1.64245
1.75203
1.64029
1.83469
1.68432
1.66069
1.75311
1.62785
1.46037
1.63819
1.75526
1.62581
1.61257
1.72744
1.77389
1.67412
1.68779
1.77871
1.60642
1.73622
1.64331
1.63618
1.55745
1.42195
1.60287
1.47957
1.66689
1.80108
1.53451
1.36423
1.56184
1.63701
1.62617
1.5565
1.76675
1.41134
1.63
1.63354
1.69145
1.63419
1.61265
1.82155
1.51303
1.50875
1.62819
1.60784
1.76853
1.5023
1.68348
1.72291
1.59878
1.59603
1.5621
1.67238
1.57597
1.59421
1.54941
1.52876
1.76925
1.60841
1.46757
1.63531
1.7788
1.69596
1.55411
1.7123
1.67666
1.70902
1.44792
1.78306
1.83925
1.63435
1.61326
1.62041
2.08767
1.80291
1.59176
1.5341
1.54012
1.75762
1.44894
1.68758
1.61888
1.43701
1.90552
1.5391
1.59598
1.66281
1.87474
1.49802
1.68508
1.47239
1.84056
1.82357
1.51096
1.50619
1.59537
1.8346
1.67798
1.62103
1.61345
1.64391
1.83294
1.3807
1.78063
1.45708
1.86404
2.01343
1.84776
2.12249
1.49419
1.64899
1.44102
1.85504
1.42988
1.54106
1.63209
1.63382
1.43729
1.66841
1.62908
1.57713
1.77837
1.65847
1.49813
1.80307
1.43016
1.55957
1.86618
1.55997
1.75353
1.56844
1.51399
1.65767
1.57579
1.46766
1.64314
1.55926
1.92295
1.72815
1.63419
1.56183
1.79221
1.68715
1.445
1.40396
1.65389
1.53821
1.59379
1.61123
1.47798
1.63049
1.91172
1.56441
1.77553
1.42874
1.79385
1.55401
1.77487
1.6767
1.60626
1.71843
1.51585
1.75888
1.85233
1.59137
1.67659
1.55564
1.81808
2.16759
1.46247
1.6661
1.60311
1.59501
1.36084
1.51963
1.85162
1.96254
1.67941
1.52663
1.81465
1.41542
1.75286
1.68238
1.59201
1.51549
1.62102
1.61543
1.67537
1.45515
1.60165
1.69886
1.38589
1.4395
1.64244
1.83931
1.55805
1.60341
1.62511
1.51597
1.656
1.61712
1.47135
1.62316
1.61771
1.72942
1.66562
1.88878
1.57522
1.67531
1.61599
1.52175
1.54606
1.74899
1.62636
1.52421
1.55581
1.65625
1.52446
1.50029
1.51524
1.57465
1.59274
1.55134
1.66627
1.50828
1.58447
1.38652
1.65899
1.62399
1.8139
1.84633
1.52624
1.79876
1.56489
1.65489
1.6549
1.40221
1.75947
1.80566
1.52901
1.40174
1.53122
1.65831
1.59804
1.77954
1.57043
1.66698
1.53234
1.54269
1.63538
1.54016
1.79614
1.50938
1.86027
1.70873
1.72667
1.68426
1.56595
2.14319
2.00574
1.599
1.83806
1.60898
1.55737
1.79523
1.58342
1.55891
1.76022
1.46644
1.72881
1.68967
1.69015
1.65994
1.7037
1.65989
1.65618
1.35339
1.65493
1.73361
1.48034
1.42772
1.76688
1.63668
1.79698
1.53606
1.74715
1.51871
1.50043
1.66178
1.63155
1.59938
1.67583
1.54983
1.53203
1.72698
1.76024
1.60824
1.44375
1.47997
1.79447
1.69378
1.38956
1.59356
1.61726
1.48159
1.58058
1.62811
1.77695
1.64567
1.56703
1.50612
1.66587
1.45876
1.53282
1.67639
1.8907
1.48254
1.6069
1.57893
1.65019
1.42897
1.61784
1.61545
1.70486
1.55421
1.68297
1.62901
1.69486
1.65854
1.8213
1.45087
1.58263
1.67134
1.74552
1.53367
1.45939
1.73502
1.49401
1.45327
1.54643
1.42727
1.8126
1.60033
1.74677
1.72332
1.77052
1.74765
1.85572
1.7346
1.78864
1.61438
1.83496
1.69763
1.5561
1.67488
1.73162
1.70136
1.85238
1.74701
1.76905
1.5279
1.75877
1.43438
1.69599
1.59337
1.58638
1.64266
1.62454
1.66447
1.50614
1.46451
1.67774
1.75255
1.62857
1.58954
1.52203
1.49613
1.38161
1.45491
1.73812
1.74181
1.76833
1.57869
1.6651
1.72951
1.52958
1.65264
1.77444
1.70081
1.68822
1.86518
1.63436
1.50218
1.84573
1.58418
1.50371
1.67802
1.81038
1.69882
1.83936
1.48482
1.54109
1.76507
1.46154
1.78396
1.71335
2.04201
1.8948
1.45837
1.77673
1.64715
1.67835
1.53477
1.63644
1.52031
1.87335
1.62943
1.39706
1.5915
1.49789
1.66125
1.44026
1.77477
1.58441
1.65249
1.67273
1.60223
1.78392
1.61016
1.76537
1.68427
1.64047
1.57139
1.54616
1.72209
1.55383
1.70478
1.56905
1.50405
1.52317
1.74585
1.66563
1.71063
1.79542
1.46464
1.5707
1.66803
1.73017
1.72403
1.74478
1.57742
1.49633
1.41486
1.99016
1.6373
1.48128
1.59955
1.55301
1.70562
1.55237
1.8448
1.56496
1.8513
1.42204
1.72314
1.57189
1.5982
1.83394
1.55523
1.56945
1.61664
1.44303
1.72189
1.50371
1.92814
1.84683
1.62793
1.68986
1.69111
1.56166
1.59308
1.59989
1.48384
1.57334
1.56205
1.74477
1.76102
1.53383
1.63358
1.66769
1.60593
1.62677
1.66999
1.64464
1.79264
1.49931
1.59628
1.92636
1.59127
1.64946
1.4622
1.55673
1.70505
1.62805
1.50772
1.57374
1.66065
1.46143
1.6649
1.54396
1.66073
1.61183
1.7529
1.55944
1.5977
1.65886
1.52572
1.57223
1.52938
1.54588
2.21235
1.68475
1.50465
1.92663
1.64813
1.5098
1.55212
1.68924
1.65524
1.64973
1.7861
1.78211
1.75965
1.76871
1.72753
1.95226
1.5349
1.91124
1.80215
1.51072
1.72557
1.573
1.6636
1.50292
1.56657
1.53245
1.59719
1.49297
1.79597
1.74249
1.9515
1.43295
1.80403
1.54951
1.48637
1.6869
1.8424
1.57674
1.79462
1.74961
1.38576
1.70235
1.67881
1.79663
1.71245
1.77536
1.47559
1.5585
1.82125
1.49826
1.50691
1.61741
1.59885
1.63629
1.59312
1.62022
2.05343
1.52938
1.6993
1.47172
1.51997
1.41544
1.64392
1.62136
1.90871
1.5615
1.56491
1.60725
1.77239
1.43335
1.55284
1.76207
1.76056
1.77021
1.68549
1.72019
1.80005
1.61873
1.73516
1.66274
1.57164
1.641
1.70779
1.596
1.78359
1.40864
1.77288
1.47237
1.60959
1.64865
1.6789
1.63708
1.77587
1.59225
1.63883
1.87358
1.62858
1.59985
1.58978
1.70744
1.71483
1.62947
1.98056
1.50051
1.7188
1.57017
1.33543
1.52085
1.67817
1.61978
1.60937
1.94214
1.53681
2.06461
1.59912
1.81879
1.55292
1.62447
1.62621
1.79019
1.88552
1.59814
1.64259
1.55138
1.60649
1.77513
1.69234
1.41351
1.58677
1.67018
1.66756
1.66088
1.75112
1.71694
1.55471
1.75196
1.68905
1.41587
1.65018
1.51755
1.57526
1.64657
1.68024
1.66961
1.85862
1.68179
1.72717
1.83398
1.87863
1.70284
2.09955
1.57198
1.50844
1.58276
1.83087
1.64283
1.82296
1.57562
1.74676
1.59074
1.65117
1.49871
1.54156
1.71846
1.59276
1.45845
1.59179
1.57765
1.78041
1.74948
1.85764
1.55884
1.72343
1.82308
1.4166
1.73885
1.64458
1.51307
1.58068
1.75221
1.55283
1.76389
1.5101
1.73607
1.13071
1.14599
1.16049
1.09816
1.15205
1.15774
1.16471
1.12153
1.1051
1.12028
1.19902
1.16387
1.14039
1.15076
1.12089
1.10109
1.07831
1.13946
1.19371
1.19694
1.14098
1.20028
1.08838
1.15205
1.14376
1.07286
1.09918
1.15651
1.18177
1.06209
1.16149
1.19574
1.20633
1.18358
1.10397
1.13865
1.13881
1.2538
1.22619
1.09846
1.12643
1.17507
1.11892
1.12166
1.12223
1.12248
1.15953
1.14242
1.1391
1.14118
1.16297
1.18412
1.17506
1.09546
1.07103
1.12569
1.08072
1.20209
1.20805
1.14986
1.09292
1.22037
1.1322
1.20039
1.14756
1.10776
1.19033
1.12319
1.07517
1.10419
1.14508
1.10577
1.08369
1.1848
1.13507
1.14128
1.1872
1.13921
1.16181
1.13301
1.18237
1.15697
1.09397
1.1378
1.09759
1.16756
1.10983
1.14817
1.11535
1.10711
1.06236
1.20139
1.13294
1.09032
1.1893
1.1426
1.13803
1.11799
1.15531
1.11248
1.1312
1.16249
1.05075
1.20396
1.19189
1.17869
1.2054
1.16986
1.14288
1.16075
1.20878
1.09733
1.15869
1.18882
1.10846
1.14678
1.09312
1.13658
1.18463
1.16305
1.13188
1.13295
1.18159
1.15763
1.06362
1.13328
1.1685
1.22278
1.13602
1.12339
1.09879
1.19921
1.11983
1.18281
1.63277
1.07649
1.14201
1.17087
1.17982
1.14833
1.20249
1.19604
1.1692
1.17092
1.12182
1.14683
1.12026
1.14932
1.16161
1.14978
1.08679
1.15917
1.0968
1.16354
1.12022
1.12031
1.15058
1.09288
1.18845
1.19242
1.13959
1.11631
1.21307
1.14367
1.08122
1.14645
1.18726
1.09515
1.09372
1.11921
1.14279
1.10992
1.1614
1.21167
1.20656
1.06338
1.1077
1.15323
1.16145
1.09967
1.10224
1.1631
1.11685
1.12391
1.12251
1.12462
1.13462
1.16721
1.17029
1.17052
1.12961
1.11328
1.144
1.17713
1.09096
1.09136
1.12669
1.1296
1.14184
1.17517
1.17405
1.12304
1.98856
1.11422
1.16045
1.10729
1.13692
1.11237
1.14056
1.21021
1.18918
1.15646
1.19534
1.18657
1.1146
1.10442
1.16482
1.1229
1.13406
1.15584
1.16359
1.16082
1.11881
1.10453
1.12875
1.19423
1.12099
1.08216
1.12516
1.11748
1.19936
1.26836
1.12104
1.15441
1.16153
1.2314
1.16191
1.12485
1.10954
1.09955
1.12791
1.12648
1.20598
1.10058
1.2118
1.10797
1.14006
1.11382
1.08996
1.06471
1.08185
1.11885
1.08872
1.10346
1.13638
1.16561
1.07873
1.13439
1.15161
1.21242
1.1354
1.15984
1.07328
1.12991
1.13236
1.20255
1.14897
1.20396
1.18483
1.149
1.1541
1.20846
1.14315
1.10984
1.14834
1.14863
1.13312
1.09678
1.20344
1.19758
1.13225
1.11668
1.11302
1.12953
1.17295
1.11034
1.12243
1.07262
1.0914
1.14057
1.16381
1.11286
1.18047
1.14274
1.15522
1.11598
1.10383
1.11318
1.0876
1.13819
1.12751
1.20499
1.14031
1.09863
1.13037
1.12075
1.62581
1.17444
1.21093
1.1538
1.14315
1.12317
1.17511
1.17676
1.21485
1.18321
1.08969
1.13275
1.07823
1.12001
1.1475
1.17588
1.80108
1.10984
1.08535
1.1108
1.11778
1.18181
1.09989
1.1427
1.09856
1.14618
1.1952
1.1567
1.1467
1.13388
1.15664
1.17353
1.12287
1.14209
1.13582
1.13363
1.0511
1.16181
1.17557
1.17211
1.11716
1.11501
1.16459
1.11153
1.10442
1.11841
1.1483
1.15914
1.13889
1.13256
1.10284
1.18404
1.08735
1.13636
1.17432
1.18984
1.13
1.13995
1.20516
1.12773
1.17485
1.14736
1.11887
1.20446
1.063
1.13873
1.11337
1.09738
1.19871
1.1511
1.19321
1.13898
1.0459
1.2604
1.14489
1.17671
1.07926
1.19683
1.12805
1.18283
1.13661
1.18388
1.16264
1.08233
1.12338
1.11397
1.12958
1.14191
1.14052
1.15606
1.19497
1.15039
1.09971
1.17655
1.16373
1.18967
1.12605
1.16906
1.14753
1.13596
1.19912
1.08457
1.14173
1.09989
1.19679
1.10536
1.17531
1.10367
1.14087
1.18164
1.09553
1.19117
1.17932
1.13191
1.19674
1.09265
1.55957
1.13757
1.10173
1.75353
1.20349
1.11658
1.181
1.15884
1.12284
1.11239
1.16041
1.18408
1.12897
1.11711
1.09163
1.18717
1.12443
1.15983
1.13596
1.11626
1.05524
1.19455
1.16702
1.12763
1.12292
1.25648
1.12823
1.13537
1.14159
1.19108
1.09299
1.77487
1.17919
1.11591
1.08968
1.12147
1.05718
1.85233
1.10746
1.12764
1.55564
1.1261
1.15613
1.13676
1.14368
1.10546
1.20469
1.13671
1.11679
1.11724
1.19559
1.12623
1.16319
1.22786
1.11478
1.11912
1.15795
1.15062
1.11776
1.1555
1.12072
1.13244
1.10383
1.15019
1.11959
1.08529
1.12809
1.18606
1.1527
1.13202
1.19008
1.13677
1.11316
1.16756
1.09851
1.08901
1.14597
1.18009
1.13258
1.15992
1.15797
1.10968
1.15107
1.15092
1.1456
1.10478
1.14123
1.14891
1.11005
1.12797
1.19085
1.12733
1.09047
1.10661
1.15987
1.18553
1.15103
1.0784
1.08625
1.0862
1.07963
1.14291
1.08577
1.18559
1.08072
1.11535
1.12956
1.13401
1.21072
1.16151
1.11182
1.20993
1.12091
1.10095
1.04369
1.09484
1.09663
1.10335
1.11931
1.10457
1.15347
1.17007
1.1424
1.09991
1.16758
1.14915
1.12399
1.13825
1.18161
1.12174
1.16866
1.09226
1.1054
1.12024
1.12979
1.20667
1.13373
1.1251
1.13756
1.10114
1.13086
1.09242
1.12577
1.72881
1.08702
1.11291
1.18265
1.21445
1.15121
1.10697
1.08856
1.06559
1.18173
1.14491
1.1196
1.16492
1.11228
1.13556
1.09257
1.14822
1.12091
1.10521
1.15214
1.13242
1.11005
1.15704
1.09545
1.08822
1.13163
1.15426
1.14527
1.10118
1.12083
1.12942
1.09563
1.09637
1.18252
1.17461
1.08297
1.12874
1.15583
1.15866
1.14233
1.11861
1.15929
1.1046
1.0516
1.1078
1.06038
1.19111
1.14868
1.18476
1.1451
1.19689
1.12814
1.13297
1.13201
1.17174
1.15632
1.18328
1.14592
1.13924
1.16271
1.20609
1.13612
1.13146
1.13982
1.22049
1.13263
1.14533
1.11897
1.14376
1.11829
1.14936
1.1376
1.16848
1.10333
1.16622
1.17583
1.12868
1.16515
1.20501
1.13028
1.17697
1.09777
1.19238
1.16876
1.17323
1.14015
1.17963
1.19213
1.13414
1.17218
1.13892
1.14005
1.16776
1.09259
1.23465
1.10858
1.07758
1.11519
1.06246
1.15841
1.16381
1.14768
1.14016
1.20596
1.18709
1.16272
1.12193
1.05168
1.14234
1.11437
1.15791
1.12434
1.1283
1.13185
1.09291
1.15498
1.14917
1.14589
1.22674
1.2219
1.09647
1.12545
1.15888
1.11431
1.19755
1.14307
1.10442
1.12784
1.20083
1.09917
1.07076
1.10101
1.16936
1.1807
1.10908
1.19974
1.14766
1.18696
1.24277
1.06961
1.10404
1.10545
1.0881
1.14014
1.16917
1.13021
1.19783
1.19435
1.12116
1.11106
1.08821
1.14661
1.10052
1.26338
1.10155
1.12429
1.08949
1.18999
1.13383
1.1233
1.11848
1.09158
1.10888
1.10467
1.13767
1.15464
1.16757
1.09064
1.14933
1.07398
1.10242
1.19534
1.20228
1.12684
1.21834
1.05926
1.11201
1.15718
1.1784
1.18788
1.14029
1.16341
1.13984
1.11297
1.18041
1.14226
1.17643
1.17592
1.1106
1.17713
1.11402
1.27211
1.08335
1.18213
1.11454
1.1483
1.12006
1.12517
1.1223
1.17426
1.11835
1.18972
1.1062
1.23245
1.07064
1.20894
1.11048
1.17562
1.09463
1.1276
1.13286
1.12163
1.14943
1.11476
1.11106
1.12439
1.25938
1.15386
1.07345
1.13691
1.1367
1.14726
1.11903
1.15848
1.13011
1.14634
1.1239
1.59628
1.21453
1.09325
1.14385
1.13797
1.14575
1.15048
1.18031
1.09779
1.14135
1.08862
1.13443
1.18048
1.10673
1.12114
1.10578
1.12622
1.13891
1.13634
1.17884
1.14437
1.15418
1.10577
1.11764
1.18675
1.14337
1.11456
1.20579
1.14122
1.14192
1.16034
1.11622
1.13281
1.102
1.12881
1.13353
1.09694
1.19418
1.13145
1.1172
1.16701
1.20978
1.14765
1.08728
1.14988
1.09316
1.15314
1.11421
1.09584
1.1407
1.14948
1.08781
1.18024
1.12338
1.18304
1.14149
1.07769
1.16379
1.11093
1.23373
1.2039
1.16221
1.1995
1.20117
1.087
1.10417
1.14786
1.18717
1.20444
1.16375
1.16815
1.15078
1.14717
1.10547
1.11986
1.13102
1.15118
1.0974
1.08865
1.16681
1.22371
1.06822
1.19962
1.11145
1.09503
1.12576
1.14048
1.12295
1.19651
1.11909
1.17033
1.11769
1.13744
1.08537
1.12248
1.10568
1.15475
1.19632
1.12044
1.21148
1.11875
1.1542
1.18257
1.21085
1.13654
1.15458
1.17022
1.15949
1.13697
1.09349
1.14751
1.07214
1.11755
1.09633
1.19473
1.18804
1.20326
1.09676
1.16142
1.27325
1.14066
1.08723
1.17035
1.11063
1.19362
1.12973
1.17954
1.06009
1.19624
1.12004
1.07644
1.17291
1.14565
1.13017
1.1326
1.16592
1.17051
1.17931
1.13634
1.12057
1.17611
1.09702
1.0786
1.11594
1.19801
1.16859
1.12983
1.09636
1.16111
1.12846
1.15352
1.09189
1.1872
1.12528
1.17731
1.19215
1.17408
1.15406
1.16289
1.10975
1.11521
1.16424
1.15054
1.09916
1.05026
1.15455
1.07227
1.21915
1.13718
1.19857
1.19889
1.15089
1.18564
1.12825
1.12729
1.08355
1.13179
1.07492
1.14032
1.16554
1.17184
1.10029
1.13498
1.14527
1.06536
1.10456
1.08137
1.13926
1.14748
1.11312
1.13023
1.09298
1.11526
1.15666
1.17896
1.19578
1.14946
1.22142
1.06825
1.1597
1.13053
1.11271
1.17751
1.24818
1.14666
1.14068
1.14773
1.16142
2.15926
1.60791
1.59798
1.91744
1.71662
1.6617
1.89345
1.46417
1.59623
1.52939
1.91503
1.66975
1.5891
1.61379
1.42122
1.56401
1.86631
1.7101
1.65148
1.63583
1.56952
1.938
1.67464
1.77137
1.68932
1.58011
1.59556
1.61085
1.65728
1.56253
1.8184
1.87122
1.77475
1.90587
1.47443
1.75962
1.81242
1.72668
1.62113
1.49316
1.7184
1.72196
1.61258
1.63516
1.45217
1.52949
1.61538
1.74107
1.72592
1.63864
1.62809
1.86559
1.70807
1.51997
1.57719
1.81478
1.39648
1.69964
1.78047
1.55543
1.50084
1.71836
1.9449
1.70939
1.50848
1.81849
1.58831
1.98747
1.40123
1.47688
1.73264
1.69671
1.5573
1.67805
1.45011
1.65315
1.56981
1.57204
1.66236
1.82787
1.83195
1.64896
1.66383
1.59175
1.45233
1.96516
1.64542
1.8494
1.57331
1.48633
1.57368
1.67833
1.64016
1.68758
1.55531
1.79056
1.60773
1.47863
1.7317
1.37669
1.5449
1.6806
1.86642
1.81617
1.56694
1.47311
1.68838
1.96891
1.5016
1.60833
1.66227
1.55412
1.78779
1.56107
1.57214
1.65383
1.47909
1.60478
1.692
1.92472
1.66136
1.59489
1.74449
1.82666
1.6232
1.66415
1.80396
1.85789
1.59016
1.69927
1.70472
1.68454
1.71406
1.62583
1.63277
1.68643
1.56064
1.47308
1.9449
1.56686
1.76461
1.74741
1.78908
1.61459
1.50922
1.70195
1.73097
1.75202
1.7074
1.58644
1.4823
1.66957
1.41599
1.6623
1.73511
1.56091
1.58552
1.46122
1.6674
1.79683
1.61412
1.59398
1.84191
1.42259
1.49403
1.74641
1.67339
1.42715
1.70807
1.77505
1.67325
1.5781
1.45552
1.84242
1.70279
1.39632
1.60805
1.63734
1.72167
1.72232
1.60074
1.84652
1.72963
1.66563
1.57988
1.58417
1.55629
1.74747
1.69064
1.49401
1.65726
1.61267
1.65101
1.64554
1.4198
1.61732
1.61642
1.71868
1.70983
1.82671
1.64356
1.57089
1.98856
1.55296
1.6397
1.51655
1.6006
1.48506
1.50624
1.81599
1.57233
1.60375
1.56905
1.63124
1.55106
1.60906
1.70101
1.59343
1.63408
1.82921
1.62944
1.57453
1.65381
1.62339
1.85972
1.70945
1.65618
1.64747
1.64332
1.77986
1.90322
1.82142
1.7479
1.94744
1.73627
1.76976
1.50173
1.63351
1.55226
1.52728
1.69163
1.61444
1.72569
1.68708
1.86407
1.67429
1.61961
1.59744
1.72239
1.42349
1.46674
1.62665
1.54695
1.67538
1.70835
1.98328
1.40554
1.74568
1.50718
1.75982
1.52753
1.67793
1.70606
1.51559
1.58372
1.58839
1.77676
1.67735
1.71817
1.65817
1.63261
1.84631
1.68296
1.44329
1.94865
1.78951
1.93138
1.57241
1.74396
1.82849
1.79324
1.3686
1.56439
1.58428
1.71567
1.48908
1.50451
1.56934
1.46629
1.59759
1.50952
1.4919
1.66983
1.77642
1.64292
1.64245
1.75203
1.64029
1.83469
1.68432
1.66069
1.75311
1.62785
1.46037
1.63819
1.75526
1.62581
1.61257
1.72744
1.77389
1.67412
1.68779
1.77871
1.60642
1.73622
1.64331
1.63618
1.55745
1.42195
1.60287
1.47957
1.66689
1.80108
1.53451
1.36423
1.56184
1.63701
1.62617
1.5565
1.76675
1.41134
1.63
1.63354
1.69145
1.63419
1.61265
1.82155
1.51303
1.50875
1.62819
1.60784
1.76853
1.5023
1.68348
1.72291
1.59878
1.59603
1.5621
1.67238
1.57597
1.59421
1.54941
1.52876
1.76925
1.60841
1.46757
1.63531
1.7788
1.69596
1.55411
1.7123
1.67666
1.70902
1.44792
1.78306
1.83925
1.63435
1.61326
1.62041
2.08767
1.80291
1.59176
1.5341
1.54012
1.75762
1.44894
1.68758
1.61888
1.43701
1.90552
1.5391
1.59598
1.66281
1.87474
1.49802
1.68508
1.47239
1.84056
1.82357
1.51096
1.50619
1.59537
1.8346
1.67798
1.62103
1.61345
1.64391
1.83294
1.3807
1.78063
1.45708
1.86404
2.01343
1.84776
2.12249
1.49419
1.64899
1.44102
1.85504
1.42988
1.54106
1.63209
1.63382
1.43729
1.66841
1.62908
1.57713
1.77837
1.65847
1.49813
1.80307
1.43016
1.55957
1.86618
1.55997
1.75353
1.56844
1.51399
1.65767
1.57579
1.46766
1.64314
1.55926
1.92295
1.72815
1.63419
1.56183
1.79221
1.68715
1.445
1.40396
1.65389
1.53821
1.59379
1.61123
1.47798
1.63049
1.91172
1.56441
1.77553
1.42874
1.79385
1.55401
1.77487
1.6767
1.60626
1.71843
1.51585
1.75888
1.85233
1.59137
1.67659
1.55564
1.81808
2.16759
1.46247
1.6661
1.60311
1.59501
1.36084
1.51963
1.85162
1.96254
1.67941
1.52663
1.81465
1.41542
1.75286
1.68238
1.59201
1.51549
1.62102
1.61543
1.67537
1.45515
1.60165
1.69886
1.38589
1.4395
1.64244
1.83931
1.55805
1.60341
1.62511
1.51597
1.656
1.61712
1.47135
1.62316
1.61771
1.72942
1.66562
1.88878
1.57522
1.67531
1.61599
1.52175
1.54606
1.74899
1.62636
1.52421
1.55581
1.65625
1.52446
1.50029
1.51524
1.57465
1.59274
1.55134
1.66627
1.50828
1.58447
1.38652
1.65899
1.62399
1.8139
1.84633
1.52624
1.79876
1.56489
1.65489
1.6549
1.40221
1.75947
1.80566
1.52901
1.40174
1.53122
1.65831
1.59804
1.77954
1.57043
1.66698
1.53234
1.54269
1.63538
1.54016
1.79614
1.50938
1.86027
1.70873
1.72667
1.68426
1.56595
2.14319
2.00574
1.599
1.83806
1.60898
1.55737
1.79523
1.58342
1.55891
1.76022
1.46644
1.72881
1.68967
1.69015
1.65994
1.7037
1.65989
1.65618
1.35339
1.65493
1.73361
1.48034
1.42772
1.76688
1.63668
1.79698
1.53606
1.74715
1.51871
1.50043
1.66178
1.63155
1.59938
1.67583
1.54983
1.53203
1.72698
1.76024
1.60824
1.44375
1.47997
1.79447
1.69378
1.38956
1.59356
1.61726
1.48159
1.58058
1.62811
1.77695
1.64567
1.56703
1.50612
1.66587
1.45876
1.53282
1.67639
1.8907
1.48254
1.6069
1.57893
1.65019
1.42897
1.61784
1.61545
1.70486
1.55421
1.68297
1.62901
1.69486
1.65854
1.8213
1.45087
1.58263
1.67134
1.74552
1.53367
1.45939
1.73502
1.49401
1.45327
1.54643
1.42727
1.8126
1.60033
1.74677
1.72332
1.77052
1.74765
1.85572
1.7346
1.78864
1.61438
1.83496
1.69763
1.5561
1.67488
1.73162
1.70136
1.85238
1.74701
1.76905
1.5279
1.75877
1.43438
1.69599
1.59337
1.58638
1.64266
1.62454
1.66447
1.50614
1.46451
1.67774
1.75255
1.62857
1.58954
1.52203
1.49613
1.38161
1.45491
1.73812
1.74181
1.76833
1.57869
1.6651
1.72951
1.52958
1.65264
1.77444
1.70081
1.68822
1.86518
1.63436
1.50218
1.84573
1.58418
1.50371
1.67802
1.81038
1.69882
1.83936
1.48482
1.54109
1.76507
1.46154
1.78396
1.71335
2.04201
1.8948
1.45837
1.77673
1.64715
1.67835
1.53477
1.63644
1.52031
1.87335
1.62943
1.39706
1.5915
1.49789
1.66125
1.44026
1.77477
1.58441
1.65249
1.67273
1.60223
1.78392
1.61016
1.76537
1.68427
1.64047
1.57139
1.54616
1.72209
1.55383
1.70478
1.56905
1.50405
1.52317
1.74585
1.66563
1.71063
1.79542
1.46464
1.5707
1.66803
1.73017
1.72403
1.74478
1.57742
1.49633
1.41486
1.99016
1.6373
1.48128
1.59955
1.55301
1.70562
1.55237
1.8448
1.56496
1.8513
1.42204
1.72314
1.57189
1.5982
1.83394
1.55523
1.56945
1.61664
1.44303
1.72189
1.50371
1.92814
1.84683
1.62793
1.68986
1.69111
1.56166
1.59308
1.59989
1.48384
1.57334
1.56205
1.74477
1.76102
1.53383
1.63358
1.66769
1.60593
1.62677
1.66999
1.64464
1.79264
1.49931
1.59628
1.92636
1.59127
1.64946
1.4622
1.55673
1.70505
1.62805
1.50772
1.57374
1.66065
1.46143
1.6649
1.54396
1.66073
1.61183
1.7529
1.55944
1.5977
1.65886
1.52572
1.57223
1.52938
1.54588
2.21235
1.68475
1.50465
1.92663
1.64813
1.5098
1.55212
1.68924
1.65524
1.64973
1.7861
1.78211
1.75965
1.76871
1.72753
1.95226
1.5349
1.91124
1.80215
1.51072
1.72557
1.573
1.6636
1.50292
1.56657
1.53245
1.59719
1.49297
1.79597
1.74249
1.9515
1.43295
1.80403
1.54951
1.48637
1.6869
1.8424
1.57674
1.79462
1.74961
1.38576
1.70235
1.67881
1.79663
1.71245
1.77536
1.47559
1.5585
1.82125
1.49826
1.50691
1.61741
1.59885
1.63629
1.59312
1.62022
2.05343
1.52938
1.6993
1.47172
1.51997
1.41544
1.64392
1.62136
1.90871
1.5615
1.56491
1.60725
1.77239
1.43335
1.55284
1.76207
1.76056
1.77021
1.68549
1.72019
1.80005
1.61873
1.73516
1.66274
1.57164
1.641
1.70779
1.596
1.78359
1.40864
1.77288
1.47237
1.60959
1.64865
1.6789
1.63708
1.77587
1.59225
1.63883
1.87358
1.62858
1.59985
1.58978
1.70744
1.71483
1.62947
1.98056
1.50051
1.7188
1.57017
1.33543
1.52085
1.67817
1.61978
1.60937
1.94214
1.53681
2.06461
1.59912
1.81879
1.55292
1.62447
1.62621
1.79019
1.88552
1.59814
1.64259
1.55138
1.60649
1.77513
1.69234
1.41351
1.58677
1.67018
1.66756
1.66088
1.75112
1.71694
1.55471
1.75196
1.68905
1.41587
1.65018
1.51755
1.57526
1.64657
1.68024
1.66961
1.85862
1.68179
1.72717
1.83398
1.87863
1.70284
2.09955
1.57198
1.50844
1.58276
1.83087
1.64283
1.82296
1.57562
1.74676
1.59074
1.65117
1.49871
1.54156
1.71846
1.59276
1.45845
1.59179
1.57765
1.78041
1.74948
1.85764
1.55884
1.72343
1.82308
1.4166
1.73885
1.64458
1.51307
1.58068
1.75221
1.55283
1.76389
1.5101
1.73607
2.15926
1.60791
1.59798
1.91744
1.71662
1.6617
1.89345
1.46417
1.59623
1.52939
1.91503
1.66975
1.5891
1.61379
1.42122
1.56401
1.86631
1.7101
1.65148
1.63583
1.56952
1.938
1.67464
1.77137
1.68932
1.58011
1.59556
1.61085
1.65728
1.56253
1.8184
1.87122
1.77475
1.90587
1.47443
1.75962
1.81242
1.72668
1.62113
1.49316
1.7184
1.72196
1.61258
1.63516
1.45217
1.52949
1.61538
1.74107
1.72592
1.63864
1.62809
1.86559
1.70807
1.51997
1.57719
1.81478
1.39648
1.69964
1.78047
1.55543
1.50084
1.71836
1.9449
1.70939
1.50848
1.81849
1.58831
1.98747
1.40123
1.47688
1.73264
1.69671
1.5573
1.67805
1.45011
1.65315
1.56981
1.57204
1.66236
1.82787
1.83195
1.64896
1.66383
1.59175
1.45233
1.96516
1.64542
1.8494
1.57331
1.48633
1.57368
1.67833
1.64016
1.68758
1.55531
1.79056
1.60773
1.47863
1.7317
1.37669
1.5449
1.6806
1.86642
1.81617
1.56694
1.47311
1.68838
1.96891
1.5016
1.60833
1.66227
1.55412
1.78779
1.56107
1.57214
1.65383
1.47909
1.60478
1.692
1.92472
1.66136
1.59489
1.74449
1.82666
1.6232
1.66415
1.80396
1.85789
1.59016
1.69927
1.70472
1.68454
1.71406
1.62583
1.63277
1.68643
1.56064
1.47308
1.9449
1.56686
1.76461
1.74741
1.78908
1.61459
1.50922
1.70195
1.73097
1.75202
1.7074
1.58644
1.4823
1.66957
1.41599
1.6623
1.73511
1.56091
1.58552
1.46122
1.6674
1.79683
1.61412
1.59398
1.84191
1.42259
1.49403
1.74641
1.67339
1.42715
1.70807
1.77505
1.67325
1.5781
1.45552
1.84242
1.70279
1.39632
1.60805
1.63734
1.72167
1.72232
1.60074
1.84652
1.72963
1.66563
1.57988
1.58417
1.55629
1.74747
1.69064
1.49401
1.65726
1.61267
1.65101
1.64554
1.4198
1.61732
1.61642
1.71868
1.70983
1.82671
1.64356
1.57089
1.98856
1.55296
1.6397
1.51655
1.6006
1.48506
1.50624
1.81599
1.57233
1.60375
1.56905
1.63124
1.55106
1.60906
1.70101
1.59343
1.63408
1.82921
1.62944
1.57453
1.65381
1.62339
1.85972
1.70945
1.65618
1.64747
1.64332
1.77986
1.90322
1.82142
1.7479
1.94744
1.73627
1.76976
1.50173
1.63351
1.55226
1.52728
1.69163
1.61444
1.72569
1.68708
1.86407
1.67429
1.61961
1.59744
1.72239
1.42349
1.46674
1.62665
1.54695
1.67538
1.70835
1.98328
1.40554
1.74568
1.50718
1.75982
1.52753
1.67793
1.70606
1.51559
1.58372
1.58839
1.77676
1.67735
1.71817
1.65817
1.63261
1.84631
1.68296
1.44329
1.94865
1.78951
1.93138
1.57241
1.74396
1.82849
1.79324
1.3686
1.56439
1.58428
1.71567
1.48908
1.50451
1.56934
1.46629
1.59759
1.50952
1.4919
1.66983
1.77642
1.64292
1.64245
1.75203
1.64029
1.83469
1.68432
1.66069
1.75311
1.62785
1.46037
1.63819
1.75526
1.62581
1.61257
1.72744
1.77389
1.67412
1.68779
1.77871
1.60642
1.73622
1.64331
1.63618
1.55745
1.42195
1.60287
1.47957
1.66689
1.80108
1.53451
1.36423
1.56184
1.63701
1.62617
1.5565
1.76675
1.41134
1.63
1.63354
1.69145
1.63419
1.61265
1.82155
1.51303
1.50875
1.62819
1.60784
1.76853
1.5023
1.68348
1.72291
1.59878
1.59603
1.5621
1.67238
1.57597
1.59421
1.54941
1.52876
1.76925
1.60841
1.46757
1.63531
1.7788
1.69596
1.55411
1.7123
1.67666
1.70902
1.44792
1.78306
1.83925
1.63435
1.61326
1.62041
2.08767
1.80291
1.59176
1.5341
1.54012
1.75762
1.44894
1.68758
1.61888
1.43701
1.90552
1.5391
1.59598
1.66281
1.87474
1.49802
1.68508
1.47239
1.84056
1.82357
1.51096
1.50619
1.59537
1.8346
1.67798
1.62103
1.61345
1.64391
1.83294
1.3807
1.78063
1.45708
1.86404
2.01343
1.84776
2.12249
1.49419
1.64899
1.44102
1.85504
1.42988
1.54106
1.63209
1.63382
1.43729
1.66841
1.62908
1.57713
1.77837
1.65847
1.49813
1.80307
1.43016
1.55957
1.86618
1.55997
1.75353
1.56844
1.51399
1.65767
1.57579
1.46766
1.64314
1.55926
1.92295
1.72815
1.63419
1.56183
1.79221
1.68715
1.445
1.40396
1.65389
1.53821
1.59379
1.61123
1.47798
1.63049
1.91172
1.56441
1.77553
1.42874
1.79385
1.55401
1.77487
1.6767
1.60626
1.71843
1.51585
1.75888
1.85233
1.59137
1.67659
1.55564
1.81808
2.16759
1.46247
1.6661
1.60311
1.59501
1.36084
1.51963
1.85162
1.96254
1.67941
1.52663
1.81465
1.41542
1.75286
1.68238
1.59201
1.51549
1.62102
1.61543
1.67537
1.45515
1.60165
1.69886
1.38589
1.4395
1.64244
1.83931
1.55805
1.60341
1.62511
1.51597
1.656
1.61712
1.47135
1.62316
1.61771
1.72942
1.66562
1.88878
1.57522
1.67531
1.61599
1.52175
1.54606
1.74899
1.62636
1.52421
1.55581
1.65625
1.52446
1.50029
1.51524
1.57465
1.59274
1.55134
1.66627
1.50828
1.58447
1.38652
1.65899
1.62399
1.8139
1.84633
1.52624
1.79876
1.56489
1.65489
1.6549
1.40221
1.75947
1.80566
1.52901
1.40174
1.53122
1.65831
1.59804
1.77954
1.57043
1.66698
1.53234
1.54269
1.63538
1.54016
1.79614
1.50938
1.86027
1.70873
1.72667
1.68426
1.56595
2.14319
2.00574
1.599
1.83806
1.60898
1.55737
1.79523
1.58342
1.55891
1.76022
1.46644
1.72881
1.68967
1.69015
1.65994
1.7037
1.65989
1.65618
1.35339
1.65493
1.73361
1.48034
1.42772
1.76688
1.63668
1.79698
1.53606
1.74715
1.51871
1.50043
1.66178
1.63155
1.59938
1.67583
1.54983
1.53203
1.72698
1.76024
1.60824
1.44375
1.47997
1.79447
1.69378
1.38956
1.59356
1.61726
1.48159
1.58058
1.62811
1.77695
1.64567
1.56703
1.50612
1.66587
1.45876
1.53282
1.67639
1.8907
1.48254
1.6069
1.57893
1.65019
1.42897
1.61784
1.61545
1.70486
1.55421
1.68297
1.62901
1.69486
1.65854
1.8213
1.45087
1.58263
1.67134
1.74552
1.53367
1.45939
1.73502
1.49401
1.45327
1.54643
1.42727
1.8126
1.60033
1.74677
1.72332
1.77052
1.74765
1.85572
1.7346
1.78864
1.61438
1.83496
1.69763
1.5561
1.67488
1.73162
1.70136
1.85238
1.74701
1.76905
1.5279
1.75877
1.43438
1.69599
1.59337
1.58638
1.64266
1.62454
1.66447
1.50614
1.46451
1.67774
1.75255
1.62857
1.58954
1.52203
1.49613
1.38161
1.45491
1.73812
1.74181
1.76833
1.57869
1.6651
1.72951
1.52958
1.65264
1.77444
1.70081
1.68822
1.86518
1.63436
1.50218
1.84573
1.58418
1.50371
1.67802
1.81038
1.69882
1.83936
1.48482
1.54109
1.76507
1.46154
1.78396
1.71335
2.04201
1.8948
1.45837
1.77673
1.64715
1.67835
1.53477
1.63644
1.52031
1.87335
1.62943
1.39706
1.5915
1.49789
1.66125
1.44026
1.77477
1.58441
1.65249
1.67273
1.60223
1.78392
1.61016
1.76537
1.68427
1.64047
1.57139
1.54616
1.72209
1.55383
1.70478
1.56905
1.50405
1.52317
1.74585
1.66563
1.71063
1.79542
1.46464
1.5707
1.66803
1.73017
1.72403
1.74478
1.57742
1.49633
1.41486
1.99016
1.6373
1.48128
1.59955
1.55301
1.70562
1.55237
1.8448
1.56496
1.8513
1.42204
1.72314
1.57189
1.5982
1.83394
1.55523
1.56945
1.61664
1.44303
1.72189
1.50371
1.92814
1.84683
1.62793
1.68986
1.69111
1.56166
1.59308
1.59989
1.48384
1.57334
1.56205
1.74477
1.76102
1.53383
1.63358
1.66769
1.60593
1.62677
1.66999
1.64464
1.79264
1.49931
1.59628
1.92636
1.59127
1.64946
1.4622
1.55673
1.70505
1.62805
1.50772
1.57374
1.66065
1.46143
1.6649
1.54396
1.66073
1.61183
1.7529
1.55944
1.5977
1.65886
1.52572
1.57223
1.52938
1.54588
2.21235
1.68475
1.50465
1.92663
1.64813
1.5098
1.55212
1.68924
1.65524
1.64973
1.7861
1.78211
1.75965
1.76871
1.72753
1.95226
1.5349
1.91124
1.80215
1.51072
1.72557
1.573
1.6636
1.50292
1.56657
1.53245
1.59719
1.49297
1.79597
1.74249
1.9515
1.43295
1.80403
1.54951
1.48637
1.6869
1.8424
1.57674
1.79462
1.74961
1.38576
1.70235
1.67881
1.79663
1.71245
1.77536
1.47559
1.5585
1.82125
1.49826
1.50691
1.61741
1.59885
1.63629
1.59312
1.62022
2.05343
1.52938
1.6993
1.47172
1.51997
1.41544
1.64392
1.62136
1.90871
1.5615
1.56491
1.60725
1.77239
1.43335
1.55284
1.76207
1.76056
1.77021
1.68549
1.72019
1.80005
1.61873
1.73516
1.66274
1.57164
1.641
1.70779
1.596
1.78359
1.40864
1.77288
1.47237
1.60959
1.64865
1.6789
1.63708
1.77587
1.59225
1.63883
1.87358
1.62858
1.59985
1.58978
1.70744
1.71483
1.62947
1.98056
1.50051
1.7188
1.57017
1.33543
1.52085
1.67817
1.61978
1.60937
1.94214
1.53681
2.06461
1.59912
1.81879
1.55292
1.62447
1.62621
1.79019
1.88552
1.59814
1.64259
1.55138
1.60649
1.77513
1.69234
1.41351
1.58677
1.67018
1.66756
1.66088
1.75112
1.71694
1.55471
1.75196
1.68905
1.41587
1.65018
1.51755
1.57526
1.64657
1.68024
1.66961
1.85862
1.68179
1.72717
1.83398
1.87863
1.70284
2.09955
1.57198
1.50844
1.58276
1.83087
1.64283
1.82296
1.57562
1.74676
1.59074
1.65117
1.49871
1.54156
1.71846
1.59276
1.45845
1.59179
1.57765
1.78041
1.74948
1.85764
1.55884
1.72343
1.82308
1.4166
1.73885
1.64458
1.51307
1.58068
1.75221
1.55283
1.76389
1.5101
1.73607
2.15926
1.60791
1.59798
1.91744
1.71662
1.6617
1.89345
1.46417
1.59623
1.52939
1.91503
1.66975
1.5891
1.61379
1.42122
1.56401
1.86631
1.7101
1.65148
1.63583
1.56952
1.938
1.67464
1.77137
1.68932
1.58011
1.59556
1.61085
1.65728
1.56253
1.8184
1.87122
1.77475
1.90587
1.47443
1.75962
1.81242
1.72668
1.62113
1.49316
1.7184
1.72196
1.61258
1.63516
1.45217
1.52949
1.61538
1.74107
1.72592
1.63864
1.62809
1.86559
1.70807
1.51997
1.57719
1.81478
1.39648
1.69964
1.78047
1.55543
1.50084
1.71836
1.9449
1.70939
1.50848
1.81849
1.58831
1.98747
1.40123
1.47688
1.73264
1.69671
1.5573
1.67805
1.45011
1.65315
1.56981
1.57204
1.66236
1.82787
1.83195
1.64896
1.66383
1.59175
1.45233
1.96516
1.64542
1.8494
1.57331
1.48633
1.57368
1.67833
1.64016
1.68758
1.55531
1.79056
1.60773
1.47863
1.7317
1.37669
1.5449
1.6806
1.86642
1.81617
1.56694
1.47311
1.68838
1.96891
1.5016
1.60833
1.66227
1.55412
1.78779
1.56107
1.57214
1.65383
1.47909
1.60478
1.692
1.92472
1.66136
1.59489
1.74449
1.82666
1.6232
1.66415
1.80396
1.85789
1.59016
1.69927
1.70472
1.68454
1.71406
1.62583
1.63277
1.68643
1.56064
1.47308
1.9449
1.56686
1.76461
1.74741
1.78908
1.61459
1.50922
1.70195
1.73097
1.75202
1.7074
1.58644
1.4823
1.66957
1.41599
1.6623
1.73511
1.56091
1.58552
1.46122
1.6674
1.79683
1.61412
1.59398
1.84191
1.42259
1.49403
1.74641
1.67339
1.42715
1.70807
1.77505
1.67325
1.5781
1.45552
1.84242
1.70279
1.39632
1.60805
1.63734
1.72167
1.72232
1.60074
1.84652
1.72963
1.66563
1.57988
1.58417
1.55629
1.74747
1.69064
1.49401
1.65726
1.61267
1.65101
1.64554
1.4198
1.61732
1.61642
1.71868
1.70983
1.82671
1.64356
1.57089
1.98856
1.55296
1.6397
1.51655
1.6006
1.48506
1.50624
1.81599
1.57233
1.60375
1.56905
1.63124
1.55106
1.60906
1.70101
1.59343
1.63408
1.82921
1.62944
1.57453
1.65381
1.62339
1.85972
1.70945
1.65618
1.64747
1.64332
1.77986
1.90322
1.82142
1.7479
1.94744
1.73627
1.76976
1.50173
1.63351
1.55226
1.52728
1.69163
1.61444
1.72569
1.68708
1.86407
1.67429
1.61961
1.59744
1.72239
1.42349
1.46674
1.62665
1.54695
1.67538
1.70835
1.98328
1.40554
1.74568
1.50718
1.75982
1.52753
1.67793
1.70606
1.51559
1.58372
1.58839
1.77676
1.67735
1.71817
1.65817
1.63261
1.84631
1.68296
1.44329
1.94865
1.78951
1.93138
1.57241
1.74396
1.82849
1.79324
1.3686
1.56439
1.58428
1.71567
1.48908
1.50451
1.56934
1.46629
1.59759
1.50952
1.4919
1.66983
1.77642
1.64292
1.64245
1.75203
1.64029
1.83469
1.68432
1.66069
1.75311
1.62785
1.46037
1.63819
1.75526
1.62581
1.61257
1.72744
1.77389
1.67412
1.68779
1.77871
1.60642
1.73622
1.64331
1.63618
1.55745
1.42195
1.60287
1.47957
1.66689
1.80108
1.53451
1.36423
1.56184
1.63701
1.62617
1.5565
1.76675
1.41134
1.63
1.63354
1.69145
1.63419
1.61265
1.82155
1.51303
1.50875
1.62819
1.60784
1.76853
1.5023
1.68348
1.72291
1.59878
1.59603
1.5621
1.67238
1.57597
1.59421
1.54941
1.52876
1.76925
1.60841
1.46757
1.63531
1.7788
1.69596
1.55411
1.7123
1.67666
1.70902
1.44792
1.78306
1.83925
1.63435
1.61326
1.62041
2.08767
1.80291
1.59176
1.5341
1.54012
1.75762
1.44894
1.68758
1.61888
1.43701
1.90552
1.5391
1.59598
1.66281
1.87474
1.49802
1.68508
1.47239
1.84056
1.82357
1.51096
1.50619
1.59537
1.8346
1.67798
1.62103
1.61345
1.64391
1.83294
1.3807
1.78063
1.45708
1.86404
2.01343
1.84776
2.12249
1.49419
1.64899
1.44102
1.85504
1.42988
1.54106
1.63209
1.63382
1.43729
1.66841
1.62908
1.57713
1.77837
1.65847
1.49813
1.80307
1.43016
1.55957
1.86618
1.55997
1.75353
1.56844
1.51399
1.65767
1.57579
1.46766
1.64314
1.55926
1.92295
1.72815
1.63419
1.56183
1.79221
1.68715
1.445
1.40396
1.65389
1.53821
1.59379
1.61123
1.47798
1.63049
1.91172
1.56441
1.77553
1.42874
1.79385
1.55401
1.77487
1.6767
1.60626
1.71843
1.51585
1.75888
1.85233
1.59137
1.67659
1.55564
1.81808
2.16759
1.46247
1.6661
1.60311
1.59501
1.36084
1.51963
1.85162
1.96254
1.67941
1.52663
1.81465
1.41542
1.75286
1.68238
1.59201
1.51549
1.62102
1.61543
1.67537
1.45515
1.60165
1.69886
1.38589
1.4395
1.64244
1.83931
1.55805
1.60341
1.62511
1.51597
1.656
1.61712
1.47135
1.62316
1.61771
1.72942
1.66562
1.88878
1.57522
1.67531
1.61599
1.52175
1.54606
1.74899
1.62636
1.52421
1.55581
1.65625
1.52446
1.50029
1.51524
1.57465
1.59274
1.55134
1.66627
1.50828
1.58447
1.38652
1.65899
1.62399
1.8139
1.84633
1.52624
1.79876
1.56489
1.65489
1.6549
1.40221
1.75947
1.80566
1.52901
1.40174
1.53122
1.65831
1.59804
1.77954
1.57043
1.66698
1.53234
1.54269
1.63538
1.54016
1.79614
1.50938
1.86027
1.70873
1.72667
1.68426
1.56595
2.14319
2.00574
1.599
1.83806
1.60898
1.55737
1.79523
1.58342
1.55891
1.76022
1.46644
1.72881
1.68967
1.69015
1.65994
1.7037
1.65989
1.65618
1.35339
1.65493
1.73361
1.48034
1.42772
1.76688
1.63668
1.79698
1.53606
1.74715
1.51871
1.50043
1.66178
1.63155
1.59938
1.67583
1.54983
1.53203
1.72698
1.76024
1.60824
1.44375
1.47997
1.79447
1.69378
1.38956
1.59356
1.61726
1.48159
1.58058
1.62811
1.77695
1.64567
1.56703
1.50612
1.66587
1.45876
1.53282
1.67639
1.8907
1.48254
1.6069
1.57893
1.65019
1.42897
1.61784
1.61545
1.70486
1.55421
1.68297
1.62901
1.69486
1.65854
1.8213
1.45087
1.58263
1.67134
1.74552
1.53367
1.45939
1.73502
1.49401
1.45327
1.54643
1.42727
1.8126
1.60033
1.74677
1.72332
1.77052
1.74765
1.85572
1.7346
1.78864
1.61438
1.83496
1.69763
1.5561
1.67488
1.73162
1.70136
1.85238
1.74701
1.76905
1.5279
1.75877
1.43438
1.69599
1.59337
1.58638
1.64266
1.62454
1.66447
1.50614
1.46451
1.67774
1.75255
1.62857
1.58954
1.52203
1.49613
1.38161
1.45491
1.73812
1.74181
1.76833
1.57869
1.6651
1.72951
1.52958
1.65264
1.77444
1.70081
1.68822
1.86518
1.63436
1.50218
1.84573
1.58418
1.50371
1.67802
1.81038
1.69882
1.83936
1.48482
1.54109
1.76507
1.46154
1.78396
1.71335
2.04201
1.8948
1.45837
1.77673
1.64715
1.67835
1.53477
1.63644
1.52031
1.87335
1.62943
1.39706
1.5915
1.49789
1.66125
1.44026
1.77477
1.58441
1.65249
1.67273
1.60223
1.78392
1.61016
1.76537
1.68427
1.64047
1.57139
1.54616
1.72209
1.55383
1.70478
1.56905
1.50405
1.52317
1.74585
1.66563
1.71063
1.79542
1.46464
1.5707
1.66803
1.73017
1.72403
1.74478
1.57742
1.49633
1.41486
1.99016
1.6373
1.48128
1.59955
1.55301
1.70562
1.55237
1.8448
1.56496
1.8513
1.42204
1.72314
1.57189
1.5982
1.83394
1.55523
1.56945
1.61664
1.44303
1.72189
1.50371
1.92814
1.84683
1.62793
1.68986
1.69111
1.56166
1.59308
1.59989
1.48384
1.57334
1.56205
1.74477
1.76102
1.53383
1.63358
1.66769
1.60593
1.62677
1.66999
1.64464
1.79264
1.49931
1.59628
1.92636
1.59127
1.64946
1.4622
1.55673
1.70505
1.62805
1.50772
1.57374
1.66065
1.46143
1.6649
1.54396
1.66073
1.61183
1.7529
1.55944
1.5977
1.65886
1.52572
1.57223
1.52938
1.54588
2.21235
1.68475
1.50465
1.92663
1.64813
1.5098
1.55212
1.68924
1.65524
1.64973
1.7861
1.78211
1.75965
1.76871
1.72753
1.95226
1.5349
1.91124
1.80215
1.51072
1.72557
1.573
1.6636
1.50292
1.56657
1.53245
1.59719
1.49297
1.79597
1.74249
1.9515
1.43295
1.80403
1.54951
1.48637
1.6869
1.8424
1.57674
1.79462
1.74961
1.38576
1.70235
1.67881
1.79663
1.71245
1.77536
1.47559
1.5585
1.82125
1.49826
1.50691
1.61741
1.59885
1.63629
1.59312
1.62022
2.05343
1.52938
1.6993
1.47172
1.51997
1.41544
1.64392
1.62136
1.90871
1.5615
1.56491
1.60725
1.77239
1.43335
1.55284
1.76207
1.76056
1.77021
1.68549
1.72019
1.80005
1.61873
1.73516
1.66274
1.57164
1.641
1.70779
1.596
1.78359
1.40864
1.77288
1.47237
1.60959
1.64865
1.6789
1.63708
1.77587
1.59225
1.63883
1.87358
1.62858
1.59985
1.58978
1.70744
1.71483
1.62947
1.98056
1.50051
1.7188
1.57017
1.33543
1.52085
1.67817
1.61978
1.60937
1.94214
1.53681
2.06461
1.59912
1.81879
1.55292
1.62447
1.62621
1.79019
1.88552
1.59814
1.64259
1.55138
1.60649
1.77513
1.69234
1.41351
1.58677
1.67018
1.66756
1.66088
1.75112
1.71694
1.55471
1.75196
1.68905
1.41587
1.65018
1.51755
1.57526
1.64657
1.68024
1.66961
1.85862
1.68179
1.72717
1.83398
1.87863
1.70284
2.09955
1.57198
1.50844
1.58276
1.83087
1.64283
1.82296
1.57562
1.74676
1.59074
1.65117
1.49871
1.54156
1.71846
1.59276
1.45845
1.59179
1.57765
1.78041
1.74948
1.85764
1.55884
1.72343
1.82308
1.4166
1.73885
1.64458
1.51307
1.58068
1.75221
1.55283
1.76389
1.5101
1.73607
2.15926
1.60791
1.59798
1.91744
1.71662
1.6617
1.89345
1.46417
1.59623
1.52939
1.91503
1.66975
1.5891
1.61379
1.42122
1.56401
1.86631
1.7101
1.65148
1.63583
1.56952
1.938
1.67464
1.77137
1.68932
1.58011
1.59556
1.61085
1.65728
1.56253
1.8184
1.87122
1.77475
1.90587
1.47443
1.75962
1.81242
1.72668
1.62113
1.49316
1.7184
1.72196
1.61258
1.63516
1.45217
1.52949
1.61538
1.74107
1.72592
1.63864
1.62809
1.86559
1.70807
1.51997
1.57719
1.81478
1.39648
1.69964
1.78047
1.55543
1.50084
1.71836
1.9449
1.70939
1.50848
1.81849
1.58831
1.98747
1.40123
1.47688
1.73264
1.69671
1.5573
1.67805
1.45011
1.65315
1.56981
1.57204
1.66236
1.82787
1.83195
1.64896
1.66383
1.59175
1.45233
1.96516
1.64542
1.8494
1.57331
1.48633
1.57368
1.67833
1.64016
1.68758
1.55531
1.79056
1.60773
1.47863
1.7317
1.37669
1.5449
1.6806
1.86642
1.81617
1.56694
1.47311
1.68838
1.96891
1.5016
1.60833
1.66227
1.55412
1.78779
1.56107
1.57214
1.65383
1.47909
1.60478
1.692
1.92472
1.66136
1.59489
1.74449
1.82666
1.6232
1.66415
1.80396
1.85789
1.59016
1.69927
1.70472
1.68454
1.71406
1.62583
1.63277
1.68643
1.56064
1.47308
1.9449
1.56686
1.76461
1.74741
1.78908
1.61459
1.50922
1.70195
1.73097
1.75202
1.7074
1.58644
1.4823
1.66957
1.41599
1.6623
1.73511
1.56091
1.58552
1.46122
1.6674
1.79683
1.61412
1.59398
1.84191
1.42259
1.49403
1.74641
1.67339
1.42715
1.70807
1.77505
1.67325
1.5781
1.45552
1.84242
1.70279
1.39632
1.60805
1.63734
1.72167
1.72232
1.60074
1.84652
1.72963
1.66563
1.57988
1.58417
1.55629
1.74747
1.69064
1.49401
1.65726
1.61267
1.65101
1.64554
1.4198
1.61732
1.61642
1.71868
1.70983
1.82671
1.64356
1.57089
1.98856
1.55296
1.6397
1.51655
1.6006
1.48506
1.50624
1.81599
1.57233
1.60375
1.56905
1.63124
1.55106
1.60906
1.70101
1.59343
1.63408
1.82921
1.62944
1.57453
1.65381
1.62339
1.85972
1.70945
1.65618
1.64747
1.64332
1.77986
1.90322
1.82142
1.7479
1.94744
1.73627
1.76976
1.50173
1.63351
1.55226
1.52728
1.69163
1.61444
1.72569
1.68708
1.86407
1.67429
1.61961
1.59744
1.72239
1.42349
1.46674
1.62665
1.54695
1.67538
1.70835
1.98328
1.40554
1.74568
1.50718
1.75982
1.52753
1.67793
1.70606
1.51559
1.58372
1.58839
1.77676
1.67735
1.71817
1.65817
1.63261
1.84631
1.68296
1.44329
1.94865
1.78951
1.93138
1.57241
1.74396
1.82849
1.79324
1.3686
1.56439
1.58428
1.71567
1.48908
1.50451
1.56934
1.46629
1.59759
1.50952
1.4919
1.66983
1.77642
1.64292
1.64245
1.75203
1.64029
1.83469
1.68432
1.66069
1.75311
1.62785
1.46037
1.63819
1.75526
1.62581
1.61257
1.72744
1.77389
1.67412
1.68779
1.77871
1.60642
1.73622
1.64331
1.63618
1.55745
1.42195
1.60287
1.47957
1.66689
1.80108
1.53451
1.36423
1.56184
1.63701
1.62617
1.5565
1.76675
1.41134
1.63
1.63354
1.69145
1.63419
1.61265
1.82155
1.51303
1.50875
1.62819
1.60784
1.76853
1.5023
1.68348
1.72291
1.59878
1.59603
1.5621
1.67238
1.57597
1.59421
1.54941
1.52876
1.76925
1.60841
1.46757
1.63531
1.7788
1.69596
1.55411
1.7123
1.67666
1.70902
1.44792
1.78306
1.83925
1.63435
1.61326
1.62041
2.08767
1.80291
1.59176
1.5341
1.54012
1.75762
1.44894
1.68758
1.61888
1.43701
1.90552
1.5391
1.59598
1.66281
1.87474
1.49802
1.68508
1.47239
1.84056
1.82357
1.51096
1.50619
1.59537
1.8346
1.67798
1.62103
1.61345
1.64391
1.83294
1.3807
1.78063
1.45708
1.86404
2.01343
1.84776
2.12249
1.49419
1.64899
1.44102
1.85504
1.42988
1.54106
1.63209
1.63382
1.43729
1.66841
1.62908
1.57713
1.77837
1.65847
1.49813
1.80307
1.43016
1.55957
1.86618
1.55997
1.75353
1.56844
1.51399
1.65767
1.57579
1.46766
1.64314
1.55926
1.92295
1.72815
1.63419
1.56183
1.79221
1.68715
1.445
1.40396
1.65389
1.53821
1.59379
1.61123
1.47798
1.63049
1.91172
1.56441
1.77553
1.42874
1.79385
1.55401
1.77487
1.6767
1.60626
1.71843
1.51585
1.75888
1.85233
1.59137
1.67659
1.55564
1.81808
2.16759
1.46247
1.6661
1.60311
1.59501
1.36084
1.51963
1.85162
1.96254
1.67941
1.52663
1.81465
1.41542
1.75286
1.68238
1.59201
1.51549
1.62102
1.61543
1.67537
1.45515
1.60165
1.69886
1.38589
1.4395
1.64244
1.83931
1.55805
1.60341
1.62511
1.51597
1.656
1.61712
1.47135
1.62316
1.61771
1.72942
1.66562
1.88878
1.57522
1.67531
1.61599
1.52175
1.54606
1.74899
1.62636
1.52421
1.55581
1.65625
1.52446
1.50029
1.51524
1.57465
1.59274
1.55134
1.66627
1.50828
1.58447
1.38652
1.65899
1.62399
1.8139
1.84633
1.52624
1.79876
1.56489
1.65489
1.6549
1.40221
1.75947
1.80566
1.52901
1.40174
1.53122
1.65831
1.59804
1.77954
1.57043
1.66698
1.53234
1.54269
1.63538
1.54016
1.79614
1.50938
1.86027
1.70873
1.72667
1.68426
1.56595
2.14319
2.00574
1.599
1.83806
1.60898
1.55737
1.79523
1.58342
1.55891
1.76022
1.46644
1.72881
1.68967
1.69015
1.65994
1.7037
1.65989
1.65618
1.35339
1.65493
1.73361
1.48034
1.42772
1.76688
1.63668
1.79698
1.53606
1.74715
1.51871
1.50043
1.66178
1.63155
1.59938
1.67583
1.54983
1.53203
1.72698
1.76024
1.60824
1.44375
1.47997
1.79447
1.69378
1.38956
1.59356
1.61726
1.48159
1.58058
1.62811
1.77695
1.64567
1.56703
1.50612
1.66587
1.45876
1.53282
1.67639
1.8907
1.48254
1.6069
1.57893
1.65019
1.42897
1.61784
1.61545
1.70486
1.55421
1.68297
1.62901
1.69486
1.65854
1.8213
1.45087
1.58263
1.67134
1.74552
1.53367
1.45939
1.73502
1.49401
1.45327
1.54643
1.42727
1.8126
1.60033
1.74677
1.72332
1.77052
1.74765
1.85572
1.7346
1.78864
1.61438
1.83496
1.69763
1.5561
1.67488
1.73162
1.70136
1.85238
1.74701
1.76905
1.5279
1.75877
1.43438
1.69599
1.59337
1.58638
1.64266
1.62454
1.66447
1.50614
1.46451
1.67774
1.75255
1.62857
1.58954
1.52203
1.49613
1.38161
1.45491
1.73812
1.74181
1.76833
1.57869
1.6651
1.72951
1.52958
1.65264
1.77444
1.70081
1.68822
1.86518
1.63436
1.50218
1.84573
1.58418
1.50371
1.67802
1.81038
1.69882
1.83936
1.48482
1.54109
1.76507
1.46154
1.78396
1.71335
2.04201
1.8948
1.45837
1.77673
1.64715
1.67835
1.53477
1.63644
1.52031
1.87335
1.62943
1.39706
1.5915
1.49789
1.66125
1.44026
1.77477
1.58441
1.65249
1.67273
1.60223
1.78392
1.61016
1.76537
1.68427
1.64047
1.57139
1.54616
1.72209
1.55383
1.70478
1.56905
1.50405
1.52317
1.74585
1.66563
1.71063
1.79542
1.46464
1.5707
1.66803
1.73017
1.72403
1.74478
1.57742
1.49633
1.41486
1.99016
1.6373
1.48128
1.59955
1.55301
1.70562
1.55237
1.8448
1.56496
1.8513
1.42204
1.72314
1.57189
1.5982
1.83394
1.55523
1.56945
1.61664
1.44303
1.72189
1.50371
1.92814
1.84683
1.62793
1.68986
1.69111
1.56166
1.59308
1.59989
1.48384
1.57334
1.56205
1.74477
1.76102
1.53383
1.63358
1.66769
1.60593
1.62677
1.66999
1.64464
1.79264
1.49931
1.59628
1.92636
1.59127
1.64946
1.4622
1.55673
1.70505
1.62805
1.50772
1.57374
1.66065
1.46143
1.6649
1.54396
1.66073
1.61183
1.7529
1.55944
1.5977
1.65886
1.52572
1.57223
1.52938
1.54588
2.21235
1.68475
1.50465
1.92663
1.64813
1.5098
1.55212
1.68924
1.65524
1.64973
1.7861
1.78211
1.75965
1.76871
1.72753
1.95226
1.5349
1.91124
1.80215
1.51072
1.72557
1.573
1.6636
1.50292
1.56657
1.53245
1.59719
1.49297
1.79597
1.74249
1.9515
1.43295
1.80403
1.54951
1.48637
1.6869
1.8424
1.57674
1.79462
1.74961
1.38576
1.70235
1.67881
1.79663
1.71245
1.77536
1.47559
1.5585
1.82125
1.49826
1.50691
1.61741
1.59885
1.63629
1.59312
1.62022
2.05343
1.52938
1.6993
1.47172
1.51997
1.41544
1.64392
1.62136
1.90871
1.5615
1.56491
1.60725
1.77239
1.43335
1.55284
1.76207
1.76056
1.77021
1.68549
1.72019
1.80005
1.61873
1.73516
1.66274
1.57164
1.641
1.70779
1.596
1.78359
1.40864
1.77288
1.47237
1.60959
1.64865
1.6789
1.63708
1.77587
1.59225
1.63883
1.87358
1.62858
1.59985
1.58978
1.70744
1.71483
1.62947
1.98056
1.50051
1.7188
1.57017
1.33543
1.52085
1.67817
1.61978
1.60937
1.94214
1.53681
2.06461
1.59912
1.81879
1.55292
1.62447
1.62621
1.79019
1.88552
1.59814
1.64259
1.55138
1.60649
1.77513
1.69234
1.41351
1.58677
1.67018
1.66756
1.66088
1.75112
1.71694
1.55471
1.75196
1.68905
1.41587
1.65018
1.51755
1.57526
1.64657
1.68024
1.66961
1.85862
1.68179
1.72717
1.83398
1.87863
1.70284
2.09955
1.57198
1.50844
1.58276
1.83087
1.64283
1.82296
1.57562
1.74676
1.59074
1.65117
1.49871
1.54156
1.71846
1.59276
1.45845
1.59179
1.57765
1.78041
1.74948
1.85764
1.55884
1.72343
1.82308
1.4166
1.73885
1.64458
1.51307
1.58068
1.75221
1.55283
1.76389
1.5101
1.73607
2.15926
1.60791
1.59798
1.91744
1.71662
1.6617
1.89345
1.46417
1.59623
1.52939
1.91503
1.66975
1.5891
1.61379
1.42122
1.56401
1.86631
1.7101
1.65148
1.63583
1.56952
1.938
1.67464
1.77137
1.68932
1.58011
1.59556
1.61085
1.65728
1.56253
1.8184
1.87122
1.77475
1.90587
1.47443
1.75962
1.81242
1.72668
1.62113
1.49316
1.7184
1.72196
1.61258
1.63516
1.45217
1.52949
1.61538
1.74107
1.72592
1.63864
1.62809
1.86559
1.70807
1.51997
1.57719
1.81478
1.39648
1.69964
1.78047
1.55543
1.50084
1.71836
1.9449
1.70939
1.50848
1.81849
1.58831
1.98747
1.40123
1.47688
1.73264
1.69671
1.5573
1.67805
1.45011
1.65315
1.56981
1.57204
1.66236
1.82787
1.83195
1.64896
1.66383
1.59175
1.45233
1.96516
1.64542
1.8494
1.57331
1.48633
1.57368
1.67833
1.64016
1.68758
1.55531
1.79056
1.60773
1.47863
1.7317
1.37669
1.5449
1.6806
1.86642
1.81617
1.56694
1.47311
1.68838
1.96891
1.5016
1.60833
1.66227
1.55412
1.78779
1.56107
1.57214
1.65383
1.47909
1.60478
1.692
1.92472
1.66136
1.59489
1.74449
1.82666
1.6232
1.66415
1.80396
1.85789
1.59016
1.69927
1.70472
1.68454
1.71406
1.62583
1.63277
1.68643
1.56064
1.47308
1.9449
1.56686
1.76461
1.74741
1.78908
1.61459
1.50922
1.70195
1.73097
1.75202
1.7074
1.58644
1.4823
1.66957
1.41599
1.6623
1.73511
1.56091
1.58552
1.46122
1.6674
1.79683
1.61412
1.59398
1.84191
1.42259
1.49403
1.74641
1.67339
1.42715
1.70807
1.77505
1.67325
1.5781
1.45552
1.84242
1.70279
1.39632
1.60805
1.63734
1.72167
1.72232
1.60074
1.84652
1.72963
1.66563
1.57988
1.58417
1.55629
1.74747
1.69064
1.49401
1.65726
1.61267
1.65101
1.64554
1.4198
1.61732
1.61642
1.71868
1.70983
1.82671
1.64356
1.57089
1.98856
1.55296
1.6397
1.51655
1.6006
1.48506
1.50624
1.81599
1.57233
1.60375
1.56905
1.63124
1.55106
1.60906
1.70101
1.59343
1.63408
1.82921
1.62944
1.57453
1.65381
1.62339
1.85972
1.70945
1.65618
1.64747
1.64332
1.77986
1.90322
1.82142
1.7479
1.94744
1.73627
1.76976
1.50173
1.63351
1.55226
1.52728
1.69163
1.61444
1.72569
1.68708
1.86407
1.67429
1.61961
1.59744
1.72239
1.42349
1.46674
1.62665
1.54695
1.67538
1.70835
1.98328
1.40554
1.74568
1.50718
1.75982
1.52753
1.67793
1.70606
1.51559
1.58372
1.58839
1.77676
1.67735
1.71817
1.65817
1.63261
1.84631
1.68296
1.44329
1.94865
1.78951
1.93138
1.57241
1.74396
1.82849
1.79324
1.3686
1.56439
1.58428
1.71567
1.48908
1.50451
1.56934
1.46629
1.59759
1.50952
1.4919
1.66983
1.77642
1.64292
1.64245
1.75203
1.64029
1.83469
1.68432
1.66069
1.75311
1.62785
1.46037
1.63819
1.75526
1.62581
1.61257
1.72744
1.77389
1.67412
1.68779
1.77871
1.60642
1.73622
1.64331
1.63618
1.55745
1.42195
1.60287
1.47957
1.66689
1.80108
1.53451
1.36423
1.56184
1.63701
1.62617
1.5565
1.76675
1.41134
1.63
1.63354
1.69145
1.63419
1.61265
1.82155
1.51303
1.50875
1.62819
1.60784
1.76853
1.5023
1.68348
1.72291
1.59878
1.59603
1.5621
1.67238
1.57597
1.59421
1.54941
1.52876
1.76925
1.60841
1.46757
1.63531
1.7788
1.69596
1.55411
1.7123
1.67666
1.70902
1.44792
1.78306
1.83925
1.63435
1.61326
1.62041
2.08767
1.80291
1.59176
1.5341
1.54012
1.75762
1.44894
1.68758
1.61888
1.43701
1.90552
1.5391
1.59598
1.66281
1.87474
1.49802
1.68508
1.47239
1.84056
1.82357
1.51096
1.50619
1.59537
1.8346
1.67798
1.62103
1.61345
1.64391
1.83294
1.3807
1.78063
1.45708
1.86404
2.01343
1.84776
2.12249
1.49419
1.64899
1.44102
1.85504
1.42988
1.54106
1.63209
1.63382
1.43729
1.66841
1.62908
1.57713
1.77837
1.65847
1.49813
1.80307
1.43016
1.55957
1.86618
1.55997
1.75353
1.56844
1.51399
1.65767
1.57579
1.46766
1.64314
1.55926
1.92295
1.72815
1.63419
1.56183
1.79221
1.68715
1.445
1.40396
1.65389
1.53821
1.59379
1.61123
1.47798
1.63049
1.91172
1.56441
1.77553
1.42874
1.79385
1.55401
1.77487
1.6767
1.60626
1.71843
1.51585
1.75888
1.85233
1.59137
1.67659
1.55564
1.81808
2.16759
1.46247
1.6661
1.60311
1.59501
1.36084
1.51963
1.85162
1.96254
1.67941
1.52663
1.81465
1.41542
1.75286
1.68238
1.59201
1.51549
1.62102
1.61543
1.67537
1.45515
1.60165
1.69886
1.38589
1.4395
1.64244
1.83931
1.55805
1.60341
1.62511
1.51597
1.656
1.61712
1.47135
1.62316
1.61771
1.72942
1.66562
1.88878
1.57522
1.67531
1.61599
1.52175
1.54606
1.74899
1.62636
1.52421
1.55581
1.65625
1.52446
1.50029
1.51524
1.57465
1.59274
1.55134
1.66627
1.50828
1.58447
1.38652
1.65899
1.62399
1.8139
1.84633
1.52624
1.79876
1.56489
1.65489
1.6549
1.40221
1.75947
1.80566
1.52901
1.40174
1.53122
1.65831
1.59804
1.77954
1.57043
1.66698
1.53234
1.54269
1.63538
1.54016
1.79614
1.50938
1.86027
1.70873
1.72667
1.68426
1.56595
2.14319
2.00574
1.599
1.83806
1.60898
1.55737
1.79523
1.58342
1.55891
1.76022
1.46644
1.72881
1.68967
1.69015
1.65994
1.7037
1.65989
1.65618
1.35339
1.65493
1.73361
1.48034
1.42772
1.76688
1.63668
1.79698
1.53606
1.74715
1.51871
1.50043
1.66178
1.63155
1.59938
1.67583
1.54983
1.53203
1.72698
1.76024
1.60824
1.44375
1.47997
1.79447
1.69378
1.38956
1.59356
1.61726
1.48159
1.58058
1.62811
1.77695
1.64567
1.56703
1.50612
1.66587
1.45876
1.53282
1.67639
1.8907
1.48254
1.6069
1.57893
1.65019
1.42897
1.61784
1.61545
1.70486
1.55421
1.68297
1.62901
1.69486
1.65854
1.8213
1.45087
1.58263
1.67134
1.74552
1.53367
1.45939
1.73502
1.49401
1.45327
1.54643
1.42727
1.8126
1.60033
1.74677
1.72332
1.77052
1.74765
1.85572
1.7346
1.78864
1.61438
1.83496
1.69763
1.5561
1.67488
1.73162
1.70136
1.85238
1.74701
1.76905
1.5279
1.75877
1.43438
1.69599
1.59337
1.58638
1.64266
1.62454
1.66447
1.50614
1.46451
1.67774
1.75255
1.62857
1.58954
1.52203
1.49613
1.38161
1.45491
1.73812
1.74181
1.76833
1.57869
1.6651
1.72951
1.52958
1.65264
1.77444
1.70081
1.68822
1.86518
1.63436
1.50218
1.84573
1.58418
1.50371
1.67802
1.81038
1.69882
1.83936
1.48482
1.54109
1.76507
1.46154
1.78396
1.71335
2.04201
1.8948
1.45837
1.77673
1.64715
1.67835
1.53477
1.63644
1.52031
1.87335
1.62943
1.39706
1.5915
1.49789
1.66125
1.44026
1.77477
1.58441
1.65249
1.67273
1.60223
1.78392
1.61016
1.76537
1.68427
1.64047
1.57139
1.54616
1.72209
1.55383
1.70478
1.56905
1.50405
1.52317
1.74585
1.66563
1.71063
1.79542
1.46464
1.5707
1.66803
1.73017
1.72403
1.74478
1.57742
1.49633
1.41486
1.99016
1.6373
1.48128
1.59955
1.55301
1.70562
1.55237
1.8448
1.56496
1.8513
1.42204
1.72314
1.57189
1.5982
1.83394
1.55523
1.56945
1.61664
1.44303
1.72189
1.50371
1.92814
1.84683
1.62793
1.68986
1.69111
1.56166
1.59308
1.59989
1.48384
1.57334
1.56205
1.74477
1.76102
1.53383
1.63358
1.66769
1.60593
1.62677
1.66999
1.64464
1.79264
1.49931
1.59628
1.92636
1.59127
1.64946
1.4622
1.55673
1.70505
1.62805
1.50772
1.57374
1.66065
1.46143
1.6649
1.54396
1.66073
1.61183
1.7529
1.55944
1.5977
1.65886
1.52572
1.57223
1.52938
1.54588
2.21235
1.68475
1.50465
1.92663
1.64813
1.5098
1.55212
1.68924
1.65524
1.64973
1.7861
1.78211
1.75965
1.76871
1.72753
1.95226
1.5349
1.91124
1.80215
1.51072
1.72557
1.573
1.6636
1.50292
1.56657
1.53245
1.59719
1.49297
1.79597
1.74249
1.9515
1.43295
1.80403
1.54951
1.48637
1.6869
1.8424
1.57674
1.79462
1.74961
1.38576
1.70235
1.67881
1.79663
1.71245
1.77536
1.47559
1.5585
1.82125
1.49826
1.50691
1.61741
1.59885
1.63629
1.59312
1.62022
2.05343
1.52938
1.6993
1.47172
1.51997
1.41544
1.64392
1.62136
1.90871
1.5615
1.56491
1.60725
1.77239
1.43335
1.55284
1.76207
1.76056
1.77021
1.68549
1.72019
1.80005
1.61873
1.73516
1.66274
1.57164
1.641
1.70779
1.596
1.78359
1.40864
1.77288
1.47237
1.60959
1.64865
1.6789
1.63708
1.77587
1.59225
1.63883
1.87358
1.62858
1.59985
1.58978
1.70744
1.71483
1.62947
1.98056
1.50051
1.7188
1.57017
1.33543
1.52085
1.67817
1.61978
1.60937
1.94214
1.53681
2.06461
1.59912
1.81879
1.55292
1.62447
1.62621
1.79019
1.88552
1.59814
1.64259
1.55138
1.60649
1.77513
1.69234
1.41351
1.58677
1.67018
1.66756
1.66088
1.75112
1.71694
1.55471
1.75196
1.68905
1.41587
1.65018
1.51755
1.57526
1.64657
1.68024
1.66961
1.85862
1.68179
1.72717
1.83398
1.87863
1.70284
2.09955
1.57198
1.50844
1.58276
1.83087
1.64283
1.82296
1.57562
1.74676
1.59074
1.65117
1.49871
1.54156
1.71846
1.59276
1.45845
1.59179
1.57765
1.78041
1.74948
1.85764
1.55884
1.72343
1.82308
1.4166
1.73885
1.64458
1.51307
1.58068
1.75221
1.55283
1.76389
1.5101
1.73607
