1.08114
1.01455
1.02172
1.0024
1.07161
1.00177
1.00645
1.03788
1.05022
1.01278
1.02097
1.05793
1.08481
1.00026
1.02353
1.00017
1.11156
1.00139
1.01459
1.08781
1.04567
1.02685
1.0238
1.00797
1.00202
1.00023
1.00013
1.00877
1.0132
1.01638
1.05589
1.032
1.0012
1.00032
1.00016
1.05783
1.0348
1.00721
1.00014
1.00026
1.0002
1.00019
1.0002
1.0164
1.00941
1.02179
1.02632
1.04169
1.00018
1.02593
1.04132
1.04991
1.01627
1.01476
1.05023
1.00014
1.05084
1.03226
1.00653
1.05212
1.08114
1.01679
1.00017
1.01089
1.0002
1.00992
1.00022
1.00229
1.00027
1.00664
1.00537
1.00016
1.02938
1.00624
1.04026
1.01746
1.0004
1.00642
1.0513
1.02121
1.07318
1.00023
1.00019
1.11398
1.03709
1.00901
1.01253
1.00015
1.02266
1.01069
1.02035
1.0002
1.06007
1.00015
1.00376
1.06969
1.00101
1.00027
1.04107
1.06925
1.00306
1.14753
1.01963
1.00018
1.03816
1.00012
1.00049
1.045
1.03952
1.00277
1.00017
1.30572
1.0091
1.00803
1.03712
1.02829
1.00053
1.0002
1.10813
1.00077
1.02548
1.0865
1.02271
1.01372
1.00017
1.02771
1.00028
1.00019
1.00019
1.10313
1.00206
1.03598
1.00046
1.00015
1.0457
1.00128
1.04796
1.00609
1.00015
1.00022
1.09223
1.01578
1.03968
1.03307
1.09262
1.00024
1.00021
1.01185
1.00092
1.06013
1.00019
1.00016
1.00025
1.06199
1.05508
1.00017
1.00016
1.01515
1.02272
1.00015
1.00153
1.00555
1.00331
1.00259
1.09862
1.00023
1.02983
1.05129
1.01395
1.01829
1.01463
1.00018
1.0271
1.0741
1.00414
1.12204
1.00016
1.02302
1.07564
1.00258
1.06063
1.00835
1.03472
1.00017
1.02576
1.0095
1.08213
1.00654
1.00018
1.00608
1.00017
1.01076
1.02008
1.00078
1.00291
1.09072
1.02254
1.0002
1.00296
1.02134
1.00456
1.03108
1.03372
1.11444
1.04735
1.00016
1.0173
1.00969
1.01804
1.06903
1.00018
1.00015
1.07624
1.04479
1.01356
1.03741
1.01668
1.05112
1.04275
1.00018
1.00032
1.00648
1.00031
1.00026
1.01439
1.00025
1.00102
1.00024
1.01595
1.0002
1.04989
1.06083
1.00854
1.03314
1.00204
1.04048
1.02515
1.00018
1.01081
1.07038
1.03163
1.00023
1.00064
1.0002
1.08338
1.05599
1.0048
1.05541
1.06362
1.02373
1.00287
1.0002
1.04675
1.05073
1.06788
1.01691
1.06995
1.0996
1.08074
1.04363
1.01179
1.01252
1.04346
1.04507
1.0486
1.00021
1.04879
1.03205
1.10038
1.01398
1.0003
1.00013
1.00011
1.00014
1.0273
1.0373
1.0002
1.02611
1.00016
1.00022
1.00244
1.0002
1.07372
1.19613
1.00568
1.07728
1.00018
1.07261
1.02671
1.00013
1.01184
1.00045
1.00358
1.00244
1.07229
1.00376
1.06076
1.01629
1.03031
1.03971
1.00018
1.00477
1.00014
1.02176
1.09945
1.00647
1.00021
1.03526
1.00021
1.00033
1.01422
1.00015
1.04478
1.00711
1.0145
1.03929
1.00023
1.00026
1.03991
1.00018
1.00016
1.0002
1.00366
1.05327
1.0687
1.02987
1.02124
1.08229
1.00019
1.00399
1.02838
1.00018
1.00213
1.02578
1.00215
1.07676
1.00013
1.0154
1.00019
1.00025
1.00094
1.0274
1.0002
1.00001
1.05534
1.20351
1.00014
1.04137
1.05731
1.0342
1.00013
1.01912
1.01351
1.01052
1.0076
1.0002
1.06613
1.01429
1.02437
1.00036
1.00023
1.00038
1.00413
1.00018
1.02871
1.02575
1.0284
1.02902
1.00291
1.04651
1.05666
1.05543
1.00023
1.04365
1.00051
1.00151
1.03614
1.04591
1.0077
1.01555
1.00064
1.00012
1.02115
1.03488
1.02004
1.0091
1.00823
1.09392
1.00285
1.00013
1.00007
1.034
1.00929
1.00088
1.009
1.05467
1.0282
1.03445
1.02932
1.03906
1.01422
1.04294
1.00021
1.0528
1.00017
1.02525
1.00027
1.00027
1.10607
1.026
1.00706
1.02369
1.03696
1.01696
1.00021
1.00014
1.0388
1.01846
1.03935
1.02277
1.02983
1.00023
1.00019
1.00015
1.03594
1.00017
1.0002
1.00018
1.10638
1.07126
1.01011
1.03115
1.03355
1.00017
1.09483
1.04371
1.06423
1.02951
1.01872
1.00545
1.00016
1.00987
1.00232
1.04964
1.00113
1.06913
1.05014
1.00014
1.00037
1.00015
1.02093
1.02677
1.00016
1.05629
1.03981
1.00597
1.00013
1.03662
1.02677
1.06818
1.00143
1.09617
1.00022
1.0448
1.01184
1.00022
1.04672
1.00023
1.00921
1.01486
1.07567
1.00019
1.02954
1.0691
1.03941
1.02822
1.0207
1.00024
1.00015
1.02406
1.00012
1.00915
1.00015
1.00015
1.01518
1.06029
1.00155
1.00015
1.00441
1.00021
1.00023
1.00011
1.00375
1.02637
1.0002
1.00547
1.00175
1.02295
1.05653
1.01385
1.00834
1.01311
1.00074
1.00012
1.01568
1.02575
1.00018
1.00017
1.03272
1.0012
1.05184
1.00388
1.00705
1.0034
1.03445
1.01527
1.00672
1.00307
1.0002
1.04935
1.02089
1.00025
1.02231
1.02629
1.00018
1.0108
1.00606
1.00182
1.00013
1.00022
1.06423
1.01929
1.00086
1.0616
1.12822
1.01178
1.04928
1.06283
1.02002
1.00812
1.00022
1.04125
1.00021
1.00016
1.0002
1.04166
1.07923
1.0071
1.00017
1.00861
1.05082
1.01151
1.04
1.00173
1.00011
1.00335
1.0004
1.02519
1.00127
1.06882
1.00024
1.02341
1.03367
1.00027
1.00028
1.07764
1.02125
1.05388
1.01209
1.00983
1.01778
1.00019
1.03638
1.00019
1.01194
1.0072
1.00025
1.01199
1.00025
1.00329
1.02691
1.01146
1.01514
1.03705
1.04088
1.02648
1.00308
1.01238
1.03115
1.00135
1.00538
1.05673
1.14814
1.03197
1.01289
1.0033
1.03061
1.00022
1.02481
1.00034
1.02186
1.03179
1.00682
1.00002
1.00014
1.07552
1.09988
1.0002
1.03814
1.00403
1.07318
1.08894
1.00072
1.01315
1.02182
1.02321
1.02833
1.00025
1.03444
1.03282
1.03853
1.00023
1.05405
1.03036
1.0002
1.11199
1.00014
1.03734
1.00021
1.00016
1.03517
1.04622
1.03811
1.04465
1.0002
1.02475
1.06992
1.00017
1.01483
1.00443
1.00019
1.03834
1.07666
1.00628
1.00204
1.05712
1.00613
1.07644
1.00225
1.02794
1.00243
1.04464
1.00115
1.02911
1.0003
1.06968
1.00865
1.07485
1.03159
1.03304
1.00229
1.00571
1.00398
1.014
1.0157
1.00016
1.00156
1.06215
1.03959
1.02756
1.00023
1.05459
1.00014
1.01631
1.03065
1.00491
1.01612
1.00023
1.00052
1.00023
1.01026
1.00252
1.01167
1.04185
1.01349
1.01417
1.05948
1.0004
1.00202
1.01879
1.00021
1.02268
1.00039
1.02899
1.06899
1.0673
1.01105
1.03073
1.01567
1.00005
1.0186
1.00429
1.0115
1.00763
1.00236
1.0515
1.04626
1.01938
1.00019
1.00017
1.00022
1.01725
1.06
1.0345
1.00021
1.00017
1.00282
1.01477
1.00742
1.00018
1.017
1.04214
1.05486
1.00012
1.03207
1.00929
1.05328
1.06067
1.05129
1.00397
1.05887
1.00024
1.0279
1.0014
1.21296
1.01625
1.02774
1.00018
1.01947
1.15084
1.00024
1.00167
1.01651
1.00017
1.0001
1.00329
1.01196
1.0579
1.00016
1.11088
1.01427
1.0002
1.00058
1.00016
1.00437
1.01559
1.09578
1.00018
1.00247
1.08613
1.03077
1.00205
1.02815
1.05694
1.04834
1.07802
1.02637
1.05658
1.00007
1.00025
1.00238
1.04324
1.02215
1.01679
1.00016
1.00024
1.00258
1.00128
1.10207
1.00019
1.01049
1.00441
1.03733
1.00011
1.0063
1.02079
1.00021
1.00013
1.04041
1.03302
1.044
1.00021
1.00017
1.03707
1.05097
1.00263
1.00022
1.00447
1.07451
1.04306
1.02367
1.03798
1.08001
1.0022
1.00021
1.0233
1.13406
1.05091
1.03705
1.00094
1.01641
1.00018
1.0002
1.0375
1.12533
1.00576
1.08628
1.03298
1.00461
1.00893
1.06431
1.04533
1.01468
1.02449
1.02877
1.04423
1.05585
1.00189
1.01024
1.0025
1.05491
1.01928
1.01993
1.00015
1.00015
1.04016
1.01658
1.03358
1.02207
1.00662
1.05405
1.03906
1.05276
1.04787
1.00422
1.00025
1.0048
1.00983
1.02982
1.00281
1.00021
1.0001
1.00016
1.00557
1.00222
1.03823
1.00017
1.00014
1.03811
1.00017
1.1499
1.00512
1.0058
1.00446
1.00063
1.05792
1.00016
1.00019
1.03379
1.00439
1.03381
1.05977
1.00019
1.00397
1.03374
1.08837
1.03166
1.00019
1.00018
1.0002
1.00015
1.00011
1.00849
1.00024
1.00288
1.00339
1.00016
1.07041
1.03933
1.06164
1.0003
1.05858
1.01817
1.02965
1.0433
1.0241
1.10289
1.00091
1.01647
1.06689
1.07718
1.05594
1.01662
1.06026
1.00012
1.00018
1.00266
1.00021
1.00433
1.02829
1.00022
1.0002
1.00021
1.01376
1.00018
1.05599
1.00026
1.03296
1.00011
1.01999
1.05168
1.00789
1.0755
1.09083
1.04478
1.05772
1.00014
1.00597
1.00031
1.03329
1.0014
1.05812
1.01689
1.00014
1.00014
1.00116
1.01641
1.07647
1.01081
1.07805
1.00029
1.0217
1.07241
1.00013
1.03115
1.00015
1.01857
1.02454
1.02006
1.05756
1.03608
1.03085
1.00017
1.00804
1.00548
1.08293
1.07225
1.00013
1.00427
1.00021
1.00029
1.00015
1.00075
1.0422
1.02128
1.05572
1.00019
1.00644
1.00628
1.00017
1.07284
1.03164
1.01948
1.09946
1.00413
1.004
1.00435
1.00313
1.00018
1.00018
1.00019
1.00029
1.00018
1.00475
1.02571
1.03011
1.00018
1.03265
1.00041
1.03285
1.0647
1.00051
1.00019
1.04726
1.06449
1.02759
1.00023
1.03224
1.01616
1.00021
1.08114
1.01455
1.02172
1.0024
1.07161
1.00177
1.00645
1.03788
1.05022
1.01278
1.02097
1.05793
1.08481
1.00026
1.02353
1.00017
1.11156
1.00139
1.01459
1.08781
1.04567
1.02685
1.0238
1.00797
1.00202
1.00023
1.00013
1.00877
1.0132
1.01638
1.05589
1.032
1.0012
1.00032
1.00016
1.05783
1.0348
1.00721
1.00014
1.00026
1.0002
1.00019
1.0002
1.0164
1.00941
1.02179
1.02632
1.04169
1.00018
1.02593
1.04132
1.04991
1.01627
1.01476
1.05023
1.00014
1.05084
1.03226
1.00653
1.05212
1.08114
1.01679
1.00017
1.01089
1.0002
1.00992
1.00022
1.00229
1.00027
1.00664
1.00537
1.00016
1.02938
1.00624
1.04026
1.01746
1.0004
1.00642
1.0513
1.02121
1.07318
1.00023
1.00019
1.11398
1.03709
1.00901
1.01253
1.00015
1.02266
1.01069
1.02035
1.0002
1.06007
1.00015
1.00376
1.06969
1.00101
1.00027
1.04107
1.06925
1.00306
1.14753
1.01963
1.00018
1.03816
1.00012
1.00049
1.045
1.03952
1.00277
1.00017
1.30572
1.0091
1.00803
1.03712
1.02829
1.00053
1.0002
1.10813
1.00077
1.02548
1.0865
1.02271
1.01372
1.00017
1.02771
1.00028
1.00019
1.00019
1.10313
1.00206
1.03598
1.00046
1.00015
1.0457
1.00128
1.04796
1.00609
1.00015
1.00022
1.09223
1.01578
1.03968
1.03307
1.09262
1.00024
1.00021
1.01185
1.00092
1.06013
1.00019
1.00016
1.00025
1.06199
1.05508
1.00017
1.00016
1.01515
1.02272
1.00015
1.00153
1.00555
1.00331
1.00259
1.09862
1.00023
1.02983
1.05129
1.01395
1.01829
1.01463
1.00018
1.0271
1.0741
1.00414
1.12204
1.00016
1.02302
1.07564
1.00258
1.06063
1.00835
1.03472
1.00017
1.02576
1.0095
1.08213
1.00654
1.00018
1.00608
1.00017
1.01076
1.02008
1.00078
1.00291
1.09072
1.02254
1.0002
1.00296
1.02134
1.00456
1.03108
1.03372
1.11444
1.04735
1.00016
1.0173
1.00969
1.01804
1.06903
1.00018
1.00015
1.07624
1.04479
1.01356
1.03741
1.01668
1.05112
1.04275
1.00018
1.00032
1.00648
1.00031
1.00026
1.01439
1.00025
1.00102
1.00024
1.01595
1.0002
1.04989
1.06083
1.00854
1.03314
1.00204
1.04048
1.02515
1.00018
1.01081
1.07038
1.03163
1.00023
1.00064
1.0002
1.08338
1.05599
1.0048
1.05541
1.06362
1.02373
1.00287
1.0002
1.04675
1.05073
1.06788
1.01691
1.06995
1.0996
1.08074
1.04363
1.01179
1.01252
1.04346
1.04507
1.0486
1.00021
1.04879
1.03205
1.10038
1.01398
1.0003
1.00013
1.00011
1.00014
1.0273
1.0373
1.0002
1.02611
1.00016
1.00022
1.00244
1.0002
1.07372
1.19613
1.00568
1.07728
1.00018
1.07261
1.02671
1.00013
1.01184
1.00045
1.00358
1.00244
1.07229
1.00376
1.06076
1.01629
1.03031
1.03971
1.00018
1.00477
1.00014
1.02176
1.09945
1.00647
1.00021
1.03526
1.00021
1.00033
1.01422
1.00015
1.04478
1.00711
1.0145
1.03929
1.00023
1.00026
1.03991
1.00018
1.00016
1.0002
1.00366
1.05327
1.0687
1.02987
1.02124
1.08229
1.00019
1.00399
1.02838
1.00018
1.00213
1.02578
1.00215
1.07676
1.00013
1.0154
1.00019
1.00025
1.00094
1.0274
1.0002
1.00001
1.05534
1.20351
1.00014
1.04137
1.05731
1.0342
1.00013
1.01912
1.01351
1.01052
1.0076
1.0002
1.06613
1.01429
1.02437
1.00036
1.00023
1.00038
1.00413
1.00018
1.02871
1.02575
1.0284
1.02902
1.00291
1.04651
1.05666
1.05543
1.00023
1.04365
1.00051
1.00151
1.03614
1.04591
1.0077
1.01555
1.00064
1.00012
1.02115
1.03488
1.02004
1.0091
1.00823
1.09392
1.00285
1.00013
1.00007
1.034
1.00929
1.00088
1.009
1.05467
1.0282
1.03445
1.02932
1.03906
1.01422
1.04294
1.00021
1.0528
1.00017
1.02525
1.00027
1.00027
1.10607
1.026
1.00706
1.02369
1.03696
1.01696
1.00021
1.00014
1.0388
1.01846
1.03935
1.02277
1.02983
1.00023
1.00019
1.00015
1.03594
1.00017
1.0002
1.00018
1.10638
1.07126
1.01011
1.03115
1.03355
1.00017
1.09483
1.04371
1.06423
1.02951
1.01872
1.00545
1.00016
1.00987
1.00232
1.04964
1.00113
1.06913
1.05014
1.00014
1.00037
1.00015
1.02093
1.02677
1.00016
1.05629
1.03981
1.00597
1.00013
1.03662
1.02677
1.06818
1.00143
1.09617
1.00022
1.0448
1.01184
1.00022
1.04672
1.00023
1.00921
1.01486
1.07567
1.00019
1.02954
1.0691
1.03941
1.02822
1.0207
1.00024
1.00015
1.02406
1.00012
1.00915
1.00015
1.00015
1.01518
1.06029
1.00155
1.00015
1.00441
1.00021
1.00023
1.00011
1.00375
1.02637
1.0002
1.00547
1.00175
1.02295
1.05653
1.01385
1.00834
1.01311
1.00074
1.00012
1.01568
1.02575
1.00018
1.00017
1.03272
1.0012
1.05184
1.00388
1.00705
1.0034
1.03445
1.01527
1.00672
1.00307
1.0002
1.04935
1.02089
1.00025
1.02231
1.02629
1.00018
1.0108
1.00606
1.00182
1.00013
1.00022
1.06423
1.01929
1.00086
1.0616
1.12822
1.01178
1.04928
1.06283
1.02002
1.00812
1.00022
1.04125
1.00021
1.00016
1.0002
1.04166
1.07923
1.0071
1.00017
1.00861
1.05082
1.01151
1.04
1.00173
1.00011
1.00335
1.0004
1.02519
1.00127
1.06882
1.00024
1.02341
1.03367
1.00027
1.00028
1.07764
1.02125
1.05388
1.01209
1.00983
1.01778
1.00019
1.03638
1.00019
1.01194
1.0072
1.00025
1.01199
1.00025
1.00329
1.02691
1.01146
1.01514
1.03705
1.04088
1.02648
1.00308
1.01238
1.03115
1.00135
1.00538
1.05673
1.14814
1.03197
1.01289
1.0033
1.03061
1.00022
1.02481
1.00034
1.02186
1.03179
1.00682
1.00002
1.00014
1.07552
1.09988
1.0002
1.03814
1.00403
1.07318
1.08894
1.00072
1.01315
1.02182
1.02321
1.02833
1.00025
1.03444
1.03282
1.03853
1.00023
1.05405
1.03036
1.0002
1.11199
1.00014
1.03734
1.00021
1.00016
1.03517
1.04622
1.03811
1.04465
1.0002
1.02475
1.06992
1.00017
1.01483
1.00443
1.00019
1.03834
1.07666
1.00628
1.00204
1.05712
1.00613
1.07644
1.00225
1.02794
1.00243
1.04464
1.00115
1.02911
1.0003
1.06968
1.00865
1.07485
1.03159
1.03304
1.00229
1.00571
1.00398
1.014
1.0157
1.00016
1.00156
1.06215
1.03959
1.02756
1.00023
1.05459
1.00014
1.01631
1.03065
1.00491
1.01612
1.00023
1.00052
1.00023
1.01026
1.00252
1.01167
1.04185
1.01349
1.01417
1.05948
1.0004
1.00202
1.01879
1.00021
1.02268
1.00039
1.02899
1.06899
1.0673
1.01105
1.03073
1.01567
1.00005
1.0186
1.00429
1.0115
1.00763
1.00236
1.0515
1.04626
1.01938
1.00019
1.00017
1.00022
1.01725
1.06
1.0345
1.00021
1.00017
1.00282
1.01477
1.00742
1.00018
1.017
1.04214
1.05486
1.00012
1.03207
1.00929
1.05328
1.06067
1.05129
1.00397
1.05887
1.00024
1.0279
1.0014
1.21296
1.01625
1.02774
1.00018
1.01947
1.15084
1.00024
1.00167
1.01651
1.00017
1.0001
1.00329
1.01196
1.0579
1.00016
1.11088
1.01427
1.0002
1.00058
1.00016
1.00437
1.01559
1.09578
1.00018
1.00247
1.08613
1.03077
1.00205
1.02815
1.05694
1.04834
1.07802
1.02637
1.05658
1.00007
1.00025
1.00238
1.04324
1.02215
1.01679
1.00016
1.00024
1.00258
1.00128
1.10207
1.00019
1.01049
1.00441
1.03733
1.00011
1.0063
1.02079
1.00021
1.00013
1.04041
1.03302
1.044
1.00021
1.00017
1.03707
1.05097
1.00263
1.00022
1.00447
1.07451
1.04306
1.02367
1.03798
1.08001
1.0022
1.00021
1.0233
1.13406
1.05091
1.03705
1.00094
1.01641
1.00018
1.0002
1.0375
1.12533
1.00576
1.08628
1.03298
1.00461
1.00893
1.06431
1.04533
1.01468
1.02449
1.02877
1.04423
1.05585
1.00189
1.01024
1.0025
1.05491
1.01928
1.01993
1.00015
1.00015
1.04016
1.01658
1.03358
1.02207
1.00662
1.05405
1.03906
1.05276
1.04787
1.00422
1.00025
1.0048
1.00983
1.02982
1.00281
1.00021
1.0001
1.00016
1.00557
1.00222
1.03823
1.00017
1.00014
1.03811
1.00017
1.1499
1.00512
1.0058
1.00446
1.00063
1.05792
1.00016
1.00019
1.03379
1.00439
1.03381
1.05977
1.00019
1.00397
1.03374
1.08837
1.03166
1.00019
1.00018
1.0002
1.00015
1.00011
1.00849
1.00024
1.00288
1.00339
1.00016
1.07041
1.03933
1.06164
1.0003
1.05858
1.01817
1.02965
1.0433
1.0241
1.10289
1.00091
1.01647
1.06689
1.07718
1.05594
1.01662
1.06026
1.00012
1.00018
1.00266
1.00021
1.00433
1.02829
1.00022
1.0002
1.00021
1.01376
1.00018
1.05599
1.00026
1.03296
1.00011
1.01999
1.05168
1.00789
1.0755
1.09083
1.04478
1.05772
1.00014
1.00597
1.00031
1.03329
1.0014
1.05812
1.01689
1.00014
1.00014
1.00116
1.01641
1.07647
1.01081
1.07805
1.00029
1.0217
1.07241
1.00013
1.03115
1.00015
1.01857
1.02454
1.02006
1.05756
1.03608
1.03085
1.00017
1.00804
1.00548
1.08293
1.07225
1.00013
1.00427
1.00021
1.00029
1.00015
1.00075
1.0422
1.02128
1.05572
1.00019
1.00644
1.00628
1.00017
1.07284
1.03164
1.01948
1.09946
1.00413
1.004
1.00435
1.00313
1.00018
1.00018
1.00019
1.00029
1.00018
1.00475
1.02571
1.03011
1.00018
1.03265
1.00041
1.03285
1.0647
1.00051
1.00019
1.04726
1.06449
1.02759
1.00023
1.03224
1.01616
1.00021
1.00135
1.00162
1.04489
1.00017
1.1742
1.00177
1.03214
1.00069
1.00019
1.01278
1.03664
1.09167
1.10041
1.07524
1.08518
1.00017
1.18162
1.12698
1.04099
1.0115
1.06501
1.05104
1.07538
1.01455
1.00606
1.00024
1.01392
1.05933
1.08504
1.09644
1.02318
1.02713
1.27222
1.06162
1.00016
1.05491
1.04099
1.00721
1.00014
1.03836
1.0002
1.04799
1.04502
1.03023
1.01218
1.02238
1.09279
1.12281
1.02647
1.03577
1.05264
1.00016
1.01627
1.02633
1.08169
1.00014
1.10114
1.03883
1.05783
1.03591
1.12362
1.03726
1.00017
1.0128
1.1684
1.00992
1.09819
1.00229
1.00027
1.05737
1.05494
1.00016
1.03089
1.03349
1.04026
1.03806
1.0004
1.01522
1.05084
1.00653
1.05073
1.00023
1.00019
1.04139
1.13101
1.07255
1.01681
1.00015
1.04102
1.02922
1.02035
1.0002
1.12616
1.06513
1.05374
1.06518
1.00102
1.00027
1.08493
1.05957
1.1227
1.14442
1.0347
1.00018
1.00587
1.00012
1.01641
1.00016
1.00013
1.00277
1.00017
1.3705
1.07011
1.06286
1.05338
1.02829
1.033
1.0002
1.10131
1.02962
1.03547
1.04906
1.0519
1.01372
1.16203
1.1178
1.00028
1.02224
1.00019
1.11729
1.06994
1.0864
1.05381
1.00015
1.0729
1.00128
1.05429
1.03987
1.00015
1.02284
1.13506
1.00665
1.04656
1.0569
1.23652
1.00024
1.00021
1.01186
1.0226
1.0585
1.00019
1.00017
1.00025
1.04345
1.07144
1.00017
1.01411
1.01515
1.02273
1.00016
1.08287
1.00596
1.10315
1.00259
1.09333
1.05642
1.05271
1.04157
1.02625
1.02149
1.01501
1.00018
1.04775
1.06165
1.00414
1.09266
1.00016
1.12762
1.07909
1.00258
1.10265
1.02707
1.04474
1.00017
1.02321
1.08731
1.07912
1.00654
1.04199
1.00913
1.00017
1.03625
1.02008
1.00078
1.03394
1.08964
1.02567
1.1162
1.06213
1.02671
1.00456
1.03108
1.03306
1.11916
1.07405
1.03028
1.03454
1.03952
1.05646
1.14002
1.01676
1.01021
1.0833
1.08523
1.01356
1.00016
1.01669
1.00797
1.07781
1.09586
1.00032
1.01127
1.00031
1.08623
1.07826
1.09662
1.03084
1.02633
1.01699
1.0002
1.05898
1.09667
1.00815
1.01825
1.00204
1.13935
1.03042
1.0787
1.01082
1.04819
1.11231
1.04365
1.00064
1.0002
1.09359
1.08369
1.10824
1.06175
1.04446
1.07072
1.03173
1.0002
1.05986
1.14605
1.08405
1.0607
1.10422
1.15372
1.13784
1.0852
1.01259
1.05859
1.04431
1.03147
1.05473
1.00021
1.06291
1.03436
1.13439
1.01398
1.055
1.06121
1.01264
1.00014
1.07296
1.00158
1.06691
1.06498
1.07095
1.00582
1.00244
1.06321
1.01719
1.17023
1.0025
1.03777
1.00018
1.10998
1.03026
1.03668
1.03311
1.00045
1.00713
1.00244
1.00215
1.04484
1.0466
1.00014
1.03031
1.05646
1.18309
1.00024
1.00014
1.0012
1.05045
1.14361
1.00022
1.07111
1.02993
1.00179
1
1.00016
1.06362
1.00711
1.05309
1.08657
1.04841
1.00026
1.03609
1.00018
1.02095
1.03514
1.00357
1.04665
1.05605
1.00014
1.03961
1.07172
1.00019
1.07385
1.02838
1.00018
1.06071
1.09006
1.16396
1.09706
1.00013
1.1114
1.06536
1.06134
1.03191
1.03557
1.02789
1.04418
1.04978
1.08644
1.03403
1.06267
1.05288
1.00022
1.00013
1.02509
1.02421
1.01052
1.02533
1.00021
1.09658
1.04977
1.02661
1.01481
1.05912
1.01953
1.00028
1.00019
1.02574
1.02923
1.02965
1.07148
1.06698
1.04053
1.00804
1.05559
1.08566
1.07949
1.02378
1.08513
1.10607
1.08462
1.05869
1.00015
1.04385
1.03241
1.01811
1.06745
1.06113
1.06036
1.00823
1.17219
1.03323
1.00013
1.03758
1.04913
1.01336
1.00088
1.08265
1.02697
1.0208
1.03239
1.04606
1.03188
1.0623
0.999998
1.00021
1.07714
1.02595
1.02
1.00027
1.09157
1.09714
1.03823
1.00706
1.05045
1.00185
1.04689
1.08708
1.06473
1.05208
1.01846
1.03935
1.12006
1.07245
1.00147
1.00019
1.00015
1.05157
1.07344
1.00021
1.07351
1.00013
1.01022
1.01735
1.00039
1.0228
1.0977
1.05388
1.06083
1.083
1.02918
1.01872
1.0214
1.01683
1.02292
1.0437
1.02868
1.00113
1.00017
1.0369
1.00015
1.01354
1.00015
1.06371
1.04066
1.01841
1.02465
1.04172
1.01112
1.01654
1.04253
1.03374
1.08159
1.00019
1.11014
1.02264
1.10755
1.02866
1.0887
1.05711
1.00023
1.0168
1.03194
1.08898
1.03613
1.03055
1.1271
1.0012
1.04358
1.02153
1.03592
1.04414
1.03463
1.00012
1.03517
1.00015
1.00015
1.03712
1.01921
1.00155
1.02052
1.00462
1.00021
1.06311
1.02607
1.11224
1.02836
1.0644
1.1096
1.02875
1.04549
1.05653
1.07889
1.03139
1.10283
1.00966
1.01941
1.03506
1.0237
1.10472
1.01941
1.0546
1.02911
1.09678
1.04155
1.09701
1.00704
1.03146
1.0712
1.00672
1.08588
1.06584
1.06651
1.0266
1.08118
1.02652
1.12241
1.00018
1.0253
1.08429
1.05368
1.00014
1.08638
1.05697
1.01929
1.00086
1.09762
1.13341
1.06163
1.01747
1.07184
1.0177
1.04594
1.04448
1.04428
1.08639
1.00016
1.03899
1.04274
1.02068
1.09941
1.0978
1.02543
1.06938
1.07166
1.11593
1.00173
1.0307
1.09184
1.08079
1.02096
1.07731
1.07655
1.03624
1.04161
1.08904
1.00027
1.00028
1.08347
1.03205
1.06573
1.00528
1.00024
1.02956
1.00019
1.03397
1.0002
1.00996
1.02773
1.00025
1.09657
1.00025
1.00329
1.05744
1.03746
1.02207
1.04793
1.03637
1.08521
1.07122
1.01264
1.09363
1.07833
1.03557
1.09019
1.07979
1.032
1.01289
1.06146
1.08868
1.00022
1.02922
1.03119
1.04673
1.02958
1.00682
1.00002
1.01203
1.08093
1.12673
1.0002
1.03814
1.00376
1.04413
1.06878
1.00186
1.05555
1.06697
1.04096
1.03795
1.01832
1.02326
1.06081
1.02915
1.03605
1.05405
1.00016
1.08309
1.05669
1.01773
1.06088
1.02755
1.00016
1.03525
1.08571
1.04759
1.07876
1.0003
1.00016
1.09715
1.00017
1.04223
1.00448
1.00014
1.07765
1.02856
1.01605
1.05964
1.07629
1.00613
1.07436
1.0989
1.00756
1.00244
1.00019
1.00072
1.18039
1.09859
1.00023
1.01044
1.1202
1.01773
1.0439
1.00229
1.00571
1.00398
1.04751
1.09165
1.00017
1.00156
1.07801
1.02708
1.03052
1.04198
1.06146
1.02798
1.02842
1.02774
1.00491
1.03829
1.08948
1.00052
1.00023
1.01775
1.00252
1.09345
1.09875
1.01637
1.04859
1.04253
1.07606
1.07619
1.00014
1.00021
1.06205
1.00039
1.08866
1.08621
1.01949
1.05528
1.02891
1.01716
1.04553
1.02429
1.04369
1.02521
1.05682
1.00236
1.11814
1.09094
1.03577
1.06704
1.05884
1.05645
1.07057
1.07874
1.00017
1.11771
1.01898
1.00894
1.017
1.10913
1.00018
1.02586
1.07948
1.03319
1.01752
1.02553
1.0002
1.09303
1.062
1.0497
1.00397
1.073
1.16713
1.02231
1.01428
1.0978
1.06286
1.01573
1.00018
1.02118
1.14199
1.04375
1.00167
1.0149
1.00018
1.02682
1.05623
1.109
1.08487
1.08701
1.09781
1.02161
1.0002
1.00056
1.1738
1.00437
1.12064
1.06255
1.0315
1.10685
1.18497
1.02017
1.09452
1.02815
1.04645
1.04539
1.15935
1.04517
1.1342
1.00007
1.00025
1.04173
1.07824
1.00015
1.01679
1.06703
1.23476
1.00258
1.00128
1.0452
1.04209
1.01049
1.01754
1.06902
1.02778
1.01133
1.02079
1.02143
1.00013
1.04235
1.05515
1.07417
1.00021
1.00017
1.03304
1.03544
1.09879
1.02605
1.11117
1.07977
1.07776
1.05483
1.03798
1.08994
1.0022
1.12209
1.04622
1.0477
1.06805
1.06417
1.05452
1.07811
1.0775
1.01961
1.02397
1.06366
1.00576
1.05717
1.022
1.09137
1.00893
1.09258
1.09907
1.03117
1.0003
1.04169
1.06698
1.00071
1.0019
1.04445
1.01504
1.07841
1.10448
1.13401
1.02546
1.00015
1.02843
1.09618
1.12251
1.04878
1.0537
1.05207
1.04045
1.13544
1.04206
1.00261
1.00025
1.00355
1.00422
1.02127
1.04115
1.06855
1.0001
1.00016
1.12469
1.00222
1.0387
1.02976
1.00014
1.04563
1.00017
1.13865
1.02285
1.06551
1.09413
1.06468
1.09269
1.00219
1.00019
1.05979
1.08321
1.03656
1.05128
1.01862
1.00397
1.02901
1.03804
1.02968
1.00019
1.02641
1.0002
1.00015
1.00011
1.0002
1.03024
1.03868
1.01039
1.00016
1.07041
1.01181
1.06853
1.0003
1.07409
1.02294
1.06716
1.072
1.00022
1.09706
1.00091
1.01076
1.05535
1.11109
1.11572
1.02433
1.12277
1.01705
1.03203
1.00753
1.00021
1.0002
1.00015
1.00022
1.07314
1.04756
1.02874
1.00018
1.09801
1.00038
1.0266
1.00011
1.05188
1.11411
1.06526
1.0541
1.0575
1.04017
1.05791
1.00014
1.00597
1.06436
1.04772
1.02484
1.09306
1.05806
1.00014
1.00014
1.01994
1.01494
1.25821
1.01081
1.08635
1.1096
1.04835
1.13615
1.00014
1.07337
1.11639
1.01857
1.01983
1.00014
1.06725
1.03877
1.07511
1.00636
1.10176
1.01697
1.10841
1.13277
1.00014
1.00427
1.00021
1.04712
1.03289
1.04951
1.0422
1.04006
1.13681
1.02438
1.04145
1.00706
1.00017
1.1382
1.04477
1.05135
1.02522
1.04178
1.0004
1.02244
1.00313
1.02778
1.00018
1.00019
1.00029
1.00019
1.00475
1.04868
1.04066
1.08452
1.0552
1.00041
1.08399
1.2311
1.00022
1.07632
1.05855
1.01154
1.05161
1.02602
1.01033
1.03398
1.08033
1.72634
1.54135
1.65659
1.60626
1.58329
1.74316
1.60478
1.64988
1.62474
1.57575
1.73916
1.58294
1.53846
1.7513
1.73448
1.58562
1.80673
1.53792
1.57875
1.5093
1.4747
1.74382
1.64724
1.49868
1.7072
1.52999
1.46665
1.58304
1.67433
1.6057
1.51258
1.52369
1.71695
1.92213
1.52112
1.69778
1.59829
1.58936
1.54172
1.69691
1.67164
1.63053
1.62109
1.53636
1.43916
1.53596
1.86233
1.64215
1.64812
1.63693
1.61959
1.6178
1.66242
1.69896
1.71442
1.42649
1.54828
1.66863
1.63347
1.57424
1.62976
1.66927
1.60625
1.52959
1.77622
1.65595
1.64091
1.64267
1.96725
1.6669
1.63359
1.47028
2.00652
1.79051
1.58773
1.51948
1.60138
1.529
1.56588
1.67942
1.69129
1.73
1.46792
1.84256
1.89555
1.67438
1.75186
1.54647
1.527
1.47344
1.92522
1.67349
1.7266
1.67535
1.5636
1.67925
1.81199
1.56693
1.6458
1.70764
1.42866
1.58779
1.60914
1.64702
1.67472
1.49205
1.61683
1.59266
1.41285
1.89088
1.54817
1.6587
1.52979
1.55531
1.84104
1.84836
1.49611
1.63277
1.7295
1.50103
1.75866
1.88458
1.50265
1.65386
1.75491
1.64848
1.7504
1.60185
1.59663
1.75589
1.66726
1.67148
1.64027
1.61249
1.67466
1.8037
1.52545
1.59122
1.53218
1.76004
1.85484
1.7498
1.70406
2.01199
1.83213
1.61674
1.79962
1.7341
1.75025
1.99887
1.63138
1.55087
1.47978
1.43907
1.62378
1.54348
1.61293
1.60307
1.7042
1.4941
1.54627
1.63436
1.78323
1.52909
1.888
1.70442
1.48791
1.72945
1.65408
1.46189
1.56559
1.72361
1.67964
1.6793
1.51764
1.6022
1.50139
1.61457
1.57186
1.57378
1.69515
1.66021
1.58459
1.52581
1.51597
1.5543
1.61928
1.99868
1.47247
1.86878
1.62562
1.52611
1.66957
1.54758
1.73383
1.65017
1.67929
1.69906
1.69534
1.62091
1.58878
1.95014
1.51239
1.64978
1.68837
1.61193
1.81145
1.53043
1.64044
1.62253
1.46379
1.50623
1.69781
1.71165
1.55837
1.53981
1.66306
1.73729
1.59447
1.61142
1.7008
1.41432
1.58505
1.73469
1.50857
1.76901
1.46308
1.68825
1.69414
1.57333
1.67038
1.78118
1.63095
1.48368
1.86012
1.59274
1.41717
1.60423
1.78339
1.76157
1.77662
1.78414
1.72132
1.67804
1.72903
1.72817
1.55815
1.56313
1.63513
1.5778
1.70773
1.66813
1.60411
1.65888
1.73872
1.43386
1.64959
1.72736
1.82928
1.88129
1.52561
1.6756
1.78236
1.77336
1.56165
1.76818
1.67993
1.55432
1.51315
1.68036
1.89013
1.46919
1.40128
1.5759
1.55301
1.63668
1.73648
1.59699
1.54714
1.51261
1.57782
1.60366
1.51148
1.52767
1.82254
1.71979
1.6103
1.65711
1.77387
1.44303
1.55219
1.61827
1.74459
1.58022
1.79057
1.91627
1.66094
1.46446
1.68575
1.50467
1.55747
1.64364
1.48011
1.7501
1.54822
1.4613
1.62553
1.54919
1.64562
1.5029
1.94696
1.52191
1.65842
1.90182
1.55887
1.65306
1.66563
1.80569
1.56091
1.62751
1.5396
1.55249
1.57851
1.60644
1.62782
1.41902
1.54813
1.71552
1.48759
1.91777
1.73917
1.62357
1.74633
1.60537
1.62615
2.01456
1.69654
1.65676
1.6399
1.70318
1.54901
1.54079
1.74502
1.75603
1.61671
1.59589
1.56872
1.81085
1.62314
1.73001
1.48161
1.71246
1.43983
2.29256
1.59931
1.59337
1.49738
1.56306
1.52956
1.43854
1.67159
1.63608
1.82787
1.71772
1.66907
1.45589
1.69717
1.60237
1.57707
1.82131
1.66864
1.68952
1.64643
1.74901
1.55852
1.58325
1.66278
1.57331
1.52983
1.41367
1.65336
1.45329
1.57016
1.61581
1.72679
1.75436
1.92727
1.73948
1.7754
1.43764
1.60473
1.65513
1.49785
1.53683
1.64332
1.60547
1.84447
1.85155
1.62111
1.83014
1.69756
1.59875
1.72056
1.62663
1.50051
1.60466
1.68665
1.7712
1.76751
1.41872
1.78929
1.54238
1.71307
1.62609
1.56089
1.50206
2.01367
1.54397
1.72228
1.5561
1.78844
1.78487
1.59622
1.40456
1.57072
1.69473
1.59106
1.58229
1.47049
1.78939
1.60763
1.71256
1.70032
1.624
1.58884
1.68813
1.65827
1.63946
1.66629
1.64255
1.53926
1.61812
1.80683
1.74326
1.68867
1.63942
1.83438
1.51327
1.6338
1.55068
1.84405
1.63845
1.51452
1.7885
1.59607
1.61432
1.45968
1.4462
1.60378
1.55391
1.55302
1.75568
1.70232
1.79053
1.58663
1.71902
1.48762
1.53137
1.51153
1.69265
2.16834
1.69676
1.42766
1.63667
1.43174
1.89722
1.74534
1.6849
1.68153
1.47884
1.39151
1.59146
1.449
1.52987
1.74212
1.7473
1.63098
1.63324
1.78637
1.70801
1.70904
1.54008
1.71543
1.57366
1.74935
1.86734
1.76949
1.86133
1.74582
1.9674
1.76083
1.68498
1.72294
1.48815
1.59479
1.56637
1.6145
1.52373
1.95551
1.62452
1.62361
1.74934
1.58392
1.64795
1.44774
1.81344
1.5729
1.70027
1.5246
1.61673
1.70871
1.76098
1.55524
1.55615
1.57416
1.78946
1.80476
1.64974
1.51622
1.61211
1.55831
1.88648
1.74781
1.58083
1.664
1.60203
1.56444
1.69039
1.68484
1.53608
1.69745
1.69445
1.67746
1.60944
1.59332
1.45983
1.65941
1.63583
1.53695
1.55935
1.66678
1.53016
1.73553
1.60217
1.39779
1.66031
1.72955
1.59844
1.60303
1.68786
1.7637
1.62967
1.53211
1.97378
1.61542
1.75656
1.59168
1.75785
1.87191
1.82363
1.46883
1.59162
1.85738
1.59507
1.77581
1.63794
1.74745
1.8139
1.67002
1.72827
1.74207
1.62231
1.62809
1.70173
1.63763
1.67846
1.81399
1.93354
1.74624
1.791
1.76586
1.92593
1.5332
1.99836
1.54466
1.55571
1.62534
1.51015
1.75989
1.74401
1.52176
1.6053
1.66946
1.70387
1.49684
1.96069
1.73728
1.661
1.6425
1.88346
1.56589
1.63316
1.58005
1.53845
1.79236
1.5915
1.59702
1.85872
1.47132
1.50708
1.64219
1.58203
2.2238
1.56818
1.85329
1.76995
1.45931
1.6406
1.75662
1.59475
1.49895
1.51828
1.53496
1.67343
1.55202
1.64857
1.67134
1.55498
1.68582
1.46765
1.57646
1.63556
1.72173
1.59295
1.78876
1.90577
1.51998
1.64703
1.60669
1.46008
1.59459
1.64476
1.68231
1.80258
1.88922
1.78919
1.64516
1.82781
1.50102
1.6762
1.60012
1.64882
1.71726
1.63324
1.61128
1.52278
1.62488
1.86378
1.59627
1.68331
1.57471
2.12045
1.58094
1.5709
1.56967
1.66841
1.6782
1.69597
1.57033
1.65152
1.49176
1.49207
1.76359
1.55175
1.48028
1.54344
1.55236
1.45256
1.58632
1.48347
1.76213
1.71633
1.54397
1.57071
1.78049
1.48556
1.72934
1.72194
1.61916
1.60194
1.77256
1.6164
1.60083
1.86056
1.41809
1.6409
1.66462
1.39505
1.67686
1.59501
1.71312
1.53176
1.7817
1.63321
1.72048
1.47719
1.37011
1.70929
1.56172
1.5723
1.8852
1.88768
1.81529
1.47465
1.54788
1.77968
1.7751
1.46966
1.71307
1.61861
1.59844
1.71197
1.5271
1.47348
1.63735
1.77193
1.63187
1.54836
1.5712
1.6864
1.78692
1.78386
1.78037
1.57701
1.31712
1.88519
1.56167
1.4702
1.59127
1.79709
1.5256
1.58264
1.45339
1.6778
1.80171
2.00662
1.85238
1.69348
1.65289
1.66866
1.60321
1.71643
1.72009
1.59556
1.62964
1.62224
1.78844
1.66787
1.43639
1.54314
1.56502
1.69244
1.58251
1.80179
1.44533
1.77129
1.6107
1.70852
1.54363
1.53727
1.75948
1.49912
1.51908
1.39787
1.50664
1.94354
1.60908
1.65177
1.63259
1.65027
1.94531
1.72947
1.48328
1.69539
1.85164
1.56695
1.58144
1.73937
1.70544
1.72453
1.50693
1.64643
1.5914
1.88625
1.65286
1.73571
1.62376
1.52211
1.71564
1.59168
1.79428
1.525
1.6827
1.71096
1.69472
1.55151
1.79178
1.53304
1.71292
1.7506
1.86947
1.58976
1.81273
1.90228
1.64842
1.67201
1.54032
1.43406
1.79043
1.59683
1.77422
1.69872
1.7349
1.55407
1.54249
1.67953
1.63362
1.67678
1.65869
1.5978
1.73406
1.61169
1.54775
1.50867
1.73895
1.64817
1.57152
1.91773
1.8674
1.80196
1.62308
1.37083
1.51978
1.80699
1.59732
1.55209
1.5745
1.43959
1.79206
1.52409
1.62238
1.67461
1.71334
1.76794
1.57434
1.67267
1.64884
1.57232
1.7329
1.82627
1.92566
1.77661
1.52252
2.03295
1.49752
1.53317
1.68775
1.67723
1.51721
1.52066
1.56397
1.39779
1.71121
1.71844
1.77297
1.51253
1.49593
1.53232
1.6317
1.80212
1.79647
1.57587
1.69995
1.48454
1.64472
1.80849
1.70373
1.64051
1.58163
1.64293
1.72949
1.72564
1.72138
1.77051
1.42376
1.62872
1.5015
1.58663
1.48706
1.55721
1.90898
1.59017
1.66356
1.61946
1.63263
1.72637
1.58188
1.62256
1.41312
1.61081
1.5523
1.6033
1.98403
1.88657
1.47978
1.67319
1.49612
1.65118
1.45455
1.66854
1.59419
1.56287
1.76476
1.50807
1.57651
1.87889
1.65231
1.8834
1.47937
1.6856
1.78095
1.57869
1.56475
1.42688
1.81308
1.53205
1.78287
1.53656
1.55374
1.67761
1.46359
1.67645
1.56673
1.58185
1.74094
1.55498
1.71957
1.51787
1.60956
1.77235
1.75517
1.61578
1.63179
1.72142
1.67762
1.78631
1.52628
1.63562
1.55541
1.56448
1.86246
1.68209
1.65537
1.57153
1.56639
1.63343
1.56151
1.64164
1.76492
1.73977
1.58298
1.65777
1.52912
1.64864
1.57621
1.71935
1.65823
1.69622
1.37258
1.52188
1.79486
1.63663
1.49458
1.89274
1.66188
1.89809
1.76736
1.5441
1.74982
1.73998
1.13353
1.08708
1.19635
1.10102
1.16579
1.13913
1.21291
1.12485
1.14591
1.15218
1.08578
1.08368
1.05007
1.10642
1.07501
1.12406
1.12475
1.12538
1.15249
1.08521
1.17265
1.08084
1.12975
1.10897
1.15572
1.07799
1.09748
1.11244
1.17554
1.14378
1.15988
1.13921
1.13128
1.16849
1.16665
1.07617
1.09283
1.09407
1.1613
1.12234
1.15105
1.13366
1.14526
1.18447
1.11558
1.10495
1.10242
1.07696
1.14289
1.18649
1.11588
1.14325
1.15394
1.15855
1.09096
1.07235
1.13533
1.13191
1.16825
1.08268
1.11816
1.09921
1.0809
1.12815
1.13611
1.17012
1.16741
1.11912
1.23482
1.16918
1.11877
1.10724
2.00652
1.19196
1.14
1.10281
1.15091
1.07707
1.14187
1.13307
1.14388
1.14462
1.13565
1.14241
1.08716
1.13705
1.18479
1.06808
1.12408
1.10964
1.12629
1.21108
1.17856
1.17194
1.12233
1.19371
1.17075
1.14752
1.09146
1.09405
1.12644
1.15131
1.16249
1.14049
1.14152
1.10275
1.15037
1.1419
1.13802
1.26352
1.11297
1.12171
1.08712
1.12071
1.10419
1.13546
1.14006
1.10372
1.12133
1.13787
1.10604
1.16315
1.10144
1.11663
1.14323
1.08827
1.7504
1.14571
1.13126
1.22295
1.17087
1.11549
1.10432
1.13852
1.21485
1.14621
1.14956
1.11477
1.14226
1.18771
1.13028
1.16059
1.1639
1.26998
1.21867
1.20771
1.1558
1.11643
1.1494
1.13261
1.062
1.11814
1.11874
1.10051
1.07294
1.1252
1.18757
1.08891
1.15237
1.16844
1.16766
1.14338
1.21365
1.14148
1.15311
1.1726
1.08796
1.15821
1.13191
1.05278
1.13794
1.14188
1.12314
1.12427
1.14293
1.14906
1.14862
1.12319
1.15778
1.10306
1.15961
1.19657
1.13382
1.15894
1.10097
1.1366
1.08893
1.28454
1.12741
1.17119
1.17081
1.15196
1.16513
1.17301
1.1576
1.08384
1.11911
1.18422
1.14331
1.15602
1.07432
1.11224
1.09992
1.18105
1.11533
1.15617
1.15517
1.11667
1.14698
1.07844
1.14897
1.08455
1.15266
1.0979
1.11116
1.141
1.13558
1.11386
1.13642
1.1641
1.19511
1.08562
1.17769
1.19258
1.09261
1.19127
1.08072
1.1331
1.16185
1.12203
1.15097
1.10745
1.17694
1.10619
1.11831
1.11222
1.11406
1.14407
1.13864
1.07802
1.24272
1.18849
1.13162
1.1347
1.13531
1.15481
1.13313
1.14834
1.17321
1.12576
1.11036
1.14942
1.11953
1.08212
1.10148
1.08638
1.15191
1.21878
1.19585
1.2166
1.1429
1.15768
1.20685
1.15364
1.09551
1.20273
1.15667
1.11788
1.11101
1.17821
1.16185
1.12766
1.08765
1.16885
1.0732
1.15245
1.14508
1.08789
1.1991
1.08182
1.11735
1.11477
1.12808
1.10101
1.21147
1.16263
1.16376
1.09477
1.11812
1.11506
1.10814
1.15846
1.10418
1.1691
1.12472
1.19578
1.19317
1.14383
1.17637
1.12929
1.10304
1.19564
1.1064
1.07606
1.09513
1.11249
1.1525
1.10667
1.11622
1.09094
1.16011
1.14135
1.0931
1.14191
1.18753
1.11265
1.19464
1.22737
1.08714
1.13835
1.13459
1.09663
1.12124
1.12106
1.15719
1.11341
1.05933
1.19045
1.1284
1.17636
1.16557
1.17718
1.18864
1.14614
1.11266
1.15795
1.15795
1.11869
1.24671
1.13456
1.09268
1.11396
1.0879
1.18728
1.13908
1.22601
1.16884
1.20492
1.17556
1.12722
1.09863
1.1843
1.09838
1.19698
1.1653
1.16397
1.1156
1.09663
1.08424
1.09253
1.14975
1.17035
1.12733
1.17705
1.11565
1.1364
1.08991
1.0735
1.11707
1.12465
1.18863
1.15218
1.2037
1.13747
1.12404
1.11657
1.10057
1.09579
1.07612
1.15411
1.14345
1.14429
1.1082
1.0698
1.16203
1.13342
1.30589
1.09058
1.13719
1.11714
1.15278
1.13409
1.14388
1.15103
1.15887
1.11019
1.1024
1.223
1.16684
1.22568
1.16412
1.12607
1.11339
1.16022
1.13328
1.09359
1.22026
1.14533
1.15571
1.09007
1.21286
1.11025
1.22908
1.10811
1.13028
1.09604
1.20055
1.07788
1.16259
1.05953
1.13601
1.13628
1.12236
1.12253
1.14376
1.11431
1.09265
1.16456
1.12913
1.18893
1.60763
1.17486
1.12367
1.10053
1.14511
1.08863
1.1244
1.15418
1.09622
1.14297
1.11781
1.11608
1.16771
1.09192
1.18864
1.18492
1.16575
1.12015
1.17695
1.11352
1.15722
1.12208
1.11734
1.13368
1.07467
1.15029
1.1431
1.09539
1.09566
1.09883
1.11087
1.20742
1.16572
1.21605
1.11177
1.1158
1.12266
1.16057
1.09112
1.12177
1.1364
1.18818
1.08232
1.16359
1.08627
1.20185
1.14665
1.19966
1.16127
1.16065
1.11854
1.17232
1.09448
1.08989
1.15778
1.15439
1.15465
1.17517
1.18168
1.19391
1.10662
1.12781
1.15931
1.11671
1.11037
1.08278
1.18565
1.07117
1.17183
1.21254
1.19796
1.14786
1.12947
1.10368
1.12542
1.13252
1.19078
1.07934
1.16187
1.15935
1.14257
1.10912
1.16073
1.20208
1.11731
1.19266
1.09779
1.13639
1.13004
1.61673
1.12056
1.19979
1.14004
1.1124
1.10894
1.0602
1.11122
1.12532
1.09931
1.15011
1.14381
1.23222
1.179
1.16373
1.06906
1.1515
1.15509
1.15265
1.11089
1.07724
1.14252
1.15433
1.18431
1.1218
1.14958
1.07575
1.17745
1.12833
1.17904
1.08284
1.15238
1.15861
1.14656
1.12098
1.11045
1.11967
1.16254
1.1947
1.1448
1.16879
1.18432
1.13344
1.08858
1.26201
1.61542
1.1547
1.18141
1.15516
1.13907
1.20801
1.09912
1.17674
1.16358
1.16204
1.15275
1.11108
1.13766
1.18013
1.08242
1.19977
1.12903
1.12595
1.11721
1.70173
1.12739
1.13707
1.25959
1.27157
1.16548
1.13407
1.22914
1.13996
1.12365
1.09404
1.1548
1.14453
1.13296
1.13446
1.17121
1.21822
1.09084
1.19991
1.16777
1.14589
1.0929
1.1852
1.11966
1.16059
1.14221
1.16874
1.13609
1.13971
1.12449
1.12346
1.16225
1.11346
1.12311
1.12934
1.47132
1.12911
1.18708
1.1531
1.27733
1.12922
1.21082
1.21112
1.09468
1.18398
1.20242
1.59475
1.11222
1.17568
1.17882
1.09724
1.1468
1.10353
1.21142
1.12387
1.16227
1.10592
1.12429
1.16248
1.1381
1.11439
1.15921
1.90577
1.08986
1.14939
1.17356
1.12884
1.12378
1.17161
1.2235
1.09613
1.21554
1.20713
1.16412
1.1388
1.16032
1.10662
1.11518
1.10923
1.16707
1.04734
1.08771
1.18355
1.17293
1.13426
1.09428
1.10888
1.12179
1.12846
1.17435
1.1339
1.05435
1.16929
1.08482
1.09908
1.13885
1.22542
1.09497
1.14138
1.21161
1.09332
1.11333
1.09306
1.11199
1.05968
1.16696
1.12459
1.20745
1.10782
1.14449
1.16695
1.15019
1.08973
1.13362
1.14653
1.13703
1.12672
1.21059
1.1307
1.08213
1.19504
1.1394
1.19228
1.11375
1.10885
1.13103
1.12089
1.11871
1.10334
1.18905
1.17367
1.13817
1.13213
1.09586
1.10689
1.10914
1.13538
1.16663
1.21951
1.17066
1.14078
1.15278
1.08213
1.07441
1.08563
1.12806
1.17547
1.08177
1.21307
1.13672
1.1383
1.16839
1.19226
1.13195
1.15516
1.14206
1.08643
1.16529
1.29393
1.06108
1.16924
1.1022
1.11135
1.12032
1.09022
1.14324
1.1288
1.15954
1.09643
1.12236
1.11236
1.14015
1.16322
1.13916
1.1757
1.13398
1.15772
1.07075
1.17208
1.17403
1.19195
1.10866
1.15454
1.11127
1.08537
1.0759
1.17663
1.15305
1.10341
1.09408
1.12276
1.10926
1.21302
1.12063
1.17414
1.12811
1.13467
1.18339
1.08638
1.09258
1.0961
1.11995
1.94354
1.17741
1.19072
1.12591
1.18582
1.16131
1.17925
1.13692
1.09957
1.20143
1.16987
1.15507
1.17782
1.15159
1.1614
1.14427
1.1628
1.1159
1.1475
1.18842
1.18179
1.15868
1.09991
1.1519
1.09823
1.19952
1.14588
1.14016
1.09909
1.11169
1.13316
1.21146
1.0928
1.09037
1.13798
1.1142
1.13595
1.19095
1.18866
1.06484
1.11037
1.125
1.12633
1.20318
1.17291
1.12376
1.12882
1.15675
1.16004
1.09376
1.1683
1.06712
1.08823
1.14251
1.10549
1.16875
1.15036
1.09809
1.14347
1.15009
1.14945
1.1211
1.16151
1.20752
1.18427
1.16466
1.0969
1.16373
1.23118
1.17312
1.17686
1.13912
1.14406
1.12758
1.10243
1.14195
1.12448
1.15542
1.20362
1.11148
1.11009
1.13536
1.1129
1.15053
1.087
1.15785
1.14935
1.09425
1.20209
1.49752
1.11708
1.11824
1.13273
1.12305
1.10343
1.14036
1.10205
1.11176
1.16228
1.12979
1.1142
1.13458
1.09861
1.1429
1.17819
1.12325
1.11422
1.11068
1.08736
1.14324
1.17387
1.10291
1.14804
1.58163
1.14342
1.10309
1.1534
1.16401
1.0985
1.09629
1.15082
1.13612
1.15301
1.14715
1.0829
1.20236
1.11901
1.21945
1.16608
1.18314
1.16458
1.16559
1.21589
1.13362
1.13417
1.12176
1.12228
1.11611
1.14612
1.11513
1.13215
1.14679
1.11613
1.15979
1.1449
1.13366
1.19158
1.15024
1.15634
1.10167
1.18695
1.12116
1.11629
1.10349
1.16346
1.18243
1.10313
1.08993
1.12809
1.15982
1.13629
1.23448
1.06169
1.1459
1.08137
1.11446
1.12045
1.13016
1.14144
1.26186
1.11836
1.12084
1.14903
1.12163
1.12269
1.18704
1.13053
1.13161
1.16828
1.15966
1.13299
1.09698
1.14997
1.16225
1.10285
1.18338
1.16784
1.1078
1.16187
1.17388
1.09423
1.14932
1.11347
1.14175
1.11435
1.12941
1.12989
1.09005
1.16658
1.1696
1.22003
1.18301
1.14759
1.08306
1.13572
1.17649
1.17014
1.13553
1.23594
1.14808
1.17502
1.19457
1.14372
1.18715
1.1931
1.72634
1.54135
1.65659
1.60626
1.58329
1.74316
1.60478
1.64988
1.62474
1.57575
1.73916
1.58294
1.53846
1.7513
1.73448
1.58562
1.80673
1.53792
1.57875
1.5093
1.4747
1.74382
1.64724
1.49868
1.7072
1.52999
1.46665
1.58304
1.67433
1.6057
1.51258
1.52369
1.71695
1.92213
1.52112
1.69778
1.59829
1.58936
1.54172
1.69691
1.67164
1.63053
1.62109
1.53636
1.43916
1.53596
1.86233
1.64215
1.64812
1.63693
1.61959
1.6178
1.66242
1.69896
1.71442
1.42649
1.54828
1.66863
1.63347
1.57424
1.62976
1.66927
1.60625
1.52959
1.77622
1.65595
1.64091
1.64267
1.96725
1.6669
1.63359
1.47028
2.00652
1.79051
1.58773
1.51948
1.60138
1.529
1.56588
1.67942
1.69129
1.73
1.46792
1.84256
1.89555
1.67438
1.75186
1.54647
1.527
1.47344
1.92522
1.67349
1.7266
1.67535
1.5636
1.67925
1.81199
1.56693
1.6458
1.70764
1.42866
1.58779
1.60914
1.64702
1.67472
1.49205
1.61683
1.59266
1.41285
1.89088
1.54817
1.6587
1.52979
1.55531
1.84104
1.84836
1.49611
1.63277
1.7295
1.50103
1.75866
1.88458
1.50265
1.65386
1.75491
1.64848
1.7504
1.60185
1.59663
1.75589
1.66726
1.67148
1.64027
1.61249
1.67466
1.8037
1.52545
1.59122
1.53218
1.76004
1.85484
1.7498
1.70406
2.01199
1.83213
1.61674
1.79962
1.7341
1.75025
1.99887
1.63138
1.55087
1.47978
1.43907
1.62378
1.54348
1.61293
1.60307
1.7042
1.4941
1.54627
1.63436
1.78323
1.52909
1.888
1.70442
1.48791
1.72945
1.65408
1.46189
1.56559
1.72361
1.67964
1.6793
1.51764
1.6022
1.50139
1.61457
1.57186
1.57378
1.69515
1.66021
1.58459
1.52581
1.51597
1.5543
1.61928
1.99868
1.47247
1.86878
1.62562
1.52611
1.66957
1.54758
1.73383
1.65017
1.67929
1.69906
1.69534
1.62091
1.58878
1.95014
1.51239
1.64978
1.68837
1.61193
1.81145
1.53043
1.64044
1.62253
1.46379
1.50623
1.69781
1.71165
1.55837
1.53981
1.66306
1.73729
1.59447
1.61142
1.7008
1.41432
1.58505
1.73469
1.50857
1.76901
1.46308
1.68825
1.69414
1.57333
1.67038
1.78118
1.63095
1.48368
1.86012
1.59274
1.41717
1.60423
1.78339
1.76157
1.77662
1.78414
1.72132
1.67804
1.72903
1.72817
1.55815
1.56313
1.63513
1.5778
1.70773
1.66813
1.60411
1.65888
1.73872
1.43386
1.64959
1.72736
1.82928
1.88129
1.52561
1.6756
1.78236
1.77336
1.56165
1.76818
1.67993
1.55432
1.51315
1.68036
1.89013
1.46919
1.40128
1.5759
1.55301
1.63668
1.73648
1.59699
1.54714
1.51261
1.57782
1.60366
1.51148
1.52767
1.82254
1.71979
1.6103
1.65711
1.77387
1.44303
1.55219
1.61827
1.74459
1.58022
1.79057
1.91627
1.66094
1.46446
1.68575
1.50467
1.55747
1.64364
1.48011
1.7501
1.54822
1.4613
1.62553
1.54919
1.64562
1.5029
1.94696
1.52191
1.65842
1.90182
1.55887
1.65306
1.66563
1.80569
1.56091
1.62751
1.5396
1.55249
1.57851
1.60644
1.62782
1.41902
1.54813
1.71552
1.48759
1.91777
1.73917
1.62357
1.74633
1.60537
1.62615
2.01456
1.69654
1.65676
1.6399
1.70318
1.54901
1.54079
1.74502
1.75603
1.61671
1.59589
1.56872
1.81085
1.62314
1.73001
1.48161
1.71246
1.43983
2.29256
1.59931
1.59337
1.49738
1.56306
1.52956
1.43854
1.67159
1.63608
1.82787
1.71772
1.66907
1.45589
1.69717
1.60237
1.57707
1.82131
1.66864
1.68952
1.64643
1.74901
1.55852
1.58325
1.66278
1.57331
1.52983
1.41367
1.65336
1.45329
1.57016
1.61581
1.72679
1.75436
1.92727
1.73948
1.7754
1.43764
1.60473
1.65513
1.49785
1.53683
1.64332
1.60547
1.84447
1.85155
1.62111
1.83014
1.69756
1.59875
1.72056
1.62663
1.50051
1.60466
1.68665
1.7712
1.76751
1.41872
1.78929
1.54238
1.71307
1.62609
1.56089
1.50206
2.01367
1.54397
1.72228
1.5561
1.78844
1.78487
1.59622
1.40456
1.57072
1.69473
1.59106
1.58229
1.47049
1.78939
1.60763
1.71256
1.70032
1.624
1.58884
1.68813
1.65827
1.63946
1.66629
1.64255
1.53926
1.61812
1.80683
1.74326
1.68867
1.63942
1.83438
1.51327
1.6338
1.55068
1.84405
1.63845
1.51452
1.7885
1.59607
1.61432
1.45968
1.4462
1.60378
1.55391
1.55302
1.75568
1.70232
1.79053
1.58663
1.71902
1.48762
1.53137
1.51153
1.69265
2.16834
1.69676
1.42766
1.63667
1.43174
1.89722
1.74534
1.6849
1.68153
1.47884
1.39151
1.59146
1.449
1.52987
1.74212
1.7473
1.63098
1.63324
1.78637
1.70801
1.70904
1.54008
1.71543
1.57366
1.74935
1.86734
1.76949
1.86133
1.74582
1.9674
1.76083
1.68498
1.72294
1.48815
1.59479
1.56637
1.6145
1.52373
1.95551
1.62452
1.62361
1.74934
1.58392
1.64795
1.44774
1.81344
1.5729
1.70027
1.5246
1.61673
1.70871
1.76098
1.55524
1.55615
1.57416
1.78946
1.80476
1.64974
1.51622
1.61211
1.55831
1.88648
1.74781
1.58083
1.664
1.60203
1.56444
1.69039
1.68484
1.53608
1.69745
1.69445
1.67746
1.60944
1.59332
1.45983
1.65941
1.63583
1.53695
1.55935
1.66678
1.53016
1.73553
1.60217
1.39779
1.66031
1.72955
1.59844
1.60303
1.68786
1.7637
1.62967
1.53211
1.97378
1.61542
1.75656
1.59168
1.75785
1.87191
1.82363
1.46883
1.59162
1.85738
1.59507
1.77581
1.63794
1.74745
1.8139
1.67002
1.72827
1.74207
1.62231
1.62809
1.70173
1.63763
1.67846
1.81399
1.93354
1.74624
1.791
1.76586
1.92593
1.5332
1.99836
1.54466
1.55571
1.62534
1.51015
1.75989
1.74401
1.52176
1.6053
1.66946
1.70387
1.49684
1.96069
1.73728
1.661
1.6425
1.88346
1.56589
1.63316
1.58005
1.53845
1.79236
1.5915
1.59702
1.85872
1.47132
1.50708
1.64219
1.58203
2.2238
1.56818
1.85329
1.76995
1.45931
1.6406
1.75662
1.59475
1.49895
1.51828
1.53496
1.67343
1.55202
1.64857
1.67134
1.55498
1.68582
1.46765
1.57646
1.63556
1.72173
1.59295
1.78876
1.90577
1.51998
1.64703
1.60669
1.46008
1.59459
1.64476
1.68231
1.80258
1.88922
1.78919
1.64516
1.82781
1.50102
1.6762
1.60012
1.64882
1.71726
1.63324
1.61128
1.52278
1.62488
1.86378
1.59627
1.68331
1.57471
2.12045
1.58094
1.5709
1.56967
1.66841
1.6782
1.69597
1.57033
1.65152
1.49176
1.49207
1.76359
1.55175
1.48028
1.54344
1.55236
1.45256
1.58632
1.48347
1.76213
1.71633
1.54397
1.57071
1.78049
1.48556
1.72934
1.72194
1.61916
1.60194
1.77256
1.6164
1.60083
1.86056
1.41809
1.6409
1.66462
1.39505
1.67686
1.59501
1.71312
1.53176
1.7817
1.63321
1.72048
1.47719
1.37011
1.70929
1.56172
1.5723
1.8852
1.88768
1.81529
1.47465
1.54788
1.77968
1.7751
1.46966
1.71307
1.61861
1.59844
1.71197
1.5271
1.47348
1.63735
1.77193
1.63187
1.54836
1.5712
1.6864
1.78692
1.78386
1.78037
1.57701
1.31712
1.88519
1.56167
1.4702
1.59127
1.79709
1.5256
1.58264
1.45339
1.6778
1.80171
2.00662
1.85238
1.69348
1.65289
1.66866
1.60321
1.71643
1.72009
1.59556
1.62964
1.62224
1.78844
1.66787
1.43639
1.54314
1.56502
1.69244
1.58251
1.80179
1.44533
1.77129
1.6107
1.70852
1.54363
1.53727
1.75948
1.49912
1.51908
1.39787
1.50664
1.94354
1.60908
1.65177
1.63259
1.65027
1.94531
1.72947
1.48328
1.69539
1.85164
1.56695
1.58144
1.73937
1.70544
1.72453
1.50693
1.64643
1.5914
1.88625
1.65286
1.73571
1.62376
1.52211
1.71564
1.59168
1.79428
1.525
1.6827
1.71096
1.69472
1.55151
1.79178
1.53304
1.71292
1.7506
1.86947
1.58976
1.81273
1.90228
1.64842
1.67201
1.54032
1.43406
1.79043
1.59683
1.77422
1.69872
1.7349
1.55407
1.54249
1.67953
1.63362
1.67678
1.65869
1.5978
1.73406
1.61169
1.54775
1.50867
1.73895
1.64817
1.57152
1.91773
1.8674
1.80196
1.62308
1.37083
1.51978
1.80699
1.59732
1.55209
1.5745
1.43959
1.79206
1.52409
1.62238
1.67461
1.71334
1.76794
1.57434
1.67267
1.64884
1.57232
1.7329
1.82627
1.92566
1.77661
1.52252
2.03295
1.49752
1.53317
1.68775
1.67723
1.51721
1.52066
1.56397
1.39779
1.71121
1.71844
1.77297
1.51253
1.49593
1.53232
1.6317
1.80212
1.79647
1.57587
1.69995
1.48454
1.64472
1.80849
1.70373
1.64051
1.58163
1.64293
1.72949
1.72564
1.72138
1.77051
1.42376
1.62872
1.5015
1.58663
1.48706
1.55721
1.90898
1.59017
1.66356
1.61946
1.63263
1.72637
1.58188
1.62256
1.41312
1.61081
1.5523
1.6033
1.98403
1.88657
1.47978
1.67319
1.49612
1.65118
1.45455
1.66854
1.59419
1.56287
1.76476
1.50807
1.57651
1.87889
1.65231
1.8834
1.47937
1.6856
1.78095
1.57869
1.56475
1.42688
1.81308
1.53205
1.78287
1.53656
1.55374
1.67761
1.46359
1.67645
1.56673
1.58185
1.74094
1.55498
1.71957
1.51787
1.60956
1.77235
1.75517
1.61578
1.63179
1.72142
1.67762
1.78631
1.52628
1.63562
1.55541
1.56448
1.86246
1.68209
1.65537
1.57153
1.56639
1.63343
1.56151
1.64164
1.76492
1.73977
1.58298
1.65777
1.52912
1.64864
1.57621
1.71935
1.65823
1.69622
1.37258
1.52188
1.79486
1.63663
1.49458
1.89274
1.66188
1.89809
1.76736
1.5441
1.74982
1.73998
1.72634
1.54135
1.65659
1.60626
1.58329
1.74316
1.60478
1.64988
1.62474
1.57575
1.73916
1.58294
1.53846
1.7513
1.73448
1.58562
1.80673
1.53792
1.57875
1.5093
1.4747
1.74382
1.64724
1.49868
1.7072
1.52999
1.46665
1.58304
1.67433
1.6057
1.51258
1.52369
1.71695
1.92213
1.52112
1.69778
1.59829
1.58936
1.54172
1.69691
1.67164
1.63053
1.62109
1.53636
1.43916
1.53596
1.86233
1.64215
1.64812
1.63693
1.61959
1.6178
1.66242
1.69896
1.71442
1.42649
1.54828
1.66863
1.63347
1.57424
1.62976
1.66927
1.60625
1.52959
1.77622
1.65595
1.64091
1.64267
1.96725
1.6669
1.63359
1.47028
2.00652
1.79051
1.58773
1.51948
1.60138
1.529
1.56588
1.67942
1.69129
1.73
1.46792
1.84256
1.89555
1.67438
1.75186
1.54647
1.527
1.47344
1.92522
1.67349
1.7266
1.67535
1.5636
1.67925
1.81199
1.56693
1.6458
1.70764
1.42866
1.58779
1.60914
1.64702
1.67472
1.49205
1.61683
1.59266
1.41285
1.89088
1.54817
1.6587
1.52979
1.55531
1.84104
1.84836
1.49611
1.63277
1.7295
1.50103
1.75866
1.88458
1.50265
1.65386
1.75491
1.64848
1.7504
1.60185
1.59663
1.75589
1.66726
1.67148
1.64027
1.61249
1.67466
1.8037
1.52545
1.59122
1.53218
1.76004
1.85484
1.7498
1.70406
2.01199
1.83213
1.61674
1.79962
1.7341
1.75025
1.99887
1.63138
1.55087
1.47978
1.43907
1.62378
1.54348
1.61293
1.60307
1.7042
1.4941
1.54627
1.63436
1.78323
1.52909
1.888
1.70442
1.48791
1.72945
1.65408
1.46189
1.56559
1.72361
1.67964
1.6793
1.51764
1.6022
1.50139
1.61457
1.57186
1.57378
1.69515
1.66021
1.58459
1.52581
1.51597
1.5543
1.61928
1.99868
1.47247
1.86878
1.62562
1.52611
1.66957
1.54758
1.73383
1.65017
1.67929
1.69906
1.69534
1.62091
1.58878
1.95014
1.51239
1.64978
1.68837
1.61193
1.81145
1.53043
1.64044
1.62253
1.46379
1.50623
1.69781
1.71165
1.55837
1.53981
1.66306
1.73729
1.59447
1.61142
1.7008
1.41432
1.58505
1.73469
1.50857
1.76901
1.46308
1.68825
1.69414
1.57333
1.67038
1.78118
1.63095
1.48368
1.86012
1.59274
1.41717
1.60423
1.78339
1.76157
1.77662
1.78414
1.72132
1.67804
1.72903
1.72817
1.55815
1.56313
1.63513
1.5778
1.70773
1.66813
1.60411
1.65888
1.73872
1.43386
1.64959
1.72736
1.82928
1.88129
1.52561
1.6756
1.78236
1.77336
1.56165
1.76818
1.67993
1.55432
1.51315
1.68036
1.89013
1.46919
1.40128
1.5759
1.55301
1.63668
1.73648
1.59699
1.54714
1.51261
1.57782
1.60366
1.51148
1.52767
1.82254
1.71979
1.6103
1.65711
1.77387
1.44303
1.55219
1.61827
1.74459
1.58022
1.79057
1.91627
1.66094
1.46446
1.68575
1.50467
1.55747
1.64364
1.48011
1.7501
1.54822
1.4613
1.62553
1.54919
1.64562
1.5029
1.94696
1.52191
1.65842
1.90182
1.55887
1.65306
1.66563
1.80569
1.56091
1.62751
1.5396
1.55249
1.57851
1.60644
1.62782
1.41902
1.54813
1.71552
1.48759
1.91777
1.73917
1.62357
1.74633
1.60537
1.62615
2.01456
1.69654
1.65676
1.6399
1.70318
1.54901
1.54079
1.74502
1.75603
1.61671
1.59589
1.56872
1.81085
1.62314
1.73001
1.48161
1.71246
1.43983
2.29256
1.59931
1.59337
1.49738
1.56306
1.52956
1.43854
1.67159
1.63608
1.82787
1.71772
1.66907
1.45589
1.69717
1.60237
1.57707
1.82131
1.66864
1.68952
1.64643
1.74901
1.55852
1.58325
1.66278
1.57331
1.52983
1.41367
1.65336
1.45329
1.57016
1.61581
1.72679
1.75436
1.92727
1.73948
1.7754
1.43764
1.60473
1.65513
1.49785
1.53683
1.64332
1.60547
1.84447
1.85155
1.62111
1.83014
1.69756
1.59875
1.72056
1.62663
1.50051
1.60466
1.68665
1.7712
1.76751
1.41872
1.78929
1.54238
1.71307
1.62609
1.56089
1.50206
2.01367
1.54397
1.72228
1.5561
1.78844
1.78487
1.59622
1.40456
1.57072
1.69473
1.59106
1.58229
1.47049
1.78939
1.60763
1.71256
1.70032
1.624
1.58884
1.68813
1.65827
1.63946
1.66629
1.64255
1.53926
1.61812
1.80683
1.74326
1.68867
1.63942
1.83438
1.51327
1.6338
1.55068
1.84405
1.63845
1.51452
1.7885
1.59607
1.61432
1.45968
1.4462
1.60378
1.55391
1.55302
1.75568
1.70232
1.79053
1.58663
1.71902
1.48762
1.53137
1.51153
1.69265
2.16834
1.69676
1.42766
1.63667
1.43174
1.89722
1.74534
1.6849
1.68153
1.47884
1.39151
1.59146
1.449
1.52987
1.74212
1.7473
1.63098
1.63324
1.78637
1.70801
1.70904
1.54008
1.71543
1.57366
1.74935
1.86734
1.76949
1.86133
1.74582
1.9674
1.76083
1.68498
1.72294
1.48815
1.59479
1.56637
1.6145
1.52373
1.95551
1.62452
1.62361
1.74934
1.58392
1.64795
1.44774
1.81344
1.5729
1.70027
1.5246
1.61673
1.70871
1.76098
1.55524
1.55615
1.57416
1.78946
1.80476
1.64974
1.51622
1.61211
1.55831
1.88648
1.74781
1.58083
1.664
1.60203
1.56444
1.69039
1.68484
1.53608
1.69745
1.69445
1.67746
1.60944
1.59332
1.45983
1.65941
1.63583
1.53695
1.55935
1.66678
1.53016
1.73553
1.60217
1.39779
1.66031
1.72955
1.59844
1.60303
1.68786
1.7637
1.62967
1.53211
1.97378
1.61542
1.75656
1.59168
1.75785
1.87191
1.82363
1.46883
1.59162
1.85738
1.59507
1.77581
1.63794
1.74745
1.8139
1.67002
1.72827
1.74207
1.62231
1.62809
1.70173
1.63763
1.67846
1.81399
1.93354
1.74624
1.791
1.76586
1.92593
1.5332
1.99836
1.54466
1.55571
1.62534
1.51015
1.75989
1.74401
1.52176
1.6053
1.66946
1.70387
1.49684
1.96069
1.73728
1.661
1.6425
1.88346
1.56589
1.63316
1.58005
1.53845
1.79236
1.5915
1.59702
1.85872
1.47132
1.50708
1.64219
1.58203
2.2238
1.56818
1.85329
1.76995
1.45931
1.6406
1.75662
1.59475
1.49895
1.51828
1.53496
1.67343
1.55202
1.64857
1.67134
1.55498
1.68582
1.46765
1.57646
1.63556
1.72173
1.59295
1.78876
1.90577
1.51998
1.64703
1.60669
1.46008
1.59459
1.64476
1.68231
1.80258
1.88922
1.78919
1.64516
1.82781
1.50102
1.6762
1.60012
1.64882
1.71726
1.63324
1.61128
1.52278
1.62488
1.86378
1.59627
1.68331
1.57471
2.12045
1.58094
1.5709
1.56967
1.66841
1.6782
1.69597
1.57033
1.65152
1.49176
1.49207
1.76359
1.55175
1.48028
1.54344
1.55236
1.45256
1.58632
1.48347
1.76213
1.71633
1.54397
1.57071
1.78049
1.48556
1.72934
1.72194
1.61916
1.60194
1.77256
1.6164
1.60083
1.86056
1.41809
1.6409
1.66462
1.39505
1.67686
1.59501
1.71312
1.53176
1.7817
1.63321
1.72048
1.47719
1.37011
1.70929
1.56172
1.5723
1.8852
1.88768
1.81529
1.47465
1.54788
1.77968
1.7751
1.46966
1.71307
1.61861
1.59844
1.71197
1.5271
1.47348
1.63735
1.77193
1.63187
1.54836
1.5712
1.6864
1.78692
1.78386
1.78037
1.57701
1.31712
1.88519
1.56167
1.4702
1.59127
1.79709
1.5256
1.58264
1.45339
1.6778
1.80171
2.00662
1.85238
1.69348
1.65289
1.66866
1.60321
1.71643
1.72009
1.59556
1.62964
1.62224
1.78844
1.66787
1.43639
1.54314
1.56502
1.69244
1.58251
1.80179
1.44533
1.77129
1.6107
1.70852
1.54363
1.53727
1.75948
1.49912
1.51908
1.39787
1.50664
1.94354
1.60908
1.65177
1.63259
1.65027
1.94531
1.72947
1.48328
1.69539
1.85164
1.56695
1.58144
1.73937
1.70544
1.72453
1.50693
1.64643
1.5914
1.88625
1.65286
1.73571
1.62376
1.52211
1.71564
1.59168
1.79428
1.525
1.6827
1.71096
1.69472
1.55151
1.79178
1.53304
1.71292
1.7506
1.86947
1.58976
1.81273
1.90228
1.64842
1.67201
1.54032
1.43406
1.79043
1.59683
1.77422
1.69872
1.7349
1.55407
1.54249
1.67953
1.63362
1.67678
1.65869
1.5978
1.73406
1.61169
1.54775
1.50867
1.73895
1.64817
1.57152
1.91773
1.8674
1.80196
1.62308
1.37083
1.51978
1.80699
1.59732
1.55209
1.5745
1.43959
1.79206
1.52409
1.62238
1.67461
1.71334
1.76794
1.57434
1.67267
1.64884
1.57232
1.7329
1.82627
1.92566
1.77661
1.52252
2.03295
1.49752
1.53317
1.68775
1.67723
1.51721
1.52066
1.56397
1.39779
1.71121
1.71844
1.77297
1.51253
1.49593
1.53232
1.6317
1.80212
1.79647
1.57587
1.69995
1.48454
1.64472
1.80849
1.70373
1.64051
1.58163
1.64293
1.72949
1.72564
1.72138
1.77051
1.42376
1.62872
1.5015
1.58663
1.48706
1.55721
1.90898
1.59017
1.66356
1.61946
1.63263
1.72637
1.58188
1.62256
1.41312
1.61081
1.5523
1.6033
1.98403
1.88657
1.47978
1.67319
1.49612
1.65118
1.45455
1.66854
1.59419
1.56287
1.76476
1.50807
1.57651
1.87889
1.65231
1.8834
1.47937
1.6856
1.78095
1.57869
1.56475
1.42688
1.81308
1.53205
1.78287
1.53656
1.55374
1.67761
1.46359
1.67645
1.56673
1.58185
1.74094
1.55498
1.71957
1.51787
1.60956
1.77235
1.75517
1.61578
1.63179
1.72142
1.67762
1.78631
1.52628
1.63562
1.55541
1.56448
1.86246
1.68209
1.65537
1.57153
1.56639
1.63343
1.56151
1.64164
1.76492
1.73977
1.58298
1.65777
1.52912
1.64864
1.57621
1.71935
1.65823
1.69622
1.37258
1.52188
1.79486
1.63663
1.49458
1.89274
1.66188
1.89809
1.76736
1.5441
1.74982
1.73998
1.72634
1.54135
1.65659
1.60626
1.58329
1.74316
1.60478
1.64988
1.62474
1.57575
1.73916
1.58294
1.53846
1.7513
1.73448
1.58562
1.80673
1.53792
1.57875
1.5093
1.4747
1.74382
1.64724
1.49868
1.7072
1.52999
1.46665
1.58304
1.67433
1.6057
1.51258
1.52369
1.71695
1.92213
1.52112
1.69778
1.59829
1.58936
1.54172
1.69691
1.67164
1.63053
1.62109
1.53636
1.43916
1.53596
1.86233
1.64215
1.64812
1.63693
1.61959
1.6178
1.66242
1.69896
1.71442
1.42649
1.54828
1.66863
1.63347
1.57424
1.62976
1.66927
1.60625
1.52959
1.77622
1.65595
1.64091
1.64267
1.96725
1.6669
1.63359
1.47028
2.00652
1.79051
1.58773
1.51948
1.60138
1.529
1.56588
1.67942
1.69129
1.73
1.46792
1.84256
1.89555
1.67438
1.75186
1.54647
1.527
1.47344
1.92522
1.67349
1.7266
1.67535
1.5636
1.67925
1.81199
1.56693
1.6458
1.70764
1.42866
1.58779
1.60914
1.64702
1.67472
1.49205
1.61683
1.59266
1.41285
1.89088
1.54817
1.6587
1.52979
1.55531
1.84104
1.84836
1.49611
1.63277
1.7295
1.50103
1.75866
1.88458
1.50265
1.65386
1.75491
1.64848
1.7504
1.60185
1.59663
1.75589
1.66726
1.67148
1.64027
1.61249
1.67466
1.8037
1.52545
1.59122
1.53218
1.76004
1.85484
1.7498
1.70406
2.01199
1.83213
1.61674
1.79962
1.7341
1.75025
1.99887
1.63138
1.55087
1.47978
1.43907
1.62378
1.54348
1.61293
1.60307
1.7042
1.4941
1.54627
1.63436
1.78323
1.52909
1.888
1.70442
1.48791
1.72945
1.65408
1.46189
1.56559
1.72361
1.67964
1.6793
1.51764
1.6022
1.50139
1.61457
1.57186
1.57378
1.69515
1.66021
1.58459
1.52581
1.51597
1.5543
1.61928
1.99868
1.47247
1.86878
1.62562
1.52611
1.66957
1.54758
1.73383
1.65017
1.67929
1.69906
1.69534
1.62091
1.58878
1.95014
1.51239
1.64978
1.68837
1.61193
1.81145
1.53043
1.64044
1.62253
1.46379
1.50623
1.69781
1.71165
1.55837
1.53981
1.66306
1.73729
1.59447
1.61142
1.7008
1.41432
1.58505
1.73469
1.50857
1.76901
1.46308
1.68825
1.69414
1.57333
1.67038
1.78118
1.63095
1.48368
1.86012
1.59274
1.41717
1.60423
1.78339
1.76157
1.77662
1.78414
1.72132
1.67804
1.72903
1.72817
1.55815
1.56313
1.63513
1.5778
1.70773
1.66813
1.60411
1.65888
1.73872
1.43386
1.64959
1.72736
1.82928
1.88129
1.52561
1.6756
1.78236
1.77336
1.56165
1.76818
1.67993
1.55432
1.51315
1.68036
1.89013
1.46919
1.40128
1.5759
1.55301
1.63668
1.73648
1.59699
1.54714
1.51261
1.57782
1.60366
1.51148
1.52767
1.82254
1.71979
1.6103
1.65711
1.77387
1.44303
1.55219
1.61827
1.74459
1.58022
1.79057
1.91627
1.66094
1.46446
1.68575
1.50467
1.55747
1.64364
1.48011
1.7501
1.54822
1.4613
1.62553
1.54919
1.64562
1.5029
1.94696
1.52191
1.65842
1.90182
1.55887
1.65306
1.66563
1.80569
1.56091
1.62751
1.5396
1.55249
1.57851
1.60644
1.62782
1.41902
1.54813
1.71552
1.48759
1.91777
1.73917
1.62357
1.74633
1.60537
1.62615
2.01456
1.69654
1.65676
1.6399
1.70318
1.54901
1.54079
1.74502
1.75603
1.61671
1.59589
1.56872
1.81085
1.62314
1.73001
1.48161
1.71246
1.43983
2.29256
1.59931
1.59337
1.49738
1.56306
1.52956
1.43854
1.67159
1.63608
1.82787
1.71772
1.66907
1.45589
1.69717
1.60237
1.57707
1.82131
1.66864
1.68952
1.64643
1.74901
1.55852
1.58325
1.66278
1.57331
1.52983
1.41367
1.65336
1.45329
1.57016
1.61581
1.72679
1.75436
1.92727
1.73948
1.7754
1.43764
1.60473
1.65513
1.49785
1.53683
1.64332
1.60547
1.84447
1.85155
1.62111
1.83014
1.69756
1.59875
1.72056
1.62663
1.50051
1.60466
1.68665
1.7712
1.76751
1.41872
1.78929
1.54238
1.71307
1.62609
1.56089
1.50206
2.01367
1.54397
1.72228
1.5561
1.78844
1.78487
1.59622
1.40456
1.57072
1.69473
1.59106
1.58229
1.47049
1.78939
1.60763
1.71256
1.70032
1.624
1.58884
1.68813
1.65827
1.63946
1.66629
1.64255
1.53926
1.61812
1.80683
1.74326
1.68867
1.63942
1.83438
1.51327
1.6338
1.55068
1.84405
1.63845
1.51452
1.7885
1.59607
1.61432
1.45968
1.4462
1.60378
1.55391
1.55302
1.75568
1.70232
1.79053
1.58663
1.71902
1.48762
1.53137
1.51153
1.69265
2.16834
1.69676
1.42766
1.63667
1.43174
1.89722
1.74534
1.6849
1.68153
1.47884
1.39151
1.59146
1.449
1.52987
1.74212
1.7473
1.63098
1.63324
1.78637
1.70801
1.70904
1.54008
1.71543
1.57366
1.74935
1.86734
1.76949
1.86133
1.74582
1.9674
1.76083
1.68498
1.72294
1.48815
1.59479
1.56637
1.6145
1.52373
1.95551
1.62452
1.62361
1.74934
1.58392
1.64795
1.44774
1.81344
1.5729
1.70027
1.5246
1.61673
1.70871
1.76098
1.55524
1.55615
1.57416
1.78946
1.80476
1.64974
1.51622
1.61211
1.55831
1.88648
1.74781
1.58083
1.664
1.60203
1.56444
1.69039
1.68484
1.53608
1.69745
1.69445
1.67746
1.60944
1.59332
1.45983
1.65941
1.63583
1.53695
1.55935
1.66678
1.53016
1.73553
1.60217
1.39779
1.66031
1.72955
1.59844
1.60303
1.68786
1.7637
1.62967
1.53211
1.97378
1.61542
1.75656
1.59168
1.75785
1.87191
1.82363
1.46883
1.59162
1.85738
1.59507
1.77581
1.63794
1.74745
1.8139
1.67002
1.72827
1.74207
1.62231
1.62809
1.70173
1.63763
1.67846
1.81399
1.93354
1.74624
1.791
1.76586
1.92593
1.5332
1.99836
1.54466
1.55571
1.62534
1.51015
1.75989
1.74401
1.52176
1.6053
1.66946
1.70387
1.49684
1.96069
1.73728
1.661
1.6425
1.88346
1.56589
1.63316
1.58005
1.53845
1.79236
1.5915
1.59702
1.85872
1.47132
1.50708
1.64219
1.58203
2.2238
1.56818
1.85329
1.76995
1.45931
1.6406
1.75662
1.59475
1.49895
1.51828
1.53496
1.67343
1.55202
1.64857
1.67134
1.55498
1.68582
1.46765
1.57646
1.63556
1.72173
1.59295
1.78876
1.90577
1.51998
1.64703
1.60669
1.46008
1.59459
1.64476
1.68231
1.80258
1.88922
1.78919
1.64516
1.82781
1.50102
1.6762
1.60012
1.64882
1.71726
1.63324
1.61128
1.52278
1.62488
1.86378
1.59627
1.68331
1.57471
2.12045
1.58094
1.5709
1.56967
1.66841
1.6782
1.69597
1.57033
1.65152
1.49176
1.49207
1.76359
1.55175
1.48028
1.54344
1.55236
1.45256
1.58632
1.48347
1.76213
1.71633
1.54397
1.57071
1.78049
1.48556
1.72934
1.72194
1.61916
1.60194
1.77256
1.6164
1.60083
1.86056
1.41809
1.6409
1.66462
1.39505
1.67686
1.59501
1.71312
1.53176
1.7817
1.63321
1.72048
1.47719
1.37011
1.70929
1.56172
1.5723
1.8852
1.88768
1.81529
1.47465
1.54788
1.77968
1.7751
1.46966
1.71307
1.61861
1.59844
1.71197
1.5271
1.47348
1.63735
1.77193
1.63187
1.54836
1.5712
1.6864
1.78692
1.78386
1.78037
1.57701
1.31712
1.88519
1.56167
1.4702
1.59127
1.79709
1.5256
1.58264
1.45339
1.6778
1.80171
2.00662
1.85238
1.69348
1.65289
1.66866
1.60321
1.71643
1.72009
1.59556
1.62964
1.62224
1.78844
1.66787
1.43639
1.54314
1.56502
1.69244
1.58251
1.80179
1.44533
1.77129
1.6107
1.70852
1.54363
1.53727
1.75948
1.49912
1.51908
1.39787
1.50664
1.94354
1.60908
1.65177
1.63259
1.65027
1.94531
1.72947
1.48328
1.69539
1.85164
1.56695
1.58144
1.73937
1.70544
1.72453
1.50693
1.64643
1.5914
1.88625
1.65286
1.73571
1.62376
1.52211
1.71564
1.59168
1.79428
1.525
1.6827
1.71096
1.69472
1.55151
1.79178
1.53304
1.71292
1.7506
1.86947
1.58976
1.81273
1.90228
1.64842
1.67201
1.54032
1.43406
1.79043
1.59683
1.77422
1.69872
1.7349
1.55407
1.54249
1.67953
1.63362
1.67678
1.65869
1.5978
1.73406
1.61169
1.54775
1.50867
1.73895
1.64817
1.57152
1.91773
1.8674
1.80196
1.62308
1.37083
1.51978
1.80699
1.59732
1.55209
1.5745
1.43959
1.79206
1.52409
1.62238
1.67461
1.71334
1.76794
1.57434
1.67267
1.64884
1.57232
1.7329
1.82627
1.92566
1.77661
1.52252
2.03295
1.49752
1.53317
1.68775
1.67723
1.51721
1.52066
1.56397
1.39779
1.71121
1.71844
1.77297
1.51253
1.49593
1.53232
1.6317
1.80212
1.79647
1.57587
1.69995
1.48454
1.64472
1.80849
1.70373
1.64051
1.58163
1.64293
1.72949
1.72564
1.72138
1.77051
1.42376
1.62872
1.5015
1.58663
1.48706
1.55721
1.90898
1.59017
1.66356
1.61946
1.63263
1.72637
1.58188
1.62256
1.41312
1.61081
1.5523
1.6033
1.98403
1.88657
1.47978
1.67319
1.49612
1.65118
1.45455
1.66854
1.59419
1.56287
1.76476
1.50807
1.57651
1.87889
1.65231
1.8834
1.47937
1.6856
1.78095
1.57869
1.56475
1.42688
1.81308
1.53205
1.78287
1.53656
1.55374
1.67761
1.46359
1.67645
1.56673
1.58185
1.74094
1.55498
1.71957
1.51787
1.60956
1.77235
1.75517
1.61578
1.63179
1.72142
1.67762
1.78631
1.52628
1.63562
1.55541
1.56448
1.86246
1.68209
1.65537
1.57153
1.56639
1.63343
1.56151
1.64164
1.76492
1.73977
1.58298
1.65777
1.52912
1.64864
1.57621
1.71935
1.65823
1.69622
1.37258
1.52188
1.79486
1.63663
1.49458
1.89274
1.66188
1.89809
1.76736
1.5441
1.74982
1.73998
1.72634
1.54135
1.65659
1.60626
1.58329
1.74316
1.60478
1.64988
1.62474
1.57575
1.73916
1.58294
1.53846
1.7513
1.73448
1.58562
1.80673
1.53792
1.57875
1.5093
1.4747
1.74382
1.64724
1.49868
1.7072
1.52999
1.46665
1.58304
1.67433
1.6057
1.51258
1.52369
1.71695
1.92213
1.52112
1.69778
1.59829
1.58936
1.54172
1.69691
1.67164
1.63053
1.62109
1.53636
1.43916
1.53596
1.86233
1.64215
1.64812
1.63693
1.61959
1.6178
1.66242
1.69896
1.71442
1.42649
1.54828
1.66863
1.63347
1.57424
1.62976
1.66927
1.60625
1.52959
1.77622
1.65595
1.64091
1.64267
1.96725
1.6669
1.63359
1.47028
2.00652
1.79051
1.58773
1.51948
1.60138
1.529
1.56588
1.67942
1.69129
1.73
1.46792
1.84256
1.89555
1.67438
1.75186
1.54647
1.527
1.47344
1.92522
1.67349
1.7266
1.67535
1.5636
1.67925
1.81199
1.56693
1.6458
1.70764
1.42866
1.58779
1.60914
1.64702
1.67472
1.49205
1.61683
1.59266
1.41285
1.89088
1.54817
1.6587
1.52979
1.55531
1.84104
1.84836
1.49611
1.63277
1.7295
1.50103
1.75866
1.88458
1.50265
1.65386
1.75491
1.64848
1.7504
1.60185
1.59663
1.75589
1.66726
1.67148
1.64027
1.61249
1.67466
1.8037
1.52545
1.59122
1.53218
1.76004
1.85484
1.7498
1.70406
2.01199
1.83213
1.61674
1.79962
1.7341
1.75025
1.99887
1.63138
1.55087
1.47978
1.43907
1.62378
1.54348
1.61293
1.60307
1.7042
1.4941
1.54627
1.63436
1.78323
1.52909
1.888
1.70442
1.48791
1.72945
1.65408
1.46189
1.56559
1.72361
1.67964
1.6793
1.51764
1.6022
1.50139
1.61457
1.57186
1.57378
1.69515
1.66021
1.58459
1.52581
1.51597
1.5543
1.61928
1.99868
1.47247
1.86878
1.62562
1.52611
1.66957
1.54758
1.73383
1.65017
1.67929
1.69906
1.69534
1.62091
1.58878
1.95014
1.51239
1.64978
1.68837
1.61193
1.81145
1.53043
1.64044
1.62253
1.46379
1.50623
1.69781
1.71165
1.55837
1.53981
1.66306
1.73729
1.59447
1.61142
1.7008
1.41432
1.58505
1.73469
1.50857
1.76901
1.46308
1.68825
1.69414
1.57333
1.67038
1.78118
1.63095
1.48368
1.86012
1.59274
1.41717
1.60423
1.78339
1.76157
1.77662
1.78414
1.72132
1.67804
1.72903
1.72817
1.55815
1.56313
1.63513
1.5778
1.70773
1.66813
1.60411
1.65888
1.73872
1.43386
1.64959
1.72736
1.82928
1.88129
1.52561
1.6756
1.78236
1.77336
1.56165
1.76818
1.67993
1.55432
1.51315
1.68036
1.89013
1.46919
1.40128
1.5759
1.55301
1.63668
1.73648
1.59699
1.54714
1.51261
1.57782
1.60366
1.51148
1.52767
1.82254
1.71979
1.6103
1.65711
1.77387
1.44303
1.55219
1.61827
1.74459
1.58022
1.79057
1.91627
1.66094
1.46446
1.68575
1.50467
1.55747
1.64364
1.48011
1.7501
1.54822
1.4613
1.62553
1.54919
1.64562
1.5029
1.94696
1.52191
1.65842
1.90182
1.55887
1.65306
1.66563
1.80569
1.56091
1.62751
1.5396
1.55249
1.57851
1.60644
1.62782
1.41902
1.54813
1.71552
1.48759
1.91777
1.73917
1.62357
1.74633
1.60537
1.62615
2.01456
1.69654
1.65676
1.6399
1.70318
1.54901
1.54079
1.74502
1.75603
1.61671
1.59589
1.56872
1.81085
1.62314
1.73001
1.48161
1.71246
1.43983
2.29256
1.59931
1.59337
1.49738
1.56306
1.52956
1.43854
1.67159
1.63608
1.82787
1.71772
1.66907
1.45589
1.69717
1.60237
1.57707
1.82131
1.66864
1.68952
1.64643
1.74901
1.55852
1.58325
1.66278
1.57331
1.52983
1.41367
1.65336
1.45329
1.57016
1.61581
1.72679
1.75436
1.92727
1.73948
1.7754
1.43764
1.60473
1.65513
1.49785
1.53683
1.64332
1.60547
1.84447
1.85155
1.62111
1.83014
1.69756
1.59875
1.72056
1.62663
1.50051
1.60466
1.68665
1.7712
1.76751
1.41872
1.78929
1.54238
1.71307
1.62609
1.56089
1.50206
2.01367
1.54397
1.72228
1.5561
1.78844
1.78487
1.59622
1.40456
1.57072
1.69473
1.59106
1.58229
1.47049
1.78939
1.60763
1.71256
1.70032
1.624
1.58884
1.68813
1.65827
1.63946
1.66629
1.64255
1.53926
1.61812
1.80683
1.74326
1.68867
1.63942
1.83438
1.51327
1.6338
1.55068
1.84405
1.63845
1.51452
1.7885
1.59607
1.61432
1.45968
1.4462
1.60378
1.55391
1.55302
1.75568
1.70232
1.79053
1.58663
1.71902
1.48762
1.53137
1.51153
1.69265
2.16834
1.69676
1.42766
1.63667
1.43174
1.89722
1.74534
1.6849
1.68153
1.47884
1.39151
1.59146
1.449
1.52987
1.74212
1.7473
1.63098
1.63324
1.78637
1.70801
1.70904
1.54008
1.71543
1.57366
1.74935
1.86734
1.76949
1.86133
1.74582
1.9674
1.76083
1.68498
1.72294
1.48815
1.59479
1.56637
1.6145
1.52373
1.95551
1.62452
1.62361
1.74934
1.58392
1.64795
1.44774
1.81344
1.5729
1.70027
1.5246
1.61673
1.70871
1.76098
1.55524
1.55615
1.57416
1.78946
1.80476
1.64974
1.51622
1.61211
1.55831
1.88648
1.74781
1.58083
1.664
1.60203
1.56444
1.69039
1.68484
1.53608
1.69745
1.69445
1.67746
1.60944
1.59332
1.45983
1.65941
1.63583
1.53695
1.55935
1.66678
1.53016
1.73553
1.60217
1.39779
1.66031
1.72955
1.59844
1.60303
1.68786
1.7637
1.62967
1.53211
1.97378
1.61542
1.75656
1.59168
1.75785
1.87191
1.82363
1.46883
1.59162
1.85738
1.59507
1.77581
1.63794
1.74745
1.8139
1.67002
1.72827
1.74207
1.62231
1.62809
1.70173
1.63763
1.67846
1.81399
1.93354
1.74624
1.791
1.76586
1.92593
1.5332
1.99836
1.54466
1.55571
1.62534
1.51015
1.75989
1.74401
1.52176
1.6053
1.66946
1.70387
1.49684
1.96069
1.73728
1.661
1.6425
1.88346
1.56589
1.63316
1.58005
1.53845
1.79236
1.5915
1.59702
1.85872
1.47132
1.50708
1.64219
1.58203
2.2238
1.56818
1.85329
1.76995
1.45931
1.6406
1.75662
1.59475
1.49895
1.51828
1.53496
1.67343
1.55202
1.64857
1.67134
1.55498
1.68582
1.46765
1.57646
1.63556
1.72173
1.59295
1.78876
1.90577
1.51998
1.64703
1.60669
1.46008
1.59459
1.64476
1.68231
1.80258
1.88922
1.78919
1.64516
1.82781
1.50102
1.6762
1.60012
1.64882
1.71726
1.63324
1.61128
1.52278
1.62488
1.86378
1.59627
1.68331
1.57471
2.12045
1.58094
1.5709
1.56967
1.66841
1.6782
1.69597
1.57033
1.65152
1.49176
1.49207
1.76359
1.55175
1.48028
1.54344
1.55236
1.45256
1.58632
1.48347
1.76213
1.71633
1.54397
1.57071
1.78049
1.48556
1.72934
1.72194
1.61916
1.60194
1.77256
1.6164
1.60083
1.86056
1.41809
1.6409
1.66462
1.39505
1.67686
1.59501
1.71312
1.53176
1.7817
1.63321
1.72048
1.47719
1.37011
1.70929
1.56172
1.5723
1.8852
1.88768
1.81529
1.47465
1.54788
1.77968
1.7751
1.46966
1.71307
1.61861
1.59844
1.71197
1.5271
1.47348
1.63735
1.77193
1.63187
1.54836
1.5712
1.6864
1.78692
1.78386
1.78037
1.57701
1.31712
1.88519
1.56167
1.4702
1.59127
1.79709
1.5256
1.58264
1.45339
1.6778
1.80171
2.00662
1.85238
1.69348
1.65289
1.66866
1.60321
1.71643
1.72009
1.59556
1.62964
1.62224
1.78844
1.66787
1.43639
1.54314
1.56502
1.69244
1.58251
1.80179
1.44533
1.77129
1.6107
1.70852
1.54363
1.53727
1.75948
1.49912
1.51908
1.39787
1.50664
1.94354
1.60908
1.65177
1.63259
1.65027
1.94531
1.72947
1.48328
1.69539
1.85164
1.56695
1.58144
1.73937
1.70544
1.72453
1.50693
1.64643
1.5914
1.88625
1.65286
1.73571
1.62376
1.52211
1.71564
1.59168
1.79428
1.525
1.6827
1.71096
1.69472
1.55151
1.79178
1.53304
1.71292
1.7506
1.86947
1.58976
1.81273
1.90228
1.64842
1.67201
1.54032
1.43406
1.79043
1.59683
1.77422
1.69872
1.7349
1.55407
1.54249
1.67953
1.63362
1.67678
1.65869
1.5978
1.73406
1.61169
1.54775
1.50867
1.73895
1.64817
1.57152
1.91773
1.8674
1.80196
1.62308
1.37083
1.51978
1.80699
1.59732
1.55209
1.5745
1.43959
1.79206
1.52409
1.62238
1.67461
1.71334
1.76794
1.57434
1.67267
1.64884
1.57232
1.7329
1.82627
1.92566
1.77661
1.52252
2.03295
1.49752
1.53317
1.68775
1.67723
1.51721
1.52066
1.56397
1.39779
1.71121
1.71844
1.77297
1.51253
1.49593
1.53232
1.6317
1.80212
1.79647
1.57587
1.69995
1.48454
1.64472
1.80849
1.70373
1.64051
1.58163
1.64293
1.72949
1.72564
1.72138
1.77051
1.42376
1.62872
1.5015
1.58663
1.48706
1.55721
1.90898
1.59017
1.66356
1.61946
1.63263
1.72637
1.58188
1.62256
1.41312
1.61081
1.5523
1.6033
1.98403
1.88657
1.47978
1.67319
1.49612
1.65118
1.45455
1.66854
1.59419
1.56287
1.76476
1.50807
1.57651
1.87889
1.65231
1.8834
1.47937
1.6856
1.78095
1.57869
1.56475
1.42688
1.81308
1.53205
1.78287
1.53656
1.55374
1.67761
1.46359
1.67645
1.56673
1.58185
1.74094
1.55498
1.71957
1.51787
1.60956
1.77235
1.75517
1.61578
1.63179
1.72142
1.67762
1.78631
1.52628
1.63562
1.55541
1.56448
1.86246
1.68209
1.65537
1.57153
1.56639
1.63343
1.56151
1.64164
1.76492
1.73977
1.58298
1.65777
1.52912
1.64864
1.57621
1.71935
1.65823
1.69622
1.37258
1.52188
1.79486
1.63663
1.49458
1.89274
1.66188
1.89809
1.76736
1.5441
1.74982
1.73998
1.72634
1.54135
1.65659
1.60626
1.58329
1.74316
1.60478
1.64988
1.62474
1.57575
1.73916
1.58294
1.53846
1.7513
1.73448
1.58562
1.80673
1.53792
1.57875
1.5093
1.4747
1.74382
1.64724
1.49868
1.7072
1.52999
1.46665
1.58304
1.67433
1.6057
1.51258
1.52369
1.71695
1.92213
1.52112
1.69778
1.59829
1.58936
1.54172
1.69691
1.67164
1.63053
1.62109
1.53636
1.43916
1.53596
1.86233
1.64215
1.64812
1.63693
1.61959
1.6178
1.66242
1.69896
1.71442
1.42649
1.54828
1.66863
1.63347
1.57424
1.62976
1.66927
1.60625
1.52959
1.77622
1.65595
1.64091
1.64267
1.96725
1.6669
1.63359
1.47028
2.00652
1.79051
1.58773
1.51948
1.60138
1.529
1.56588
1.67942
1.69129
1.73
1.46792
1.84256
1.89555
1.67438
1.75186
1.54647
1.527
1.47344
1.92522
1.67349
1.7266
1.67535
1.5636
1.67925
1.81199
1.56693
1.6458
1.70764
1.42866
1.58779
1.60914
1.64702
1.67472
1.49205
1.61683
1.59266
1.41285
1.89088
1.54817
1.6587
1.52979
1.55531
1.84104
1.84836
1.49611
1.63277
1.7295
1.50103
1.75866
1.88458
1.50265
1.65386
1.75491
1.64848
1.7504
1.60185
1.59663
1.75589
1.66726
1.67148
1.64027
1.61249
1.67466
1.8037
1.52545
1.59122
1.53218
1.76004
1.85484
1.7498
1.70406
2.01199
1.83213
1.61674
1.79962
1.7341
1.75025
1.99887
1.63138
1.55087
1.47978
1.43907
1.62378
1.54348
1.61293
1.60307
1.7042
1.4941
1.54627
1.63436
1.78323
1.52909
1.888
1.70442
1.48791
1.72945
1.65408
1.46189
1.56559
1.72361
1.67964
1.6793
1.51764
1.6022
1.50139
1.61457
1.57186
1.57378
1.69515
1.66021
1.58459
1.52581
1.51597
1.5543
1.61928
1.99868
1.47247
1.86878
1.62562
1.52611
1.66957
1.54758
1.73383
1.65017
1.67929
1.69906
1.69534
1.62091
1.58878
1.95014
1.51239
1.64978
1.68837
1.61193
1.81145
1.53043
1.64044
1.62253
1.46379
1.50623
1.69781
1.71165
1.55837
1.53981
1.66306
1.73729
1.59447
1.61142
1.7008
1.41432
1.58505
1.73469
1.50857
1.76901
1.46308
1.68825
1.69414
1.57333
1.67038
1.78118
1.63095
1.48368
1.86012
1.59274
1.41717
1.60423
1.78339
1.76157
1.77662
1.78414
1.72132
1.67804
1.72903
1.72817
1.55815
1.56313
1.63513
1.5778
1.70773
1.66813
1.60411
1.65888
1.73872
1.43386
1.64959
1.72736
1.82928
1.88129
1.52561
1.6756
1.78236
1.77336
1.56165
1.76818
1.67993
1.55432
1.51315
1.68036
1.89013
1.46919
1.40128
1.5759
1.55301
1.63668
1.73648
1.59699
1.54714
1.51261
1.57782
1.60366
1.51148
1.52767
1.82254
1.71979
1.6103
1.65711
1.77387
1.44303
1.55219
1.61827
1.74459
1.58022
1.79057
1.91627
1.66094
1.46446
1.68575
1.50467
1.55747
1.64364
1.48011
1.7501
1.54822
1.4613
1.62553
1.54919
1.64562
1.5029
1.94696
1.52191
1.65842
1.90182
1.55887
1.65306
1.66563
1.80569
1.56091
1.62751
1.5396
1.55249
1.57851
1.60644
1.62782
1.41902
1.54813
1.71552
1.48759
1.91777
1.73917
1.62357
1.74633
1.60537
1.62615
2.01456
1.69654
1.65676
1.6399
1.70318
1.54901
1.54079
1.74502
1.75603
1.61671
1.59589
1.56872
1.81085
1.62314
1.73001
1.48161
1.71246
1.43983
2.29256
1.59931
1.59337
1.49738
1.56306
1.52956
1.43854
1.67159
1.63608
1.82787
1.71772
1.66907
1.45589
1.69717
1.60237
1.57707
1.82131
1.66864
1.68952
1.64643
1.74901
1.55852
1.58325
1.66278
1.57331
1.52983
1.41367
1.65336
1.45329
1.57016
1.61581
1.72679
1.75436
1.92727
1.73948
1.7754
1.43764
1.60473
1.65513
1.49785
1.53683
1.64332
1.60547
1.84447
1.85155
1.62111
1.83014
1.69756
1.59875
1.72056
1.62663
1.50051
1.60466
1.68665
1.7712
1.76751
1.41872
1.78929
1.54238
1.71307
1.62609
1.56089
1.50206
2.01367
1.54397
1.72228
1.5561
1.78844
1.78487
1.59622
1.40456
1.57072
1.69473
1.59106
1.58229
1.47049
1.78939
1.60763
1.71256
1.70032
1.624
1.58884
1.68813
1.65827
1.63946
1.66629
1.64255
1.53926
1.61812
1.80683
1.74326
1.68867
1.63942
1.83438
1.51327
1.6338
1.55068
1.84405
1.63845
1.51452
1.7885
1.59607
1.61432
1.45968
1.4462
1.60378
1.55391
1.55302
1.75568
1.70232
1.79053
1.58663
1.71902
1.48762
1.53137
1.51153
1.69265
2.16834
1.69676
1.42766
1.63667
1.43174
1.89722
1.74534
1.6849
1.68153
1.47884
1.39151
1.59146
1.449
1.52987
1.74212
1.7473
1.63098
1.63324
1.78637
1.70801
1.70904
1.54008
1.71543
1.57366
1.74935
1.86734
1.76949
1.86133
1.74582
1.9674
1.76083
1.68498
1.72294
1.48815
1.59479
1.56637
1.6145
1.52373
1.95551
1.62452
1.62361
1.74934
1.58392
1.64795
1.44774
1.81344
1.5729
1.70027
1.5246
1.61673
1.70871
1.76098
1.55524
1.55615
1.57416
1.78946
1.80476
1.64974
1.51622
1.61211
1.55831
1.88648
1.74781
1.58083
1.664
1.60203
1.56444
1.69039
1.68484
1.53608
1.69745
1.69445
1.67746
1.60944
1.59332
1.45983
1.65941
1.63583
1.53695
1.55935
1.66678
1.53016
1.73553
1.60217
1.39779
1.66031
1.72955
1.59844
1.60303
1.68786
1.7637
1.62967
1.53211
1.97378
1.61542
1.75656
1.59168
1.75785
1.87191
1.82363
1.46883
1.59162
1.85738
1.59507
1.77581
1.63794
1.74745
1.8139
1.67002
1.72827
1.74207
1.62231
1.62809
1.70173
1.63763
1.67846
1.81399
1.93354
1.74624
1.791
1.76586
1.92593
1.5332
1.99836
1.54466
1.55571
1.62534
1.51015
1.75989
1.74401
1.52176
1.6053
1.66946
1.70387
1.49684
1.96069
1.73728
1.661
1.6425
1.88346
1.56589
1.63316
1.58005
1.53845
1.79236
1.5915
1.59702
1.85872
1.47132
1.50708
1.64219
1.58203
2.2238
1.56818
1.85329
1.76995
1.45931
1.6406
1.75662
1.59475
1.49895
1.51828
1.53496
1.67343
1.55202
1.64857
1.67134
1.55498
1.68582
1.46765
1.57646
1.63556
1.72173
1.59295
1.78876
1.90577
1.51998
1.64703
1.60669
1.46008
1.59459
1.64476
1.68231
1.80258
1.88922
1.78919
1.64516
1.82781
1.50102
1.6762
1.60012
1.64882
1.71726
1.63324
1.61128
1.52278
1.62488
1.86378
1.59627
1.68331
1.57471
2.12045
1.58094
1.5709
1.56967
1.66841
1.6782
1.69597
1.57033
1.65152
1.49176
1.49207
1.76359
1.55175
1.48028
1.54344
1.55236
1.45256
1.58632
1.48347
1.76213
1.71633
1.54397
1.57071
1.78049
1.48556
1.72934
1.72194
1.61916
1.60194
1.77256
1.6164
1.60083
1.86056
1.41809
1.6409
1.66462
1.39505
1.67686
1.59501
1.71312
1.53176
1.7817
1.63321
1.72048
1.47719
1.37011
1.70929
1.56172
1.5723
1.8852
1.88768
1.81529
1.47465
1.54788
1.77968
1.7751
1.46966
1.71307
1.61861
1.59844
1.71197
1.5271
1.47348
1.63735
1.77193
1.63187
1.54836
1.5712
1.6864
1.78692
1.78386
1.78037
1.57701
1.31712
1.88519
1.56167
1.4702
1.59127
1.79709
1.5256
1.58264
1.45339
1.6778
1.80171
2.00662
1.85238
1.69348
1.65289
1.66866
1.60321
1.71643
1.72009
1.59556
1.62964
1.62224
1.78844
1.66787
1.43639
1.54314
1.56502
1.69244
1.58251
1.80179
1.44533
1.77129
1.6107
1.70852
1.54363
1.53727
1.75948
1.49912
1.51908
1.39787
1.50664
1.94354
1.60908
1.65177
1.63259
1.65027
1.94531
1.72947
1.48328
1.69539
1.85164
1.56695
1.58144
1.73937
1.70544
1.72453
1.50693
1.64643
1.5914
1.88625
1.65286
1.73571
1.62376
1.52211
1.71564
1.59168
1.79428
1.525
1.6827
1.71096
1.69472
1.55151
1.79178
1.53304
1.71292
1.7506
1.86947
1.58976
1.81273
1.90228
1.64842
1.67201
1.54032
1.43406
1.79043
1.59683
1.77422
1.69872
1.7349
1.55407
1.54249
1.67953
1.63362
1.67678
1.65869
1.5978
1.73406
1.61169
1.54775
1.50867
1.73895
1.64817
1.57152
1.91773
1.8674
1.80196
1.62308
1.37083
1.51978
1.80699
1.59732
1.55209
1.5745
1.43959
1.79206
1.52409
1.62238
1.67461
1.71334
1.76794
1.57434
1.67267
1.64884
1.57232
1.7329
1.82627
1.92566
1.77661
1.52252
2.03295
1.49752
1.53317
1.68775
1.67723
1.51721
1.52066
1.56397
1.39779
1.71121
1.71844
1.77297
1.51253
1.49593
1.53232
1.6317
1.80212
1.79647
1.57587
1.69995
1.48454
1.64472
1.80849
1.70373
1.64051
1.58163
1.64293
1.72949
1.72564
1.72138
1.77051
1.42376
1.62872
1.5015
1.58663
1.48706
1.55721
1.90898
1.59017
1.66356
1.61946
1.63263
1.72637
1.58188
1.62256
1.41312
1.61081
1.5523
1.6033
1.98403
1.88657
1.47978
1.67319
1.49612
1.65118
1.45455
1.66854
1.59419
1.56287
1.76476
1.50807
1.57651
1.87889
1.65231
1.8834
1.47937
1.6856
1.78095
1.57869
1.56475
1.42688
1.81308
1.53205
1.78287
1.53656
1.55374
1.67761
1.46359
1.67645
1.56673
1.58185
1.74094
1.55498
1.71957
1.51787
1.60956
1.77235
1.75517
1.61578
1.63179
1.72142
1.67762
1.78631
1.52628
1.63562
1.55541
1.56448
1.86246
1.68209
1.65537
1.57153
1.56639
1.63343
1.56151
1.64164
1.76492
1.73977
1.58298
1.65777
1.52912
1.64864
1.57621
1.71935
1.65823
1.69622
1.37258
1.52188
1.79486
1.63663
1.49458
1.89274
1.66188
1.89809
1.76736
1.5441
1.74982
1.73998
