1.64506
1.43843
0.94146
0.994287
0.805784
1.08265
1.14363
0.975345
1.00549
1.14095
1.07386
0.885835
1.22042
1.02652
1.17405
1.2282
1.20226
1.21788
1.15179
0.997454
1.56631
0.787473
1.19157
0.988651
0.957978
0.670678
1.26515
0.834242
1.27367
0.995514
1.14736
1.21828
0.862189
1.15531
1.02566
1.03244
0.84859
1.52883
0.982239
0.839858
1.00051
1.10418
0.829272
1.14104
1.18399
0.753671
1.18455
0.940986
1.10894
1.25752
0.84053
1.23374
0.895049
1.03769
1.1569
1.23127
1.05535
0.909087
1.19759
0.909947
1.04608
1.39782
1.14811
0.802094
0.970414
0.82732
1.2203
0.941272
0.569538
1.2216
0.948964
1.06134
0.661736
0.79154
1.04323
1.33427
0.735006
1.07932
1.23322
1.00428
0.903891
1.03914
1.03189
0.883726
0.772806
0.716324
0.991304
0.861852
0.958553
1.2035
0.799044
1.26784
1.12844
1.28547
1.09692
0.800879
0.968535
1.06149
1.08981
0.942687
1.15835
1.41836
0.876859
1.04207
1.04706
1.04363
1.3506
1.01437
0.881947
0.7734
0.937908
0.986031
1.17129
0.935374
0.921838
1.28636
1.03601
0.722673
0.918551
0.892329
0.979
1.37473
0.720135
1.12708
1.42129
0.906998
1.17824
0.902331
0.623706
1.06676
0.853378
1.43339
0.73513
0.986527
0.827701
0.910314
0.947714
1.11532
1.09933
0.710043
0.827317
0.871681
1.03283
0.879981
1.1269
0.917097
1.18185
1.21152
0.809048
1.1149
0.907144
1.10369
0.893549
0.97806
1.28818
0.950978
0.908878
1.01596
1.30108
1.16518
1.26598
0.682987
0.993473
0.996154
0.974486
1.08895
0.938098
1.18928
1.42066
0.790615
1.17252
1.07075
0.859507
1.17512
0.827925
0.981069
0.932875
0.753956
1.48969
0.971076
0.760645
1.21814
0.845392
1.04628
0.935603
0.994972
0.882942
0.659474
1.31818
0.958411
1.39158
1.1425
0.934432
1.08252
0.951217
0.948477
0.93725
0.837351
1.0873
0.77964
1.07677
0.796846
0.977
0.972179
0.83562
1.1474
0.952943
1.10758
0.871931
1.28134
1.10011
1.08406
1.00013
1.17152
1.06898
1.01491
0.953671
1.212
0.825098
1.1113
0.907759
1.06666
1.32272
1.07682
0.905275
0.81817
0.922041
1.05622
0.908783
1.05445
0.83121
0.949059
1.47057
0.837601
1.06107
1.0968
1.13672
0.709021
0.834534
0.823382
0.888619
0.961516
1.18748
1.02778
1.34771
0.932643
1.03803
1.01986
1.09908
1.10843
0.676389
1.29196
0.77675
1.14148
1.2779
0.858567
1.35736
1.23701
0.673888
1.15758
1.28244
1.2471
0.936136
0.96975
1.09484
1.03257
0.743327
1.10004
0.907655
1.26918
1.15536
0.891467
1.21108
0.823127
1.14578
0.6608
0.979079
1.13373
1.13578
1.40333
1.10419
0.930528
1.00431
1.29532
1.13092
1.16698
0.990194
1.01215
1.08647
0.983457
1.12445
0.883249
1.0448
1.02607
1.07373
1.34482
0.729939
1.05978
0.979167
1.13627
1.22923
1.6722
1.2947
0.885744
1.0037
0.943315
1.00831
1.12814
0.82496
1.26363
0.910774
0.977961
1.34472
1.40815
1.04896
0.914439
0.879125
0.764675
1.21665
1.18654
1.29487
1.55298
0.905141
1.0966
1.12415
0.859291
0.990325
1.17679
1.08456
1.1442
0.964695
0.973144
0.919748
0.897514
1.44084
0.835851
1.11713
0.844252
1.10769
1.02687
0.969739
0.987086
1.14116
1.02728
0.910334
0.79803
1.14344
1.14328
1.11521
1.08892
1.14391
0.874263
1.30919
0.864767
1.01822
0.924614
1.05584
1.07388
1.21487
1.14063
0.835996
0.766189
1.12773
1.29094
0.830255
0.947347
1.05397
1.00225
1.13601
1.40963
1.37221
0.860475
0.845175
1.13423
1.05029
1.01901
0.862293
1.16507
1.14947
0.795465
0.868469
1.05359
1.12132
0.915256
0.894289
1.36457
1.0415
0.792716
1.00674
0.921098
1.46117
0.84589
0.93234
0.727791
0.767765
1.55704
0.638542
1.4591
0.754021
1.11763
1.0706
1.25185
0.975528
1.17534
0.994489
1.21701
1.47228
0.71098
0.977243
1.013
0.914059
1.07017
1.07022
0.805352
0.881107
0.986153
0.996243
1.23247
1.27101
0.855635
0.993939
0.929198
0.8612
1.56218
1.05531
0.916283
1.18098
1.09293
1.29993
0.739257
1.02752
1.13006
0.91792
0.794156
0.648796
0.755534
0.89481
1.05531
1.17756
1.08733
1.03114
1.3209
1.24284
1.13847
1.09225
1.02834
1.10721
1.19501
1.41744
1.07681
0.955405
1.05215
0.842773
0.909471
0.887342
0.938891
0.783027
1.42668
1.13205
1.09994
1.13695
1.35256
1.21221
1.20022
0.887295
1.12363
0.996045
0.931662
0.842235
0.946344
0.99185
0.798298
1.29592
0.855057
1.24918
0.794416
0.669926
1.62076
1.05138
1.02366
1.35875
1.1597
1.14608
0.99998
1.24885
1.1102
1.08217
1.1834
0.941357
1.07937
0.745362
1.46706
0.801603
1.18372
1.08684
0.958483
1.13808
1.56808
0.955478
1.06137
1.11486
1.03551
0.659298
0.844384
1.02375
1.03333
0.939848
0.775468
0.744472
0.966218
0.884373
0.941613
1.05171
1.02176
1.08699
0.913088
0.740338
1.00633
1.84072
1.42912
0.894191
1.16653
0.791473
0.892071
1.0441
1.79823
0.86161
1.17174
0.95588
0.764227
1.06697
1.08659
0.93541
0.681627
1.20521
1.1364
0.929513
0.904304
1.38393
0.865964
1.07065
1.00446
1.19624
0.96968
1.06331
1.04538
0.867689
1.00909
1.08458
1.20489
1.1042
0.955917
1.3421
0.737481
0.766367
0.803987
1.15761
0.774948
0.703687
1.12261
0.861116
1.35871
1.06105
1.19939
1.20408
0.919705
1.21497
0.995035
1.22363
1.00476
0.899894
1.23957
1.08506
1.18873
0.805833
1.10988
0.858008
0.82742
0.962935
0.991983
0.700763
0.940306
1.13322
1.0835
1.28497
1.33458
1.08963
0.933043
0.977765
1.26144
0.959183
0.840166
0.986445
1.56692
0.622442
1.04893
1.27568
0.831837
1.2573
0.894157
0.897221
1.03962
1.37426
0.98313
0.866924
1.11213
1.13399
1.06958
1.18428
0.852264
1.00603
0.868484
1.27004
0.803874
1.19884
0.767024
0.871668
0.953958
0.748363
1.44235
0.845177
1.16278
1.01478
1.04569
1.01736
1.14731
1.30021
0.746421
0.909034
0.921879
1.07045
0.744262
1.21732
1.31306
0.970283
1.20432
0.953655
1.08856
1.02426
1.17002
1.09125
1.25051
0.959657
1.04115
1.22549
1.28914
1.19717
0.935905
1.08821
0.943983
1.07755
0.898519
0.950943
1.30225
1.08926
1.42021
1.13054
0.804592
1.20597
0.956445
0.847012
1.05887
1.08637
1.08727
1.29009
1.13878
0.99601
1.1116
0.945713
1.0521
0.880233
1.02463
1.00968
1.04756
1.23277
1.45996
1.02422
1.40984
1.11335
1.07843
1.00708
0.894132
0.881511
0.899474
1.14002
1.22351
0.903741
0.929344
0.898824
1.28985
0.686774
1.06987
1.20716
1.05631
0.952103
0.847751
0.868024
1.41713
1.46391
1.14212
1.05127
1.19593
0.912938
1.2355
0.887725
0.931046
1.20143
1.24772
1.37697
1.1351
1.07615
1.16535
0.998144
1.00615
1.10967
1.05202
0.926823
0.765419
0.921074
0.91454
1.16069
0.876065
0.91647
1.25974
1.11089
0.842274
0.995203
1.01962
1.0121
0.898864
0.978267
1.0169
1.08829
0.943529
1.12361
1.25858
1.11321
0.87313
1.26808
0.980481
1.27171
1.07059
0.822398
1.00395
1.21501
1.23344
1.59191
0.985896
1.46147
1.33283
0.886429
1.26044
1.11514
1.17409
1.17236
0.84768
0.901411
0.970022
0.832476
0.739035
0.971689
1.20307
1.38438
0.953682
1.2962
1.33154
1.10524
0.957243
1.14816
1.14338
1.09625
1.26813
0.803477
1.0406
1.08569
1.20906
0.852081
0.872595
1.28651
0.738409
1.53363
1.40617
0.802104
0.869842
0.919358
1.25473
1.5313
0.825763
1.10137
1.24563
0.812506
0.714713
1.08198
0.888144
1.05111
1.10822
0.84985
0.782643
1.0731
0.88026
0.957683
0.937124
1.01278
1.26598
1.28193
1.02254
0.789761
1.18487
1.0308
1.03906
0.99972
0.837664
0.984049
1.00327
1.22544
1.02243
0.882326
1.06105
1.13541
1.08218
1.20761
1.0176
1.10663
1.06157
0.986961
1.10485
0.830994
0.877421
0.790541
1.1956
1.20764
0.937093
0.85406
1.17646
0.952014
0.971743
0.971452
1.34518
0.989932
1.00162
1.23218
1.05647
1.04493
0.984198
1.08811
0.80916
1.1337
0.984092
0.987976
1.00743
1.06536
0.687635
1.13388
0.782196
1.02385
1.07291
0.830279
1.02995
1.16253
1.13869
0.911779
1.10127
1.00469
0.97539
1.28414
0.826222
1.183
1.04838
0.99326
0.812859
1.3199
0.918642
1.25428
0.945286
1.05763
1.0214
1.63004
1.08213
1.50623
0.942168
0.898697
0.837556
0.728013
1.17702
0.89822
0.942004
1.00849
1.23905
1.12342
0.856077
0.983477
0.940246
1.1725
1.01764
0.785015
0.947298
0.731015
0.980131
0.885348
0.95925
1.10464
1.31374
0.969488
0.739102
1.25814
0.966595
0.698891
1.12824
1.14254
0.828695
1.13478
1.10023
1.15082
0.866445
0.928199
1.10682
1.36529
1.10812
1.05457
1.11177
1.12637
0.967688
1.06685
0.920957
0.939736
1.13762
0.957484
0.785068
0.854979
1.2418
1.34944
1.09783
0.979828
0.971045
1.04998
1.26959
0.962712
1.02962
1.1639
0.936326
0.912358
0.996165
1.00161
1.19251
1.29831
0.846655
0.977753
1.03073
0.838684
0.964076
1.22538
0.946365
0.987272
1.06568
0.96656
1.05249
1.02187
0.938343
1.35271
0.99462
1.21783
0.964078
1.28179
0.993431
1.1876
1.15865
1.17107
1.18777
1.25922
0.73512
1.04965
1.11763
0.984021
1.32697
0.91412
0.833447
0.922364
1.08248
0.867489
0.888552
1.43258
1.10324
0.937829
1.0601
1.13589
1.06825
1.12348
1.30176
1.25434
1.0117
0.917692
1.10014
1.06127
1.01227
0.772434
1.29341
1.00537
1.14885
1.44871
1.18573
1.64506
1.43843
0.94146
0.994287
0.805784
1.08265
1.14363
0.975345
1.00549
1.14095
1.07386
0.885835
1.22042
1.02652
1.17405
1.2282
1.20226
1.21788
1.15179
0.997454
1.56631
0.787473
1.19157
0.988651
0.957978
0.670678
1.26515
0.834242
1.27367
0.995514
1.14736
1.21828
0.862189
1.15531
1.02566
1.03244
0.84859
1.52883
0.982239
0.839858
1.00051
1.10418
0.829272
1.14104
1.18399
0.753671
1.18455
0.940986
1.10894
1.25752
0.84053
1.23374
0.895049
1.03769
1.1569
1.23127
1.05535
0.909087
1.19759
0.909947
1.04608
1.39782
1.14811
0.802094
0.970414
0.82732
1.2203
0.941272
0.569538
1.2216
0.948964
1.06134
0.661736
0.79154
1.04323
1.33427
0.735006
1.07932
1.23322
1.00428
0.903891
1.03914
1.03189
0.883726
0.772806
0.716324
0.991304
0.861852
0.958553
1.2035
0.799044
1.26784
1.12844
1.28547
1.09692
0.800879
0.968535
1.06149
1.08981
0.942687
1.15835
1.41836
0.876859
1.04207
1.04706
1.04363
1.3506
1.01437
0.881947
0.7734
0.937908
0.986031
1.17129
0.935374
0.921838
1.28636
1.03601
0.722673
0.918551
0.892329
0.979
1.37473
0.720135
1.12708
1.42129
0.906998
1.17824
0.902331
0.623706
1.06676
0.853378
1.43339
0.73513
0.986527
0.827701
0.910314
0.947714
1.11532
1.09933
0.710043
0.827317
0.871681
1.03283
0.879981
1.1269
0.917097
1.18185
1.21152
0.809048
1.1149
0.907144
1.10369
0.893549
0.97806
1.28818
0.950978
0.908878
1.01596
1.30108
1.16518
1.26598
0.682987
0.993473
0.996154
0.974486
1.08895
0.938098
1.18928
1.42066
0.790615
1.17252
1.07075
0.859507
1.17512
0.827925
0.981069
0.932875
0.753956
1.48969
0.971076
0.760645
1.21814
0.845392
1.04628
0.935603
0.994972
0.882942
0.659474
1.31818
0.958411
1.39158
1.1425
0.934432
1.08252
0.951217
0.948477
0.93725
0.837351
1.0873
0.77964
1.07677
0.796846
0.977
0.972179
0.83562
1.1474
0.952943
1.10758
0.871931
1.28134
1.10011
1.08406
1.00013
1.17152
1.06898
1.01491
0.953671
1.212
0.825098
1.1113
0.907759
1.06666
1.32272
1.07682
0.905275
0.81817
0.922041
1.05622
0.908783
1.05445
0.83121
0.949059
1.47057
0.837601
1.06107
1.0968
1.13672
0.709021
0.834534
0.823382
0.888619
0.961516
1.18748
1.02778
1.34771
0.932643
1.03803
1.01986
1.09908
1.10843
0.676389
1.29196
0.77675
1.14148
1.2779
0.858567
1.35736
1.23701
0.673888
1.15758
1.28244
1.2471
0.936136
0.96975
1.09484
1.03257
0.743327
1.10004
0.907655
1.26918
1.15536
0.891467
1.21108
0.823127
1.14578
0.6608
0.979079
1.13373
1.13578
1.40333
1.10419
0.930528
1.00431
1.29532
1.13092
1.16698
0.990194
1.01215
1.08647
0.983457
1.12445
0.883249
1.0448
1.02607
1.07373
1.34482
0.729939
1.05978
0.979167
1.13627
1.22923
1.6722
1.2947
0.885744
1.0037
0.943315
1.00831
1.12814
0.82496
1.26363
0.910774
0.977961
1.34472
1.40815
1.04896
0.914439
0.879125
0.764675
1.21665
1.18654
1.29487
1.55298
0.905141
1.0966
1.12415
0.859291
0.990325
1.17679
1.08456
1.1442
0.964695
0.973144
0.919748
0.897514
1.44084
0.835851
1.11713
0.844252
1.10769
1.02687
0.969739
0.987086
1.14116
1.02728
0.910334
0.79803
1.14344
1.14328
1.11521
1.08892
1.14391
0.874263
1.30919
0.864767
1.01822
0.924614
1.05584
1.07388
1.21487
1.14063
0.835996
0.766189
1.12773
1.29094
0.830255
0.947347
1.05397
1.00225
1.13601
1.40963
1.37221
0.860475
0.845175
1.13423
1.05029
1.01901
0.862293
1.16507
1.14947
0.795465
0.868469
1.05359
1.12132
0.915256
0.894289
1.36457
1.0415
0.792716
1.00674
0.921098
1.46117
0.84589
0.93234
0.727791
0.767765
1.55704
0.638542
1.4591
0.754021
1.11763
1.0706
1.25185
0.975528
1.17534
0.994489
1.21701
1.47228
0.71098
0.977243
1.013
0.914059
1.07017
1.07022
0.805352
0.881107
0.986153
0.996243
1.23247
1.27101
0.855635
0.993939
0.929198
0.8612
1.56218
1.05531
0.916283
1.18098
1.09293
1.29993
0.739257
1.02752
1.13006
0.91792
0.794156
0.648796
0.755534
0.89481
1.05531
1.17756
1.08733
1.03114
1.3209
1.24284
1.13847
1.09225
1.02834
1.10721
1.19501
1.41744
1.07681
0.955405
1.05215
0.842773
0.909471
0.887342
0.938891
0.783027
1.42668
1.13205
1.09994
1.13695
1.35256
1.21221
1.20022
0.887295
1.12363
0.996045
0.931662
0.842235
0.946344
0.99185
0.798298
1.29592
0.855057
1.24918
0.794416
0.669926
1.62076
1.05138
1.02366
1.35875
1.1597
1.14608
0.99998
1.24885
1.1102
1.08217
1.1834
0.941357
1.07937
0.745362
1.46706
0.801603
1.18372
1.08684
0.958483
1.13808
1.56808
0.955478
1.06137
1.11486
1.03551
0.659298
0.844384
1.02375
1.03333
0.939848
0.775468
0.744472
0.966218
0.884373
0.941613
1.05171
1.02176
1.08699
0.913088
0.740338
1.00633
1.84072
1.42912
0.894191
1.16653
0.791473
0.892071
1.0441
1.79823
0.86161
1.17174
0.95588
0.764227
1.06697
1.08659
0.93541
0.681627
1.20521
1.1364
0.929513
0.904304
1.38393
0.865964
1.07065
1.00446
1.19624
0.96968
1.06331
1.04538
0.867689
1.00909
1.08458
1.20489
1.1042
0.955917
1.3421
0.737481
0.766367
0.803987
1.15761
0.774948
0.703687
1.12261
0.861116
1.35871
1.06105
1.19939
1.20408
0.919705
1.21497
0.995035
1.22363
1.00476
0.899894
1.23957
1.08506
1.18873
0.805833
1.10988
0.858008
0.82742
0.962935
0.991983
0.700763
0.940306
1.13322
1.0835
1.28497
1.33458
1.08963
0.933043
0.977765
1.26144
0.959183
0.840166
0.986445
1.56692
0.622442
1.04893
1.27568
0.831837
1.2573
0.894157
0.897221
1.03962
1.37426
0.98313
0.866924
1.11213
1.13399
1.06958
1.18428
0.852264
1.00603
0.868484
1.27004
0.803874
1.19884
0.767024
0.871668
0.953958
0.748363
1.44235
0.845177
1.16278
1.01478
1.04569
1.01736
1.14731
1.30021
0.746421
0.909034
0.921879
1.07045
0.744262
1.21732
1.31306
0.970283
1.20432
0.953655
1.08856
1.02426
1.17002
1.09125
1.25051
0.959657
1.04115
1.22549
1.28914
1.19717
0.935905
1.08821
0.943983
1.07755
0.898519
0.950943
1.30225
1.08926
1.42021
1.13054
0.804592
1.20597
0.956445
0.847012
1.05887
1.08637
1.08727
1.29009
1.13878
0.99601
1.1116
0.945713
1.0521
0.880233
1.02463
1.00968
1.04756
1.23277
1.45996
1.02422
1.40984
1.11335
1.07843
1.00708
0.894132
0.881511
0.899474
1.14002
1.22351
0.903741
0.929344
0.898824
1.28985
0.686774
1.06987
1.20716
1.05631
0.952103
0.847751
0.868024
1.41713
1.46391
1.14212
1.05127
1.19593
0.912938
1.2355
0.887725
0.931046
1.20143
1.24772
1.37697
1.1351
1.07615
1.16535
0.998144
1.00615
1.10967
1.05202
0.926823
0.765419
0.921074
0.91454
1.16069
0.876065
0.91647
1.25974
1.11089
0.842274
0.995203
1.01962
1.0121
0.898864
0.978267
1.0169
1.08829
0.943529
1.12361
1.25858
1.11321
0.87313
1.26808
0.980481
1.27171
1.07059
0.822398
1.00395
1.21501
1.23344
1.59191
0.985896
1.46147
1.33283
0.886429
1.26044
1.11514
1.17409
1.17236
0.84768
0.901411
0.970022
0.832476
0.739035
0.971689
1.20307
1.38438
0.953682
1.2962
1.33154
1.10524
0.957243
1.14816
1.14338
1.09625
1.26813
0.803477
1.0406
1.08569
1.20906
0.852081
0.872595
1.28651
0.738409
1.53363
1.40617
0.802104
0.869842
0.919358
1.25473
1.5313
0.825763
1.10137
1.24563
0.812506
0.714713
1.08198
0.888144
1.05111
1.10822
0.84985
0.782643
1.0731
0.88026
0.957683
0.937124
1.01278
1.26598
1.28193
1.02254
0.789761
1.18487
1.0308
1.03906
0.99972
0.837664
0.984049
1.00327
1.22544
1.02243
0.882326
1.06105
1.13541
1.08218
1.20761
1.0176
1.10663
1.06157
0.986961
1.10485
0.830994
0.877421
0.790541
1.1956
1.20764
0.937093
0.85406
1.17646
0.952014
0.971743
0.971452
1.34518
0.989932
1.00162
1.23218
1.05647
1.04493
0.984198
1.08811
0.80916
1.1337
0.984092
0.987976
1.00743
1.06536
0.687635
1.13388
0.782196
1.02385
1.07291
0.830279
1.02995
1.16253
1.13869
0.911779
1.10127
1.00469
0.97539
1.28414
0.826222
1.183
1.04838
0.99326
0.812859
1.3199
0.918642
1.25428
0.945286
1.05763
1.0214
1.63004
1.08213
1.50623
0.942168
0.898697
0.837556
0.728013
1.17702
0.89822
0.942004
1.00849
1.23905
1.12342
0.856077
0.983477
0.940246
1.1725
1.01764
0.785015
0.947298
0.731015
0.980131
0.885348
0.95925
1.10464
1.31374
0.969488
0.739102
1.25814
0.966595
0.698891
1.12824
1.14254
0.828695
1.13478
1.10023
1.15082
0.866445
0.928199
1.10682
1.36529
1.10812
1.05457
1.11177
1.12637
0.967688
1.06685
0.920957
0.939736
1.13762
0.957484
0.785068
0.854979
1.2418
1.34944
1.09783
0.979828
0.971045
1.04998
1.26959
0.962712
1.02962
1.1639
0.936326
0.912358
0.996165
1.00161
1.19251
1.29831
0.846655
0.977753
1.03073
0.838684
0.964076
1.22538
0.946365
0.987272
1.06568
0.96656
1.05249
1.02187
0.938343
1.35271
0.99462
1.21783
0.964078
1.28179
0.993431
1.1876
1.15865
1.17107
1.18777
1.25922
0.73512
1.04965
1.11763
0.984021
1.32697
0.91412
0.833447
0.922364
1.08248
0.867489
0.888552
1.43258
1.10324
0.937829
1.0601
1.13589
1.06825
1.12348
1.30176
1.25434
1.0117
0.917692
1.10014
1.06127
1.01227
0.772434
1.29341
1.00537
1.14885
1.44871
1.18573
1.65137
1.39214
0.90627
1.01113
0.802577
1.10703
1.22657
0.978021
1.00295
1.18638
1.09952
0.901038
1.36514
1.06447
1.14015
1.2282
1.22463
1.27582
1.09319
1.00672
1.55549
0.787474
1.20839
0.988654
0.957978
0.671021
1.26515
0.872008
1.31274
1.01546
1.14736
1.25326
0.862191
1.39056
1.03647
1.03218
0.882203
1.58129
0.982365
0.872585
1.0013
1.10418
0.83674
1.19057
1.23745
0.753671
1.21243
0.947542
1.13852
1.25752
0.84053
1.17291
0.914146
1.07624
1.19013
1.23933
1.08193
0.95705
1.16897
0.909952
1.05693
1.46883
1.23364
0.815039
0.986032
0.827351
1.22031
0.988047
0.587529
1.2216
0.943555
1.0585
0.712876
0.839992
1.04605
1.33427
0.744812
1.07777
1.25992
1.0274
0.903893
1.03914
1.13473
0.883727
0.771436
0.729382
1.00439
0.916753
0.979159
1.20351
0.812373
1.4456
1.12844
1.25736
1.10565
0.801623
0.961815
1.06825
1.0848
0.937273
1.25047
1.47799
0.908821
1.05923
1.05374
1.04363
1.35061
1.01311
0.914804
0.7734
1.00166
1.00669
1.1713
0.960924
0.918239
1.2992
1.03602
0.771817
0.918553
0.951935
0.991416
1.49256
0.739411
1.12708
1.47754
1.01031
1.19418
0.914333
0.666785
1.03947
0.869565
1.42284
0.712818
1.06068
0.842418
0.958953
0.953079
1.12589
1.13449
0.707932
0.827317
0.957267
1.03469
0.875221
1.09518
0.96295
1.10824
1.25053
0.880905
1.25704
0.935039
1.14288
0.901621
1.00743
1.29822
0.967933
0.948006
1.01597
1.30108
1.56409
1.28328
0.708202
0.994391
0.997853
0.956388
1.08895
0.938431
1.14747
1.34028
0.833322
1.22038
1.09517
0.887446
1.19706
0.923006
0.976082
0.945199
0.784087
1.51897
1.01177
0.760646
1.14169
0.845392
1.06026
0.998667
1.01743
0.882696
0.663219
1.31819
0.964854
1.39164
1.12575
0.954434
1.10716
0.994688
0.987109
0.922916
0.836406
1.1242
0.783884
1.12381
0.837656
1.04138
0.990208
0.859059
1.24061
0.952436
1.18561
0.91002
1.26628
1.10156
1.05582
1.06738
1.17153
1.04559
1.02685
0.97604
1.26197
0.855889
1.19226
0.919365
1.06666
1.34129
1.07682
0.92955
0.81817
0.941696
1.05622
0.924807
1.09537
0.86849
0.939619
1.49028
0.837601
1.06107
1.07069
1.13689
0.709697
0.830131
0.823386
0.888619
0.986256
1.22428
1.02778
1.34771
0.932648
1.05434
0.997054
1.06543
1.12375
0.690082
1.26544
0.756397
1.14055
1.25682
0.857011
1.35916
1.32791
0.641885
1.19087
1.28245
1.18321
0.976597
0.96975
1.09637
1.03356
0.758688
1.10004
0.984263
1.35733
1.23323
0.89147
1.18176
0.844945
1.14944
0.660801
0.979088
1.17498
1.13412
1.44915
1.1042
0.942722
1.00431
1.15388
1.13094
1.16698
1.03525
1.00167
1.08647
0.983457
1.15831
0.949708
1.04867
1.02607
1.33997
1.35936
0.746437
1.05978
1.00511
1.16341
1.3529
1.73702
1.27644
0.917617
0.990006
0.965214
1.01427
1.12814
0.861852
1.25118
0.961397
0.977961
1.39718
1.40469
1.04785
0.924177
0.879127
0.764675
1.19601
1.19758
1.29487
1.54697
0.923915
1.08557
1.12415
0.859292
1.04052
1.20297
1.15281
1.15558
1.02189
0.963673
0.916673
0.930884
1.44843
0.875203
1.11713
0.860784
1.10364
1.09877
0.983961
0.988098
1.1747
1.02729
0.920085
0.801874
1.14344
1.18932
1.21492
1.09031
1.14186
0.898369
1.30799
0.886895
1.01822
0.994737
1.12947
1.18539
1.21225
1.23528
0.835997
0.766189
1.12774
1.40489
0.833013
0.996078
1.03154
1.00225
1.10918
1.4491
1.37257
0.877415
0.887383
1.13424
1.05029
1.11167
0.856651
1.23797
1.14774
0.821581
0.874827
1.05359
1.18592
0.937796
0.91674
1.43972
1.06763
0.837329
1.06103
0.965237
1.46117
0.845891
0.932343
0.737301
0.767766
1.55704
0.638543
1.47485
0.773041
1.16534
1.06591
1.25185
1.01674
1.04681
0.998524
1.26194
1.47228
0.71098
1.04474
1.0123
0.96603
0.973136
1.07022
0.800095
0.871193
0.984769
0.996243
1.42329
1.27861
0.848729
0.961614
0.928376
0.862446
1.64991
1.07192
0.916283
1.2159
1.16178
1.36056
0.739257
1.00321
1.23941
0.91792
0.794156
0.716219
0.755534
0.874264
1.05531
1.27972
1.05667
1.07032
1.32091
1.25033
1.1935
1.09225
1.04047
1.15493
1.19501
1.53533
1.11652
0.991448
1.05215
0.853398
0.932424
0.895894
0.93981
0.834026
1.46119
1.2599
1.13858
1.18732
1.31631
1.20438
1.30996
0.955798
1.17071
1.00942
0.979912
0.867023
0.941669
0.992284
0.807537
1.25066
0.934798
1.3456
0.794416
0.668058
1.59198
1.04461
1.02366
1.35875
1.1597
1.14995
1.04581
1.29685
1.16491
1.07
1.17213
0.944376
1.08146
0.766242
1.46706
0.825525
1.18495
1.1005
0.978026
1.15611
1.56808
0.942941
1.03857
1.08959
1.06193
0.659298
0.843966
1.02375
1.0174
1.00115
0.775472
0.744472
0.966222
0.928125
0.96106
1.06781
1.02176
1.10277
0.889292
0.731031
1.06687
1.84666
1.51958
0.894191
1.17957
0.794662
0.892076
1.06404
1.7958
0.888212
1.2203
0.955885
0.763277
1.09618
1.16401
0.9583
0.686912
1.20519
1.14738
0.945535
1.04003
1.40992
0.900712
1.15904
1.0339
1.22586
0.956889
1.11064
1.06401
0.867689
1.02508
1.18391
1.20489
1.1042
1.00391
1.47187
0.804124
0.884609
0.867422
1.23203
0.774961
0.700766
1.2169
0.819439
1.38636
1.05746
1.24684
1.32615
0.924723
1.22154
0.995035
1.21999
1.03195
0.936292
1.2224
1.08506
1.18873
0.833052
1.13322
1.08073
0.859277
0.978057
1.04195
0.730739
1.22391
1.13322
1.19496
1.06892
1.32912
1.10599
0.933046
0.970442
1.25767
0.969684
0.865648
0.995988
1.56693
0.652153
1.04893
1.27568
0.8575
1.2573
0.946567
0.921811
1.03962
1.41055
0.977188
0.908818
1.16741
1.134
1.08551
1.18428
0.852264
1.01705
0.87554
1.43983
0.822526
1.19884
0.767029
0.941277
1.02028
0.746177
1.52527
0.84518
1.16278
1.00444
1.07733
0.993255
1.14635
1.26483
0.731244
0.933378
0.930376
1.07118
0.749236
1.20576
1.39835
0.982993
1.20432
0.953655
1.16118
0.977837
1.22941
1.09582
1.25051
1.02595
0.98544
1.23008
1.31532
1.19719
0.944561
1.08822
0.984177
1.1089
0.943562
0.951665
1.30517
1.0992
1.51161
1.11304
0.804594
1.19898
0.988125
0.856039
1.19228
1.2063
1.10333
1.2901
1.19091
1.01566
1.1116
0.945713
1.1403
0.956246
1.02374
0.957677
1.1069
1.2794
1.45727
1.00766
1.40984
1.15755
1.07843
1.03685
0.894151
0.884741
1.03021
1.14002
1.27112
0.972454
1.01258
0.890759
1.30089
0.718848
1.15278
1.22099
1.11784
0.975171
0.847751
0.903251
1.37687
1.4937
1.14212
1.05129
1.26965
0.912939
1.23551
1.04738
0.996994
1.21826
1.38204
1.29642
1.07118
1.07588
1.16536
0.996048
1.00615
1.19001
1.00528
0.95473
0.754515
1.04044
0.900125
1.19448
0.876068
0.916473
1.25974
1.15537
0.871397
0.99521
1.01962
1.03833
0.891194
0.985516
1.0252
1.0883
0.943529
1.12361
1.28894
1.22507
0.87313
1.26766
0.980483
1.27171
1.0785
0.854584
1.00396
1.18892
1.2336
1.59616
1.03337
1.39854
1.56613
0.936428
1.20202
1.13444
1.20872
1.10284
0.888193
0.898197
1.00063
0.859227
0.76581
1.00565
1.20307
1.45229
0.953686
1.32673
1.33771
1.18028
0.923585
1.21963
1.12586
1.09625
1.31228
0.708615
1.06703
1.11722
1.20906
0.866931
0.872599
1.3422
0.738409
1.53363
1.44343
0.821511
0.888311
0.930216
1.31024
1.55648
0.9002
1.12227
1.30124
0.799668
0.729641
1.08198
0.888144
1.05102
1.15894
0.862222
0.764634
1.01713
0.908634
0.971116
0.980763
1.01278
1.35686
1.41269
1.05491
0.795589
1.20937
1.10675
1.05437
1.02905
0.866263
1.09769
1.00327
1.32618
1.02094
0.878828
1.06105
1.13542
1.11155
1.23394
0.990508
1.15881
1.07007
1.04612
1.08092
0.831001
0.886521
0.776897
1.23543
1.31863
0.958886
0.836749
1.22181
0.992286
1.00795
1.00675
1.34518
1.02655
1.02873
1.2671
1.05317
1.09875
1.00513
1.11109
0.799051
1.17985
1.07132
1.02963
1.03116
1.06537
0.687635
1.15766
0.782137
0.95947
1.13861
0.8403
1.02995
1.20276
1.13869
0.960884
1.14763
1.0259
0.972754
1.28414
0.844879
1.19033
0.982497
1.03911
0.822093
1.35644
0.972895
1.25429
0.977404
1.05784
1.04819
1.69856
1.09183
1.54008
0.942168
0.86999
0.860944
0.774778
1.21882
0.986628
0.927681
0.991087
1.23905
1.12877
0.871939
0.966911
0.954159
1.1725
1.00033
0.799526
0.976481
0.74715
1.05355
0.958445
0.95925
1.0766
1.31374
0.994355
0.771139
1.4106
1.05609
0.701682
1.11603
1.16323
0.828695
1.17866
1.12586
1.2159
0.944808
0.942148
1.10283
1.34886
1.12895
1.05457
1.14785
1.12637
0.97814
1.06685
1.02194
0.909181
1.07938
0.957486
0.798971
0.875709
1.24181
1.44869
1.13884
1.03239
0.971046
1.07974
1.26959
1.00895
1.0426
1.1639
1.01843
0.876644
0.993182
1.00646
1.24605
1.32687
0.846657
0.96864
1.08059
0.842698
1.00798
1.22539
0.93848
0.9632
1.06283
0.987994
1.0525
1.02187
0.956308
1.38287
1.0269
1.21783
0.974284
1.31702
0.999516
1.18761
1.15865
1.17512
1.17301
1.30568
0.73512
0.938019
1.14927
1.01703
1.32697
0.914122
0.885656
0.922368
1.08248
0.867489
0.910424
1.42204
1.05326
0.937831
1.10438
1.18237
1.06825
1.12348
1.34202
1.26245
1.01408
0.917796
1.11093
1.05637
1.04992
0.772437
1.32891
1.00537
1.22215
1.44872
1.22662
2.35683
2.15748
1.50141
1.4241
1.41397
1.63808
1.67166
1.43074
1.49595
1.64616
1.73098
1.46129
1.80535
1.49341
1.71269
1.9003
1.70878
1.87508
1.68123
1.60905
2.73607
1.254
1.75869
1.5935
1.64795
1.01673
2.10165
1.49123
1.98103
1.47418
1.62964
2.05103
1.28545
1.82788
1.52114
1.68609
1.4102
2.46558
1.62043
1.34351
1.50098
1.70982
1.29941
1.72928
1.74356
1.37494
1.87272
1.61595
1.77454
2.02427
1.51032
1.82163
1.6456
1.58152
1.76584
1.91019
1.54293
1.51501
2.04185
1.48231
1.7058
2.22182
1.71733
1.22634
1.47464
1.41375
2.00331
1.50141
0.992143
1.89647
1.67579
1.6404
1.3139
1.30337
1.62534
2.03122
1.36541
1.80911
1.92079
1.59021
1.55815
1.71921
1.51702
1.48866
1.3171
1.26003
1.45848
1.78007
1.52287
1.91249
1.273
1.88046
1.90307
2.2289
1.65883
1.32204
1.43792
1.57362
1.77849
1.63338
2.08267
2.15622
1.42283
1.68107
1.72297
1.75188
2.35101
1.53209
1.38992
1.19367
1.73426
1.64096
1.88288
1.52202
1.49608
1.87772
1.53603
1.1916
1.57686
1.47494
1.47895
2.20024
1.28483
1.79122
2.36703
1.4017
1.71626
1.52029
1.36527
1.48088
1.41963
2.09243
1.2492
1.86137
1.23988
1.41309
1.59354
1.85475
1.84247
1.08463
1.59729
1.5662
1.76446
1.61373
1.61924
1.58976
1.65235
2.05378
1.51068
1.90418
1.45177
2.0118
1.3955
1.81108
1.86735
1.44542
1.51652
1.79994
1.92248
1.72217
1.78903
1.0648
1.66851
1.54317
1.62266
1.58752
1.40179
1.76046
2.14405
1.23563
1.74174
1.71886
1.43096
1.53043
1.34453
1.56351
1.39969
1.33681
2.05099
1.4999
1.40695
1.83144
1.38337
1.56173
1.43133
1.55244
1.33991
1.21697
1.9079
1.46364
2.2007
1.78182
1.49297
1.75376
1.52468
1.54843
1.38227
1.55767
1.79193
1.38043
1.67028
1.2535
1.6992
1.59202
1.37614
1.97632
1.46469
1.92902
1.56361
1.93734
2.00997
1.73635
1.45699
1.86304
1.88474
1.5443
1.53753
1.83271
1.58524
1.84119
1.4154
1.76604
1.93564
1.71615
1.47013
1.30836
1.38131
1.73142
1.64605
1.55365
1.41546
1.46117
2.03228
1.37258
1.69195
1.70147
1.77444
1.37896
1.4007
1.28447
1.34976
1.63121
1.82553
1.56041
2.07946
1.7522
1.77837
1.6227
1.5881
1.78258
1.22151
1.97204
1.43628
1.90284
1.90592
1.3408
2.11602
1.81991
1.06165
1.80602
1.87524
1.83687
1.46838
1.62878
1.8897
1.48728
1.21789
1.86365
1.52516
2.05692
2.08426
1.43406
2.05173
1.38155
1.81834
1.20961
1.57924
1.68391
1.68308
2.2076
1.80418
1.41629
1.45985
1.6722
1.64051
1.84537
1.48518
1.51613
1.71937
1.58359
1.78707
1.48923
1.74525
1.72585
1.61393
2.10809
1.3046
1.65305
1.47232
1.7542
2.15439
2.6383
1.98278
1.38364
1.53545
1.60118
1.58392
1.73011
1.26252
1.91785
1.8548
1.79955
2.00623
2.25539
1.81373
1.503
1.47837
1.22706
1.66679
1.86745
1.94649
2.21609
1.38469
1.6371
1.73727
1.56754
1.66174
1.7468
1.6871
1.79671
1.71171
1.50319
1.5288
1.56309
2.14809
1.51133
1.75722
1.44232
1.82389
1.74752
1.71336
1.65421
1.9395
1.59935
1.4504
1.29438
1.81094
1.69009
1.70033
1.64018
1.65304
1.45138
2.05051
1.48059
1.80953
1.55402
1.7984
1.60844
1.79969
1.97374
1.45257
1.56898
1.87097
1.98005
1.37433
1.45476
1.63661
1.55984
1.75178
2.12273
2.24419
1.37574
1.4539
1.73923
1.75026
1.55588
1.23807
2.06256
1.78339
1.29442
1.54745
1.84448
1.71756
1.35639
1.44927
1.99613
1.81664
1.24841
1.58393
1.4875
2.20006
1.41483
1.56391
1.28351
1.36246
2.38851
1.19684
1.94324
1.4172
1.78701
1.51471
1.9761
1.8193
1.62257
1.67599
2.01422
2.44868
1.13768
1.59318
1.75018
1.75397
1.55686
1.70045
1.30816
1.48511
1.59864
1.5778
2.09884
1.85883
1.34683
1.53556
1.54344
1.38017
2.14731
1.69604
1.57173
1.9018
1.74295
1.97582
1.4258
1.53793
1.74402
1.60582
1.16392
1.16661
1.2272
1.52643
1.73148
2.00235
1.75526
1.69938
2.30633
1.81548
1.58069
1.75235
1.7625
1.87773
2.12822
1.98004
1.7403
1.45148
1.72818
1.4379
1.424
1.42067
1.72949
1.26668
2.31761
1.84237
1.62059
1.81846
2.14161
1.8762
1.78384
1.45995
1.69968
1.57238
1.6142
1.64915
1.55108
1.74261
1.30111
2.00993
1.50822
1.99722
1.31011
1.14158
2.29154
1.73853
1.50115
2.17657
1.8454
1.54836
1.7012
1.82988
1.69994
1.6016
1.7112
1.54612
1.86083
1.07355
2.15517
1.24303
1.83825
1.67861
1.44642
1.65047
2.39955
1.59135
1.55906
1.93453
1.50845
1.61904
1.38073
1.6322
1.53101
1.558
1.2388
1.39294
1.67425
1.30973
1.34907
1.63131
1.84503
1.71035
1.36162
1.22742
1.52466
2.85009
2.70926
1.49926
1.85244
1.32366
1.50823
1.57174
2.57803
1.52398
1.77803
1.4734
1.23521
1.72881
1.72093
1.3282
1.08934
1.8045
1.67347
1.37766
1.63895
1.98664
1.51627
1.55946
1.46778
1.61032
1.82233
1.71357
1.72042
1.35537
1.59785
1.62054
1.74948
1.74207
1.72982
2.16762
1.20095
1.32148
1.31754
1.69755
1.50978
1.35631
1.8598
1.42353
1.91629
1.68975
1.73535
1.88989
1.23946
1.94278
1.92277
1.8508
1.44731
1.37045
1.98142
1.72293
1.80596
1.52454
1.63238
1.50447
1.2515
1.45591
1.70821
1.42708
1.4064
1.97241
1.77595
1.62394
2.22463
1.59684
1.52964
1.63697
1.9178
1.56248
1.4588
1.74508
2.1583
1.10565
1.52325
1.96861
1.42374
2.03941
1.64292
1.28846
1.6708
2.13109
1.55376
1.46283
1.8096
1.64434
1.6837
1.92985
1.55333
1.4768
1.40212
2.03064
1.35321
1.81627
1.27671
1.45248
1.61019
1.18008
2.22938
1.41756
1.92413
1.57923
1.46582
1.43285
2.00429
1.91906
1.18927
1.77531
1.64741
1.78854
1.27878
1.6823
1.77733
1.41051
1.87267
1.57102
1.81465
1.58995
1.86793
1.76629
2.04332
1.85805
1.64428
1.88031
2.12035
1.70986
1.44493
1.68577
1.528
1.75714
1.3608
1.87062
1.93104
1.64102
2.06406
1.99247
1.39445
1.92407
1.60763
1.46953
1.88197
1.94568
1.50076
2.03502
1.93874
1.57874
1.90858
1.45244
1.55846
1.70214
1.65341
1.55331
1.79561
2.01022
2.17896
1.60004
2.06968
1.6882
1.79202
1.6089
1.39818
1.59636
1.38804
1.73679
1.92442
1.42788
1.45042
1.48798
2.08374
1.18822
1.74184
1.92274
1.63444
1.65974
1.50685
1.48412
2.12372
2.3003
1.89722
1.90823
1.89929
1.47615
1.94889
1.31011
1.44432
1.95195
1.84286
2.00279
1.72857
1.85886
2.03606
1.45217
1.69666
1.78959
1.5255
1.52992
1.13196
1.62419
1.50375
1.68484
1.54766
1.72317
2.10004
1.48909
1.51412
1.63763
1.52603
1.91508
1.39934
1.56367
1.72165
1.75332
1.64259
1.78486
2.03826
1.75393
1.5745
2.12347
1.67941
2.2726
1.76895
1.33809
1.5094
2.05835
1.75376
2.49633
1.58385
1.85479
2.16801
1.58404
1.95073
1.70512
1.79964
1.69579
1.39115
1.59542
1.4937
1.39464
1.31285
1.6035
1.97822
2.35965
1.5808
1.96616
2.10722
1.80591
1.44374
1.74226
1.80423
1.84506
2.38658
1.10766
1.65117
1.86131
1.89779
1.27489
1.31096
1.97941
1.21016
2.46517
2.01953
1.32425
1.54876
1.51254
1.78272
2.54967
1.51781
1.58711
1.86409
1.3039
1.36124
1.7279
1.56651
1.57014
1.91417
1.32137
1.41579
1.58811
1.4359
1.65802
1.53291
1.45811
2.04864
1.86164
1.74203
1.2853
1.95129
1.47248
1.58066
1.61688
1.34592
1.82304
1.79181
2.18545
1.83235
1.39795
1.70896
1.92407
1.83091
1.84175
1.6465
1.8179
1.64331
1.60087
1.74447
1.34467
1.31033
1.43268
1.84683
2.01339
1.44468
1.29993
1.71386
1.74936
1.65983
1.52617
2.02822
1.55201
1.69579
1.96026
1.53527
1.65243
1.61754
1.60857
1.31006
1.55955
1.55128
1.50304
1.61729
1.49551
1.1902
1.92755
1.19391
1.28379
1.75928
1.36782
1.54031
1.80002
1.70532
1.37169
1.67186
1.70178
1.53299
2.10022
1.40897
1.87462
1.62505
1.7309
1.22519
2.10802
1.36251
1.81164
1.72787
1.61163
1.49591
2.39307
1.66566
2.10329
1.45992
1.58009
1.37873
1.41788
1.88232
1.48091
1.31269
1.57837
1.90815
1.59132
1.38133
1.64161
1.48036
1.98389
1.51167
1.26796
1.54144
1.3478
1.57663
1.45134
1.677
1.76763
1.88884
1.59507
1.33681
1.86467
1.47099
1.39987
1.58097
1.87808
1.33797
1.87747
1.6952
1.92522
1.26202
1.35905
1.79979
1.97844
1.71688
1.56561
1.88835
1.83359
1.58446
1.6722
1.52508
1.33154
1.5891
1.28104
1.28066
1.28087
2.26557
1.91231
1.91637
1.54184
1.60673
1.84111
2.18573
1.60932
1.74689
2.02298
1.4738
1.47576
1.47154
1.55068
1.66693
2.03408
1.2972
1.47101
1.53142
1.57362
1.55855
1.75722
1.51539
1.43177
1.65091
1.58411
1.62904
1.57369
1.4833
2.00338
1.76424
1.76994
1.68664
1.89861
1.50364
1.96631
1.73719
1.76784
1.96656
1.89549
1.25785
1.56372
1.96155
1.67957
2.00807
1.37194
1.46333
1.42036
1.6469
1.54285
1.45632
2.23299
1.78439
1.60617
1.59536
1.7723
1.65427
1.67456
1.87054
1.98372
1.56422
1.48953
1.70107
1.89144
1.58537
1.36958
2.09652
1.51585
1.8097
2.09325
1.73496
1.70837
1.53212
1.00634
1.03306
0.942
1.16464
1.1752
1.1026
1.07069
1.17418
1.17732
0.95082
1.32699
1.1817
1.34737
1.46112
1.33212
1.33285
1.29117
1.1274
1.75208
0.829957
1.22638
1.14882
1.06335
0.697373
1.51324
0.916352
1.3843
1.08958
1.2736
1.39744
0.955703
1.21478
1.07807
1.0876
0.946564
1.71942
1.10698
0.903862
1.1066
1.24215
0.778442
1.26185
1.22549
0.878807
1.35609
1.02725
1.23253
1.42262
0.959662
1.34566
1.07579
1.16171
1.32185
1.40113
1.18632
1.0381
1.25034
1.06431
1.21415
1.45774
1.21196
0.837044
1.01521
0.951804
1.38334
0.979582
0.608609
1.39029
1.0385
1.16374
0.698165
0.854151
1.10681
1.5273
0.80985
1.26071
1.37409
1.1383
1.01419
1.08897
1.13843
1.04514
0.948576
0.744797
1.06524
1.08087
1.01609
1.44481
0.906419
1.31025
1.3524
1.38587
1.22948
0.912438
1.08433
1.17622
1.22959
1.03707
1.40918
1.58072
0.977422
1.16106
1.19858
1.20568
1.58861
1.08811
0.965395
0.844445
1.0009
1.11647
1.32948
1.0973
1.05343
1.43092
1.18283
0.783267
1.17657
1.01285
1.09258
1.58347
0.792229
1.31814
1.62352
0.971616
1.28115
0.974275
0.771035
1.02778
0.922598
1.60724
0.814748
1.14964
0.878893
1.07674
1.03412
1.27018
1.20733
0.704394
0.942568
0.965118
1.11327
0.969924
1.2092
0.975309
1.31736
1.26879
0.930595
1.38467
1.02549
1.2049
1.02895
1.1706
1.32196
1.03905
0.967899
1.13277
1.37913
1.35029
1.36584
0.740567
1.05188
1.0707
1.02018
1.266
0.962968
1.25525
1.49905
0.918938
1.282
1.1957
0.943549
1.20926
0.9438
1.01689
1.06267
0.877897
1.59479
1.08472
0.826447
1.24711
0.972535
1.19848
1.01591
1.06652
0.947908
0.746087
1.44818
1.04072
1.54251
1.24941
1.03964
1.28659
1.03146
1.02516
0.974969
0.922912
1.15245
0.884455
1.2558
0.845309
1.16332
1.09859
0.939547
1.38222
1.05409
1.359
1.03247
1.4169
1.16042
1.17651
1.11428
1.30558
1.2325
1.05363
1.01666
1.32696
0.988825
1.20179
0.990487
1.25543
1.52228
1.20764
0.980057
0.956563
0.979842
1.13365
0.995585
1.21524
0.92315
1.04408
1.62574
0.954632
1.18386
1.18016
1.3179
0.829373
0.882333
0.885768
1.01953
1.09004
1.34066
1.1443
1.55422
1.06783
1.21376
1.13975
1.16328
1.21465
0.756638
1.42204
0.842441
1.16714
1.38532
0.958713
1.48712
1.32891
0.683967
1.297
1.44779
1.31912
1.05094
1.13036
1.24084
1.06941
0.804236
1.25597
1.06606
1.38535
1.3078
0.953479
1.32925
0.934947
1.3024
0.764904
1.10733
1.30332
1.3045
1.49531
1.2601
0.938542
1.13237
1.19239
1.25105
1.28277
1.00831
1.07332
1.22346
1.1378
1.33671
1.01236
1.17989
1.19178
1.11293
1.48398
0.809006
1.20857
1.03372
1.18964
1.47127
1.90619
1.43702
1.02424
1.05093
0.970753
1.12252
1.22745
0.907025
1.37276
1.00107
1.16695
1.39293
1.48907
1.22878
1.02841
1.01403
0.831266
1.30697
1.26405
1.43868
1.61427
1.00057
1.15188
1.31043
1.00759
1.12462
1.24843
1.19513
1.28427
1.07808
1.03727
0.992133
1.06985
1.57391
0.954603
1.26281
0.92879
1.30049
1.19539
1.11981
1.05879
1.25928
1.183
0.981557
0.836117
1.29018
1.28068
1.29013
1.09228
1.31869
0.979923
1.42954
0.967333
1.14485
0.986644
1.1892
1.25121
1.27582
1.2939
0.955107
0.858663
1.33661
1.40672
0.921071
1.06214
1.121
1.09756
1.2324
1.56108
1.56295
1.0273
0.94959
1.29325
1.13556
1.10533
0.85881
1.34887
1.25191
0.932311
1.03246
1.28079
1.26062
1.04939
0.928411
1.45795
1.15698
0.896002
1.14345
1.0119
1.6717
0.964193
1.09528
0.827943
0.886787
2.38851
0.672249
1.52834
0.926214
1.28809
1.12523
1.49485
1.14891
1.18707
1.10404
1.42366
1.6861
0.839176
1.1363
1.21043
1.04629
1.07655
1.27424
0.844668
0.961958
1.0308
1.15181
1.48609
1.41027
0.877661
1.03133
1.05603
0.962967
1.70982
1.1843
1.01906
1.28646
1.22567
1.49259
0.866036
1.08876
1.30273
1.07541
0.877153
0.733119
0.883463
0.959705
1.17977
1.36373
1.09257
1.13689
1.58587
1.29651
1.20078
1.24575
1.12245
1.18603
1.38569
1.61412
1.20399
0.985847
1.21032
0.907264
1.00859
0.948867
1.03967
0.838991
1.58055
1.29368
1.26449
1.2511
1.42756
1.30197
1.32699
1.02384
1.22925
1.11223
1.08891
0.962547
1.04401
1.12979
0.875594
1.40983
0.986322
1.46979
0.919288
0.712889
1.77882
1.13827
1.09696
1.59428
1.31226
1.27465
1.17079
1.32691
1.20445
1.14132
1.28214
1.02943
1.16486
0.79704
1.61901
0.849411
1.25252
1.18953
1.06929
1.26771
1.81695
1.07345
1.15815
1.25155
1.10015
0.722653
0.921706
1.17617
1.07179
1.03496
0.816804
0.904752
1.13632
1.01735
1.05502
1.11311
1.25707
1.13794
0.983242
0.789575
1.05326
2.01116
1.74981
1.04257
1.26924
0.89706
0.977986
1.13002
1.93946
1.00324
1.25876
1.09252
0.840648
1.24191
1.21441
0.966768
0.737452
1.32941
1.23677
0.965766
1.03177
1.44119
0.962302
1.19776
1.0836
1.22725
1.11182
1.15309
1.17209
0.946378
1.13337
1.18775
1.34414
1.26984
1.09433
1.58963
0.868638
0.846161
0.871604
1.27809
0.837463
0.802285
1.3105
0.897383
1.50837
1.1245
1.25583
1.41651
0.996476
1.24631
1.28129
1.28143
1.05244
1.01972
1.40004
1.24316
1.30942
0.915016
1.1822
0.983354
0.958998
1.00164
1.14151
0.756141
1.05679
1.26102
1.20639
1.25063
1.52897
1.19598
1.11254
1.04198
1.31671
0.996488
0.958691
1.13477
1.76793
0.634056
1.09962
1.4697
0.956023
1.47708
1.05159
0.91986
1.1579
1.58028
1.07519
1.00751
1.27054
1.3173
1.15502
1.36632
1.01439
1.09511
0.975906
1.4413
0.927951
1.3277
0.823435
1.0182
1.13585
0.769944
1.59053
1.00626
1.36184
1.07733
1.16736
1.10323
1.28284
1.33511
0.786294
1.11747
0.989567
1.22976
0.914097
1.29532
1.45542
1.0391
1.35398
0.996035
1.20971
1.12502
1.27198
1.21143
1.45111
1.12633
1.03915
1.32794
1.41716
1.31607
1.09706
1.15837
0.994584
1.26613
1.08645
1.07546
1.37882
1.18563
1.55033
1.29136
0.922503
1.36148
1.15162
1.04521
1.21466
1.21147
1.19072
1.49388
1.25065
1.06665
1.25323
1.08745
1.14955
1.03482
1.21614
1.03185
1.20011
1.43248
1.69727
1.0574
1.6356
1.2665
1.22978
1.12531
0.920481
0.995179
0.989345
1.28613
1.38476
0.946147
1.05222
0.938367
1.46019
0.729307
1.22222
1.33624
1.19448
1.04805
0.947406
0.986597
1.50285
1.63164
1.26827
1.21256
1.38836
1.03682
1.42264
0.921455
0.980697
1.43207
1.33495
1.44959
1.18397
1.18416
1.31801
1.06851
1.17012
1.21425
1.1288
0.975164
0.797607
1.02161
1.0042
1.32151
1.04157
1.11581
1.48549
1.14632
0.922945
1.15027
1.17974
1.20124
0.941431
1.05783
1.09295
1.21997
1.01853
1.25672
1.40352
1.75393
1.04358
1.49362
1.13531
1.45006
1.09627
0.848851
1.16651
1.38425
1.39042
1.7863
1.15792
1.3911
1.56409
0.962066
1.41657
1.17684
1.30772
1.20006
0.923911
0.955941
1.04061
0.957519
0.77692
1.14129
1.33955
1.56814
1.11656
1.48704
1.4064
1.26516
1.03473
1.31942
1.30011
1.28071
1.48846
0.808443
1.17221
1.22838
1.39246
0.929821
0.997656
1.33319
0.790344
1.77752
1.50807
0.890311
0.956789
1.05019
1.42
1.86596
0.941666
1.2089
1.34462
0.907064
0.751791
1.26132
0.953556
1.14245
1.22154
0.941804
1.41579
1.19179
0.959974
1.13284
1.05934
1.09371
1.50492
1.40846
1.08612
0.868664
1.32925
1.04426
1.07827
1.05807
0.961734
1.22984
1.15003
1.51042
1.0924
0.918109
1.16903
1.2636
1.21711
1.36916
1.10916
1.32393
1.20273
1.17935
1.28291
0.914963
0.942018
0.892404
1.31641
1.27515
1.03964
0.948497
1.25102
1.04937
1.1675
1.09411
1.52076
1.07937
1.10733
1.31474
1.10655
1.20516
1.13001
1.1432
0.832452
1.21344
1.19068
1.02287
1.08571
1.15614
0.78392
1.28654
0.877408
0.995307
1.23491
0.896562
1.15145
1.24333
1.31943
1.00989
1.20582
1.17132
1.05274
1.43219
0.955544
1.36293
1.13726
1.17881
0.89182
1.48239
1.07344
1.37971
1.03073
1.12301
1.06696
1.82099
1.25957
1.59475
1.06312
0.900899
0.986997
0.830229
1.32288
1.03917
0.877764
1.05988
1.40953
1.23948
0.975019
1.10579
1.05433
1.28213
1.09758
0.89285
1.06027
0.872944
1.04841
1.01435
1.16276
1.15899
1.4175
1.05741
0.836652
1.3804
1.05828
1.39987
1.15578
1.28355
0.907241
1.25643
1.23195
1.3316
0.924305
0.930618
1.21617
1.46423
1.19542
1.22305
1.22886
1.32708
1.10949
1.25698
1.09955
0.976984
1.17558
1.095
0.875445
0.928131
1.40775
1.47019
1.23736
1.01862
1.12854
1.23186
1.4842
1.1673
1.16712
1.39991
1.09528
0.96709
1.0964
1.10628
1.32699
1.44258
0.963113
1.0271
1.11793
1.00127
1.10996
1.38631
1.00939
0.971569
1.14359
1.07026
1.17273
1.13285
1.1067
1.52007
1.08173
1.35958
1.09209
1.4105
1.13772
1.4172
1.30004
1.30519
1.25739
1.31821
0.844718
1.07509
1.25003
1.07561
1.41164
1.01741
0.949629
1.10389
1.18295
1.54285
1.00776
1.57476
1.17853
1.01342
1.12286
1.28089
1.25554
1.34243
1.38574
1.37589
1.06072
1.01831
1.23999
1.17316
1.1239
0.909765
1.45962
1.17512
1.21867
1.66157
1.28704
2.35683
2.15748
1.50141
1.4241
1.41397
1.63808
1.67166
1.43074
1.49595
1.64616
1.73098
1.46129
1.80535
1.49341
1.71269
1.9003
1.70878
1.87508
1.68123
1.60905
2.73607
1.254
1.75869
1.5935
1.64795
1.01673
2.10165
1.49123
1.98103
1.47418
1.62964
2.05103
1.28545
1.82788
1.52114
1.68609
1.4102
2.46558
1.62043
1.34351
1.50098
1.70982
1.29941
1.72928
1.74356
1.37494
1.87272
1.61595
1.77454
2.02427
1.51032
1.82163
1.6456
1.58152
1.76584
1.91019
1.54293
1.51501
2.04185
1.48231
1.7058
2.22182
1.71733
1.22634
1.47464
1.41375
2.00331
1.50141
0.992143
1.89647
1.67579
1.6404
1.3139
1.30337
1.62534
2.03122
1.36541
1.80911
1.92079
1.59021
1.55815
1.71921
1.51702
1.48866
1.3171
1.26003
1.45848
1.78007
1.52287
1.91249
1.273
1.88046
1.90307
2.2289
1.65883
1.32204
1.43792
1.57362
1.77849
1.63338
2.08267
2.15622
1.42283
1.68107
1.72297
1.75188
2.35101
1.53209
1.38992
1.19367
1.73426
1.64096
1.88288
1.52202
1.49608
1.87772
1.53603
1.1916
1.57686
1.47494
1.47895
2.20024
1.28483
1.79122
2.36703
1.4017
1.71626
1.52029
1.36527
1.48088
1.41963
2.09243
1.2492
1.86137
1.23988
1.41309
1.59354
1.85475
1.84247
1.08463
1.59729
1.5662
1.76446
1.61373
1.61924
1.58976
1.65235
2.05378
1.51068
1.90418
1.45177
2.0118
1.3955
1.81108
1.86735
1.44542
1.51652
1.79994
1.92248
1.72217
1.78903
1.0648
1.66851
1.54317
1.62266
1.58752
1.40179
1.76046
2.14405
1.23563
1.74174
1.71886
1.43096
1.53043
1.34453
1.56351
1.39969
1.33681
2.05099
1.4999
1.40695
1.83144
1.38337
1.56173
1.43133
1.55244
1.33991
1.21697
1.9079
1.46364
2.2007
1.78182
1.49297
1.75376
1.52468
1.54843
1.38227
1.55767
1.79193
1.38043
1.67028
1.2535
1.6992
1.59202
1.37614
1.97632
1.46469
1.92902
1.56361
1.93734
2.00997
1.73635
1.45699
1.86304
1.88474
1.5443
1.53753
1.83271
1.58524
1.84119
1.4154
1.76604
1.93564
1.71615
1.47013
1.30836
1.38131
1.73142
1.64605
1.55365
1.41546
1.46117
2.03228
1.37258
1.69195
1.70147
1.77444
1.37896
1.4007
1.28447
1.34976
1.63121
1.82553
1.56041
2.07946
1.7522
1.77837
1.6227
1.5881
1.78258
1.22151
1.97204
1.43628
1.90284
1.90592
1.3408
2.11602
1.81991
1.06165
1.80602
1.87524
1.83687
1.46838
1.62878
1.8897
1.48728
1.21789
1.86365
1.52516
2.05692
2.08426
1.43406
2.05173
1.38155
1.81834
1.20961
1.57924
1.68391
1.68308
2.2076
1.80418
1.41629
1.45985
1.6722
1.64051
1.84537
1.48518
1.51613
1.71937
1.58359
1.78707
1.48923
1.74525
1.72585
1.61393
2.10809
1.3046
1.65305
1.47232
1.7542
2.15439
2.6383
1.98278
1.38364
1.53545
1.60118
1.58392
1.73011
1.26252
1.91785
1.8548
1.79955
2.00623
2.25539
1.81373
1.503
1.47837
1.22706
1.66679
1.86745
1.94649
2.21609
1.38469
1.6371
1.73727
1.56754
1.66174
1.7468
1.6871
1.79671
1.71171
1.50319
1.5288
1.56309
2.14809
1.51133
1.75722
1.44232
1.82389
1.74752
1.71336
1.65421
1.9395
1.59935
1.4504
1.29438
1.81094
1.69009
1.70033
1.64018
1.65304
1.45138
2.05051
1.48059
1.80953
1.55402
1.7984
1.60844
1.79969
1.97374
1.45257
1.56898
1.87097
1.98005
1.37433
1.45476
1.63661
1.55984
1.75178
2.12273
2.24419
1.37574
1.4539
1.73923
1.75026
1.55588
1.23807
2.06256
1.78339
1.29442
1.54745
1.84448
1.71756
1.35639
1.44927
1.99613
1.81664
1.24841
1.58393
1.4875
2.20006
1.41483
1.56391
1.28351
1.36246
2.38851
1.19684
1.94324
1.4172
1.78701
1.51471
1.9761
1.8193
1.62257
1.67599
2.01422
2.44868
1.13768
1.59318
1.75018
1.75397
1.55686
1.70045
1.30816
1.48511
1.59864
1.5778
2.09884
1.85883
1.34683
1.53556
1.54344
1.38017
2.14731
1.69604
1.57173
1.9018
1.74295
1.97582
1.4258
1.53793
1.74402
1.60582
1.16392
1.16661
1.2272
1.52643
1.73148
2.00235
1.75526
1.69938
2.30633
1.81548
1.58069
1.75235
1.7625
1.87773
2.12822
1.98004
1.7403
1.45148
1.72818
1.4379
1.424
1.42067
1.72949
1.26668
2.31761
1.84237
1.62059
1.81846
2.14161
1.8762
1.78384
1.45995
1.69968
1.57238
1.6142
1.64915
1.55108
1.74261
1.30111
2.00993
1.50822
1.99722
1.31011
1.14158
2.29154
1.73853
1.50115
2.17657
1.8454
1.54836
1.7012
1.82988
1.69994
1.6016
1.7112
1.54612
1.86083
1.07355
2.15517
1.24303
1.83825
1.67861
1.44642
1.65047
2.39955
1.59135
1.55906
1.93453
1.50845
1.61904
1.38073
1.6322
1.53101
1.558
1.2388
1.39294
1.67425
1.30973
1.34907
1.63131
1.84503
1.71035
1.36162
1.22742
1.52466
2.85009
2.70926
1.49926
1.85244
1.32366
1.50823
1.57174
2.57803
1.52398
1.77803
1.4734
1.23521
1.72881
1.72093
1.3282
1.08934
1.8045
1.67347
1.37766
1.63895
1.98664
1.51627
1.55946
1.46778
1.61032
1.82233
1.71357
1.72042
1.35537
1.59785
1.62054
1.74948
1.74207
1.72982
2.16762
1.20095
1.32148
1.31754
1.69755
1.50978
1.35631
1.8598
1.42353
1.91629
1.68975
1.73535
1.88989
1.23946
1.94278
1.92277
1.8508
1.44731
1.37045
1.98142
1.72293
1.80596
1.52454
1.63238
1.50447
1.2515
1.45591
1.70821
1.42708
1.4064
1.97241
1.77595
1.62394
2.22463
1.59684
1.52964
1.63697
1.9178
1.56248
1.4588
1.74508
2.1583
1.10565
1.52325
1.96861
1.42374
2.03941
1.64292
1.28846
1.6708
2.13109
1.55376
1.46283
1.8096
1.64434
1.6837
1.92985
1.55333
1.4768
1.40212
2.03064
1.35321
1.81627
1.27671
1.45248
1.61019
1.18008
2.22938
1.41756
1.92413
1.57923
1.46582
1.43285
2.00429
1.91906
1.18927
1.77531
1.64741
1.78854
1.27878
1.6823
1.77733
1.41051
1.87267
1.57102
1.81465
1.58995
1.86793
1.76629
2.04332
1.85805
1.64428
1.88031
2.12035
1.70986
1.44493
1.68577
1.528
1.75714
1.3608
1.87062
1.93104
1.64102
2.06406
1.99247
1.39445
1.92407
1.60763
1.46953
1.88197
1.94568
1.50076
2.03502
1.93874
1.57874
1.90858
1.45244
1.55846
1.70214
1.65341
1.55331
1.79561
2.01022
2.17896
1.60004
2.06968
1.6882
1.79202
1.6089
1.39818
1.59636
1.38804
1.73679
1.92442
1.42788
1.45042
1.48798
2.08374
1.18822
1.74184
1.92274
1.63444
1.65974
1.50685
1.48412
2.12372
2.3003
1.89722
1.90823
1.89929
1.47615
1.94889
1.31011
1.44432
1.95195
1.84286
2.00279
1.72857
1.85886
2.03606
1.45217
1.69666
1.78959
1.5255
1.52992
1.13196
1.62419
1.50375
1.68484
1.54766
1.72317
2.10004
1.48909
1.51412
1.63763
1.52603
1.91508
1.39934
1.56367
1.72165
1.75332
1.64259
1.78486
2.03826
1.75393
1.5745
2.12347
1.67941
2.2726
1.76895
1.33809
1.5094
2.05835
1.75376
2.49633
1.58385
1.85479
2.16801
1.58404
1.95073
1.70512
1.79964
1.69579
1.39115
1.59542
1.4937
1.39464
1.31285
1.6035
1.97822
2.35965
1.5808
1.96616
2.10722
1.80591
1.44374
1.74226
1.80423
1.84506
2.38658
1.10766
1.65117
1.86131
1.89779
1.27489
1.31096
1.97941
1.21016
2.46517
2.01953
1.32425
1.54876
1.51254
1.78272
2.54967
1.51781
1.58711
1.86409
1.3039
1.36124
1.7279
1.56651
1.57014
1.91417
1.32137
1.41579
1.58811
1.4359
1.65802
1.53291
1.45811
2.04864
1.86164
1.74203
1.2853
1.95129
1.47248
1.58066
1.61688
1.34592
1.82304
1.79181
2.18545
1.83235
1.39795
1.70896
1.92407
1.83091
1.84175
1.6465
1.8179
1.64331
1.60087
1.74447
1.34467
1.31033
1.43268
1.84683
2.01339
1.44468
1.29993
1.71386
1.74936
1.65983
1.52617
2.02822
1.55201
1.69579
1.96026
1.53527
1.65243
1.61754
1.60857
1.31006
1.55955
1.55128
1.50304
1.61729
1.49551
1.1902
1.92755
1.19391
1.28379
1.75928
1.36782
1.54031
1.80002
1.70532
1.37169
1.67186
1.70178
1.53299
2.10022
1.40897
1.87462
1.62505
1.7309
1.22519
2.10802
1.36251
1.81164
1.72787
1.61163
1.49591
2.39307
1.66566
2.10329
1.45992
1.58009
1.37873
1.41788
1.88232
1.48091
1.31269
1.57837
1.90815
1.59132
1.38133
1.64161
1.48036
1.98389
1.51167
1.26796
1.54144
1.3478
1.57663
1.45134
1.677
1.76763
1.88884
1.59507
1.33681
1.86467
1.47099
1.39987
1.58097
1.87808
1.33797
1.87747
1.6952
1.92522
1.26202
1.35905
1.79979
1.97844
1.71688
1.56561
1.88835
1.83359
1.58446
1.6722
1.52508
1.33154
1.5891
1.28104
1.28066
1.28087
2.26557
1.91231
1.91637
1.54184
1.60673
1.84111
2.18573
1.60932
1.74689
2.02298
1.4738
1.47576
1.47154
1.55068
1.66693
2.03408
1.2972
1.47101
1.53142
1.57362
1.55855
1.75722
1.51539
1.43177
1.65091
1.58411
1.62904
1.57369
1.4833
2.00338
1.76424
1.76994
1.68664
1.89861
1.50364
1.96631
1.73719
1.76784
1.96656
1.89549
1.25785
1.56372
1.96155
1.67957
2.00807
1.37194
1.46333
1.42036
1.6469
1.54285
1.45632
2.23299
1.78439
1.60617
1.59536
1.7723
1.65427
1.67456
1.87054
1.98372
1.56422
1.48953
1.70107
1.89144
1.58537
1.36958
2.09652
1.51585
1.8097
2.09325
1.73496
2.35683
2.15748
1.50141
1.4241
1.41397
1.63808
1.67166
1.43074
1.49595
1.64616
1.73098
1.46129
1.80535
1.49341
1.71269
1.9003
1.70878
1.87508
1.68123
1.60905
2.73607
1.254
1.75869
1.5935
1.64795
1.01673
2.10165
1.49123
1.98103
1.47418
1.62964
2.05103
1.28545
1.82788
1.52114
1.68609
1.4102
2.46558
1.62043
1.34351
1.50098
1.70982
1.29941
1.72928
1.74356
1.37494
1.87272
1.61595
1.77454
2.02427
1.51032
1.82163
1.6456
1.58152
1.76584
1.91019
1.54293
1.51501
2.04185
1.48231
1.7058
2.22182
1.71733
1.22634
1.47464
1.41375
2.00331
1.50141
0.992143
1.89647
1.67579
1.6404
1.3139
1.30337
1.62534
2.03122
1.36541
1.80911
1.92079
1.59021
1.55815
1.71921
1.51702
1.48866
1.3171
1.26003
1.45848
1.78007
1.52287
1.91249
1.273
1.88046
1.90307
2.2289
1.65883
1.32204
1.43792
1.57362
1.77849
1.63338
2.08267
2.15622
1.42283
1.68107
1.72297
1.75188
2.35101
1.53209
1.38992
1.19367
1.73426
1.64096
1.88288
1.52202
1.49608
1.87772
1.53603
1.1916
1.57686
1.47494
1.47895
2.20024
1.28483
1.79122
2.36703
1.4017
1.71626
1.52029
1.36527
1.48088
1.41963
2.09243
1.2492
1.86137
1.23988
1.41309
1.59354
1.85475
1.84247
1.08463
1.59729
1.5662
1.76446
1.61373
1.61924
1.58976
1.65235
2.05378
1.51068
1.90418
1.45177
2.0118
1.3955
1.81108
1.86735
1.44542
1.51652
1.79994
1.92248
1.72217
1.78903
1.0648
1.66851
1.54317
1.62266
1.58752
1.40179
1.76046
2.14405
1.23563
1.74174
1.71886
1.43096
1.53043
1.34453
1.56351
1.39969
1.33681
2.05099
1.4999
1.40695
1.83144
1.38337
1.56173
1.43133
1.55244
1.33991
1.21697
1.9079
1.46364
2.2007
1.78182
1.49297
1.75376
1.52468
1.54843
1.38227
1.55767
1.79193
1.38043
1.67028
1.2535
1.6992
1.59202
1.37614
1.97632
1.46469
1.92902
1.56361
1.93734
2.00997
1.73635
1.45699
1.86304
1.88474
1.5443
1.53753
1.83271
1.58524
1.84119
1.4154
1.76604
1.93564
1.71615
1.47013
1.30836
1.38131
1.73142
1.64605
1.55365
1.41546
1.46117
2.03228
1.37258
1.69195
1.70147
1.77444
1.37896
1.4007
1.28447
1.34976
1.63121
1.82553
1.56041
2.07946
1.7522
1.77837
1.6227
1.5881
1.78258
1.22151
1.97204
1.43628
1.90284
1.90592
1.3408
2.11602
1.81991
1.06165
1.80602
1.87524
1.83687
1.46838
1.62878
1.8897
1.48728
1.21789
1.86365
1.52516
2.05692
2.08426
1.43406
2.05173
1.38155
1.81834
1.20961
1.57924
1.68391
1.68308
2.2076
1.80418
1.41629
1.45985
1.6722
1.64051
1.84537
1.48518
1.51613
1.71937
1.58359
1.78707
1.48923
1.74525
1.72585
1.61393
2.10809
1.3046
1.65305
1.47232
1.7542
2.15439
2.6383
1.98278
1.38364
1.53545
1.60118
1.58392
1.73011
1.26252
1.91785
1.8548
1.79955
2.00623
2.25539
1.81373
1.503
1.47837
1.22706
1.66679
1.86745
1.94649
2.21609
1.38469
1.6371
1.73727
1.56754
1.66174
1.7468
1.6871
1.79671
1.71171
1.50319
1.5288
1.56309
2.14809
1.51133
1.75722
1.44232
1.82389
1.74752
1.71336
1.65421
1.9395
1.59935
1.4504
1.29438
1.81094
1.69009
1.70033
1.64018
1.65304
1.45138
2.05051
1.48059
1.80953
1.55402
1.7984
1.60844
1.79969
1.97374
1.45257
1.56898
1.87097
1.98005
1.37433
1.45476
1.63661
1.55984
1.75178
2.12273
2.24419
1.37574
1.4539
1.73923
1.75026
1.55588
1.23807
2.06256
1.78339
1.29442
1.54745
1.84448
1.71756
1.35639
1.44927
1.99613
1.81664
1.24841
1.58393
1.4875
2.20006
1.41483
1.56391
1.28351
1.36246
2.38851
1.19684
1.94324
1.4172
1.78701
1.51471
1.9761
1.8193
1.62257
1.67599
2.01422
2.44868
1.13768
1.59318
1.75018
1.75397
1.55686
1.70045
1.30816
1.48511
1.59864
1.5778
2.09884
1.85883
1.34683
1.53556
1.54344
1.38017
2.14731
1.69604
1.57173
1.9018
1.74295
1.97582
1.4258
1.53793
1.74402
1.60582
1.16392
1.16661
1.2272
1.52643
1.73148
2.00235
1.75526
1.69938
2.30633
1.81548
1.58069
1.75235
1.7625
1.87773
2.12822
1.98004
1.7403
1.45148
1.72818
1.4379
1.424
1.42067
1.72949
1.26668
2.31761
1.84237
1.62059
1.81846
2.14161
1.8762
1.78384
1.45995
1.69968
1.57238
1.6142
1.64915
1.55108
1.74261
1.30111
2.00993
1.50822
1.99722
1.31011
1.14158
2.29154
1.73853
1.50115
2.17657
1.8454
1.54836
1.7012
1.82988
1.69994
1.6016
1.7112
1.54612
1.86083
1.07355
2.15517
1.24303
1.83825
1.67861
1.44642
1.65047
2.39955
1.59135
1.55906
1.93453
1.50845
1.61904
1.38073
1.6322
1.53101
1.558
1.2388
1.39294
1.67425
1.30973
1.34907
1.63131
1.84503
1.71035
1.36162
1.22742
1.52466
2.85009
2.70926
1.49926
1.85244
1.32366
1.50823
1.57174
2.57803
1.52398
1.77803
1.4734
1.23521
1.72881
1.72093
1.3282
1.08934
1.8045
1.67347
1.37766
1.63895
1.98664
1.51627
1.55946
1.46778
1.61032
1.82233
1.71357
1.72042
1.35537
1.59785
1.62054
1.74948
1.74207
1.72982
2.16762
1.20095
1.32148
1.31754
1.69755
1.50978
1.35631
1.8598
1.42353
1.91629
1.68975
1.73535
1.88989
1.23946
1.94278
1.92277
1.8508
1.44731
1.37045
1.98142
1.72293
1.80596
1.52454
1.63238
1.50447
1.2515
1.45591
1.70821
1.42708
1.4064
1.97241
1.77595
1.62394
2.22463
1.59684
1.52964
1.63697
1.9178
1.56248
1.4588
1.74508
2.1583
1.10565
1.52325
1.96861
1.42374
2.03941
1.64292
1.28846
1.6708
2.13109
1.55376
1.46283
1.8096
1.64434
1.6837
1.92985
1.55333
1.4768
1.40212
2.03064
1.35321
1.81627
1.27671
1.45248
1.61019
1.18008
2.22938
1.41756
1.92413
1.57923
1.46582
1.43285
2.00429
1.91906
1.18927
1.77531
1.64741
1.78854
1.27878
1.6823
1.77733
1.41051
1.87267
1.57102
1.81465
1.58995
1.86793
1.76629
2.04332
1.85805
1.64428
1.88031
2.12035
1.70986
1.44493
1.68577
1.528
1.75714
1.3608
1.87062
1.93104
1.64102
2.06406
1.99247
1.39445
1.92407
1.60763
1.46953
1.88197
1.94568
1.50076
2.03502
1.93874
1.57874
1.90858
1.45244
1.55846
1.70214
1.65341
1.55331
1.79561
2.01022
2.17896
1.60004
2.06968
1.6882
1.79202
1.6089
1.39818
1.59636
1.38804
1.73679
1.92442
1.42788
1.45042
1.48798
2.08374
1.18822
1.74184
1.92274
1.63444
1.65974
1.50685
1.48412
2.12372
2.3003
1.89722
1.90823
1.89929
1.47615
1.94889
1.31011
1.44432
1.95195
1.84286
2.00279
1.72857
1.85886
2.03606
1.45217
1.69666
1.78959
1.5255
1.52992
1.13196
1.62419
1.50375
1.68484
1.54766
1.72317
2.10004
1.48909
1.51412
1.63763
1.52603
1.91508
1.39934
1.56367
1.72165
1.75332
1.64259
1.78486
2.03826
1.75393
1.5745
2.12347
1.67941
2.2726
1.76895
1.33809
1.5094
2.05835
1.75376
2.49633
1.58385
1.85479
2.16801
1.58404
1.95073
1.70512
1.79964
1.69579
1.39115
1.59542
1.4937
1.39464
1.31285
1.6035
1.97822
2.35965
1.5808
1.96616
2.10722
1.80591
1.44374
1.74226
1.80423
1.84506
2.38658
1.10766
1.65117
1.86131
1.89779
1.27489
1.31096
1.97941
1.21016
2.46517
2.01953
1.32425
1.54876
1.51254
1.78272
2.54967
1.51781
1.58711
1.86409
1.3039
1.36124
1.7279
1.56651
1.57014
1.91417
1.32137
1.41579
1.58811
1.4359
1.65802
1.53291
1.45811
2.04864
1.86164
1.74203
1.2853
1.95129
1.47248
1.58066
1.61688
1.34592
1.82304
1.79181
2.18545
1.83235
1.39795
1.70896
1.92407
1.83091
1.84175
1.6465
1.8179
1.64331
1.60087
1.74447
1.34467
1.31033
1.43268
1.84683
2.01339
1.44468
1.29993
1.71386
1.74936
1.65983
1.52617
2.02822
1.55201
1.69579
1.96026
1.53527
1.65243
1.61754
1.60857
1.31006
1.55955
1.55128
1.50304
1.61729
1.49551
1.1902
1.92755
1.19391
1.28379
1.75928
1.36782
1.54031
1.80002
1.70532
1.37169
1.67186
1.70178
1.53299
2.10022
1.40897
1.87462
1.62505
1.7309
1.22519
2.10802
1.36251
1.81164
1.72787
1.61163
1.49591
2.39307
1.66566
2.10329
1.45992
1.58009
1.37873
1.41788
1.88232
1.48091
1.31269
1.57837
1.90815
1.59132
1.38133
1.64161
1.48036
1.98389
1.51167
1.26796
1.54144
1.3478
1.57663
1.45134
1.677
1.76763
1.88884
1.59507
1.33681
1.86467
1.47099
1.39987
1.58097
1.87808
1.33797
1.87747
1.6952
1.92522
1.26202
1.35905
1.79979
1.97844
1.71688
1.56561
1.88835
1.83359
1.58446
1.6722
1.52508
1.33154
1.5891
1.28104
1.28066
1.28087
2.26557
1.91231
1.91637
1.54184
1.60673
1.84111
2.18573
1.60932
1.74689
2.02298
1.4738
1.47576
1.47154
1.55068
1.66693
2.03408
1.2972
1.47101
1.53142
1.57362
1.55855
1.75722
1.51539
1.43177
1.65091
1.58411
1.62904
1.57369
1.4833
2.00338
1.76424
1.76994
1.68664
1.89861
1.50364
1.96631
1.73719
1.76784
1.96656
1.89549
1.25785
1.56372
1.96155
1.67957
2.00807
1.37194
1.46333
1.42036
1.6469
1.54285
1.45632
2.23299
1.78439
1.60617
1.59536
1.7723
1.65427
1.67456
1.87054
1.98372
1.56422
1.48953
1.70107
1.89144
1.58537
1.36958
2.09652
1.51585
1.8097
2.09325
1.73496
2.35683
2.15748
1.50141
1.4241
1.41397
1.63808
1.67166
1.43074
1.49595
1.64616
1.73098
1.46129
1.80535
1.49341
1.71269
1.9003
1.70878
1.87508
1.68123
1.60905
2.73607
1.254
1.75869
1.5935
1.64795
1.01673
2.10165
1.49123
1.98103
1.47418
1.62964
2.05103
1.28545
1.82788
1.52114
1.68609
1.4102
2.46558
1.62043
1.34351
1.50098
1.70982
1.29941
1.72928
1.74356
1.37494
1.87272
1.61595
1.77454
2.02427
1.51032
1.82163
1.6456
1.58152
1.76584
1.91019
1.54293
1.51501
2.04185
1.48231
1.7058
2.22182
1.71733
1.22634
1.47464
1.41375
2.00331
1.50141
0.992143
1.89647
1.67579
1.6404
1.3139
1.30337
1.62534
2.03122
1.36541
1.80911
1.92079
1.59021
1.55815
1.71921
1.51702
1.48866
1.3171
1.26003
1.45848
1.78007
1.52287
1.91249
1.273
1.88046
1.90307
2.2289
1.65883
1.32204
1.43792
1.57362
1.77849
1.63338
2.08267
2.15622
1.42283
1.68107
1.72297
1.75188
2.35101
1.53209
1.38992
1.19367
1.73426
1.64096
1.88288
1.52202
1.49608
1.87772
1.53603
1.1916
1.57686
1.47494
1.47895
2.20024
1.28483
1.79122
2.36703
1.4017
1.71626
1.52029
1.36527
1.48088
1.41963
2.09243
1.2492
1.86137
1.23988
1.41309
1.59354
1.85475
1.84247
1.08463
1.59729
1.5662
1.76446
1.61373
1.61924
1.58976
1.65235
2.05378
1.51068
1.90418
1.45177
2.0118
1.3955
1.81108
1.86735
1.44542
1.51652
1.79994
1.92248
1.72217
1.78903
1.0648
1.66851
1.54317
1.62266
1.58752
1.40179
1.76046
2.14405
1.23563
1.74174
1.71886
1.43096
1.53043
1.34453
1.56351
1.39969
1.33681
2.05099
1.4999
1.40695
1.83144
1.38337
1.56173
1.43133
1.55244
1.33991
1.21697
1.9079
1.46364
2.2007
1.78182
1.49297
1.75376
1.52468
1.54843
1.38227
1.55767
1.79193
1.38043
1.67028
1.2535
1.6992
1.59202
1.37614
1.97632
1.46469
1.92902
1.56361
1.93734
2.00997
1.73635
1.45699
1.86304
1.88474
1.5443
1.53753
1.83271
1.58524
1.84119
1.4154
1.76604
1.93564
1.71615
1.47013
1.30836
1.38131
1.73142
1.64605
1.55365
1.41546
1.46117
2.03228
1.37258
1.69195
1.70147
1.77444
1.37896
1.4007
1.28447
1.34976
1.63121
1.82553
1.56041
2.07946
1.7522
1.77837
1.6227
1.5881
1.78258
1.22151
1.97204
1.43628
1.90284
1.90592
1.3408
2.11602
1.81991
1.06165
1.80602
1.87524
1.83687
1.46838
1.62878
1.8897
1.48728
1.21789
1.86365
1.52516
2.05692
2.08426
1.43406
2.05173
1.38155
1.81834
1.20961
1.57924
1.68391
1.68308
2.2076
1.80418
1.41629
1.45985
1.6722
1.64051
1.84537
1.48518
1.51613
1.71937
1.58359
1.78707
1.48923
1.74525
1.72585
1.61393
2.10809
1.3046
1.65305
1.47232
1.7542
2.15439
2.6383
1.98278
1.38364
1.53545
1.60118
1.58392
1.73011
1.26252
1.91785
1.8548
1.79955
2.00623
2.25539
1.81373
1.503
1.47837
1.22706
1.66679
1.86745
1.94649
2.21609
1.38469
1.6371
1.73727
1.56754
1.66174
1.7468
1.6871
1.79671
1.71171
1.50319
1.5288
1.56309
2.14809
1.51133
1.75722
1.44232
1.82389
1.74752
1.71336
1.65421
1.9395
1.59935
1.4504
1.29438
1.81094
1.69009
1.70033
1.64018
1.65304
1.45138
2.05051
1.48059
1.80953
1.55402
1.7984
1.60844
1.79969
1.97374
1.45257
1.56898
1.87097
1.98005
1.37433
1.45476
1.63661
1.55984
1.75178
2.12273
2.24419
1.37574
1.4539
1.73923
1.75026
1.55588
1.23807
2.06256
1.78339
1.29442
1.54745
1.84448
1.71756
1.35639
1.44927
1.99613
1.81664
1.24841
1.58393
1.4875
2.20006
1.41483
1.56391
1.28351
1.36246
2.38851
1.19684
1.94324
1.4172
1.78701
1.51471
1.9761
1.8193
1.62257
1.67599
2.01422
2.44868
1.13768
1.59318
1.75018
1.75397
1.55686
1.70045
1.30816
1.48511
1.59864
1.5778
2.09884
1.85883
1.34683
1.53556
1.54344
1.38017
2.14731
1.69604
1.57173
1.9018
1.74295
1.97582
1.4258
1.53793
1.74402
1.60582
1.16392
1.16661
1.2272
1.52643
1.73148
2.00235
1.75526
1.69938
2.30633
1.81548
1.58069
1.75235
1.7625
1.87773
2.12822
1.98004
1.7403
1.45148
1.72818
1.4379
1.424
1.42067
1.72949
1.26668
2.31761
1.84237
1.62059
1.81846
2.14161
1.8762
1.78384
1.45995
1.69968
1.57238
1.6142
1.64915
1.55108
1.74261
1.30111
2.00993
1.50822
1.99722
1.31011
1.14158
2.29154
1.73853
1.50115
2.17657
1.8454
1.54836
1.7012
1.82988
1.69994
1.6016
1.7112
1.54612
1.86083
1.07355
2.15517
1.24303
1.83825
1.67861
1.44642
1.65047
2.39955
1.59135
1.55906
1.93453
1.50845
1.61904
1.38073
1.6322
1.53101
1.558
1.2388
1.39294
1.67425
1.30973
1.34907
1.63131
1.84503
1.71035
1.36162
1.22742
1.52466
2.85009
2.70926
1.49926
1.85244
1.32366
1.50823
1.57174
2.57803
1.52398
1.77803
1.4734
1.23521
1.72881
1.72093
1.3282
1.08934
1.8045
1.67347
1.37766
1.63895
1.98664
1.51627
1.55946
1.46778
1.61032
1.82233
1.71357
1.72042
1.35537
1.59785
1.62054
1.74948
1.74207
1.72982
2.16762
1.20095
1.32148
1.31754
1.69755
1.50978
1.35631
1.8598
1.42353
1.91629
1.68975
1.73535
1.88989
1.23946
1.94278
1.92277
1.8508
1.44731
1.37045
1.98142
1.72293
1.80596
1.52454
1.63238
1.50447
1.2515
1.45591
1.70821
1.42708
1.4064
1.97241
1.77595
1.62394
2.22463
1.59684
1.52964
1.63697
1.9178
1.56248
1.4588
1.74508
2.1583
1.10565
1.52325
1.96861
1.42374
2.03941
1.64292
1.28846
1.6708
2.13109
1.55376
1.46283
1.8096
1.64434
1.6837
1.92985
1.55333
1.4768
1.40212
2.03064
1.35321
1.81627
1.27671
1.45248
1.61019
1.18008
2.22938
1.41756
1.92413
1.57923
1.46582
1.43285
2.00429
1.91906
1.18927
1.77531
1.64741
1.78854
1.27878
1.6823
1.77733
1.41051
1.87267
1.57102
1.81465
1.58995
1.86793
1.76629
2.04332
1.85805
1.64428
1.88031
2.12035
1.70986
1.44493
1.68577
1.528
1.75714
1.3608
1.87062
1.93104
1.64102
2.06406
1.99247
1.39445
1.92407
1.60763
1.46953
1.88197
1.94568
1.50076
2.03502
1.93874
1.57874
1.90858
1.45244
1.55846
1.70214
1.65341
1.55331
1.79561
2.01022
2.17896
1.60004
2.06968
1.6882
1.79202
1.6089
1.39818
1.59636
1.38804
1.73679
1.92442
1.42788
1.45042
1.48798
2.08374
1.18822
1.74184
1.92274
1.63444
1.65974
1.50685
1.48412
2.12372
2.3003
1.89722
1.90823
1.89929
1.47615
1.94889
1.31011
1.44432
1.95195
1.84286
2.00279
1.72857
1.85886
2.03606
1.45217
1.69666
1.78959
1.5255
1.52992
1.13196
1.62419
1.50375
1.68484
1.54766
1.72317
2.10004
1.48909
1.51412
1.63763
1.52603
1.91508
1.39934
1.56367
1.72165
1.75332
1.64259
1.78486
2.03826
1.75393
1.5745
2.12347
1.67941
2.2726
1.76895
1.33809
1.5094
2.05835
1.75376
2.49633
1.58385
1.85479
2.16801
1.58404
1.95073
1.70512
1.79964
1.69579
1.39115
1.59542
1.4937
1.39464
1.31285
1.6035
1.97822
2.35965
1.5808
1.96616
2.10722
1.80591
1.44374
1.74226
1.80423
1.84506
2.38658
1.10766
1.65117
1.86131
1.89779
1.27489
1.31096
1.97941
1.21016
2.46517
2.01953
1.32425
1.54876
1.51254
1.78272
2.54967
1.51781
1.58711
1.86409
1.3039
1.36124
1.7279
1.56651
1.57014
1.91417
1.32137
1.41579
1.58811
1.4359
1.65802
1.53291
1.45811
2.04864
1.86164
1.74203
1.2853
1.95129
1.47248
1.58066
1.61688
1.34592
1.82304
1.79181
2.18545
1.83235
1.39795
1.70896
1.92407
1.83091
1.84175
1.6465
1.8179
1.64331
1.60087
1.74447
1.34467
1.31033
1.43268
1.84683
2.01339
1.44468
1.29993
1.71386
1.74936
1.65983
1.52617
2.02822
1.55201
1.69579
1.96026
1.53527
1.65243
1.61754
1.60857
1.31006
1.55955
1.55128
1.50304
1.61729
1.49551
1.1902
1.92755
1.19391
1.28379
1.75928
1.36782
1.54031
1.80002
1.70532
1.37169
1.67186
1.70178
1.53299
2.10022
1.40897
1.87462
1.62505
1.7309
1.22519
2.10802
1.36251
1.81164
1.72787
1.61163
1.49591
2.39307
1.66566
2.10329
1.45992
1.58009
1.37873
1.41788
1.88232
1.48091
1.31269
1.57837
1.90815
1.59132
1.38133
1.64161
1.48036
1.98389
1.51167
1.26796
1.54144
1.3478
1.57663
1.45134
1.677
1.76763
1.88884
1.59507
1.33681
1.86467
1.47099
1.39987
1.58097
1.87808
1.33797
1.87747
1.6952
1.92522
1.26202
1.35905
1.79979
1.97844
1.71688
1.56561
1.88835
1.83359
1.58446
1.6722
1.52508
1.33154
1.5891
1.28104
1.28066
1.28087
2.26557
1.91231
1.91637
1.54184
1.60673
1.84111
2.18573
1.60932
1.74689
2.02298
1.4738
1.47576
1.47154
1.55068
1.66693
2.03408
1.2972
1.47101
1.53142
1.57362
1.55855
1.75722
1.51539
1.43177
1.65091
1.58411
1.62904
1.57369
1.4833
2.00338
1.76424
1.76994
1.68664
1.89861
1.50364
1.96631
1.73719
1.76784
1.96656
1.89549
1.25785
1.56372
1.96155
1.67957
2.00807
1.37194
1.46333
1.42036
1.6469
1.54285
1.45632
2.23299
1.78439
1.60617
1.59536
1.7723
1.65427
1.67456
1.87054
1.98372
1.56422
1.48953
1.70107
1.89144
1.58537
1.36958
2.09652
1.51585
1.8097
2.09325
1.73496
2.35683
2.15748
1.50141
1.4241
1.41397
1.63808
1.67166
1.43074
1.49595
1.64616
1.73098
1.46129
1.80535
1.49341
1.71269
1.9003
1.70878
1.87508
1.68123
1.60905
2.73607
1.254
1.75869
1.5935
1.64795
1.01673
2.10165
1.49123
1.98103
1.47418
1.62964
2.05103
1.28545
1.82788
1.52114
1.68609
1.4102
2.46558
1.62043
1.34351
1.50098
1.70982
1.29941
1.72928
1.74356
1.37494
1.87272
1.61595
1.77454
2.02427
1.51032
1.82163
1.6456
1.58152
1.76584
1.91019
1.54293
1.51501
2.04185
1.48231
1.7058
2.22182
1.71733
1.22634
1.47464
1.41375
2.00331
1.50141
0.992143
1.89647
1.67579
1.6404
1.3139
1.30337
1.62534
2.03122
1.36541
1.80911
1.92079
1.59021
1.55815
1.71921
1.51702
1.48866
1.3171
1.26003
1.45848
1.78007
1.52287
1.91249
1.273
1.88046
1.90307
2.2289
1.65883
1.32204
1.43792
1.57362
1.77849
1.63338
2.08267
2.15622
1.42283
1.68107
1.72297
1.75188
2.35101
1.53209
1.38992
1.19367
1.73426
1.64096
1.88288
1.52202
1.49608
1.87772
1.53603
1.1916
1.57686
1.47494
1.47895
2.20024
1.28483
1.79122
2.36703
1.4017
1.71626
1.52029
1.36527
1.48088
1.41963
2.09243
1.2492
1.86137
1.23988
1.41309
1.59354
1.85475
1.84247
1.08463
1.59729
1.5662
1.76446
1.61373
1.61924
1.58976
1.65235
2.05378
1.51068
1.90418
1.45177
2.0118
1.3955
1.81108
1.86735
1.44542
1.51652
1.79994
1.92248
1.72217
1.78903
1.0648
1.66851
1.54317
1.62266
1.58752
1.40179
1.76046
2.14405
1.23563
1.74174
1.71886
1.43096
1.53043
1.34453
1.56351
1.39969
1.33681
2.05099
1.4999
1.40695
1.83144
1.38337
1.56173
1.43133
1.55244
1.33991
1.21697
1.9079
1.46364
2.2007
1.78182
1.49297
1.75376
1.52468
1.54843
1.38227
1.55767
1.79193
1.38043
1.67028
1.2535
1.6992
1.59202
1.37614
1.97632
1.46469
1.92902
1.56361
1.93734
2.00997
1.73635
1.45699
1.86304
1.88474
1.5443
1.53753
1.83271
1.58524
1.84119
1.4154
1.76604
1.93564
1.71615
1.47013
1.30836
1.38131
1.73142
1.64605
1.55365
1.41546
1.46117
2.03228
1.37258
1.69195
1.70147
1.77444
1.37896
1.4007
1.28447
1.34976
1.63121
1.82553
1.56041
2.07946
1.7522
1.77837
1.6227
1.5881
1.78258
1.22151
1.97204
1.43628
1.90284
1.90592
1.3408
2.11602
1.81991
1.06165
1.80602
1.87524
1.83687
1.46838
1.62878
1.8897
1.48728
1.21789
1.86365
1.52516
2.05692
2.08426
1.43406
2.05173
1.38155
1.81834
1.20961
1.57924
1.68391
1.68308
2.2076
1.80418
1.41629
1.45985
1.6722
1.64051
1.84537
1.48518
1.51613
1.71937
1.58359
1.78707
1.48923
1.74525
1.72585
1.61393
2.10809
1.3046
1.65305
1.47232
1.7542
2.15439
2.6383
1.98278
1.38364
1.53545
1.60118
1.58392
1.73011
1.26252
1.91785
1.8548
1.79955
2.00623
2.25539
1.81373
1.503
1.47837
1.22706
1.66679
1.86745
1.94649
2.21609
1.38469
1.6371
1.73727
1.56754
1.66174
1.7468
1.6871
1.79671
1.71171
1.50319
1.5288
1.56309
2.14809
1.51133
1.75722
1.44232
1.82389
1.74752
1.71336
1.65421
1.9395
1.59935
1.4504
1.29438
1.81094
1.69009
1.70033
1.64018
1.65304
1.45138
2.05051
1.48059
1.80953
1.55402
1.7984
1.60844
1.79969
1.97374
1.45257
1.56898
1.87097
1.98005
1.37433
1.45476
1.63661
1.55984
1.75178
2.12273
2.24419
1.37574
1.4539
1.73923
1.75026
1.55588
1.23807
2.06256
1.78339
1.29442
1.54745
1.84448
1.71756
1.35639
1.44927
1.99613
1.81664
1.24841
1.58393
1.4875
2.20006
1.41483
1.56391
1.28351
1.36246
2.38851
1.19684
1.94324
1.4172
1.78701
1.51471
1.9761
1.8193
1.62257
1.67599
2.01422
2.44868
1.13768
1.59318
1.75018
1.75397
1.55686
1.70045
1.30816
1.48511
1.59864
1.5778
2.09884
1.85883
1.34683
1.53556
1.54344
1.38017
2.14731
1.69604
1.57173
1.9018
1.74295
1.97582
1.4258
1.53793
1.74402
1.60582
1.16392
1.16661
1.2272
1.52643
1.73148
2.00235
1.75526
1.69938
2.30633
1.81548
1.58069
1.75235
1.7625
1.87773
2.12822
1.98004
1.7403
1.45148
1.72818
1.4379
1.424
1.42067
1.72949
1.26668
2.31761
1.84237
1.62059
1.81846
2.14161
1.8762
1.78384
1.45995
1.69968
1.57238
1.6142
1.64915
1.55108
1.74261
1.30111
2.00993
1.50822
1.99722
1.31011
1.14158
2.29154
1.73853
1.50115
2.17657
1.8454
1.54836
1.7012
1.82988
1.69994
1.6016
1.7112
1.54612
1.86083
1.07355
2.15517
1.24303
1.83825
1.67861
1.44642
1.65047
2.39955
1.59135
1.55906
1.93453
1.50845
1.61904
1.38073
1.6322
1.53101
1.558
1.2388
1.39294
1.67425
1.30973
1.34907
1.63131
1.84503
1.71035
1.36162
1.22742
1.52466
2.85009
2.70926
1.49926
1.85244
1.32366
1.50823
1.57174
2.57803
1.52398
1.77803
1.4734
1.23521
1.72881
1.72093
1.3282
1.08934
1.8045
1.67347
1.37766
1.63895
1.98664
1.51627
1.55946
1.46778
1.61032
1.82233
1.71357
1.72042
1.35537
1.59785
1.62054
1.74948
1.74207
1.72982
2.16762
1.20095
1.32148
1.31754
1.69755
1.50978
1.35631
1.8598
1.42353
1.91629
1.68975
1.73535
1.88989
1.23946
1.94278
1.92277
1.8508
1.44731
1.37045
1.98142
1.72293
1.80596
1.52454
1.63238
1.50447
1.2515
1.45591
1.70821
1.42708
1.4064
1.97241
1.77595
1.62394
2.22463
1.59684
1.52964
1.63697
1.9178
1.56248
1.4588
1.74508
2.1583
1.10565
1.52325
1.96861
1.42374
2.03941
1.64292
1.28846
1.6708
2.13109
1.55376
1.46283
1.8096
1.64434
1.6837
1.92985
1.55333
1.4768
1.40212
2.03064
1.35321
1.81627
1.27671
1.45248
1.61019
1.18008
2.22938
1.41756
1.92413
1.57923
1.46582
1.43285
2.00429
1.91906
1.18927
1.77531
1.64741
1.78854
1.27878
1.6823
1.77733
1.41051
1.87267
1.57102
1.81465
1.58995
1.86793
1.76629
2.04332
1.85805
1.64428
1.88031
2.12035
1.70986
1.44493
1.68577
1.528
1.75714
1.3608
1.87062
1.93104
1.64102
2.06406
1.99247
1.39445
1.92407
1.60763
1.46953
1.88197
1.94568
1.50076
2.03502
1.93874
1.57874
1.90858
1.45244
1.55846
1.70214
1.65341
1.55331
1.79561
2.01022
2.17896
1.60004
2.06968
1.6882
1.79202
1.6089
1.39818
1.59636
1.38804
1.73679
1.92442
1.42788
1.45042
1.48798
2.08374
1.18822
1.74184
1.92274
1.63444
1.65974
1.50685
1.48412
2.12372
2.3003
1.89722
1.90823
1.89929
1.47615
1.94889
1.31011
1.44432
1.95195
1.84286
2.00279
1.72857
1.85886
2.03606
1.45217
1.69666
1.78959
1.5255
1.52992
1.13196
1.62419
1.50375
1.68484
1.54766
1.72317
2.10004
1.48909
1.51412
1.63763
1.52603
1.91508
1.39934
1.56367
1.72165
1.75332
1.64259
1.78486
2.03826
1.75393
1.5745
2.12347
1.67941
2.2726
1.76895
1.33809
1.5094
2.05835
1.75376
2.49633
1.58385
1.85479
2.16801
1.58404
1.95073
1.70512
1.79964
1.69579
1.39115
1.59542
1.4937
1.39464
1.31285
1.6035
1.97822
2.35965
1.5808
1.96616
2.10722
1.80591
1.44374
1.74226
1.80423
1.84506
2.38658
1.10766
1.65117
1.86131
1.89779
1.27489
1.31096
1.97941
1.21016
2.46517
2.01953
1.32425
1.54876
1.51254
1.78272
2.54967
1.51781
1.58711
1.86409
1.3039
1.36124
1.7279
1.56651
1.57014
1.91417
1.32137
1.41579
1.58811
1.4359
1.65802
1.53291
1.45811
2.04864
1.86164
1.74203
1.2853
1.95129
1.47248
1.58066
1.61688
1.34592
1.82304
1.79181
2.18545
1.83235
1.39795
1.70896
1.92407
1.83091
1.84175
1.6465
1.8179
1.64331
1.60087
1.74447
1.34467
1.31033
1.43268
1.84683
2.01339
1.44468
1.29993
1.71386
1.74936
1.65983
1.52617
2.02822
1.55201
1.69579
1.96026
1.53527
1.65243
1.61754
1.60857
1.31006
1.55955
1.55128
1.50304
1.61729
1.49551
1.1902
1.92755
1.19391
1.28379
1.75928
1.36782
1.54031
1.80002
1.70532
1.37169
1.67186
1.70178
1.53299
2.10022
1.40897
1.87462
1.62505
1.7309
1.22519
2.10802
1.36251
1.81164
1.72787
1.61163
1.49591
2.39307
1.66566
2.10329
1.45992
1.58009
1.37873
1.41788
1.88232
1.48091
1.31269
1.57837
1.90815
1.59132
1.38133
1.64161
1.48036
1.98389
1.51167
1.26796
1.54144
1.3478
1.57663
1.45134
1.677
1.76763
1.88884
1.59507
1.33681
1.86467
1.47099
1.39987
1.58097
1.87808
1.33797
1.87747
1.6952
1.92522
1.26202
1.35905
1.79979
1.97844
1.71688
1.56561
1.88835
1.83359
1.58446
1.6722
1.52508
1.33154
1.5891
1.28104
1.28066
1.28087
2.26557
1.91231
1.91637
1.54184
1.60673
1.84111
2.18573
1.60932
1.74689
2.02298
1.4738
1.47576
1.47154
1.55068
1.66693
2.03408
1.2972
1.47101
1.53142
1.57362
1.55855
1.75722
1.51539
1.43177
1.65091
1.58411
1.62904
1.57369
1.4833
2.00338
1.76424
1.76994
1.68664
1.89861
1.50364
1.96631
1.73719
1.76784
1.96656
1.89549
1.25785
1.56372
1.96155
1.67957
2.00807
1.37194
1.46333
1.42036
1.6469
1.54285
1.45632
2.23299
1.78439
1.60617
1.59536
1.7723
1.65427
1.67456
1.87054
1.98372
1.56422
1.48953
1.70107
1.89144
1.58537
1.36958
2.09652
1.51585
1.8097
2.09325
1.73496
2.35683
2.15748
1.50141
1.4241
1.41397
1.63808
1.67166
1.43074
1.49595
1.64616
1.73098
1.46129
1.80535
1.49341
1.71269
1.9003
1.70878
1.87508
1.68123
1.60905
2.73607
1.254
1.75869
1.5935
1.64795
1.01673
2.10165
1.49123
1.98103
1.47418
1.62964
2.05103
1.28545
1.82788
1.52114
1.68609
1.4102
2.46558
1.62043
1.34351
1.50098
1.70982
1.29941
1.72928
1.74356
1.37494
1.87272
1.61595
1.77454
2.02427
1.51032
1.82163
1.6456
1.58152
1.76584
1.91019
1.54293
1.51501
2.04185
1.48231
1.7058
2.22182
1.71733
1.22634
1.47464
1.41375
2.00331
1.50141
0.992143
1.89647
1.67579
1.6404
1.3139
1.30337
1.62534
2.03122
1.36541
1.80911
1.92079
1.59021
1.55815
1.71921
1.51702
1.48866
1.3171
1.26003
1.45848
1.78007
1.52287
1.91249
1.273
1.88046
1.90307
2.2289
1.65883
1.32204
1.43792
1.57362
1.77849
1.63338
2.08267
2.15622
1.42283
1.68107
1.72297
1.75188
2.35101
1.53209
1.38992
1.19367
1.73426
1.64096
1.88288
1.52202
1.49608
1.87772
1.53603
1.1916
1.57686
1.47494
1.47895
2.20024
1.28483
1.79122
2.36703
1.4017
1.71626
1.52029
1.36527
1.48088
1.41963
2.09243
1.2492
1.86137
1.23988
1.41309
1.59354
1.85475
1.84247
1.08463
1.59729
1.5662
1.76446
1.61373
1.61924
1.58976
1.65235
2.05378
1.51068
1.90418
1.45177
2.0118
1.3955
1.81108
1.86735
1.44542
1.51652
1.79994
1.92248
1.72217
1.78903
1.0648
1.66851
1.54317
1.62266
1.58752
1.40179
1.76046
2.14405
1.23563
1.74174
1.71886
1.43096
1.53043
1.34453
1.56351
1.39969
1.33681
2.05099
1.4999
1.40695
1.83144
1.38337
1.56173
1.43133
1.55244
1.33991
1.21697
1.9079
1.46364
2.2007
1.78182
1.49297
1.75376
1.52468
1.54843
1.38227
1.55767
1.79193
1.38043
1.67028
1.2535
1.6992
1.59202
1.37614
1.97632
1.46469
1.92902
1.56361
1.93734
2.00997
1.73635
1.45699
1.86304
1.88474
1.5443
1.53753
1.83271
1.58524
1.84119
1.4154
1.76604
1.93564
1.71615
1.47013
1.30836
1.38131
1.73142
1.64605
1.55365
1.41546
1.46117
2.03228
1.37258
1.69195
1.70147
1.77444
1.37896
1.4007
1.28447
1.34976
1.63121
1.82553
1.56041
2.07946
1.7522
1.77837
1.6227
1.5881
1.78258
1.22151
1.97204
1.43628
1.90284
1.90592
1.3408
2.11602
1.81991
1.06165
1.80602
1.87524
1.83687
1.46838
1.62878
1.8897
1.48728
1.21789
1.86365
1.52516
2.05692
2.08426
1.43406
2.05173
1.38155
1.81834
1.20961
1.57924
1.68391
1.68308
2.2076
1.80418
1.41629
1.45985
1.6722
1.64051
1.84537
1.48518
1.51613
1.71937
1.58359
1.78707
1.48923
1.74525
1.72585
1.61393
2.10809
1.3046
1.65305
1.47232
1.7542
2.15439
2.6383
1.98278
1.38364
1.53545
1.60118
1.58392
1.73011
1.26252
1.91785
1.8548
1.79955
2.00623
2.25539
1.81373
1.503
1.47837
1.22706
1.66679
1.86745
1.94649
2.21609
1.38469
1.6371
1.73727
1.56754
1.66174
1.7468
1.6871
1.79671
1.71171
1.50319
1.5288
1.56309
2.14809
1.51133
1.75722
1.44232
1.82389
1.74752
1.71336
1.65421
1.9395
1.59935
1.4504
1.29438
1.81094
1.69009
1.70033
1.64018
1.65304
1.45138
2.05051
1.48059
1.80953
1.55402
1.7984
1.60844
1.79969
1.97374
1.45257
1.56898
1.87097
1.98005
1.37433
1.45476
1.63661
1.55984
1.75178
2.12273
2.24419
1.37574
1.4539
1.73923
1.75026
1.55588
1.23807
2.06256
1.78339
1.29442
1.54745
1.84448
1.71756
1.35639
1.44927
1.99613
1.81664
1.24841
1.58393
1.4875
2.20006
1.41483
1.56391
1.28351
1.36246
2.38851
1.19684
1.94324
1.4172
1.78701
1.51471
1.9761
1.8193
1.62257
1.67599
2.01422
2.44868
1.13768
1.59318
1.75018
1.75397
1.55686
1.70045
1.30816
1.48511
1.59864
1.5778
2.09884
1.85883
1.34683
1.53556
1.54344
1.38017
2.14731
1.69604
1.57173
1.9018
1.74295
1.97582
1.4258
1.53793
1.74402
1.60582
1.16392
1.16661
1.2272
1.52643
1.73148
2.00235
1.75526
1.69938
2.30633
1.81548
1.58069
1.75235
1.7625
1.87773
2.12822
1.98004
1.7403
1.45148
1.72818
1.4379
1.424
1.42067
1.72949
1.26668
2.31761
1.84237
1.62059
1.81846
2.14161
1.8762
1.78384
1.45995
1.69968
1.57238
1.6142
1.64915
1.55108
1.74261
1.30111
2.00993
1.50822
1.99722
1.31011
1.14158
2.29154
1.73853
1.50115
2.17657
1.8454
1.54836
1.7012
1.82988
1.69994
1.6016
1.7112
1.54612
1.86083
1.07355
2.15517
1.24303
1.83825
1.67861
1.44642
1.65047
2.39955
1.59135
1.55906
1.93453
1.50845
1.61904
1.38073
1.6322
1.53101
1.558
1.2388
1.39294
1.67425
1.30973
1.34907
1.63131
1.84503
1.71035
1.36162
1.22742
1.52466
2.85009
2.70926
1.49926
1.85244
1.32366
1.50823
1.57174
2.57803
1.52398
1.77803
1.4734
1.23521
1.72881
1.72093
1.3282
1.08934
1.8045
1.67347
1.37766
1.63895
1.98664
1.51627
1.55946
1.46778
1.61032
1.82233
1.71357
1.72042
1.35537
1.59785
1.62054
1.74948
1.74207
1.72982
2.16762
1.20095
1.32148
1.31754
1.69755
1.50978
1.35631
1.8598
1.42353
1.91629
1.68975
1.73535
1.88989
1.23946
1.94278
1.92277
1.8508
1.44731
1.37045
1.98142
1.72293
1.80596
1.52454
1.63238
1.50447
1.2515
1.45591
1.70821
1.42708
1.4064
1.97241
1.77595
1.62394
2.22463
1.59684
1.52964
1.63697
1.9178
1.56248
1.4588
1.74508
2.1583
1.10565
1.52325
1.96861
1.42374
2.03941
1.64292
1.28846
1.6708
2.13109
1.55376
1.46283
1.8096
1.64434
1.6837
1.92985
1.55333
1.4768
1.40212
2.03064
1.35321
1.81627
1.27671
1.45248
1.61019
1.18008
2.22938
1.41756
1.92413
1.57923
1.46582
1.43285
2.00429
1.91906
1.18927
1.77531
1.64741
1.78854
1.27878
1.6823
1.77733
1.41051
1.87267
1.57102
1.81465
1.58995
1.86793
1.76629
2.04332
1.85805
1.64428
1.88031
2.12035
1.70986
1.44493
1.68577
1.528
1.75714
1.3608
1.87062
1.93104
1.64102
2.06406
1.99247
1.39445
1.92407
1.60763
1.46953
1.88197
1.94568
1.50076
2.03502
1.93874
1.57874
1.90858
1.45244
1.55846
1.70214
1.65341
1.55331
1.79561
2.01022
2.17896
1.60004
2.06968
1.6882
1.79202
1.6089
1.39818
1.59636
1.38804
1.73679
1.92442
1.42788
1.45042
1.48798
2.08374
1.18822
1.74184
1.92274
1.63444
1.65974
1.50685
1.48412
2.12372
2.3003
1.89722
1.90823
1.89929
1.47615
1.94889
1.31011
1.44432
1.95195
1.84286
2.00279
1.72857
1.85886
2.03606
1.45217
1.69666
1.78959
1.5255
1.52992
1.13196
1.62419
1.50375
1.68484
1.54766
1.72317
2.10004
1.48909
1.51412
1.63763
1.52603
1.91508
1.39934
1.56367
1.72165
1.75332
1.64259
1.78486
2.03826
1.75393
1.5745
2.12347
1.67941
2.2726
1.76895
1.33809
1.5094
2.05835
1.75376
2.49633
1.58385
1.85479
2.16801
1.58404
1.95073
1.70512
1.79964
1.69579
1.39115
1.59542
1.4937
1.39464
1.31285
1.6035
1.97822
2.35965
1.5808
1.96616
2.10722
1.80591
1.44374
1.74226
1.80423
1.84506
2.38658
1.10766
1.65117
1.86131
1.89779
1.27489
1.31096
1.97941
1.21016
2.46517
2.01953
1.32425
1.54876
1.51254
1.78272
2.54967
1.51781
1.58711
1.86409
1.3039
1.36124
1.7279
1.56651
1.57014
1.91417
1.32137
1.41579
1.58811
1.4359
1.65802
1.53291
1.45811
2.04864
1.86164
1.74203
1.2853
1.95129
1.47248
1.58066
1.61688
1.34592
1.82304
1.79181
2.18545
1.83235
1.39795
1.70896
1.92407
1.83091
1.84175
1.6465
1.8179
1.64331
1.60087
1.74447
1.34467
1.31033
1.43268
1.84683
2.01339
1.44468
1.29993
1.71386
1.74936
1.65983
1.52617
2.02822
1.55201
1.69579
1.96026
1.53527
1.65243
1.61754
1.60857
1.31006
1.55955
1.55128
1.50304
1.61729
1.49551
1.1902
1.92755
1.19391
1.28379
1.75928
1.36782
1.54031
1.80002
1.70532
1.37169
1.67186
1.70178
1.53299
2.10022
1.40897
1.87462
1.62505
1.7309
1.22519
2.10802
1.36251
1.81164
1.72787
1.61163
1.49591
2.39307
1.66566
2.10329
1.45992
1.58009
1.37873
1.41788
1.88232
1.48091
1.31269
1.57837
1.90815
1.59132
1.38133
1.64161
1.48036
1.98389
1.51167
1.26796
1.54144
1.3478
1.57663
1.45134
1.677
1.76763
1.88884
1.59507
1.33681
1.86467
1.47099
1.39987
1.58097
1.87808
1.33797
1.87747
1.6952
1.92522
1.26202
1.35905
1.79979
1.97844
1.71688
1.56561
1.88835
1.83359
1.58446
1.6722
1.52508
1.33154
1.5891
1.28104
1.28066
1.28087
2.26557
1.91231
1.91637
1.54184
1.60673
1.84111
2.18573
1.60932
1.74689
2.02298
1.4738
1.47576
1.47154
1.55068
1.66693
2.03408
1.2972
1.47101
1.53142
1.57362
1.55855
1.75722
1.51539
1.43177
1.65091
1.58411
1.62904
1.57369
1.4833
2.00338
1.76424
1.76994
1.68664
1.89861
1.50364
1.96631
1.73719
1.76784
1.96656
1.89549
1.25785
1.56372
1.96155
1.67957
2.00807
1.37194
1.46333
1.42036
1.6469
1.54285
1.45632
2.23299
1.78439
1.60617
1.59536
1.7723
1.65427
1.67456
1.87054
1.98372
1.56422
1.48953
1.70107
1.89144
1.58537
1.36958
2.09652
1.51585
1.8097
2.09325
1.73496
