0.978163
1.16486
1.03476
0.868008
1.12524
1.18129
0.899925
1.17676
0.709799
0.9108
1.15067
1.23575
1.32635
0.63726
1.11976
0.933708
0.942938
0.897792
1.46876
1.06604
0.812813
1.07585
1.06488
0.7546
1.18198
1.04699
1.04639
1.2176
0.911062
0.96078
0.793417
1.20829
1.09159
0.954561
1.17876
0.807749
0.855989
0.872897
1.07811
0.93396
0.804237
1.12828
0.863114
0.906178
1.21684
0.92943
1.27326
0.953835
1.2119
0.918261
0.92457
1.38932
0.89933
1.14971
0.968008
1.00604
1.26696
0.81377
1.08237
1.38944
1.10721
1.05529
1.17071
0.850472
1.2063
1.08842
1.33584
1.35989
1.29029
0.94252
1.15967
0.952713
1.07124
0.929795
0.881944
1.20878
1.07398
1.29294
1.16818
1.11076
1.4291
1.12059
0.985178
1.04022
0.964319
1.01588
1.29276
0.689436
1.15788
0.859503
1.06441
1.14691
0.75414
1.11296
1.17308
0.790718
1.36207
0.879536
0.920979
0.914909
1.13806
0.971748
1.10789
0.992686
1.19456
1.12794
0.997779
1.20075
1.41033
1.32561
1.10693
0.915369
1.16436
1.16123
1.0236
0.700704
1.02238
1.05023
1.10156
0.946129
0.936031
0.890377
1.45364
0.863276
1.38845
0.898397
0.944213
1.20635
0.785315
0.895413
1.23092
1.02329
0.767176
0.870754
0.81091
1.01868
1.01063
1.41154
1.0766
1.28329
1.00449
1.05492
0.858325
0.904601
0.958207
1.05542
1.23418
0.86334
0.778003
1.31835
1.34693
1.14032
0.961485
1.34251
1.02609
0.957778
1.17286
1.04876
1.08802
1.27605
1.22026
1.02481
1.03789
1.17877
1.23307
1.51334
1.1018
0.705367
1.28866
0.961641
0.924185
1.29858
1.072
0.903907
1.11673
0.818656
0.938152
0.821641
1.1721
0.803055
0.798472
1.43103
1.27885
0.968667
1.41951
1.16303
1.12132
1.0875
0.950987
1.08037
1.06232
0.945967
1.04116
0.939303
0.836717
1.18293
0.950007
0.923999
0.776877
0.830848
0.890297
0.856702
0.878142
1.15861
1.01888
1.18061
1.34268
0.935275
1.07882
0.922109
0.67752
1.03605
0.67685
0.787365
0.945702
0.787041
0.878905
0.900426
1.5603
0.943918
0.873522
1.13782
1.14402
1.31165
0.793532
0.924351
1.26737
1.03838
1.09984
1.06481
0.988677
1.2578
0.969744
1.08971
1.15981
0.977607
1.19847
0.830641
1.38061
1.22724
0.959254
0.810457
0.980409
0.912286
1.13989
1.0143
1.16978
1.23878
1.24517
1.24284
0.749653
0.979693
1.00923
0.823719
1.05921
1.21018
1.01748
1.30216
0.991007
0.921208
1.12521
0.854093
0.957395
0.970646
0.998653
1.18262
1.04435
0.843031
0.948771
0.953442
1.182
0.787627
0.70383
0.883796
1.31898
0.785177
0.969299
0.985068
0.874334
0.900779
0.865543
0.810861
1.14837
0.799769
1.06389
0.905847
1.12687
1.26602
1.0414
1.0279
1.2927
1.02187
1.14583
0.976464
0.908174
1.24122
0.81839
1.17327
1.49513
1.01797
0.858344
0.856538
0.971706
0.948056
1.03298
1.0481
0.818125
1.30262
0.877893
1.39947
0.995461
0.897522
1.75804
0.896868
0.606204
1.07118
0.985173
0.971988
0.969964
1.37199
1.15193
0.940962
1.10597
1.39564
0.955991
1.26917
1.05533
0.791084
1.2008
1.14967
1.39488
0.773422
1.16553
1.0913
0.869652
1.02145
0.758805
0.845408
1.05451
0.806488
1.1011
1.14379
1.05802
1.18204
1.37647
0.987152
0.758076
1.27599
1.0614
1.0447
0.919998
0.85753
1.0426
0.960534
1.19397
1.30484
1.02026
1.0409
0.934263
0.805847
0.831077
1.01215
1.17288
1.37008
1.26635
0.89848
1.19471
0.857883
1.11161
1.13649
0.916447
0.845888
1.04613
0.814291
0.928366
0.940177
1.12904
0.975698
1.0125
0.846304
0.769257
1.03816
1.03412
1.1841
0.904871
0.924924
1.07849
0.944446
1.07624
1.02217
1.33333
1.07443
0.966321
1.30938
1.06105
1.6762
0.998589
0.912211
0.962246
0.835824
0.942158
1.14797
1.21865
1.05621
1.05046
1.11266
1.19098
1.39127
1.11617
0.934393
1.22593
0.961515
1.01996
1.23344
1.24023
1.2058
0.937776
1.14068
0.908478
1.07787
0.90635
1.0905
1.05895
0.937961
0.803381
0.821492
1.05186
0.905283
1.20137
0.895644
0.898555
0.890807
1.2958
1.04612
0.984331
1.0677
1.11566
1.05391
0.880671
1.38035
0.76683
1.15461
1.19306
1.16239
1.09296
1.04118
1.23037
1.24812
0.965517
1.09853
0.860596
1.0345
1.07639
0.945493
1.11357
0.925754
0.819871
0.696536
0.809257
0.754101
1.21297
1.16422
1.18505
1.20397
1.48289
1.05281
1.00435
1.76857
0.760404
0.78943
1.0704
0.903146
0.962428
1.37116
1.02718
0.781369
1.32141
0.805791
0.776494
1.12162
0.9516
1.05507
1.21381
0.883094
0.733963
1.0491
1.15692
0.920779
0.920366
1.10662
0.976621
1.08295
1.06902
0.939346
1.46675
1.00851
1.29384
0.687345
1.13273
1.00143
1.11977
1.04827
1.62287
1.41799
1.19209
0.989795
0.801451
0.977254
0.963333
0.970038
1.21061
1.02461
0.951223
0.76264
1.12034
1.00956
1.10362
1.12724
0.729952
0.803895
0.924571
1.04864
1.03623
0.995764
0.90002
1.14797
1.12578
0.938802
1.06999
1.47017
1.06224
0.969361
0.931475
1.11071
0.941389
0.920224
0.723995
0.879019
1.1159
1.15379
1.15343
1.16214
1.16878
0.836005
1.11822
1.00278
1.29327
1.26722
1.16666
1.0481
0.961661
0.851634
1.07923
0.977463
0.977823
1.26578
1.00139
0.825839
0.800722
1.23951
1.16912
0.902754
1.09799
1.11639
1.06458
1.43004
0.938035
1.17917
1.25706
1.32031
1.14978
0.687226
0.9765
0.881026
1.099
1.13166
0.93038
0.987005
1.05853
1.50455
0.751932
1.23658
1.23182
1.20586
1.1804
1.34062
1.35932
1.20492
1.60798
1.20736
0.942153
0.831912
0.9504
0.950069
1.35205
1.17192
0.918819
1.27456
1.05571
0.949535
1.31012
1.10687
1.22245
1.13411
0.987283
0.897096
0.916253
1.77698
1.36625
0.944487
1.17088
1.10333
0.925043
1.0274
1.34643
1.3276
0.976223
1.01981
0.721019
1.2134
1.16421
1.16246
1.30055
0.934824
1.28935
0.887981
1.04189
1.12202
0.944883
0.982978
0.980979
0.844704
1.13206
0.759998
0.856286
0.846198
1.10075
0.922245
0.807608
1.16487
0.799963
0.930235
0.922228
1.14018
0.965908
0.97661
1.34224
1.10552
1.04308
0.958619
0.81363
1.03767
1.05902
0.983838
0.816014
1.17367
1.02136
0.877218
0.943115
1.38527
0.800383
1.04112
1.16627
0.732769
0.966679
1.16546
0.744956
1.05426
1.07235
0.953239
1.08516
0.912684
0.829711
0.819245
1.2111
1.07861
1.36388
0.758301
1.04996
0.74373
0.830835
1.12866
1.04259
0.888329
0.924997
1.08268
1.07865
0.909057
1.20378
1.02489
1.36439
0.80284
1.2414
1.09013
0.841757
1.67782
0.619914
1.05632
1.17078
1.01913
1.09508
0.917244
1.1152
1.22861
1.07003
1.09551
1.11139
0.982671
0.994876
1.01964
1.07457
0.876175
1.30288
0.835811
1.2412
1.12713
1.1175
0.92148
1.36183
1.38302
1.20467
1.0048
0.863934
0.824095
0.970063
0.971084
1.01963
1.19831
0.988283
1.30295
0.71741
0.879445
1.27434
1.01645
1.2407
0.977657
0.65726
1.34545
1.19569
1.08567
1.08684
1.16321
0.91198
1.32765
0.775239
1.30005
0.904189
1.20375
1.04121
1.00044
1.42966
0.87837
1.17976
1.36824
1.06246
1.13358
1.15506
1.02891
0.924149
1.07095
1.01457
1.27187
0.92351
0.82337
1.24743
1.07061
0.953211
0.804776
0.870547
0.938486
1.50933
0.918463
0.755565
1.14998
0.982249
1.45005
1.02893
1.44169
0.736266
0.831649
0.978886
0.98479
1.14537
1.00812
0.861032
0.995946
1.01253
0.997539
1.02659
0.590915
1.18124
0.961672
1.05225
0.846551
1.02608
1.21928
0.891319
1.0319
0.969549
0.996598
1.00796
0.954194
1.03904
0.824994
0.846137
1.25452
0.925609
1.30639
1.03026
1.10729
1.12203
0.809026
1.05565
0.863119
1.01022
1.19356
1.20884
0.933583
0.98835
0.853147
1.21045
0.941317
0.965098
1.00127
1.00117
1.03006
0.756919
0.713026
0.980343
1.06193
1.03873
0.959836
1.14078
1.03122
1.0059
1.28931
1.12912
0.953857
0.983665
1.07657
1.11688
0.981542
0.943463
1.10864
1.08909
1.00393
0.942471
1.02143
0.921718
1.09446
0.952835
0.886002
1.45023
0.823778
1.03918
0.964002
1.25937
0.881919
1.01679
0.835351
0.998606
0.915603
1.05287
1.00241
0.988939
1.13572
0.901683
1.30749
0.959348
1.08725
1.2991
0.7344
1.27245
0.616016
0.981312
1.01793
0.820344
1.25096
1.40086
1.31297
1.15544
1.32945
1.09732
0.96948
1.04241
0.856443
1.10916
1.18007
0.905024
1.13775
1.47918
1.55954
1.10091
0.957701
1.30671
0.939203
0.716416
1.00648
0.985018
1.08369
1.09815
1.0257
1.03119
1.18563
0.811711
1.09222
0.908442
1.12912
0.848408
0.963283
1.07573
0.838931
1.02327
1.21254
1.01701
1.13388
0.82507
1.1292
1.10217
1.37858
0.764303
0.855152
1.09019
0.978402
1.38147
1.09163
0.891654
1.02101
0.962332
1.44838
1.28344
0.985539
1.0279
1.32118
0.887379
1.26165
1.07417
1.0707
0.988422
1.43697
0.855415
0.938174
1.26546
1.06462
1.19373
1.10346
0.732398
1.02855
0.848881
0.774147
1.0712
1.09906
1.13764
1.07636
0.841256
0.753816
1.08207
0.965243
1.22993
0.915575
0.994577
1.26751
1.19564
0.850664
1.19489
1.12017
0.954354
1.10646
1.30275
0.945344
0.93883
1.36799
0.814611
1.0776
1.16003
0.816136
0.891306
1.09102
0.966579
1.29926
1.0681
0.88367
1.04414
1.19723
1.18556
1.02409
0.867699
1.26685
0.824752
0.813065
1.52601
1.50685
1.0455
0.978567
1.18843
1.14052
1.43037
0.807696
1.08961
1.03423
0.978163
1.16486
1.03476
0.868008
1.12524
1.18129
0.899925
1.17676
0.709799
0.9108
1.15067
1.23575
1.32635
0.63726
1.11976
0.933708
0.942938
0.897792
1.46876
1.06604
0.812813
1.07585
1.06488
0.7546
1.18198
1.04699
1.04639
1.2176
0.911062
0.96078
0.793417
1.20829
1.09159
0.954561
1.17876
0.807749
0.855989
0.872897
1.07811
0.93396
0.804237
1.12828
0.863114
0.906178
1.21684
0.92943
1.27326
0.953835
1.2119
0.918261
0.92457
1.38932
0.89933
1.14971
0.968008
1.00604
1.26696
0.81377
1.08237
1.38944
1.10721
1.05529
1.17071
0.850472
1.2063
1.08842
1.33584
1.35989
1.29029
0.94252
1.15967
0.952713
1.07124
0.929795
0.881944
1.20878
1.07398
1.29294
1.16818
1.11076
1.4291
1.12059
0.985178
1.04022
0.964319
1.01588
1.29276
0.689436
1.15788
0.859503
1.06441
1.14691
0.75414
1.11296
1.17308
0.790718
1.36207
0.879536
0.920979
0.914909
1.13806
0.971748
1.10789
0.992686
1.19456
1.12794
0.997779
1.20075
1.41033
1.32561
1.10693
0.915369
1.16436
1.16123
1.0236
0.700704
1.02238
1.05023
1.10156
0.946129
0.936031
0.890377
1.45364
0.863276
1.38845
0.898397
0.944213
1.20635
0.785315
0.895413
1.23092
1.02329
0.767176
0.870754
0.81091
1.01868
1.01063
1.41154
1.0766
1.28329
1.00449
1.05492
0.858325
0.904601
0.958207
1.05542
1.23418
0.86334
0.778003
1.31835
1.34693
1.14032
0.961485
1.34251
1.02609
0.957778
1.17286
1.04876
1.08802
1.27605
1.22026
1.02481
1.03789
1.17877
1.23307
1.51334
1.1018
0.705367
1.28866
0.961641
0.924185
1.29858
1.072
0.903907
1.11673
0.818656
0.938152
0.821641
1.1721
0.803055
0.798472
1.43103
1.27885
0.968667
1.41951
1.16303
1.12132
1.0875
0.950987
1.08037
1.06232
0.945967
1.04116
0.939303
0.836717
1.18293
0.950007
0.923999
0.776877
0.830848
0.890297
0.856702
0.878142
1.15861
1.01888
1.18061
1.34268
0.935275
1.07882
0.922109
0.67752
1.03605
0.67685
0.787365
0.945702
0.787041
0.878905
0.900426
1.5603
0.943918
0.873522
1.13782
1.14402
1.31165
0.793532
0.924351
1.26737
1.03838
1.09984
1.06481
0.988677
1.2578
0.969744
1.08971
1.15981
0.977607
1.19847
0.830641
1.38061
1.22724
0.959254
0.810457
0.980409
0.912286
1.13989
1.0143
1.16978
1.23878
1.24517
1.24284
0.749653
0.979693
1.00923
0.823719
1.05921
1.21018
1.01748
1.30216
0.991007
0.921208
1.12521
0.854093
0.957395
0.970646
0.998653
1.18262
1.04435
0.843031
0.948771
0.953442
1.182
0.787627
0.70383
0.883796
1.31898
0.785177
0.969299
0.985068
0.874334
0.900779
0.865543
0.810861
1.14837
0.799769
1.06389
0.905847
1.12687
1.26602
1.0414
1.0279
1.2927
1.02187
1.14583
0.976464
0.908174
1.24122
0.81839
1.17327
1.49513
1.01797
0.858344
0.856538
0.971706
0.948056
1.03298
1.0481
0.818125
1.30262
0.877893
1.39947
0.995461
0.897522
1.75804
0.896868
0.606204
1.07118
0.985173
0.971988
0.969964
1.37199
1.15193
0.940962
1.10597
1.39564
0.955991
1.26917
1.05533
0.791084
1.2008
1.14967
1.39488
0.773422
1.16553
1.0913
0.869652
1.02145
0.758805
0.845408
1.05451
0.806488
1.1011
1.14379
1.05802
1.18204
1.37647
0.987152
0.758076
1.27599
1.0614
1.0447
0.919998
0.85753
1.0426
0.960534
1.19397
1.30484
1.02026
1.0409
0.934263
0.805847
0.831077
1.01215
1.17288
1.37008
1.26635
0.89848
1.19471
0.857883
1.11161
1.13649
0.916447
0.845888
1.04613
0.814291
0.928366
0.940177
1.12904
0.975698
1.0125
0.846304
0.769257
1.03816
1.03412
1.1841
0.904871
0.924924
1.07849
0.944446
1.07624
1.02217
1.33333
1.07443
0.966321
1.30938
1.06105
1.6762
0.998589
0.912211
0.962246
0.835824
0.942158
1.14797
1.21865
1.05621
1.05046
1.11266
1.19098
1.39127
1.11617
0.934393
1.22593
0.961515
1.01996
1.23344
1.24023
1.2058
0.937776
1.14068
0.908478
1.07787
0.90635
1.0905
1.05895
0.937961
0.803381
0.821492
1.05186
0.905283
1.20137
0.895644
0.898555
0.890807
1.2958
1.04612
0.984331
1.0677
1.11566
1.05391
0.880671
1.38035
0.76683
1.15461
1.19306
1.16239
1.09296
1.04118
1.23037
1.24812
0.965517
1.09853
0.860596
1.0345
1.07639
0.945493
1.11357
0.925754
0.819871
0.696536
0.809257
0.754101
1.21297
1.16422
1.18505
1.20397
1.48289
1.05281
1.00435
1.76857
0.760404
0.78943
1.0704
0.903146
0.962428
1.37116
1.02718
0.781369
1.32141
0.805791
0.776494
1.12162
0.9516
1.05507
1.21381
0.883094
0.733963
1.0491
1.15692
0.920779
0.920366
1.10662
0.976621
1.08295
1.06902
0.939346
1.46675
1.00851
1.29384
0.687345
1.13273
1.00143
1.11977
1.04827
1.62287
1.41799
1.19209
0.989795
0.801451
0.977254
0.963333
0.970038
1.21061
1.02461
0.951223
0.76264
1.12034
1.00956
1.10362
1.12724
0.729952
0.803895
0.924571
1.04864
1.03623
0.995764
0.90002
1.14797
1.12578
0.938802
1.06999
1.47017
1.06224
0.969361
0.931475
1.11071
0.941389
0.920224
0.723995
0.879019
1.1159
1.15379
1.15343
1.16214
1.16878
0.836005
1.11822
1.00278
1.29327
1.26722
1.16666
1.0481
0.961661
0.851634
1.07923
0.977463
0.977823
1.26578
1.00139
0.825839
0.800722
1.23951
1.16912
0.902754
1.09799
1.11639
1.06458
1.43004
0.938035
1.17917
1.25706
1.32031
1.14978
0.687226
0.9765
0.881026
1.099
1.13166
0.93038
0.987005
1.05853
1.50455
0.751932
1.23658
1.23182
1.20586
1.1804
1.34062
1.35932
1.20492
1.60798
1.20736
0.942153
0.831912
0.9504
0.950069
1.35205
1.17192
0.918819
1.27456
1.05571
0.949535
1.31012
1.10687
1.22245
1.13411
0.987283
0.897096
0.916253
1.77698
1.36625
0.944487
1.17088
1.10333
0.925043
1.0274
1.34643
1.3276
0.976223
1.01981
0.721019
1.2134
1.16421
1.16246
1.30055
0.934824
1.28935
0.887981
1.04189
1.12202
0.944883
0.982978
0.980979
0.844704
1.13206
0.759998
0.856286
0.846198
1.10075
0.922245
0.807608
1.16487
0.799963
0.930235
0.922228
1.14018
0.965908
0.97661
1.34224
1.10552
1.04308
0.958619
0.81363
1.03767
1.05902
0.983838
0.816014
1.17367
1.02136
0.877218
0.943115
1.38527
0.800383
1.04112
1.16627
0.732769
0.966679
1.16546
0.744956
1.05426
1.07235
0.953239
1.08516
0.912684
0.829711
0.819245
1.2111
1.07861
1.36388
0.758301
1.04996
0.74373
0.830835
1.12866
1.04259
0.888329
0.924997
1.08268
1.07865
0.909057
1.20378
1.02489
1.36439
0.80284
1.2414
1.09013
0.841757
1.67782
0.619914
1.05632
1.17078
1.01913
1.09508
0.917244
1.1152
1.22861
1.07003
1.09551
1.11139
0.982671
0.994876
1.01964
1.07457
0.876175
1.30288
0.835811
1.2412
1.12713
1.1175
0.92148
1.36183
1.38302
1.20467
1.0048
0.863934
0.824095
0.970063
0.971084
1.01963
1.19831
0.988283
1.30295
0.71741
0.879445
1.27434
1.01645
1.2407
0.977657
0.65726
1.34545
1.19569
1.08567
1.08684
1.16321
0.91198
1.32765
0.775239
1.30005
0.904189
1.20375
1.04121
1.00044
1.42966
0.87837
1.17976
1.36824
1.06246
1.13358
1.15506
1.02891
0.924149
1.07095
1.01457
1.27187
0.92351
0.82337
1.24743
1.07061
0.953211
0.804776
0.870547
0.938486
1.50933
0.918463
0.755565
1.14998
0.982249
1.45005
1.02893
1.44169
0.736266
0.831649
0.978886
0.98479
1.14537
1.00812
0.861032
0.995946
1.01253
0.997539
1.02659
0.590915
1.18124
0.961672
1.05225
0.846551
1.02608
1.21928
0.891319
1.0319
0.969549
0.996598
1.00796
0.954194
1.03904
0.824994
0.846137
1.25452
0.925609
1.30639
1.03026
1.10729
1.12203
0.809026
1.05565
0.863119
1.01022
1.19356
1.20884
0.933583
0.98835
0.853147
1.21045
0.941317
0.965098
1.00127
1.00117
1.03006
0.756919
0.713026
0.980343
1.06193
1.03873
0.959836
1.14078
1.03122
1.0059
1.28931
1.12912
0.953857
0.983665
1.07657
1.11688
0.981542
0.943463
1.10864
1.08909
1.00393
0.942471
1.02143
0.921718
1.09446
0.952835
0.886002
1.45023
0.823778
1.03918
0.964002
1.25937
0.881919
1.01679
0.835351
0.998606
0.915603
1.05287
1.00241
0.988939
1.13572
0.901683
1.30749
0.959348
1.08725
1.2991
0.7344
1.27245
0.616016
0.981312
1.01793
0.820344
1.25096
1.40086
1.31297
1.15544
1.32945
1.09732
0.96948
1.04241
0.856443
1.10916
1.18007
0.905024
1.13775
1.47918
1.55954
1.10091
0.957701
1.30671
0.939203
0.716416
1.00648
0.985018
1.08369
1.09815
1.0257
1.03119
1.18563
0.811711
1.09222
0.908442
1.12912
0.848408
0.963283
1.07573
0.838931
1.02327
1.21254
1.01701
1.13388
0.82507
1.1292
1.10217
1.37858
0.764303
0.855152
1.09019
0.978402
1.38147
1.09163
0.891654
1.02101
0.962332
1.44838
1.28344
0.985539
1.0279
1.32118
0.887379
1.26165
1.07417
1.0707
0.988422
1.43697
0.855415
0.938174
1.26546
1.06462
1.19373
1.10346
0.732398
1.02855
0.848881
0.774147
1.0712
1.09906
1.13764
1.07636
0.841256
0.753816
1.08207
0.965243
1.22993
0.915575
0.994577
1.26751
1.19564
0.850664
1.19489
1.12017
0.954354
1.10646
1.30275
0.945344
0.93883
1.36799
0.814611
1.0776
1.16003
0.816136
0.891306
1.09102
0.966579
1.29926
1.0681
0.88367
1.04414
1.19723
1.18556
1.02409
0.867699
1.26685
0.824752
0.813065
1.52601
1.50685
1.0455
0.978567
1.18843
1.14052
1.43037
0.807696
1.08961
1.03423
0.996783
1.24724
1.14892
0.841782
1.17488
1.16387
0.950194
1.24403
0.709563
0.932303
1.11635
1.28446
1.34701
0.667479
1.18287
0.903038
0.945893
0.947201
1.52275
1.12961
0.863323
1.10653
1.12848
0.7546
1.20129
1.03644
1.10227
1.24636
0.903641
0.983549
0.787174
1.1586
1.09159
0.980786
1.18987
0.798762
0.920267
0.881973
1.08772
0.93396
0.861472
1.06066
0.916676
0.910941
1.21684
0.954865
1.34905
0.953835
1.18368
0.915641
0.924573
1.38932
0.887159
1.19362
0.966383
1.10907
1.27891
0.83796
1.07173
1.40084
1.11019
1.05529
1.24471
0.84821
1.26324
1.11991
1.34823
1.32199
1.35065
0.987646
1.20204
0.987606
1.11755
0.930611
0.944801
1.21808
1.08573
1.34792
1.1864
1.11077
1.43713
1.12059
0.985181
1.04022
0.968878
0.955714
1.29277
0.658833
1.15788
0.89442
1.06442
1.15471
0.820663
1.13905
1.20772
0.822932
1.47089
0.888297
0.914123
0.934274
1.2489
1.00378
1.09356
1.01659
1.29791
1.12237
0.995049
1.08631
1.40196
1.35332
1.16944
0.905139
1.17478
0.984164
1.04631
0.700306
0.985693
1.07647
1.1143
0.973895
0.96905
0.928998
1.54093
0.908213
1.36641
0.910855
0.963308
1.27027
0.833073
0.895415
1.23092
1.02605
0.834119
0.870756
0.861728
1.02622
1.04658
1.40074
1.09278
1.27484
1.02768
1.05096
0.878708
0.904604
0.999562
1.07082
1.20455
0.905996
0.783076
1.32787
1.35974
1.1565
1.01483
1.49217
1.02482
1.00564
1.17751
1.04877
1.21196
1.19402
1.24436
1.02386
1.1117
1.22348
1.27677
1.6553
1.16701
0.70537
1.28866
1.02328
0.964682
1.40817
1.06864
0.929431
1.101
0.82885
0.893665
0.844037
1.19187
0.803056
0.835218
1.52739
1.27886
0.98661
1.36424
1.16303
1.12133
1.09037
0.965928
1.15437
1.06232
0.964265
1.05076
0.951884
0.90049
1.17087
0.981558
0.878314
0.776819
0.823775
0.859974
0.863402
0.878144
1.15809
1.03099
1.19176
1.34269
0.932
1.10064
0.97359
0.713777
1.03886
0.674881
0.801446
0.983493
0.850404
0.863298
0.900427
1.54136
0.96999
0.89459
1.13782
1.19803
1.3743
0.800065
0.920944
1.34601
1.03838
1.07992
1.06481
0.99584
1.2618
1.02424
1.0944
1.18084
1.00985
1.18942
0.839552
1.38061
1.22724
0.987896
0.796805
1.00807
0.918835
1.20187
1.01268
1.20099
1.23878
1.24841
1.25671
0.867295
0.977172
0.931925
0.823719
1.04854
1.24372
1.04513
1.33336
1.00106
0.917289
1.14761
0.895262
0.992757
0.992153
1.03556
1.15698
1.04435
0.874359
0.952959
1.0128
1.24092
0.784255
0.705347
0.879165
1.42661
0.783846
0.982628
0.985068
0.888378
0.893891
0.865543
0.849474
1.17978
0.780931
1.08042
0.929048
1.15967
1.35012
1.06199
1.01018
1.2927
1.1201
1.16305
0.975817
0.896332
1.23501
0.818391
1.17327
1.49328
1.02996
0.900841
0.877088
0.971707
0.952432
0.976466
1.08255
0.889511
1.30263
0.905612
1.45061
0.995468
0.981909
1.57989
0.992231
0.639369
1.16988
0.96296
0.97199
1.00365
1.42008
1.13581
0.973378
1.20501
1.3317
1.00107
1.23731
1.05533
0.799395
1.21068
1.12875
1.40109
0.789605
1.1556
1.08217
0.892166
1.02099
0.766188
0.87654
1.11697
0.806489
1.1011
1.13951
1.13294
1.25153
1.41361
1.04868
0.823572
1.27599
1.08657
1.1094
0.920001
0.874608
1.08275
0.965216
1.13932
1.3498
0.960087
1.04379
0.898755
0.833351
0.856867
1.02718
1.19845
1.36478
1.26635
0.889232
1.23256
0.857886
1.11161
1.1579
0.991853
0.845892
1.04437
0.817894
0.923919
0.941104
1.18836
1.00004
0.980889
0.881338
0.813871
1.06121
1.03741
1.19852
0.904875
0.921506
1.07849
0.933515
1.08579
1.0326
1.33333
1.08228
0.967681
1.35434
1.07338
1.76295
0.997402
0.994972
0.968503
0.862102
1.02729
1.18676
1.21865
1.05621
1.05046
1.12064
1.19937
1.54606
1.11618
0.939417
1.20455
1.00241
1.09954
1.29136
1.2687
1.2058
0.922066
1.1889
0.92715
1.19078
0.915758
1.10949
1.05895
0.969958
0.867783
0.816634
1.05785
0.911242
1.22092
0.956654
0.956575
0.895661
1.27204
1.09252
1.01741
1.11134
1.18366
1.01753
0.880671
1.38035
0.798781
1.1599
1.29595
1.21699
1.09466
1.04652
1.23037
1.21616
1.00205
1.08271
0.877341
1.08664
1.07639
0.972431
1.14077
0.888798
0.824297
0.669075
0.81731
0.78848
1.20688
1.16422
1.20209
1.20398
1.90442
1.09947
1.00435
1.73229
0.770689
0.784556
1.06763
0.961272
0.962429
1.36983
1.03672
0.796903
1.32141
0.860754
0.796557
1.17035
0.951603
1.09882
1.36128
0.922668
0.753714
1.0491
1.16723
0.920599
0.923908
1.10665
1.01324
1.13244
1.064
0.939348
1.53988
1.04579
1.29384
0.693628
1.2109
0.997245
1.11977
1.06219
1.62287
1.41799
1.19209
1.01157
0.848796
0.977254
1.01437
0.999845
1.28679
1.02066
0.9724
0.758008
1.13364
1.01501
1.13554
1.12724
0.785204
0.826984
0.926041
1.04949
1.03623
0.997443
0.90002
1.15362
1.13109
0.958927
1.08578
1.42488
1.09111
0.965343
0.985831
1.12954
0.945158
0.930877
0.729491
0.945227
1.14876
1.11426
1.18072
1.1084
1.28441
0.885218
1.13204
1.00278
1.30036
1.25945
1.19913
1.09143
0.94122
0.864608
1.07924
0.906615
1.00924
1.26578
1.00976
0.815028
0.800724
1.32749
1.17713
0.922932
1.098
1.18594
1.09009
1.37432
0.930533
1.24469
1.24921
1.10253
1.1732
0.687226
0.984962
0.881028
1.1274
1.13166
0.931171
1.02251
1.05853
1.48134
0.737238
1.23394
1.23182
1.24849
1.1804
1.34063
1.39898
1.3196
1.62198
1.20737
1.01869
0.853045
0.986151
0.95007
1.3474
1.2222
0.948787
1.22905
1.05567
1.01529
1.31013
1.14533
1.21319
1.1312
1.09095
0.897098
0.971914
1.5094
1.53194
0.944488
1.16524
1.15671
0.940608
1.03183
1.34262
1.31191
0.976224
1.01986
0.721023
1.3073
1.25513
1.16247
1.41953
1.00482
1.29409
0.924212
1.0547
1.12682
0.959593
0.982978
0.97623
0.872642
1.09468
0.757361
0.862629
0.841265
1.09601
0.977734
0.802495
1.18201
0.798492
0.944577
0.976642
1.16528
0.965912
1.06358
1.39386
1.13576
1.04404
0.942003
0.805168
1.04152
1.05578
1.00448
0.842733
1.17252
1.02136
0.940385
0.922584
1.41594
0.825067
1.01738
1.17003
0.73277
1.02307
1.17011
0.789646
1.0081
1.13574
0.960461
1.07831
0.937122
0.829711
0.851506
1.23422
1.09859
1.43149
0.817923
1.04996
0.759441
0.846041
1.12916
1.07765
0.895833
0.928796
1.08268
1.10314
0.909057
1.21153
1.02489
1.38134
0.840302
1.2559
1.08496
0.881055
1.67002
0.635928
1.10468
1.18851
1.02029
1.27345
0.973161
1.13462
1.2417
1.09964
1.11223
1.11139
1.0097
0.939883
1.03097
1.12211
0.932217
1.31568
0.837641
1.27088
1.14196
1.13191
0.905786
1.39995
1.38303
1.23907
1.00699
0.890478
0.824095
0.994631
0.977586
1.00208
1.12922
1.0086
1.30295
0.712078
0.871106
1.23015
1.01645
1.22853
1.05292
0.652589
1.33011
1.24594
1.08774
1.07526
1.16797
0.91198
1.34953
0.775249
1.31461
0.904191
1.24403
1.09604
1.00045
1.58827
0.863183
1.20926
1.40273
1.06472
1.15994
1.23464
1.02891
0.962545
1.10354
1.03074
1.27187
0.936717
0.823371
1.24807
1.07062
0.984629
0.804361
0.903758
0.964761
1.52985
0.918463
0.763273
1.19344
0.996346
1.41262
1.11596
1.4417
0.730631
0.843874
0.987125
1.00861
1.20766
1.00653
0.953115
1.07858
0.990914
1.09861
1.05623
0.590915
1.16336
1.07603
1.07034
0.846555
1.04097
1.21928
0.8888
1.04995
0.9943
0.99108
1.05258
0.994441
1.05134
0.844975
0.837469
1.25452
0.970978
1.37057
1.07636
1.12016
1.12934
0.845774
1.02881
0.836554
1.00357
1.18659
1.24862
0.94981
1.01179
0.876905
1.2492
0.94132
0.965098
1.00533
0.997753
1.03006
0.75692
0.713028
0.984831
1.10106
1.0224
0.960872
1.38219
1.02969
1.0059
1.27054
1.07059
0.989749
1.03448
1.08014
1.07379
0.997201
0.943463
1.21578
1.05387
1.00393
0.954389
1.05444
0.921723
1.13868
0.969903
1.05016
1.37881
0.79403
1.08172
0.961793
1.34288
0.921834
1.11107
0.835351
1.05592
0.89497
1.09169
1.01213
0.968128
1.13573
0.914034
1.31128
0.982464
1.12343
1.35055
0.812552
1.34043
0.621907
0.929823
1.01985
0.830643
1.26627
1.42717
1.31298
1.24131
1.4242
1.09769
0.955795
1.1581
0.855774
1.14208
1.21087
0.894532
1.14789
1.43812
1.55955
1.11003
0.933323
1.30596
0.870766
0.716423
1.03923
0.985022
1.05366
1.08002
1.11332
1.13104
1.15006
0.837364
1.09222
0.848323
1.14391
0.858084
0.99865
1.17521
0.838931
0.987942
1.42697
1.05618
1.16214
0.84738
1.17839
1.10218
1.44341
0.706778
0.827482
1.08848
0.978402
1.45771
1.09163
0.886848
1.00088
0.977494
1.46152
1.31153
1.01714
1.02359
1.32752
0.882182
1.28366
1.07418
1.08191
0.988183
1.3738
0.905195
0.938174
1.37835
1.09988
1.33491
1.20639
0.707855
1.05342
0.951241
0.79889
1.0712
1.09906
1.16533
1.10703
0.840539
0.787953
1.06804
0.983107
1.22961
0.956649
0.994578
1.24136
1.23802
0.84007
1.2711
1.1367
0.962796
1.19426
1.30538
0.988754
0.937163
1.44812
0.802369
1.08093
1.15289
0.831985
0.893456
1.10395
1.00609
1.31545
1.07982
0.877492
1.12998
1.22884
1.25249
1.0452
0.892422
1.27805
0.822156
0.834224
1.52504
1.5565
1.06419
0.978579
1.23729
1.14217
1.43037
0.822873
1.29403
0.990076
1.80456
1.63521
1.82274
1.373
1.94927
1.80235
1.35852
1.86185
1.26441
1.51422
1.85497
1.84768
2.05784
1.10627
1.63022
1.4961
1.54829
1.58357
2.34364
1.72906
1.35019
1.72443
1.61077
1.32865
1.95445
1.72398
1.69663
1.86769
1.55093
1.45588
1.18977
1.83617
1.70732
1.61608
1.8705
1.53882
1.41347
1.42384
1.76423
1.49082
1.17824
1.74744
1.56677
1.60728
1.90952
1.5545
1.99226
1.71146
1.74993
1.52505
1.56587
2.1257
1.49868
1.98594
1.52829
1.63221
1.87162
1.47804
1.7937
2.1191
1.95802
1.66803
1.97085
1.32981
1.91182
1.87074
2.22011
2.04623
1.94044
1.66849
1.94464
1.33106
1.60273
1.63029
1.37038
1.60869
1.56029
2.07907
1.8059
1.85865
2.27771
1.64061
1.55209
1.59734
1.80329
1.38296
2.2544
1.13532
1.83137
1.42205
1.5354
1.65632
1.27573
1.82256
1.88372
1.3418
1.97604
1.39333
1.33553
1.41867
1.8749
1.45638
1.71227
1.56955
1.74675
1.74905
1.59024
1.72029
2.05521
2.07216
1.60106
1.48696
1.84978
1.65204
1.69308
1.2882
1.80289
1.57378
1.93114
1.43519
1.55024
1.42227
2.19372
1.49868
2.21488
1.46201
1.48583
1.79872
1.41743
1.48639
2.08613
1.52676
1.29161
1.43453
1.41615
1.71172
1.42596
2.13449
1.70975
1.87198
1.58033
1.69158
1.47927
1.49342
1.56889
1.66513
1.71811
1.47073
1.35101
2.10148
1.92376
1.84844
1.68686
2.03043
1.61115
1.67816
1.82699
1.97078
1.56916
1.92218
1.83369
1.61648
1.6417
1.77065
1.89064
2.12099
1.77043
1.20798
1.98406
1.56758
1.38999
1.92796
1.63811
1.51581
1.59103
1.36939
1.3308
1.4837
1.80384
1.47595
1.20034
2.129
2.14314
1.53672
2.08475
1.83931
1.79471
1.67124
1.49912
1.69037
1.48709
1.45472
1.49805
1.49328
1.45046
1.83456
1.62524
1.36951
1.26069
1.23813
1.46996
1.49551
1.56899
1.82117
1.6188
1.64899
2.19585
1.58092
1.54206
1.82028
1.28852
1.60794
1.28374
1.32165
1.57812
1.43348
1.32679
1.56563
2.18199
1.69956
1.38333
1.77113
1.77495
2.11667
1.54457
1.46849
2.0312
1.65752
1.77784
1.80779
1.66845
2.03314
1.78904
1.82952
1.75992
1.71585
1.84032
1.43708
2.17441
2.04423
1.47025
1.50419
1.5226
1.61019
1.616
1.62741
1.73233
1.97247
1.86014
1.84064
1.23023
1.46041
1.50911
1.37261
1.70945
1.94932
1.5803
1.95668
1.37149
1.4274
1.80375
1.41601
1.58729
1.53749
1.72052
1.62149
1.64829
1.30883
1.44671
1.48666
1.76784
1.55688
1.30866
1.42812
2.05962
1.42064
1.51065
1.62755
1.83947
1.41114
1.4395
1.3774
1.78426
1.29851
1.54329
1.49479
1.87628
2.07289
1.59814
1.60892
2.06803
1.6135
1.81377
1.65168
1.44234
1.9631
1.3251
2.04253
2.45101
1.5327
1.37956
1.34645
1.52439
1.45861
1.69851
1.65367
1.47061
1.91937
1.42418
2.33808
1.56862
1.48821
2.07779
1.67659
1.42403
1.45413
1.57734
1.53306
1.70951
2.23083
1.66713
1.43723
1.85851
2.27616
1.4443
2.01681
1.9388
1.24961
1.69153
1.84521
2.13641
1.28904
1.80522
1.75174
1.76822
1.47017
1.33
1.70228
1.72076
1.39954
1.92169
1.6755
1.84341
2.0977
2.20406
1.50378
1.45452
1.93475
1.80655
1.5373
1.32198
1.29698
1.56621
1.58766
1.74748
1.91793
1.55983
1.69157
1.41598
1.29374
1.35618
1.62239
1.96648
1.82032
2.08693
1.48005
1.91238
1.55111
1.62704
1.87225
1.57399
1.42208
1.79524
1.32359
1.51788
1.68054
1.90204
1.57904
1.47021
1.50373
1.28939
1.67289
1.77513
1.83952
1.58283
1.46089
1.71276
1.51572
1.89028
1.55
2.01588
1.5282
1.52627
1.89857
1.55701
2.52739
1.55222
1.43909
1.47261
1.40322
1.69828
1.75794
1.79489
1.63363
1.64675
1.60963
1.91361
2.17104
1.8586
1.55186
1.6463
1.59857
1.72605
1.94397
2.02106
1.93098
1.45613
1.80141
1.42707
1.66277
1.43045
1.61812
1.74436
1.70557
1.43301
1.40429
1.52413
1.43403
1.86318
1.47377
1.44494
1.4409
1.86684
1.5979
1.55216
1.6847
1.83584
1.73335
1.54059
2.40026
1.39864
1.68761
1.88522
1.9303
1.72417
1.58658
1.93759
1.78308
1.59187
1.83846
1.33359
1.57422
1.83711
1.48591
1.67933
1.64641
1.46085
1.28455
1.51717
1.20922
1.63434
1.78194
1.71042
1.87991
2.4586
1.63365
1.81412
2.63207
1.18971
1.28532
1.67638
1.54804
1.60672
2.47429
1.58055
1.16922
2.18238
1.40458
1.33573
1.6642
1.59139
1.75392
1.81871
1.48763
1.11339
1.93503
1.72226
1.37877
1.36544
1.73943
1.56821
1.71689
1.78567
1.59935
2.13624
1.69958
1.97728
1.19176
1.89883
1.53157
1.85855
1.49317
2.45096
2.18055
1.90162
1.48763
1.28857
1.4915
1.46063
1.59078
2.00572
1.61142
1.58046
1.30338
1.78427
1.50417
1.6725
1.92706
1.28502
1.4559
1.39109
1.72096
1.647
1.51288
1.42111
1.82337
1.68332
1.37762
1.75665
2.44908
1.68516
1.5411
1.52274
1.72544
1.50486
1.55643
1.25446
1.41129
1.62587
1.6884
1.68611
1.98739
1.83381
1.31977
1.71523
1.75288
2.12777
2.00832
1.74749
1.82166
1.67295
1.42582
1.59829
1.71605
1.50439
2.16688
1.6972
1.32035
1.1947
2.20827
1.73886
1.56808
1.67661
1.80599
1.61547
2.18153
1.46658
2.03751
1.91801
1.79806
1.99594
1.19492
1.67971
1.52213
1.73175
1.92546
1.59069
1.6101
1.77687
2.32939
1.18114
2.02811
1.92356
1.87857
2.11457
2.16984
2.17744
2.06808
2.30393
1.83288
1.63578
1.17965
1.56498
1.57172
2.12868
2.01136
1.49341
1.92029
1.78771
1.54316
1.91776
1.72933
1.67125
1.63541
1.3075
1.35686
1.50963
2.38111
1.93119
1.71647
1.74262
1.81677
1.45535
1.55317
2.14218
2.26499
1.54281
1.65847
1.15245
1.95609
1.72286
1.84175
2.06479
1.51581
1.83745
1.37379
1.65913
1.69599
1.58323
1.48754
1.53481
1.40157
1.64209
1.30073
1.22292
1.34581
1.63167
1.53606
1.22351
1.73897
1.38453
1.59997
1.57808
2.06581
1.6265
1.48284
2.08614
1.88287
1.8329
1.60858
1.24641
1.54977
1.56915
1.66182
1.29053
1.99172
1.57785
1.37001
1.64752
2.11368
1.43214
1.57207
1.72783
1.17312
1.83292
1.94921
1.31029
1.73511
1.71808
1.63125
1.56183
1.42964
1.42751
1.56382
1.85844
1.93842
2.34686
1.40835
1.65017
1.26282
1.33157
1.80433
1.64558
1.47725
1.54941
1.71864
1.60539
1.50021
1.78768
1.64698
2.06202
1.333
1.96422
1.65464
1.3474
2.3679
1.11844
1.53568
1.74901
1.49575
1.83356
1.58128
1.7522
1.90914
1.69999
1.58103
1.77481
1.47751
1.65686
1.50579
1.63173
1.43898
1.89775
1.45388
1.77735
1.87504
1.8798
1.44957
2.21004
2.25202
1.80985
1.65192
1.39105
1.3365
1.42652
1.68626
1.62177
1.89145
1.56612
2.05121
1.20277
1.39394
2.01957
1.68278
1.8914
1.78107
1.09738
2.09597
1.98844
1.74454
1.62485
1.6726
1.77283
1.88863
1.24811
2.07006
1.69112
2.02604
1.57153
1.48247
2.02016
1.28284
1.79935
2.09041
1.61557
1.78041
1.88352
1.60866
1.42097
1.69036
1.62112
2.10583
1.41629
1.29249
2.13016
1.69227
1.46808
1.27224
1.43186
1.57126
2.14394
1.3949
1.23784
1.83117
1.50872
2.44197
1.66855
2.26326
1.30954
1.4339
1.52343
1.58047
1.75242
1.64896
1.5515
1.47172
1.33816
1.64276
1.68648
1.00766
1.85244
1.61863
1.75106
1.41211
1.62604
2.0677
1.42142
1.59214
1.70548
1.4695
1.63945
1.51909
1.67334
1.39139
1.48499
2.0421
1.4231
2.1977
1.82405
1.8457
1.75817
1.31419
1.66375
1.62794
1.48037
1.79164
1.8907
1.47152
1.757
1.53174
2.10462
1.65176
1.6754
1.46159
1.65767
1.65391
1.19273
1.10762
1.53905
1.734
1.60211
1.53919
1.68058
1.63873
1.47468
2.03864
1.70849
1.7532
1.54537
1.73092
1.84288
1.43933
1.56112
1.68623
1.69374
1.66741
1.61307
1.58254
1.52891
1.88905
1.32342
1.57217
2.37963
1.25754
1.61903
1.55929
2.01349
1.47143
1.79979
1.69832
1.52767
1.49856
1.55515
1.66675
1.52202
1.74735
1.47039
2.03945
1.51686
1.8004
1.91677
1.27807
1.98752
1.1819
1.51733
1.68899
1.45196
1.90434
2.07122
1.88905
1.69994
2.13892
1.71748
1.3939
1.80124
1.56404
1.77648
1.70421
1.33975
1.84393
2.02922
2.36876
1.71008
1.47028
2.31062
1.4281
1.29271
1.77748
1.68328
2.01282
1.91441
1.57376
1.69568
1.70871
1.49515
1.77115
1.41007
1.78642
1.43658
1.69539
1.9062
1.45111
1.59549
1.96628
1.66869
1.72911
1.44576
1.64653
1.63147
2.35818
1.32365
1.47959
1.68445
1.48526
2.26843
1.88086
1.67818
1.45788
1.51213
2.13778
1.94721
1.7737
1.67243
1.96353
1.45602
2.0245
1.66261
1.57399
1.53836
2.02156
1.35213
1.71518
1.89402
1.78036
1.777
1.68672
1.22314
1.64801
1.40337
1.45607
1.81419
1.53292
1.89389
1.51482
1.45511
1.32537
1.56842
1.48462
2.02993
1.68845
1.55835
1.80859
2.02125
1.33425
2.00485
1.82961
1.57188
1.94867
1.94165
1.59417
1.50551
2.09307
1.41236
1.93902
1.79053
1.32421
1.50191
1.6895
1.74579
1.9452
1.63275
1.54343
1.60376
1.75565
1.7245
1.4688
1.48288
1.90382
1.34351
1.38388
2.04323
2.20392
1.65775
1.46223
1.85449
1.85192
2.34943
1.27499
1.69454
1.51325
1.11305
1.25059
1.18597
0.944147
1.29979
1.22439
1.0039
1.30385
0.790617
0.941027
1.30591
1.33173
1.39205
0.698418
1.1754
1.03908
1.02977
1.04703
1.55904
1.22884
0.89994
1.19921
1.14913
0.802153
1.30188
1.13068
1.15284
1.32305
1.55093
1.10377
0.848833
1.33643
1.30244
1.09621
1.25689
0.85227
0.998614
1.02291
1.29492
1.03807
0.841545
1.17271
1.00938
1.01791
1.32294
0.974764
1.43702
1.14648
1.34576
0.98686
1.09894
1.53153
0.984397
1.30663
1.048
1.06324
1.38088
0.82995
1.14383
1.54908
1.16578
1.21919
1.34931
0.995989
1.36773
1.30795
1.50035
1.47054
1.42342
1.05785
1.33971
1.00674
1.18285
1.06285
1.02242
1.2712
1.17975
1.45443
1.29356
1.26837
1.54043
1.25674
1.11079
1.22772
1.04397
1.01305
1.4736
0.715085
1.35897
1.04884
1.18679
1.26929
0.912362
1.26673
1.36019
0.874239
1.54358
0.960799
1.04217
0.968416
1.31244
1.09814
1.30098
1.11592
1.25187
1.29796
1.10237
1.22799
1.53057
1.48655
1.18186
1.027
1.28916
1.16511
1.20308
0.817501
1.11694
1.13222
1.27595
1.07193
1.07489
0.961187
1.52539
0.983031
1.53919
0.968466
1.1025
1.37309
0.933985
0.957114
1.33701
1.07711
0.85598
0.989603
0.887938
1.15407
1.11502
1.58334
1.24841
1.38912
1.05977
1.16516
0.908214
1.08843
1.08488
1.13822
1.37392
0.92814
0.88113
1.54627
1.44921
1.23964
1.14335
1.55779
1.14523
1.05521
1.34261
1.15868
1.10921
1.3801
1.27224
1.10091
1.17083
1.23487
1.36313
1.66548
1.25736
0.82013
1.45917
1.10081
1.04346
1.44181
1.17112
0.979607
1.20138
0.853193
0.967301
0.965827
1.3019
0.887957
0.929236
1.53466
1.40309
1.10252
1.45179
1.27925
1.32437
1.17329
1.11794
1.1998
1.15955
1.00085
1.03826
1.02475
0.95775
1.32883
1.05212
0.910793
0.855469
0.859567
0.943064
0.936401
1.0589
1.30726
1.13243
1.33374
1.51823
0.986196
1.17351
1.15368
0.750851
1.12733
0.743223
0.84858
1.08825
0.907232
0.9636
1.02655
1.72719
1.03586
0.973725
1.30288
1.30436
1.43624
0.916705
1.06051
1.34138
1.20412
1.18603
1.23035
1.08505
1.3991
1.01836
1.1733
1.23502
1.0883
1.34492
0.897243
1.6052
1.37921
1.05392
0.869333
0.971685
0.945369
1.2558
1.14219
1.22706
1.45145
1.33287
1.36644
0.778609
1.04842
1.02643
0.94487
1.21349
1.32884
1.16634
1.42522
1.0597
1.02292
1.22802
1.01659
1.08261
1.02563
1.15891
1.24817
1.16532
0.896261
1.00378
0.966442
1.30815
0.951995
0.785129
1.00884
1.46985
0.867209
1.00861
1.15047
1.03169
1.0285
1.03714
0.952571
1.17779
0.838342
1.18249
1.0269
1.26337
1.3922
1.09289
1.07732
1.50822
1.23572
1.24465
1.14616
1.04699
1.39749
0.944814
1.35251
1.80411
1.14004
0.980012
0.938187
1.15699
1.04226
1.08594
1.14929
0.927274
1.45945
1.03042
1.54952
1.14481
0.980861
1.5591
1.0637
0.731228
1.07463
0.9996
1.12242
1.12916
1.58009
1.20155
1.05275
1.26444
1.5366
1.06746
1.41311
1.28001
0.852711
1.30351
1.29726
1.55255
0.876064
1.25579
1.12955
0.992264
1.0815
0.811489
1.0229
1.18979
0.942194
1.20691
1.24444
1.1453
1.32934
1.48369
1.08927
0.889597
1.4558
1.15543
1.10362
1.04494
0.91922
1.08366
1.04677
1.27081
1.47283
1.09683
1.19343
0.992456
0.931413
0.901968
1.1446
1.37641
1.3859
1.44883
0.996428
1.23227
0.958606
1.22178
1.30853
0.979731
0.972987
1.22148
0.89369
1.12407
1.10831
1.26584
1.06207
1.03344
0.968013
0.863237
1.22416
1.16397
1.2262
1.58283
0.982132
1.23347
1.00573
1.23277
1.07619
1.52653
1.17372
1.07536
1.46639
1.1198
1.77762
1.11719
1.07468
1.09579
0.901523
1.07179
1.31417
1.44327
1.21449
1.18582
1.18862
1.24213
1.60587
1.30464
1.08396
1.32136
1.12714
1.18266
1.42292
1.41452
1.39259
0.970984
1.24259
1.00484
1.24104
1.43045
1.26357
1.25882
1.07887
0.963341
0.946997
1.09984
1.00662
1.2417
1.05285
0.966931
0.996989
1.33067
1.12245
1.11612
1.18514
1.24955
1.22662
0.988913
1.58483
0.806893
1.25143
1.36093
1.26382
1.14534
1.14967
1.38608
1.36241
1.10817
1.18643
0.909485
1.16501
1.25038
1.03446
1.20328
0.948129
0.969404
0.85987
0.915676
0.859381
1.25969
1.27971
1.35501
1.33735
1.67961
1.1928
1.27896
1.94331
0.868683
0.819494
1.17808
1.01674
1.07221
1.4916
1.09239
0.864094
1.51074
0.957329
0.921034
1.24452
1.06871
1.24015
1.28214
0.981115
0.856026
1.22618
1.21508
1.06172
1.03645
1.22441
1.09796
1.19868
1.15735
1.02456
1.59288
1.10266
1.47515
0.732277
1.28653
1.05492
1.25102
1.11709
1.78743
1.53963
1.32113
1.11658
0.944166
1.12898
1.09672
1.13112
1.40743
1.13038
1.03449
0.820493
1.25626
1.13886
1.28312
1.28394
0.826848
0.909726
1.02615
1.14377
1.23185
1.05569
1.0107
1.18892
1.30201
0.960867
1.18457
1.46941
1.18397
1.14456
1.11452
1.20346
0.981992
1.01963
0.859842
1.07543
1.18965
1.24592
1.20059
1.24014
1.35175
0.909995
1.27069
1.07395
1.47684
1.34375
1.25524
1.11604
1.07291
0.991341
1.18892
1.14854
1.08825
1.47191
1.01107
0.961383
0.958698
1.3798
1.27324
0.94726
1.25803
1.30876
1.22809
1.51847
1.02418
1.28717
1.33104
1.18709
1.36093
0.760909
1.10849
1.05617
1.19395
1.32828
1.03577
1.08439
1.21353
1.64853
0.870993
1.34393
1.4416
1.37535
1.39933
1.4721
1.59603
1.46256
1.79838
1.32614
1.11842
0.90166
1.08573
1.01409
1.42567
1.25303
0.985935
1.37622
1.2197
1.10553
1.47081
1.24003
1.27282
1.24299
1.01009
0.990683
1.00708
1.70969
1.48667
1.14335
1.2836
1.18395
0.970864
1.06141
1.52985
1.48653
1.08143
1.15683
0.771352
1.41703
1.33049
1.35532
1.48349
1.01614
1.39512
1.02909
1.1326
1.18987
1.0906
1.08748
1.11051
0.94377
1.2438
0.84748
0.910356
1.34581
1.17741
1.0158
0.877925
1.35448
0.895344
1.05804
1.05189
1.28877
1.10397
1.14588
1.49068
1.19233
1.12496
1.03029
0.893763
1.05969
1.09502
1.09629
0.900583
1.29044
1.14845
0.983515
1.03743
1.46982
0.976337
1.09325
1.35264
0.883225
1.14184
1.23743
0.813141
1.19111
1.14924
1.10925
1.0949
1.0651
0.960943
1.01633
1.27796
1.18614
1.67663
0.894829
1.18859
0.846173
0.922514
1.15935
1.11391
0.986443
1.00079
1.20117
1.15457
1.01067
1.27812
1.18344
1.50073
0.878791
1.36629
1.17812
0.951898
1.79272
0.655955
1.1523
1.35605
1.11753
1.18327
1.00514
1.24433
1.32259
1.18188
1.16656
1.27978
1.09184
1.09495
1.04418
1.18718
0.943535
1.45742
0.904469
1.28204
1.21926
1.2656
1.04883
1.5336
1.56857
1.33532
1.15562
0.889033
0.963852
1.02973
1.06237
1.11047
1.29776
1.09937
1.49553
0.753966
0.919404
1.31672
1.17357
1.28628
1.0867
0.746284
1.34611
1.39532
1.22178
1.16785
1.23314
1.13934
1.484
0.782057
1.37298
1.04248
1.32978
1.08396
1.16095
1.51204
0.93671
1.35384
1.59
1.15773
1.2538
1.323
1.11503
0.940059
1.20849
1.10624
1.4136
0.997553
0.946175
1.35673
1.20283
0.95366
0.941803
1.02172
1.07581
1.70986
0.961279
0.750838
1.31375
1.08996
1.61032
1.18414
1.64322
0.79581
0.957688
1.07616
1.05174
1.19628
1.07554
0.957311
1.14405
1.03185
1.08849
1.15187
0.668049
1.29618
1.144
1.16341
0.902668
1.07633
1.26368
0.999893
1.1548
1.06869
1.0354
1.1672
1.13497
1.20162
0.915253
0.854645
1.51616
0.987346
1.48571
1.23222
1.26844
1.21898
0.89622
1.1596
1.00554
1.09625
1.33082
1.33037
0.9793
1.14863
0.973133
1.40951
1.13339
1.11554
1.05792
1.15325
1.16017
0.850844
0.800072
1.09537
1.15112
1.14892
1.06467
1.23882
1.07135
1.17848
1.42385
1.1997
1.10394
1.10688
1.22934
1.18077
1.03509
1.097
1.24881
1.19284
1.14286
1.01893
1.19675
1.10249
1.22474
1.02562
1.06486
1.63266
0.887526
1.11209
1.01752
1.4015
1.06762
1.14898
0.964246
1.08708
0.961377
1.13823
1.17131
1.06818
1.33504
0.978742
1.48837
1.0994
1.22053
1.40471
0.827763
1.38155
0.6573
0.985791
1.10376
0.974746
1.40099
1.52815
1.48275
1.22671
1.57791
1.17646
1.05041
1.21156
0.975989
1.16452
1.2997
0.934264
1.23246
1.54466
1.80977
1.23976
1.03191
1.4353
1.02739
0.770611
1.19577
1.17599
1.31993
1.29913
1.1746
1.22309
1.32087
0.890397
1.23734
0.951043
1.26368
0.929037
1.11846
1.21699
0.977958
1.05734
1.30824
1.13242
1.26771
0.895893
1.24737
1.10479
1.61863
0.837375
0.968516
1.16927
1.03802
1.58531
1.27829
0.970931
1.12289
1.10302
1.65575
1.38783
1.09943
1.06463
1.3569
0.945107
1.38184
1.20424
1.14586
1.052
1.55466
1.00665
1.0725
1.37325
1.20149
1.30052
1.1664
0.725106
1.18145
0.908939
0.858775
1.18017
1.16465
1.27205
1.11584
0.878861
0.84894
1.19135
1.11301
1.37102
1.01844
1.1111
1.32869
1.42619
0.91721
1.34135
1.25513
1.00281
1.33894
1.46294
1.02941
1.00497
1.52703
0.865276
1.26337
1.30435
0.9162
0.915821
1.2259
1.10655
1.39112
1.22794
0.916439
1.16111
1.35647
1.3514
1.12831
0.881049
1.40565
0.915644
0.906228
1.69544
1.59024
1.18757
1.07405
1.37021
1.21932
1.62492
0.8567
1.22246
1.51325
1.80456
1.63521
1.82274
1.373
1.94927
1.80235
1.35852
1.86185
1.26441
1.51422
1.85497
1.84768
2.05784
1.10627
1.63022
1.4961
1.54829
1.58357
2.34364
1.72906
1.35019
1.72443
1.61077
1.32865
1.95445
1.72398
1.69663
1.86769
1.55093
1.45588
1.18977
1.83617
1.70732
1.61608
1.8705
1.53882
1.41347
1.42384
1.76423
1.49082
1.17824
1.74744
1.56677
1.60728
1.90952
1.5545
1.99226
1.71146
1.74993
1.52505
1.56587
2.1257
1.49868
1.98594
1.52829
1.63221
1.87162
1.47804
1.7937
2.1191
1.95802
1.66803
1.97085
1.32981
1.91182
1.87074
2.22011
2.04623
1.94044
1.66849
1.94464
1.33106
1.60273
1.63029
1.37038
1.60869
1.56029
2.07907
1.8059
1.85865
2.27771
1.64061
1.55209
1.59734
1.80329
1.38296
2.2544
1.13532
1.83137
1.42205
1.5354
1.65632
1.27573
1.82256
1.88372
1.3418
1.97604
1.39333
1.33553
1.41867
1.8749
1.45638
1.71227
1.56955
1.74675
1.74905
1.59024
1.72029
2.05521
2.07216
1.60106
1.48696
1.84978
1.65204
1.69308
1.2882
1.80289
1.57378
1.93114
1.43519
1.55024
1.42227
2.19372
1.49868
2.21488
1.46201
1.48583
1.79872
1.41743
1.48639
2.08613
1.52676
1.29161
1.43453
1.41615
1.71172
1.42596
2.13449
1.70975
1.87198
1.58033
1.69158
1.47927
1.49342
1.56889
1.66513
1.71811
1.47073
1.35101
2.10148
1.92376
1.84844
1.68686
2.03043
1.61115
1.67816
1.82699
1.97078
1.56916
1.92218
1.83369
1.61648
1.6417
1.77065
1.89064
2.12099
1.77043
1.20798
1.98406
1.56758
1.38999
1.92796
1.63811
1.51581
1.59103
1.36939
1.3308
1.4837
1.80384
1.47595
1.20034
2.129
2.14314
1.53672
2.08475
1.83931
1.79471
1.67124
1.49912
1.69037
1.48709
1.45472
1.49805
1.49328
1.45046
1.83456
1.62524
1.36951
1.26069
1.23813
1.46996
1.49551
1.56899
1.82117
1.6188
1.64899
2.19585
1.58092
1.54206
1.82028
1.28852
1.60794
1.28374
1.32165
1.57812
1.43348
1.32679
1.56563
2.18199
1.69956
1.38333
1.77113
1.77495
2.11667
1.54457
1.46849
2.0312
1.65752
1.77784
1.80779
1.66845
2.03314
1.78904
1.82952
1.75992
1.71585
1.84032
1.43708
2.17441
2.04423
1.47025
1.50419
1.5226
1.61019
1.616
1.62741
1.73233
1.97247
1.86014
1.84064
1.23023
1.46041
1.50911
1.37261
1.70945
1.94932
1.5803
1.95668
1.37149
1.4274
1.80375
1.41601
1.58729
1.53749
1.72052
1.62149
1.64829
1.30883
1.44671
1.48666
1.76784
1.55688
1.30866
1.42812
2.05962
1.42064
1.51065
1.62755
1.83947
1.41114
1.4395
1.3774
1.78426
1.29851
1.54329
1.49479
1.87628
2.07289
1.59814
1.60892
2.06803
1.6135
1.81377
1.65168
1.44234
1.9631
1.3251
2.04253
2.45101
1.5327
1.37956
1.34645
1.52439
1.45861
1.69851
1.65367
1.47061
1.91937
1.42418
2.33808
1.56862
1.48821
2.07779
1.67659
1.42403
1.45413
1.57734
1.53306
1.70951
2.23083
1.66713
1.43723
1.85851
2.27616
1.4443
2.01681
1.9388
1.24961
1.69153
1.84521
2.13641
1.28904
1.80522
1.75174
1.76822
1.47017
1.33
1.70228
1.72076
1.39954
1.92169
1.6755
1.84341
2.0977
2.20406
1.50378
1.45452
1.93475
1.80655
1.5373
1.32198
1.29698
1.56621
1.58766
1.74748
1.91793
1.55983
1.69157
1.41598
1.29374
1.35618
1.62239
1.96648
1.82032
2.08693
1.48005
1.91238
1.55111
1.62704
1.87225
1.57399
1.42208
1.79524
1.32359
1.51788
1.68054
1.90204
1.57904
1.47021
1.50373
1.28939
1.67289
1.77513
1.83952
1.58283
1.46089
1.71276
1.51572
1.89028
1.55
2.01588
1.5282
1.52627
1.89857
1.55701
2.52739
1.55222
1.43909
1.47261
1.40322
1.69828
1.75794
1.79489
1.63363
1.64675
1.60963
1.91361
2.17104
1.8586
1.55186
1.6463
1.59857
1.72605
1.94397
2.02106
1.93098
1.45613
1.80141
1.42707
1.66277
1.43045
1.61812
1.74436
1.70557
1.43301
1.40429
1.52413
1.43403
1.86318
1.47377
1.44494
1.4409
1.86684
1.5979
1.55216
1.6847
1.83584
1.73335
1.54059
2.40026
1.39864
1.68761
1.88522
1.9303
1.72417
1.58658
1.93759
1.78308
1.59187
1.83846
1.33359
1.57422
1.83711
1.48591
1.67933
1.64641
1.46085
1.28455
1.51717
1.20922
1.63434
1.78194
1.71042
1.87991
2.4586
1.63365
1.81412
2.63207
1.18971
1.28532
1.67638
1.54804
1.60672
2.47429
1.58055
1.16922
2.18238
1.40458
1.33573
1.6642
1.59139
1.75392
1.81871
1.48763
1.11339
1.93503
1.72226
1.37877
1.36544
1.73943
1.56821
1.71689
1.78567
1.59935
2.13624
1.69958
1.97728
1.19176
1.89883
1.53157
1.85855
1.49317
2.45096
2.18055
1.90162
1.48763
1.28857
1.4915
1.46063
1.59078
2.00572
1.61142
1.58046
1.30338
1.78427
1.50417
1.6725
1.92706
1.28502
1.4559
1.39109
1.72096
1.647
1.51288
1.42111
1.82337
1.68332
1.37762
1.75665
2.44908
1.68516
1.5411
1.52274
1.72544
1.50486
1.55643
1.25446
1.41129
1.62587
1.6884
1.68611
1.98739
1.83381
1.31977
1.71523
1.75288
2.12777
2.00832
1.74749
1.82166
1.67295
1.42582
1.59829
1.71605
1.50439
2.16688
1.6972
1.32035
1.1947
2.20827
1.73886
1.56808
1.67661
1.80599
1.61547
2.18153
1.46658
2.03751
1.91801
1.79806
1.99594
1.19492
1.67971
1.52213
1.73175
1.92546
1.59069
1.6101
1.77687
2.32939
1.18114
2.02811
1.92356
1.87857
2.11457
2.16984
2.17744
2.06808
2.30393
1.83288
1.63578
1.17965
1.56498
1.57172
2.12868
2.01136
1.49341
1.92029
1.78771
1.54316
1.91776
1.72933
1.67125
1.63541
1.3075
1.35686
1.50963
2.38111
1.93119
1.71647
1.74262
1.81677
1.45535
1.55317
2.14218
2.26499
1.54281
1.65847
1.15245
1.95609
1.72286
1.84175
2.06479
1.51581
1.83745
1.37379
1.65913
1.69599
1.58323
1.48754
1.53481
1.40157
1.64209
1.30073
1.22292
1.34581
1.63167
1.53606
1.22351
1.73897
1.38453
1.59997
1.57808
2.06581
1.6265
1.48284
2.08614
1.88287
1.8329
1.60858
1.24641
1.54977
1.56915
1.66182
1.29053
1.99172
1.57785
1.37001
1.64752
2.11368
1.43214
1.57207
1.72783
1.17312
1.83292
1.94921
1.31029
1.73511
1.71808
1.63125
1.56183
1.42964
1.42751
1.56382
1.85844
1.93842
2.34686
1.40835
1.65017
1.26282
1.33157
1.80433
1.64558
1.47725
1.54941
1.71864
1.60539
1.50021
1.78768
1.64698
2.06202
1.333
1.96422
1.65464
1.3474
2.3679
1.11844
1.53568
1.74901
1.49575
1.83356
1.58128
1.7522
1.90914
1.69999
1.58103
1.77481
1.47751
1.65686
1.50579
1.63173
1.43898
1.89775
1.45388
1.77735
1.87504
1.8798
1.44957
2.21004
2.25202
1.80985
1.65192
1.39105
1.3365
1.42652
1.68626
1.62177
1.89145
1.56612
2.05121
1.20277
1.39394
2.01957
1.68278
1.8914
1.78107
1.09738
2.09597
1.98844
1.74454
1.62485
1.6726
1.77283
1.88863
1.24811
2.07006
1.69112
2.02604
1.57153
1.48247
2.02016
1.28284
1.79935
2.09041
1.61557
1.78041
1.88352
1.60866
1.42097
1.69036
1.62112
2.10583
1.41629
1.29249
2.13016
1.69227
1.46808
1.27224
1.43186
1.57126
2.14394
1.3949
1.23784
1.83117
1.50872
2.44197
1.66855
2.26326
1.30954
1.4339
1.52343
1.58047
1.75242
1.64896
1.5515
1.47172
1.33816
1.64276
1.68648
1.00766
1.85244
1.61863
1.75106
1.41211
1.62604
2.0677
1.42142
1.59214
1.70548
1.4695
1.63945
1.51909
1.67334
1.39139
1.48499
2.0421
1.4231
2.1977
1.82405
1.8457
1.75817
1.31419
1.66375
1.62794
1.48037
1.79164
1.8907
1.47152
1.757
1.53174
2.10462
1.65176
1.6754
1.46159
1.65767
1.65391
1.19273
1.10762
1.53905
1.734
1.60211
1.53919
1.68058
1.63873
1.47468
2.03864
1.70849
1.7532
1.54537
1.73092
1.84288
1.43933
1.56112
1.68623
1.69374
1.66741
1.61307
1.58254
1.52891
1.88905
1.32342
1.57217
2.37963
1.25754
1.61903
1.55929
2.01349
1.47143
1.79979
1.69832
1.52767
1.49856
1.55515
1.66675
1.52202
1.74735
1.47039
2.03945
1.51686
1.8004
1.91677
1.27807
1.98752
1.1819
1.51733
1.68899
1.45196
1.90434
2.07122
1.88905
1.69994
2.13892
1.71748
1.3939
1.80124
1.56404
1.77648
1.70421
1.33975
1.84393
2.02922
2.36876
1.71008
1.47028
2.31062
1.4281
1.29271
1.77748
1.68328
2.01282
1.91441
1.57376
1.69568
1.70871
1.49515
1.77115
1.41007
1.78642
1.43658
1.69539
1.9062
1.45111
1.59549
1.96628
1.66869
1.72911
1.44576
1.64653
1.63147
2.35818
1.32365
1.47959
1.68445
1.48526
2.26843
1.88086
1.67818
1.45788
1.51213
2.13778
1.94721
1.7737
1.67243
1.96353
1.45602
2.0245
1.66261
1.57399
1.53836
2.02156
1.35213
1.71518
1.89402
1.78036
1.777
1.68672
1.22314
1.64801
1.40337
1.45607
1.81419
1.53292
1.89389
1.51482
1.45511
1.32537
1.56842
1.48462
2.02993
1.68845
1.55835
1.80859
2.02125
1.33425
2.00485
1.82961
1.57188
1.94867
1.94165
1.59417
1.50551
2.09307
1.41236
1.93902
1.79053
1.32421
1.50191
1.6895
1.74579
1.9452
1.63275
1.54343
1.60376
1.75565
1.7245
1.4688
1.48288
1.90382
1.34351
1.38388
2.04323
2.20392
1.65775
1.46223
1.85449
1.85192
2.34943
1.27499
1.69454
1.51325
1.80456
1.63521
1.82274
1.373
1.94927
1.80235
1.35852
1.86185
1.26441
1.51422
1.85497
1.84768
2.05784
1.10627
1.63022
1.4961
1.54829
1.58357
2.34364
1.72906
1.35019
1.72443
1.61077
1.32865
1.95445
1.72398
1.69663
1.86769
1.55093
1.45588
1.18977
1.83617
1.70732
1.61608
1.8705
1.53882
1.41347
1.42384
1.76423
1.49082
1.17824
1.74744
1.56677
1.60728
1.90952
1.5545
1.99226
1.71146
1.74993
1.52505
1.56587
2.1257
1.49868
1.98594
1.52829
1.63221
1.87162
1.47804
1.7937
2.1191
1.95802
1.66803
1.97085
1.32981
1.91182
1.87074
2.22011
2.04623
1.94044
1.66849
1.94464
1.33106
1.60273
1.63029
1.37038
1.60869
1.56029
2.07907
1.8059
1.85865
2.27771
1.64061
1.55209
1.59734
1.80329
1.38296
2.2544
1.13532
1.83137
1.42205
1.5354
1.65632
1.27573
1.82256
1.88372
1.3418
1.97604
1.39333
1.33553
1.41867
1.8749
1.45638
1.71227
1.56955
1.74675
1.74905
1.59024
1.72029
2.05521
2.07216
1.60106
1.48696
1.84978
1.65204
1.69308
1.2882
1.80289
1.57378
1.93114
1.43519
1.55024
1.42227
2.19372
1.49868
2.21488
1.46201
1.48583
1.79872
1.41743
1.48639
2.08613
1.52676
1.29161
1.43453
1.41615
1.71172
1.42596
2.13449
1.70975
1.87198
1.58033
1.69158
1.47927
1.49342
1.56889
1.66513
1.71811
1.47073
1.35101
2.10148
1.92376
1.84844
1.68686
2.03043
1.61115
1.67816
1.82699
1.97078
1.56916
1.92218
1.83369
1.61648
1.6417
1.77065
1.89064
2.12099
1.77043
1.20798
1.98406
1.56758
1.38999
1.92796
1.63811
1.51581
1.59103
1.36939
1.3308
1.4837
1.80384
1.47595
1.20034
2.129
2.14314
1.53672
2.08475
1.83931
1.79471
1.67124
1.49912
1.69037
1.48709
1.45472
1.49805
1.49328
1.45046
1.83456
1.62524
1.36951
1.26069
1.23813
1.46996
1.49551
1.56899
1.82117
1.6188
1.64899
2.19585
1.58092
1.54206
1.82028
1.28852
1.60794
1.28374
1.32165
1.57812
1.43348
1.32679
1.56563
2.18199
1.69956
1.38333
1.77113
1.77495
2.11667
1.54457
1.46849
2.0312
1.65752
1.77784
1.80779
1.66845
2.03314
1.78904
1.82952
1.75992
1.71585
1.84032
1.43708
2.17441
2.04423
1.47025
1.50419
1.5226
1.61019
1.616
1.62741
1.73233
1.97247
1.86014
1.84064
1.23023
1.46041
1.50911
1.37261
1.70945
1.94932
1.5803
1.95668
1.37149
1.4274
1.80375
1.41601
1.58729
1.53749
1.72052
1.62149
1.64829
1.30883
1.44671
1.48666
1.76784
1.55688
1.30866
1.42812
2.05962
1.42064
1.51065
1.62755
1.83947
1.41114
1.4395
1.3774
1.78426
1.29851
1.54329
1.49479
1.87628
2.07289
1.59814
1.60892
2.06803
1.6135
1.81377
1.65168
1.44234
1.9631
1.3251
2.04253
2.45101
1.5327
1.37956
1.34645
1.52439
1.45861
1.69851
1.65367
1.47061
1.91937
1.42418
2.33808
1.56862
1.48821
2.07779
1.67659
1.42403
1.45413
1.57734
1.53306
1.70951
2.23083
1.66713
1.43723
1.85851
2.27616
1.4443
2.01681
1.9388
1.24961
1.69153
1.84521
2.13641
1.28904
1.80522
1.75174
1.76822
1.47017
1.33
1.70228
1.72076
1.39954
1.92169
1.6755
1.84341
2.0977
2.20406
1.50378
1.45452
1.93475
1.80655
1.5373
1.32198
1.29698
1.56621
1.58766
1.74748
1.91793
1.55983
1.69157
1.41598
1.29374
1.35618
1.62239
1.96648
1.82032
2.08693
1.48005
1.91238
1.55111
1.62704
1.87225
1.57399
1.42208
1.79524
1.32359
1.51788
1.68054
1.90204
1.57904
1.47021
1.50373
1.28939
1.67289
1.77513
1.83952
1.58283
1.46089
1.71276
1.51572
1.89028
1.55
2.01588
1.5282
1.52627
1.89857
1.55701
2.52739
1.55222
1.43909
1.47261
1.40322
1.69828
1.75794
1.79489
1.63363
1.64675
1.60963
1.91361
2.17104
1.8586
1.55186
1.6463
1.59857
1.72605
1.94397
2.02106
1.93098
1.45613
1.80141
1.42707
1.66277
1.43045
1.61812
1.74436
1.70557
1.43301
1.40429
1.52413
1.43403
1.86318
1.47377
1.44494
1.4409
1.86684
1.5979
1.55216
1.6847
1.83584
1.73335
1.54059
2.40026
1.39864
1.68761
1.88522
1.9303
1.72417
1.58658
1.93759
1.78308
1.59187
1.83846
1.33359
1.57422
1.83711
1.48591
1.67933
1.64641
1.46085
1.28455
1.51717
1.20922
1.63434
1.78194
1.71042
1.87991
2.4586
1.63365
1.81412
2.63207
1.18971
1.28532
1.67638
1.54804
1.60672
2.47429
1.58055
1.16922
2.18238
1.40458
1.33573
1.6642
1.59139
1.75392
1.81871
1.48763
1.11339
1.93503
1.72226
1.37877
1.36544
1.73943
1.56821
1.71689
1.78567
1.59935
2.13624
1.69958
1.97728
1.19176
1.89883
1.53157
1.85855
1.49317
2.45096
2.18055
1.90162
1.48763
1.28857
1.4915
1.46063
1.59078
2.00572
1.61142
1.58046
1.30338
1.78427
1.50417
1.6725
1.92706
1.28502
1.4559
1.39109
1.72096
1.647
1.51288
1.42111
1.82337
1.68332
1.37762
1.75665
2.44908
1.68516
1.5411
1.52274
1.72544
1.50486
1.55643
1.25446
1.41129
1.62587
1.6884
1.68611
1.98739
1.83381
1.31977
1.71523
1.75288
2.12777
2.00832
1.74749
1.82166
1.67295
1.42582
1.59829
1.71605
1.50439
2.16688
1.6972
1.32035
1.1947
2.20827
1.73886
1.56808
1.67661
1.80599
1.61547
2.18153
1.46658
2.03751
1.91801
1.79806
1.99594
1.19492
1.67971
1.52213
1.73175
1.92546
1.59069
1.6101
1.77687
2.32939
1.18114
2.02811
1.92356
1.87857
2.11457
2.16984
2.17744
2.06808
2.30393
1.83288
1.63578
1.17965
1.56498
1.57172
2.12868
2.01136
1.49341
1.92029
1.78771
1.54316
1.91776
1.72933
1.67125
1.63541
1.3075
1.35686
1.50963
2.38111
1.93119
1.71647
1.74262
1.81677
1.45535
1.55317
2.14218
2.26499
1.54281
1.65847
1.15245
1.95609
1.72286
1.84175
2.06479
1.51581
1.83745
1.37379
1.65913
1.69599
1.58323
1.48754
1.53481
1.40157
1.64209
1.30073
1.22292
1.34581
1.63167
1.53606
1.22351
1.73897
1.38453
1.59997
1.57808
2.06581
1.6265
1.48284
2.08614
1.88287
1.8329
1.60858
1.24641
1.54977
1.56915
1.66182
1.29053
1.99172
1.57785
1.37001
1.64752
2.11368
1.43214
1.57207
1.72783
1.17312
1.83292
1.94921
1.31029
1.73511
1.71808
1.63125
1.56183
1.42964
1.42751
1.56382
1.85844
1.93842
2.34686
1.40835
1.65017
1.26282
1.33157
1.80433
1.64558
1.47725
1.54941
1.71864
1.60539
1.50021
1.78768
1.64698
2.06202
1.333
1.96422
1.65464
1.3474
2.3679
1.11844
1.53568
1.74901
1.49575
1.83356
1.58128
1.7522
1.90914
1.69999
1.58103
1.77481
1.47751
1.65686
1.50579
1.63173
1.43898
1.89775
1.45388
1.77735
1.87504
1.8798
1.44957
2.21004
2.25202
1.80985
1.65192
1.39105
1.3365
1.42652
1.68626
1.62177
1.89145
1.56612
2.05121
1.20277
1.39394
2.01957
1.68278
1.8914
1.78107
1.09738
2.09597
1.98844
1.74454
1.62485
1.6726
1.77283
1.88863
1.24811
2.07006
1.69112
2.02604
1.57153
1.48247
2.02016
1.28284
1.79935
2.09041
1.61557
1.78041
1.88352
1.60866
1.42097
1.69036
1.62112
2.10583
1.41629
1.29249
2.13016
1.69227
1.46808
1.27224
1.43186
1.57126
2.14394
1.3949
1.23784
1.83117
1.50872
2.44197
1.66855
2.26326
1.30954
1.4339
1.52343
1.58047
1.75242
1.64896
1.5515
1.47172
1.33816
1.64276
1.68648
1.00766
1.85244
1.61863
1.75106
1.41211
1.62604
2.0677
1.42142
1.59214
1.70548
1.4695
1.63945
1.51909
1.67334
1.39139
1.48499
2.0421
1.4231
2.1977
1.82405
1.8457
1.75817
1.31419
1.66375
1.62794
1.48037
1.79164
1.8907
1.47152
1.757
1.53174
2.10462
1.65176
1.6754
1.46159
1.65767
1.65391
1.19273
1.10762
1.53905
1.734
1.60211
1.53919
1.68058
1.63873
1.47468
2.03864
1.70849
1.7532
1.54537
1.73092
1.84288
1.43933
1.56112
1.68623
1.69374
1.66741
1.61307
1.58254
1.52891
1.88905
1.32342
1.57217
2.37963
1.25754
1.61903
1.55929
2.01349
1.47143
1.79979
1.69832
1.52767
1.49856
1.55515
1.66675
1.52202
1.74735
1.47039
2.03945
1.51686
1.8004
1.91677
1.27807
1.98752
1.1819
1.51733
1.68899
1.45196
1.90434
2.07122
1.88905
1.69994
2.13892
1.71748
1.3939
1.80124
1.56404
1.77648
1.70421
1.33975
1.84393
2.02922
2.36876
1.71008
1.47028
2.31062
1.4281
1.29271
1.77748
1.68328
2.01282
1.91441
1.57376
1.69568
1.70871
1.49515
1.77115
1.41007
1.78642
1.43658
1.69539
1.9062
1.45111
1.59549
1.96628
1.66869
1.72911
1.44576
1.64653
1.63147
2.35818
1.32365
1.47959
1.68445
1.48526
2.26843
1.88086
1.67818
1.45788
1.51213
2.13778
1.94721
1.7737
1.67243
1.96353
1.45602
2.0245
1.66261
1.57399
1.53836
2.02156
1.35213
1.71518
1.89402
1.78036
1.777
1.68672
1.22314
1.64801
1.40337
1.45607
1.81419
1.53292
1.89389
1.51482
1.45511
1.32537
1.56842
1.48462
2.02993
1.68845
1.55835
1.80859
2.02125
1.33425
2.00485
1.82961
1.57188
1.94867
1.94165
1.59417
1.50551
2.09307
1.41236
1.93902
1.79053
1.32421
1.50191
1.6895
1.74579
1.9452
1.63275
1.54343
1.60376
1.75565
1.7245
1.4688
1.48288
1.90382
1.34351
1.38388
2.04323
2.20392
1.65775
1.46223
1.85449
1.85192
2.34943
1.27499
1.69454
1.51325
1.80456
1.63521
1.82274
1.373
1.94927
1.80235
1.35852
1.86185
1.26441
1.51422
1.85497
1.84768
2.05784
1.10627
1.63022
1.4961
1.54829
1.58357
2.34364
1.72906
1.35019
1.72443
1.61077
1.32865
1.95445
1.72398
1.69663
1.86769
1.55093
1.45588
1.18977
1.83617
1.70732
1.61608
1.8705
1.53882
1.41347
1.42384
1.76423
1.49082
1.17824
1.74744
1.56677
1.60728
1.90952
1.5545
1.99226
1.71146
1.74993
1.52505
1.56587
2.1257
1.49868
1.98594
1.52829
1.63221
1.87162
1.47804
1.7937
2.1191
1.95802
1.66803
1.97085
1.32981
1.91182
1.87074
2.22011
2.04623
1.94044
1.66849
1.94464
1.33106
1.60273
1.63029
1.37038
1.60869
1.56029
2.07907
1.8059
1.85865
2.27771
1.64061
1.55209
1.59734
1.80329
1.38296
2.2544
1.13532
1.83137
1.42205
1.5354
1.65632
1.27573
1.82256
1.88372
1.3418
1.97604
1.39333
1.33553
1.41867
1.8749
1.45638
1.71227
1.56955
1.74675
1.74905
1.59024
1.72029
2.05521
2.07216
1.60106
1.48696
1.84978
1.65204
1.69308
1.2882
1.80289
1.57378
1.93114
1.43519
1.55024
1.42227
2.19372
1.49868
2.21488
1.46201
1.48583
1.79872
1.41743
1.48639
2.08613
1.52676
1.29161
1.43453
1.41615
1.71172
1.42596
2.13449
1.70975
1.87198
1.58033
1.69158
1.47927
1.49342
1.56889
1.66513
1.71811
1.47073
1.35101
2.10148
1.92376
1.84844
1.68686
2.03043
1.61115
1.67816
1.82699
1.97078
1.56916
1.92218
1.83369
1.61648
1.6417
1.77065
1.89064
2.12099
1.77043
1.20798
1.98406
1.56758
1.38999
1.92796
1.63811
1.51581
1.59103
1.36939
1.3308
1.4837
1.80384
1.47595
1.20034
2.129
2.14314
1.53672
2.08475
1.83931
1.79471
1.67124
1.49912
1.69037
1.48709
1.45472
1.49805
1.49328
1.45046
1.83456
1.62524
1.36951
1.26069
1.23813
1.46996
1.49551
1.56899
1.82117
1.6188
1.64899
2.19585
1.58092
1.54206
1.82028
1.28852
1.60794
1.28374
1.32165
1.57812
1.43348
1.32679
1.56563
2.18199
1.69956
1.38333
1.77113
1.77495
2.11667
1.54457
1.46849
2.0312
1.65752
1.77784
1.80779
1.66845
2.03314
1.78904
1.82952
1.75992
1.71585
1.84032
1.43708
2.17441
2.04423
1.47025
1.50419
1.5226
1.61019
1.616
1.62741
1.73233
1.97247
1.86014
1.84064
1.23023
1.46041
1.50911
1.37261
1.70945
1.94932
1.5803
1.95668
1.37149
1.4274
1.80375
1.41601
1.58729
1.53749
1.72052
1.62149
1.64829
1.30883
1.44671
1.48666
1.76784
1.55688
1.30866
1.42812
2.05962
1.42064
1.51065
1.62755
1.83947
1.41114
1.4395
1.3774
1.78426
1.29851
1.54329
1.49479
1.87628
2.07289
1.59814
1.60892
2.06803
1.6135
1.81377
1.65168
1.44234
1.9631
1.3251
2.04253
2.45101
1.5327
1.37956
1.34645
1.52439
1.45861
1.69851
1.65367
1.47061
1.91937
1.42418
2.33808
1.56862
1.48821
2.07779
1.67659
1.42403
1.45413
1.57734
1.53306
1.70951
2.23083
1.66713
1.43723
1.85851
2.27616
1.4443
2.01681
1.9388
1.24961
1.69153
1.84521
2.13641
1.28904
1.80522
1.75174
1.76822
1.47017
1.33
1.70228
1.72076
1.39954
1.92169
1.6755
1.84341
2.0977
2.20406
1.50378
1.45452
1.93475
1.80655
1.5373
1.32198
1.29698
1.56621
1.58766
1.74748
1.91793
1.55983
1.69157
1.41598
1.29374
1.35618
1.62239
1.96648
1.82032
2.08693
1.48005
1.91238
1.55111
1.62704
1.87225
1.57399
1.42208
1.79524
1.32359
1.51788
1.68054
1.90204
1.57904
1.47021
1.50373
1.28939
1.67289
1.77513
1.83952
1.58283
1.46089
1.71276
1.51572
1.89028
1.55
2.01588
1.5282
1.52627
1.89857
1.55701
2.52739
1.55222
1.43909
1.47261
1.40322
1.69828
1.75794
1.79489
1.63363
1.64675
1.60963
1.91361
2.17104
1.8586
1.55186
1.6463
1.59857
1.72605
1.94397
2.02106
1.93098
1.45613
1.80141
1.42707
1.66277
1.43045
1.61812
1.74436
1.70557
1.43301
1.40429
1.52413
1.43403
1.86318
1.47377
1.44494
1.4409
1.86684
1.5979
1.55216
1.6847
1.83584
1.73335
1.54059
2.40026
1.39864
1.68761
1.88522
1.9303
1.72417
1.58658
1.93759
1.78308
1.59187
1.83846
1.33359
1.57422
1.83711
1.48591
1.67933
1.64641
1.46085
1.28455
1.51717
1.20922
1.63434
1.78194
1.71042
1.87991
2.4586
1.63365
1.81412
2.63207
1.18971
1.28532
1.67638
1.54804
1.60672
2.47429
1.58055
1.16922
2.18238
1.40458
1.33573
1.6642
1.59139
1.75392
1.81871
1.48763
1.11339
1.93503
1.72226
1.37877
1.36544
1.73943
1.56821
1.71689
1.78567
1.59935
2.13624
1.69958
1.97728
1.19176
1.89883
1.53157
1.85855
1.49317
2.45096
2.18055
1.90162
1.48763
1.28857
1.4915
1.46063
1.59078
2.00572
1.61142
1.58046
1.30338
1.78427
1.50417
1.6725
1.92706
1.28502
1.4559
1.39109
1.72096
1.647
1.51288
1.42111
1.82337
1.68332
1.37762
1.75665
2.44908
1.68516
1.5411
1.52274
1.72544
1.50486
1.55643
1.25446
1.41129
1.62587
1.6884
1.68611
1.98739
1.83381
1.31977
1.71523
1.75288
2.12777
2.00832
1.74749
1.82166
1.67295
1.42582
1.59829
1.71605
1.50439
2.16688
1.6972
1.32035
1.1947
2.20827
1.73886
1.56808
1.67661
1.80599
1.61547
2.18153
1.46658
2.03751
1.91801
1.79806
1.99594
1.19492
1.67971
1.52213
1.73175
1.92546
1.59069
1.6101
1.77687
2.32939
1.18114
2.02811
1.92356
1.87857
2.11457
2.16984
2.17744
2.06808
2.30393
1.83288
1.63578
1.17965
1.56498
1.57172
2.12868
2.01136
1.49341
1.92029
1.78771
1.54316
1.91776
1.72933
1.67125
1.63541
1.3075
1.35686
1.50963
2.38111
1.93119
1.71647
1.74262
1.81677
1.45535
1.55317
2.14218
2.26499
1.54281
1.65847
1.15245
1.95609
1.72286
1.84175
2.06479
1.51581
1.83745
1.37379
1.65913
1.69599
1.58323
1.48754
1.53481
1.40157
1.64209
1.30073
1.22292
1.34581
1.63167
1.53606
1.22351
1.73897
1.38453
1.59997
1.57808
2.06581
1.6265
1.48284
2.08614
1.88287
1.8329
1.60858
1.24641
1.54977
1.56915
1.66182
1.29053
1.99172
1.57785
1.37001
1.64752
2.11368
1.43214
1.57207
1.72783
1.17312
1.83292
1.94921
1.31029
1.73511
1.71808
1.63125
1.56183
1.42964
1.42751
1.56382
1.85844
1.93842
2.34686
1.40835
1.65017
1.26282
1.33157
1.80433
1.64558
1.47725
1.54941
1.71864
1.60539
1.50021
1.78768
1.64698
2.06202
1.333
1.96422
1.65464
1.3474
2.3679
1.11844
1.53568
1.74901
1.49575
1.83356
1.58128
1.7522
1.90914
1.69999
1.58103
1.77481
1.47751
1.65686
1.50579
1.63173
1.43898
1.89775
1.45388
1.77735
1.87504
1.8798
1.44957
2.21004
2.25202
1.80985
1.65192
1.39105
1.3365
1.42652
1.68626
1.62177
1.89145
1.56612
2.05121
1.20277
1.39394
2.01957
1.68278
1.8914
1.78107
1.09738
2.09597
1.98844
1.74454
1.62485
1.6726
1.77283
1.88863
1.24811
2.07006
1.69112
2.02604
1.57153
1.48247
2.02016
1.28284
1.79935
2.09041
1.61557
1.78041
1.88352
1.60866
1.42097
1.69036
1.62112
2.10583
1.41629
1.29249
2.13016
1.69227
1.46808
1.27224
1.43186
1.57126
2.14394
1.3949
1.23784
1.83117
1.50872
2.44197
1.66855
2.26326
1.30954
1.4339
1.52343
1.58047
1.75242
1.64896
1.5515
1.47172
1.33816
1.64276
1.68648
1.00766
1.85244
1.61863
1.75106
1.41211
1.62604
2.0677
1.42142
1.59214
1.70548
1.4695
1.63945
1.51909
1.67334
1.39139
1.48499
2.0421
1.4231
2.1977
1.82405
1.8457
1.75817
1.31419
1.66375
1.62794
1.48037
1.79164
1.8907
1.47152
1.757
1.53174
2.10462
1.65176
1.6754
1.46159
1.65767
1.65391
1.19273
1.10762
1.53905
1.734
1.60211
1.53919
1.68058
1.63873
1.47468
2.03864
1.70849
1.7532
1.54537
1.73092
1.84288
1.43933
1.56112
1.68623
1.69374
1.66741
1.61307
1.58254
1.52891
1.88905
1.32342
1.57217
2.37963
1.25754
1.61903
1.55929
2.01349
1.47143
1.79979
1.69832
1.52767
1.49856
1.55515
1.66675
1.52202
1.74735
1.47039
2.03945
1.51686
1.8004
1.91677
1.27807
1.98752
1.1819
1.51733
1.68899
1.45196
1.90434
2.07122
1.88905
1.69994
2.13892
1.71748
1.3939
1.80124
1.56404
1.77648
1.70421
1.33975
1.84393
2.02922
2.36876
1.71008
1.47028
2.31062
1.4281
1.29271
1.77748
1.68328
2.01282
1.91441
1.57376
1.69568
1.70871
1.49515
1.77115
1.41007
1.78642
1.43658
1.69539
1.9062
1.45111
1.59549
1.96628
1.66869
1.72911
1.44576
1.64653
1.63147
2.35818
1.32365
1.47959
1.68445
1.48526
2.26843
1.88086
1.67818
1.45788
1.51213
2.13778
1.94721
1.7737
1.67243
1.96353
1.45602
2.0245
1.66261
1.57399
1.53836
2.02156
1.35213
1.71518
1.89402
1.78036
1.777
1.68672
1.22314
1.64801
1.40337
1.45607
1.81419
1.53292
1.89389
1.51482
1.45511
1.32537
1.56842
1.48462
2.02993
1.68845
1.55835
1.80859
2.02125
1.33425
2.00485
1.82961
1.57188
1.94867
1.94165
1.59417
1.50551
2.09307
1.41236
1.93902
1.79053
1.32421
1.50191
1.6895
1.74579
1.9452
1.63275
1.54343
1.60376
1.75565
1.7245
1.4688
1.48288
1.90382
1.34351
1.38388
2.04323
2.20392
1.65775
1.46223
1.85449
1.85192
2.34943
1.27499
1.69454
1.51325
1.80456
1.63521
1.82274
1.373
1.94927
1.80235
1.35852
1.86185
1.26441
1.51422
1.85497
1.84768
2.05784
1.10627
1.63022
1.4961
1.54829
1.58357
2.34364
1.72906
1.35019
1.72443
1.61077
1.32865
1.95445
1.72398
1.69663
1.86769
1.55093
1.45588
1.18977
1.83617
1.70732
1.61608
1.8705
1.53882
1.41347
1.42384
1.76423
1.49082
1.17824
1.74744
1.56677
1.60728
1.90952
1.5545
1.99226
1.71146
1.74993
1.52505
1.56587
2.1257
1.49868
1.98594
1.52829
1.63221
1.87162
1.47804
1.7937
2.1191
1.95802
1.66803
1.97085
1.32981
1.91182
1.87074
2.22011
2.04623
1.94044
1.66849
1.94464
1.33106
1.60273
1.63029
1.37038
1.60869
1.56029
2.07907
1.8059
1.85865
2.27771
1.64061
1.55209
1.59734
1.80329
1.38296
2.2544
1.13532
1.83137
1.42205
1.5354
1.65632
1.27573
1.82256
1.88372
1.3418
1.97604
1.39333
1.33553
1.41867
1.8749
1.45638
1.71227
1.56955
1.74675
1.74905
1.59024
1.72029
2.05521
2.07216
1.60106
1.48696
1.84978
1.65204
1.69308
1.2882
1.80289
1.57378
1.93114
1.43519
1.55024
1.42227
2.19372
1.49868
2.21488
1.46201
1.48583
1.79872
1.41743
1.48639
2.08613
1.52676
1.29161
1.43453
1.41615
1.71172
1.42596
2.13449
1.70975
1.87198
1.58033
1.69158
1.47927
1.49342
1.56889
1.66513
1.71811
1.47073
1.35101
2.10148
1.92376
1.84844
1.68686
2.03043
1.61115
1.67816
1.82699
1.97078
1.56916
1.92218
1.83369
1.61648
1.6417
1.77065
1.89064
2.12099
1.77043
1.20798
1.98406
1.56758
1.38999
1.92796
1.63811
1.51581
1.59103
1.36939
1.3308
1.4837
1.80384
1.47595
1.20034
2.129
2.14314
1.53672
2.08475
1.83931
1.79471
1.67124
1.49912
1.69037
1.48709
1.45472
1.49805
1.49328
1.45046
1.83456
1.62524
1.36951
1.26069
1.23813
1.46996
1.49551
1.56899
1.82117
1.6188
1.64899
2.19585
1.58092
1.54206
1.82028
1.28852
1.60794
1.28374
1.32165
1.57812
1.43348
1.32679
1.56563
2.18199
1.69956
1.38333
1.77113
1.77495
2.11667
1.54457
1.46849
2.0312
1.65752
1.77784
1.80779
1.66845
2.03314
1.78904
1.82952
1.75992
1.71585
1.84032
1.43708
2.17441
2.04423
1.47025
1.50419
1.5226
1.61019
1.616
1.62741
1.73233
1.97247
1.86014
1.84064
1.23023
1.46041
1.50911
1.37261
1.70945
1.94932
1.5803
1.95668
1.37149
1.4274
1.80375
1.41601
1.58729
1.53749
1.72052
1.62149
1.64829
1.30883
1.44671
1.48666
1.76784
1.55688
1.30866
1.42812
2.05962
1.42064
1.51065
1.62755
1.83947
1.41114
1.4395
1.3774
1.78426
1.29851
1.54329
1.49479
1.87628
2.07289
1.59814
1.60892
2.06803
1.6135
1.81377
1.65168
1.44234
1.9631
1.3251
2.04253
2.45101
1.5327
1.37956
1.34645
1.52439
1.45861
1.69851
1.65367
1.47061
1.91937
1.42418
2.33808
1.56862
1.48821
2.07779
1.67659
1.42403
1.45413
1.57734
1.53306
1.70951
2.23083
1.66713
1.43723
1.85851
2.27616
1.4443
2.01681
1.9388
1.24961
1.69153
1.84521
2.13641
1.28904
1.80522
1.75174
1.76822
1.47017
1.33
1.70228
1.72076
1.39954
1.92169
1.6755
1.84341
2.0977
2.20406
1.50378
1.45452
1.93475
1.80655
1.5373
1.32198
1.29698
1.56621
1.58766
1.74748
1.91793
1.55983
1.69157
1.41598
1.29374
1.35618
1.62239
1.96648
1.82032
2.08693
1.48005
1.91238
1.55111
1.62704
1.87225
1.57399
1.42208
1.79524
1.32359
1.51788
1.68054
1.90204
1.57904
1.47021
1.50373
1.28939
1.67289
1.77513
1.83952
1.58283
1.46089
1.71276
1.51572
1.89028
1.55
2.01588
1.5282
1.52627
1.89857
1.55701
2.52739
1.55222
1.43909
1.47261
1.40322
1.69828
1.75794
1.79489
1.63363
1.64675
1.60963
1.91361
2.17104
1.8586
1.55186
1.6463
1.59857
1.72605
1.94397
2.02106
1.93098
1.45613
1.80141
1.42707
1.66277
1.43045
1.61812
1.74436
1.70557
1.43301
1.40429
1.52413
1.43403
1.86318
1.47377
1.44494
1.4409
1.86684
1.5979
1.55216
1.6847
1.83584
1.73335
1.54059
2.40026
1.39864
1.68761
1.88522
1.9303
1.72417
1.58658
1.93759
1.78308
1.59187
1.83846
1.33359
1.57422
1.83711
1.48591
1.67933
1.64641
1.46085
1.28455
1.51717
1.20922
1.63434
1.78194
1.71042
1.87991
2.4586
1.63365
1.81412
2.63207
1.18971
1.28532
1.67638
1.54804
1.60672
2.47429
1.58055
1.16922
2.18238
1.40458
1.33573
1.6642
1.59139
1.75392
1.81871
1.48763
1.11339
1.93503
1.72226
1.37877
1.36544
1.73943
1.56821
1.71689
1.78567
1.59935
2.13624
1.69958
1.97728
1.19176
1.89883
1.53157
1.85855
1.49317
2.45096
2.18055
1.90162
1.48763
1.28857
1.4915
1.46063
1.59078
2.00572
1.61142
1.58046
1.30338
1.78427
1.50417
1.6725
1.92706
1.28502
1.4559
1.39109
1.72096
1.647
1.51288
1.42111
1.82337
1.68332
1.37762
1.75665
2.44908
1.68516
1.5411
1.52274
1.72544
1.50486
1.55643
1.25446
1.41129
1.62587
1.6884
1.68611
1.98739
1.83381
1.31977
1.71523
1.75288
2.12777
2.00832
1.74749
1.82166
1.67295
1.42582
1.59829
1.71605
1.50439
2.16688
1.6972
1.32035
1.1947
2.20827
1.73886
1.56808
1.67661
1.80599
1.61547
2.18153
1.46658
2.03751
1.91801
1.79806
1.99594
1.19492
1.67971
1.52213
1.73175
1.92546
1.59069
1.6101
1.77687
2.32939
1.18114
2.02811
1.92356
1.87857
2.11457
2.16984
2.17744
2.06808
2.30393
1.83288
1.63578
1.17965
1.56498
1.57172
2.12868
2.01136
1.49341
1.92029
1.78771
1.54316
1.91776
1.72933
1.67125
1.63541
1.3075
1.35686
1.50963
2.38111
1.93119
1.71647
1.74262
1.81677
1.45535
1.55317
2.14218
2.26499
1.54281
1.65847
1.15245
1.95609
1.72286
1.84175
2.06479
1.51581
1.83745
1.37379
1.65913
1.69599
1.58323
1.48754
1.53481
1.40157
1.64209
1.30073
1.22292
1.34581
1.63167
1.53606
1.22351
1.73897
1.38453
1.59997
1.57808
2.06581
1.6265
1.48284
2.08614
1.88287
1.8329
1.60858
1.24641
1.54977
1.56915
1.66182
1.29053
1.99172
1.57785
1.37001
1.64752
2.11368
1.43214
1.57207
1.72783
1.17312
1.83292
1.94921
1.31029
1.73511
1.71808
1.63125
1.56183
1.42964
1.42751
1.56382
1.85844
1.93842
2.34686
1.40835
1.65017
1.26282
1.33157
1.80433
1.64558
1.47725
1.54941
1.71864
1.60539
1.50021
1.78768
1.64698
2.06202
1.333
1.96422
1.65464
1.3474
2.3679
1.11844
1.53568
1.74901
1.49575
1.83356
1.58128
1.7522
1.90914
1.69999
1.58103
1.77481
1.47751
1.65686
1.50579
1.63173
1.43898
1.89775
1.45388
1.77735
1.87504
1.8798
1.44957
2.21004
2.25202
1.80985
1.65192
1.39105
1.3365
1.42652
1.68626
1.62177
1.89145
1.56612
2.05121
1.20277
1.39394
2.01957
1.68278
1.8914
1.78107
1.09738
2.09597
1.98844
1.74454
1.62485
1.6726
1.77283
1.88863
1.24811
2.07006
1.69112
2.02604
1.57153
1.48247
2.02016
1.28284
1.79935
2.09041
1.61557
1.78041
1.88352
1.60866
1.42097
1.69036
1.62112
2.10583
1.41629
1.29249
2.13016
1.69227
1.46808
1.27224
1.43186
1.57126
2.14394
1.3949
1.23784
1.83117
1.50872
2.44197
1.66855
2.26326
1.30954
1.4339
1.52343
1.58047
1.75242
1.64896
1.5515
1.47172
1.33816
1.64276
1.68648
1.00766
1.85244
1.61863
1.75106
1.41211
1.62604
2.0677
1.42142
1.59214
1.70548
1.4695
1.63945
1.51909
1.67334
1.39139
1.48499
2.0421
1.4231
2.1977
1.82405
1.8457
1.75817
1.31419
1.66375
1.62794
1.48037
1.79164
1.8907
1.47152
1.757
1.53174
2.10462
1.65176
1.6754
1.46159
1.65767
1.65391
1.19273
1.10762
1.53905
1.734
1.60211
1.53919
1.68058
1.63873
1.47468
2.03864
1.70849
1.7532
1.54537
1.73092
1.84288
1.43933
1.56112
1.68623
1.69374
1.66741
1.61307
1.58254
1.52891
1.88905
1.32342
1.57217
2.37963
1.25754
1.61903
1.55929
2.01349
1.47143
1.79979
1.69832
1.52767
1.49856
1.55515
1.66675
1.52202
1.74735
1.47039
2.03945
1.51686
1.8004
1.91677
1.27807
1.98752
1.1819
1.51733
1.68899
1.45196
1.90434
2.07122
1.88905
1.69994
2.13892
1.71748
1.3939
1.80124
1.56404
1.77648
1.70421
1.33975
1.84393
2.02922
2.36876
1.71008
1.47028
2.31062
1.4281
1.29271
1.77748
1.68328
2.01282
1.91441
1.57376
1.69568
1.70871
1.49515
1.77115
1.41007
1.78642
1.43658
1.69539
1.9062
1.45111
1.59549
1.96628
1.66869
1.72911
1.44576
1.64653
1.63147
2.35818
1.32365
1.47959
1.68445
1.48526
2.26843
1.88086
1.67818
1.45788
1.51213
2.13778
1.94721
1.7737
1.67243
1.96353
1.45602
2.0245
1.66261
1.57399
1.53836
2.02156
1.35213
1.71518
1.89402
1.78036
1.777
1.68672
1.22314
1.64801
1.40337
1.45607
1.81419
1.53292
1.89389
1.51482
1.45511
1.32537
1.56842
1.48462
2.02993
1.68845
1.55835
1.80859
2.02125
1.33425
2.00485
1.82961
1.57188
1.94867
1.94165
1.59417
1.50551
2.09307
1.41236
1.93902
1.79053
1.32421
1.50191
1.6895
1.74579
1.9452
1.63275
1.54343
1.60376
1.75565
1.7245
1.4688
1.48288
1.90382
1.34351
1.38388
2.04323
2.20392
1.65775
1.46223
1.85449
1.85192
2.34943
1.27499
1.69454
1.51325
1.80456
1.63521
1.82274
1.373
1.94927
1.80235
1.35852
1.86185
1.26441
1.51422
1.85497
1.84768
2.05784
1.10627
1.63022
1.4961
1.54829
1.58357
2.34364
1.72906
1.35019
1.72443
1.61077
1.32865
1.95445
1.72398
1.69663
1.86769
1.55093
1.45588
1.18977
1.83617
1.70732
1.61608
1.8705
1.53882
1.41347
1.42384
1.76423
1.49082
1.17824
1.74744
1.56677
1.60728
1.90952
1.5545
1.99226
1.71146
1.74993
1.52505
1.56587
2.1257
1.49868
1.98594
1.52829
1.63221
1.87162
1.47804
1.7937
2.1191
1.95802
1.66803
1.97085
1.32981
1.91182
1.87074
2.22011
2.04623
1.94044
1.66849
1.94464
1.33106
1.60273
1.63029
1.37038
1.60869
1.56029
2.07907
1.8059
1.85865
2.27771
1.64061
1.55209
1.59734
1.80329
1.38296
2.2544
1.13532
1.83137
1.42205
1.5354
1.65632
1.27573
1.82256
1.88372
1.3418
1.97604
1.39333
1.33553
1.41867
1.8749
1.45638
1.71227
1.56955
1.74675
1.74905
1.59024
1.72029
2.05521
2.07216
1.60106
1.48696
1.84978
1.65204
1.69308
1.2882
1.80289
1.57378
1.93114
1.43519
1.55024
1.42227
2.19372
1.49868
2.21488
1.46201
1.48583
1.79872
1.41743
1.48639
2.08613
1.52676
1.29161
1.43453
1.41615
1.71172
1.42596
2.13449
1.70975
1.87198
1.58033
1.69158
1.47927
1.49342
1.56889
1.66513
1.71811
1.47073
1.35101
2.10148
1.92376
1.84844
1.68686
2.03043
1.61115
1.67816
1.82699
1.97078
1.56916
1.92218
1.83369
1.61648
1.6417
1.77065
1.89064
2.12099
1.77043
1.20798
1.98406
1.56758
1.38999
1.92796
1.63811
1.51581
1.59103
1.36939
1.3308
1.4837
1.80384
1.47595
1.20034
2.129
2.14314
1.53672
2.08475
1.83931
1.79471
1.67124
1.49912
1.69037
1.48709
1.45472
1.49805
1.49328
1.45046
1.83456
1.62524
1.36951
1.26069
1.23813
1.46996
1.49551
1.56899
1.82117
1.6188
1.64899
2.19585
1.58092
1.54206
1.82028
1.28852
1.60794
1.28374
1.32165
1.57812
1.43348
1.32679
1.56563
2.18199
1.69956
1.38333
1.77113
1.77495
2.11667
1.54457
1.46849
2.0312
1.65752
1.77784
1.80779
1.66845
2.03314
1.78904
1.82952
1.75992
1.71585
1.84032
1.43708
2.17441
2.04423
1.47025
1.50419
1.5226
1.61019
1.616
1.62741
1.73233
1.97247
1.86014
1.84064
1.23023
1.46041
1.50911
1.37261
1.70945
1.94932
1.5803
1.95668
1.37149
1.4274
1.80375
1.41601
1.58729
1.53749
1.72052
1.62149
1.64829
1.30883
1.44671
1.48666
1.76784
1.55688
1.30866
1.42812
2.05962
1.42064
1.51065
1.62755
1.83947
1.41114
1.4395
1.3774
1.78426
1.29851
1.54329
1.49479
1.87628
2.07289
1.59814
1.60892
2.06803
1.6135
1.81377
1.65168
1.44234
1.9631
1.3251
2.04253
2.45101
1.5327
1.37956
1.34645
1.52439
1.45861
1.69851
1.65367
1.47061
1.91937
1.42418
2.33808
1.56862
1.48821
2.07779
1.67659
1.42403
1.45413
1.57734
1.53306
1.70951
2.23083
1.66713
1.43723
1.85851
2.27616
1.4443
2.01681
1.9388
1.24961
1.69153
1.84521
2.13641
1.28904
1.80522
1.75174
1.76822
1.47017
1.33
1.70228
1.72076
1.39954
1.92169
1.6755
1.84341
2.0977
2.20406
1.50378
1.45452
1.93475
1.80655
1.5373
1.32198
1.29698
1.56621
1.58766
1.74748
1.91793
1.55983
1.69157
1.41598
1.29374
1.35618
1.62239
1.96648
1.82032
2.08693
1.48005
1.91238
1.55111
1.62704
1.87225
1.57399
1.42208
1.79524
1.32359
1.51788
1.68054
1.90204
1.57904
1.47021
1.50373
1.28939
1.67289
1.77513
1.83952
1.58283
1.46089
1.71276
1.51572
1.89028
1.55
2.01588
1.5282
1.52627
1.89857
1.55701
2.52739
1.55222
1.43909
1.47261
1.40322
1.69828
1.75794
1.79489
1.63363
1.64675
1.60963
1.91361
2.17104
1.8586
1.55186
1.6463
1.59857
1.72605
1.94397
2.02106
1.93098
1.45613
1.80141
1.42707
1.66277
1.43045
1.61812
1.74436
1.70557
1.43301
1.40429
1.52413
1.43403
1.86318
1.47377
1.44494
1.4409
1.86684
1.5979
1.55216
1.6847
1.83584
1.73335
1.54059
2.40026
1.39864
1.68761
1.88522
1.9303
1.72417
1.58658
1.93759
1.78308
1.59187
1.83846
1.33359
1.57422
1.83711
1.48591
1.67933
1.64641
1.46085
1.28455
1.51717
1.20922
1.63434
1.78194
1.71042
1.87991
2.4586
1.63365
1.81412
2.63207
1.18971
1.28532
1.67638
1.54804
1.60672
2.47429
1.58055
1.16922
2.18238
1.40458
1.33573
1.6642
1.59139
1.75392
1.81871
1.48763
1.11339
1.93503
1.72226
1.37877
1.36544
1.73943
1.56821
1.71689
1.78567
1.59935
2.13624
1.69958
1.97728
1.19176
1.89883
1.53157
1.85855
1.49317
2.45096
2.18055
1.90162
1.48763
1.28857
1.4915
1.46063
1.59078
2.00572
1.61142
1.58046
1.30338
1.78427
1.50417
1.6725
1.92706
1.28502
1.4559
1.39109
1.72096
1.647
1.51288
1.42111
1.82337
1.68332
1.37762
1.75665
2.44908
1.68516
1.5411
1.52274
1.72544
1.50486
1.55643
1.25446
1.41129
1.62587
1.6884
1.68611
1.98739
1.83381
1.31977
1.71523
1.75288
2.12777
2.00832
1.74749
1.82166
1.67295
1.42582
1.59829
1.71605
1.50439
2.16688
1.6972
1.32035
1.1947
2.20827
1.73886
1.56808
1.67661
1.80599
1.61547
2.18153
1.46658
2.03751
1.91801
1.79806
1.99594
1.19492
1.67971
1.52213
1.73175
1.92546
1.59069
1.6101
1.77687
2.32939
1.18114
2.02811
1.92356
1.87857
2.11457
2.16984
2.17744
2.06808
2.30393
1.83288
1.63578
1.17965
1.56498
1.57172
2.12868
2.01136
1.49341
1.92029
1.78771
1.54316
1.91776
1.72933
1.67125
1.63541
1.3075
1.35686
1.50963
2.38111
1.93119
1.71647
1.74262
1.81677
1.45535
1.55317
2.14218
2.26499
1.54281
1.65847
1.15245
1.95609
1.72286
1.84175
2.06479
1.51581
1.83745
1.37379
1.65913
1.69599
1.58323
1.48754
1.53481
1.40157
1.64209
1.30073
1.22292
1.34581
1.63167
1.53606
1.22351
1.73897
1.38453
1.59997
1.57808
2.06581
1.6265
1.48284
2.08614
1.88287
1.8329
1.60858
1.24641
1.54977
1.56915
1.66182
1.29053
1.99172
1.57785
1.37001
1.64752
2.11368
1.43214
1.57207
1.72783
1.17312
1.83292
1.94921
1.31029
1.73511
1.71808
1.63125
1.56183
1.42964
1.42751
1.56382
1.85844
1.93842
2.34686
1.40835
1.65017
1.26282
1.33157
1.80433
1.64558
1.47725
1.54941
1.71864
1.60539
1.50021
1.78768
1.64698
2.06202
1.333
1.96422
1.65464
1.3474
2.3679
1.11844
1.53568
1.74901
1.49575
1.83356
1.58128
1.7522
1.90914
1.69999
1.58103
1.77481
1.47751
1.65686
1.50579
1.63173
1.43898
1.89775
1.45388
1.77735
1.87504
1.8798
1.44957
2.21004
2.25202
1.80985
1.65192
1.39105
1.3365
1.42652
1.68626
1.62177
1.89145
1.56612
2.05121
1.20277
1.39394
2.01957
1.68278
1.8914
1.78107
1.09738
2.09597
1.98844
1.74454
1.62485
1.6726
1.77283
1.88863
1.24811
2.07006
1.69112
2.02604
1.57153
1.48247
2.02016
1.28284
1.79935
2.09041
1.61557
1.78041
1.88352
1.60866
1.42097
1.69036
1.62112
2.10583
1.41629
1.29249
2.13016
1.69227
1.46808
1.27224
1.43186
1.57126
2.14394
1.3949
1.23784
1.83117
1.50872
2.44197
1.66855
2.26326
1.30954
1.4339
1.52343
1.58047
1.75242
1.64896
1.5515
1.47172
1.33816
1.64276
1.68648
1.00766
1.85244
1.61863
1.75106
1.41211
1.62604
2.0677
1.42142
1.59214
1.70548
1.4695
1.63945
1.51909
1.67334
1.39139
1.48499
2.0421
1.4231
2.1977
1.82405
1.8457
1.75817
1.31419
1.66375
1.62794
1.48037
1.79164
1.8907
1.47152
1.757
1.53174
2.10462
1.65176
1.6754
1.46159
1.65767
1.65391
1.19273
1.10762
1.53905
1.734
1.60211
1.53919
1.68058
1.63873
1.47468
2.03864
1.70849
1.7532
1.54537
1.73092
1.84288
1.43933
1.56112
1.68623
1.69374
1.66741
1.61307
1.58254
1.52891
1.88905
1.32342
1.57217
2.37963
1.25754
1.61903
1.55929
2.01349
1.47143
1.79979
1.69832
1.52767
1.49856
1.55515
1.66675
1.52202
1.74735
1.47039
2.03945
1.51686
1.8004
1.91677
1.27807
1.98752
1.1819
1.51733
1.68899
1.45196
1.90434
2.07122
1.88905
1.69994
2.13892
1.71748
1.3939
1.80124
1.56404
1.77648
1.70421
1.33975
1.84393
2.02922
2.36876
1.71008
1.47028
2.31062
1.4281
1.29271
1.77748
1.68328
2.01282
1.91441
1.57376
1.69568
1.70871
1.49515
1.77115
1.41007
1.78642
1.43658
1.69539
1.9062
1.45111
1.59549
1.96628
1.66869
1.72911
1.44576
1.64653
1.63147
2.35818
1.32365
1.47959
1.68445
1.48526
2.26843
1.88086
1.67818
1.45788
1.51213
2.13778
1.94721
1.7737
1.67243
1.96353
1.45602
2.0245
1.66261
1.57399
1.53836
2.02156
1.35213
1.71518
1.89402
1.78036
1.777
1.68672
1.22314
1.64801
1.40337
1.45607
1.81419
1.53292
1.89389
1.51482
1.45511
1.32537
1.56842
1.48462
2.02993
1.68845
1.55835
1.80859
2.02125
1.33425
2.00485
1.82961
1.57188
1.94867
1.94165
1.59417
1.50551
2.09307
1.41236
1.93902
1.79053
1.32421
1.50191
1.6895
1.74579
1.9452
1.63275
1.54343
1.60376
1.75565
1.7245
1.4688
1.48288
1.90382
1.34351
1.38388
2.04323
2.20392
1.65775
1.46223
1.85449
1.85192
2.34943
1.27499
1.69454
1.51325
