1.14187
0.963761
0.930139
1.19021
1.13188
1.00351
0.980139
0.670878
0.806151
1.21811
0.847993
0.966306
1.04067
0.926066
0.963858
0.782711
1.07908
0.873717
0.980548
1.04334
0.723347
1.2202
0.825268
0.996064
0.910655
0.866468
0.980476
0.984882
1.06378
1.53962
0.944395
1.02192
0.842374
1.06102
0.894288
0.928846
1.19356
0.95756
1.1288
1.16687
0.921775
0.766345
1.07429
0.87259
0.885658
0.950807
1.0213
1.14677
0.774532
0.975236
0.984357
1.10935
1.1834
1.15845
1.40954
1.03783
0.909265
1.20048
1.1874
1.24054
1.22601
0.992186
1.20126
1.23374
0.965593
0.841143
0.950219
1.21038
1.13298
1.05781
1.0671
1.0596
1.0748
1.17058
1.03649
0.941965
0.838536
0.879282
1.3231
1.05174
1.31199
1.06628
0.793521
1.22388
0.727245
1.05702
0.985937
1.06903
1.16867
1.21723
0.892376
0.990665
1.38534
0.869749
1.05773
0.912808
1.28147
1.02014
0.9401
0.970442
1.13258
0.837738
1.30823
1.25658
1.06887
1.08586
1.02835
1.10399
1.23374
0.956969
0.728976
1.01389
1.26527
1.09772
1.07176
0.990151
1.08554
1.08746
1.02297
0.798103
1.04183
0.812013
0.927284
1.15632
1.13892
0.974141
1.13425
0.9927
0.86247
1.25797
1.24683
0.993516
1.06609
0.980684
1.20458
1.16233
1.12991
0.845674
0.924539
0.790717
1.03171
1.15602
1.16999
0.929187
1.03543
1.08973
0.886882
1.05358
1.22582
1.09664
1.08039
1.14881
0.961427
1.05931
0.990692
0.931764
1.19747
1.02268
0.997657
0.908611
1.00457
1.17882
1.20464
1.19386
1.03712
0.904861
0.893515
1.1459
1.45465
1.52747
0.646326
0.932392
0.869444
1.23115
1.30615
1.03308
1.02957
1.14501
1.40068
0.954322
1.28813
0.95951
1.40917
1.14033
1.08553
1.04672
1.35387
0.917308
1.17032
1.20541
0.901928
0.970053
1.22164
1.25076
0.848571
1.08447
1.24319
0.787314
1.03918
1.04258
1.76495
0.991844
1.02355
0.919917
0.926253
1.04451
1.38084
1.11183
0.944432
1.00292
1.14908
1.08992
0.995163
0.894544
1.09342
1.03441
1.10278
1.0191
0.949194
0.807311
1.0775
1.15354
1.13096
1.0331
1.37528
0.892252
1.0597
0.988409
0.862883
0.759375
1.27305
0.868917
0.795049
0.981244
0.798099
0.827356
1.28589
0.807848
0.895756
1.31162
1.05637
1.32944
0.952993
1.06631
0.938919
1.21132
1.18083
0.734125
0.960572
1.3599
1.76681
1.22851
0.953824
0.964157
1.1019
1.18842
0.85402
0.961248
0.895645
1.076
1.29313
0.937987
1.03429
1.39678
0.847663
0.953393
0.915733
1.31456
1.0718
1.42885
0.6792
1.0444
0.838891
1.15527
1.72017
1.0424
0.809024
0.861753
0.918295
0.875443
0.857549
1.04392
1.10074
0.964578
1.02004
0.874159
1.07885
0.959835
1.10981
1.0865
1.12211
1.14621
1.08934
1.2695
1.11139
1.00276
0.872274
1.20952
0.820613
1.24155
1.11591
1.76369
1.31858
0.901575
1.00717
1.84149
0.935046
0.946366
0.858438
1.06338
1.28205
0.800228
1.13773
0.946976
1.34176
1.01188
1.09519
0.868859
1.01873
1.06627
0.93944
0.774811
1.25652
0.881975
0.993664
0.993365
1.01857
0.928266
0.956006
0.86266
0.775614
0.856555
0.700588
0.846999
1.21508
1.09883
0.89545
0.991906
1.26819
0.91431
1.05537
0.837406
1.27313
1.20108
0.950956
1.00981
0.846565
0.878156
1.17628
1.31195
1.19926
0.81359
1.12045
0.830601
0.970593
0.970875
1.13381
1.02869
0.868868
0.83182
0.921977
0.921042
1.00895
1.50028
0.856728
1.10914
0.940363
1.1176
0.942445
1.20254
0.864918
0.935842
0.830188
0.864376
0.951047
1.32817
1.00887
1.05149
1.29097
0.849572
0.820506
1.06082
1.05967
1.04268
1.22442
1.29762
1.13522
1.10219
0.858441
0.886305
0.997699
0.771266
0.986114
0.927417
0.846378
0.885899
0.687408
0.897347
1.00253
0.807806
1.00248
0.980486
1.48039
0.758575
1.22118
0.889409
1.27423
0.815921
1.01798
1.12134
1.57179
1.18831
0.9159
0.876448
0.888832
0.817946
0.750457
1.09283
0.848852
0.875996
0.912103
1.18775
1.06051
1.21727
1.07265
1.14477
0.829259
0.986411
0.672165
0.874966
1.17257
1.44324
0.913839
1.03734
1.00826
0.904593
1.24997
1.00339
1.13656
0.988018
0.930198
1.17751
1.1395
1.129
0.940375
1.05092
0.885411
1.05649
1.40416
1.11648
1.02215
1.26761
1.23376
1.25874
1.00468
1.01934
1.05529
1.08055
1.01831
1.11341
0.943107
0.976631
0.954907
0.875383
1.13031
1.37261
0.991211
1.09868
1.18485
1.29607
1.0599
1.09972
1.19384
0.796454
0.837365
0.930581
1.08559
1.08028
1.27678
0.968662
0.896057
1.1901
1.07007
0.776231
1.1473
1.08358
1.13416
1.13277
0.896137
1.18416
1.30156
1.00863
0.989429
1.13007
0.814472
0.980253
0.877886
1.35094
0.948358
0.943213
0.659121
1.16163
1.36481
0.778107
1.12717
0.906029
1.04705
0.899968
1.24269
0.999959
1.12273
0.933832
1.36097
1.14811
1.14522
1.14131
0.843398
0.967316
0.920545
1.0467
1.02989
1.1049
1.09169
1.30237
1.03084
0.879795
0.805015
1.34324
0.873865
0.912733
1.36812
1.07782
1.16093
0.81479
0.934453
1.46813
1.11473
1.0715
0.905185
1.10631
1.14922
1.03713
0.74766
1.08858
1.01154
1.2235
1.12478
0.942837
1.20485
1.09597
0.918876
0.818791
1.12546
1.31073
1.16086
1.20063
0.933548
0.94136
1.04573
0.804922
1.03587
1.02333
1.15408
0.716778
1.0364
0.84374
1.25239
1.24325
1.22476
0.852378
1.26685
0.842194
1.09685
1.00252
0.998261
0.875328
1.02378
1.23198
0.836298
0.871425
0.773296
1.21849
1.06379
0.877561
1.04546
1.25477
1.11462
1.32352
0.955246
0.88021
1.08058
1.23424
0.973031
1.14515
0.98806
1.23346
1.23558
0.767399
1.11016
1.18308
1.11522
1.15039
0.869149
1.13794
0.832351
1.19753
1.40222
1.06107
0.902719
1.2176
1.21052
0.795229
0.910722
1.16322
1.40746
1.6899
1.43647
0.947792
0.846822
1.10986
1.17327
1.06073
0.782913
0.663168
1.01686
1.2987
1.22869
1.09282
1.10597
1.13364
0.776299
0.907398
1.00275
0.93465
0.912726
0.911367
1.0581
1.16894
1.19109
1.1461
1.01988
0.736833
0.79436
1.11268
1.04052
0.94864
1.15547
1.06148
0.922425
1.00823
1.04782
0.848597
0.904478
0.956366
0.936391
0.805111
1.15469
1.2519
1.11238
1.19203
0.88723
1.40395
1.2022
1.2253
0.787022
0.956688
0.975079
0.929874
1.01984
0.96823
0.982978
1.01868
1.26713
0.854766
0.889669
0.939568
1.57788
1.15586
1.0595
0.869351
0.933215
1.33215
0.889773
1.0386
1.19252
1.19084
1.0786
0.84099
1.02303
0.716002
1.19891
1.27725
0.756093
0.885087
1.05019
0.989749
1.22493
1.07387
1.04176
0.817649
1.05403
1.2412
0.955933
1.25426
1.38009
0.933793
1.35783
1.24498
1.31867
0.916875
0.90178
0.801488
0.984084
0.951215
1.05571
0.905295
1.37085
1.09327
0.981546
0.810578
0.822584
0.863599
0.953445
0.882167
0.868178
0.989606
0.961357
1.15125
0.885512
0.765516
1.17769
0.939087
0.933245
1.38661
1.13866
0.990793
1.26244
0.773616
0.963432
0.963486
1.1363
1.23132
0.905503
1.20855
0.789632
0.940596
1.14593
1.07877
1.04197
0.875116
0.669389
1.12555
1.00692
0.844696
0.99331
1.02687
1.2065
1.28052
1.31242
0.992637
1.02381
0.929698
1.1292
0.99444
0.954548
1.14712
1.09489
1.2537
1.15115
0.812993
0.997587
0.968599
0.958595
1.00891
0.814914
1.13129
1.33685
1.00498
0.733472
0.771667
1.21628
0.904362
0.905977
0.994747
0.930397
1.11356
0.948573
0.895534
1.00072
0.889323
0.826802
0.996159
1.22966
1.23469
1.35917
1.02535
0.875918
0.949991
1.57973
0.964224
1.09833
0.910661
1.17349
0.68454
1.09841
0.803438
0.936734
0.913577
1.27638
0.918387
0.796236
1.10714
1.09753
1.03721
1.23225
1.09596
0.960143
1.59525
1.04871
0.9639
1.09404
0.799658
1.35995
0.732493
0.939592
0.729903
1.00539
0.865087
0.835806
1.08709
0.956834
1.03636
1.35913
0.930346
1.39607
1.08241
1.21562
0.918138
1.31914
0.996821
0.822279
0.923857
1.17968
0.781368
1.00053
1.11052
1.29654
0.900192
1.12411
0.946248
1.47716
1.03063
0.82797
1.01954
1.08108
1.01875
1.22909
0.74953
1.15468
1.08735
0.886355
1.32955
1.13063
0.753398
0.999875
1.10828
1.03544
1.46431
1.07835
1.18357
1.03522
1.43882
0.836629
1.37448
1.34817
1.28194
0.948021
1.18863
0.700103
0.78192
1.02853
1.03864
1.24704
1.12721
1.1127
0.928104
1.43078
0.992938
1.20706
1.15945
1.22044
0.985735
1.13073
1.17685
0.845935
0.926856
1.48104
0.982634
0.952446
1.17386
1.34226
0.576739
1.20866
1.0464
0.935462
0.962833
1.04355
0.978567
1.33449
0.873625
1.10935
0.861044
0.971942
1.45253
0.95516
0.770415
0.93625
0.972289
0.83286
1.05797
0.864714
0.92126
1.08775
0.913498
1.33173
0.902068
1.08547
0.928437
1.03347
0.901454
1.00182
0.933217
1.16633
1.19953
1.10211
1.29081
1.1186
0.940673
1.03305
0.863664
0.889463
1.03564
0.961375
0.983248
0.826339
1.21754
0.987557
0.729267
0.773194
1.20086
1.00782
0.840189
0.689811
0.925813
1.07608
1.38707
0.944742
1.047
1.05592
1.18191
1.13922
1.08692
1.05479
1.01182
0.949427
0.804153
1.11159
1.07495
0.978751
0.90721
1.02688
1.02331
0.835208
0.824849
1.1988
0.927332
1.06871
0.942849
1.29085
1.10974
1.06588
0.869465
0.978299
1.33061
0.897878
1.18059
1.00179
0.939495
0.898931
1.44832
1.04029
1.27338
0.945664
1.05583
0.982
1.12503
0.770453
1.25265
1.36722
1.01365
1.14187
0.963761
0.930139
1.19021
1.13188
1.00351
0.980139
0.670878
0.806151
1.21811
0.847993
0.966306
1.04067
0.926066
0.963858
0.782711
1.07908
0.873717
0.980548
1.04334
0.723347
1.2202
0.825268
0.996064
0.910655
0.866468
0.980476
0.984882
1.06378
1.53962
0.944395
1.02192
0.842374
1.06102
0.894288
0.928846
1.19356
0.95756
1.1288
1.16687
0.921775
0.766345
1.07429
0.87259
0.885658
0.950807
1.0213
1.14677
0.774532
0.975236
0.984357
1.10935
1.1834
1.15845
1.40954
1.03783
0.909265
1.20048
1.1874
1.24054
1.22601
0.992186
1.20126
1.23374
0.965593
0.841143
0.950219
1.21038
1.13298
1.05781
1.0671
1.0596
1.0748
1.17058
1.03649
0.941965
0.838536
0.879282
1.3231
1.05174
1.31199
1.06628
0.793521
1.22388
0.727245
1.05702
0.985937
1.06903
1.16867
1.21723
0.892376
0.990665
1.38534
0.869749
1.05773
0.912808
1.28147
1.02014
0.9401
0.970442
1.13258
0.837738
1.30823
1.25658
1.06887
1.08586
1.02835
1.10399
1.23374
0.956969
0.728976
1.01389
1.26527
1.09772
1.07176
0.990151
1.08554
1.08746
1.02297
0.798103
1.04183
0.812013
0.927284
1.15632
1.13892
0.974141
1.13425
0.9927
0.86247
1.25797
1.24683
0.993516
1.06609
0.980684
1.20458
1.16233
1.12991
0.845674
0.924539
0.790717
1.03171
1.15602
1.16999
0.929187
1.03543
1.08973
0.886882
1.05358
1.22582
1.09664
1.08039
1.14881
0.961427
1.05931
0.990692
0.931764
1.19747
1.02268
0.997657
0.908611
1.00457
1.17882
1.20464
1.19386
1.03712
0.904861
0.893515
1.1459
1.45465
1.52747
0.646326
0.932392
0.869444
1.23115
1.30615
1.03308
1.02957
1.14501
1.40068
0.954322
1.28813
0.95951
1.40917
1.14033
1.08553
1.04672
1.35387
0.917308
1.17032
1.20541
0.901928
0.970053
1.22164
1.25076
0.848571
1.08447
1.24319
0.787314
1.03918
1.04258
1.76495
0.991844
1.02355
0.919917
0.926253
1.04451
1.38084
1.11183
0.944432
1.00292
1.14908
1.08992
0.995163
0.894544
1.09342
1.03441
1.10278
1.0191
0.949194
0.807311
1.0775
1.15354
1.13096
1.0331
1.37528
0.892252
1.0597
0.988409
0.862883
0.759375
1.27305
0.868917
0.795049
0.981244
0.798099
0.827356
1.28589
0.807848
0.895756
1.31162
1.05637
1.32944
0.952993
1.06631
0.938919
1.21132
1.18083
0.734125
0.960572
1.3599
1.76681
1.22851
0.953824
0.964157
1.1019
1.18842
0.85402
0.961248
0.895645
1.076
1.29313
0.937987
1.03429
1.39678
0.847663
0.953393
0.915733
1.31456
1.0718
1.42885
0.6792
1.0444
0.838891
1.15527
1.72017
1.0424
0.809024
0.861753
0.918295
0.875443
0.857549
1.04392
1.10074
0.964578
1.02004
0.874159
1.07885
0.959835
1.10981
1.0865
1.12211
1.14621
1.08934
1.2695
1.11139
1.00276
0.872274
1.20952
0.820613
1.24155
1.11591
1.76369
1.31858
0.901575
1.00717
1.84149
0.935046
0.946366
0.858438
1.06338
1.28205
0.800228
1.13773
0.946976
1.34176
1.01188
1.09519
0.868859
1.01873
1.06627
0.93944
0.774811
1.25652
0.881975
0.993664
0.993365
1.01857
0.928266
0.956006
0.86266
0.775614
0.856555
0.700588
0.846999
1.21508
1.09883
0.89545
0.991906
1.26819
0.91431
1.05537
0.837406
1.27313
1.20108
0.950956
1.00981
0.846565
0.878156
1.17628
1.31195
1.19926
0.81359
1.12045
0.830601
0.970593
0.970875
1.13381
1.02869
0.868868
0.83182
0.921977
0.921042
1.00895
1.50028
0.856728
1.10914
0.940363
1.1176
0.942445
1.20254
0.864918
0.935842
0.830188
0.864376
0.951047
1.32817
1.00887
1.05149
1.29097
0.849572
0.820506
1.06082
1.05967
1.04268
1.22442
1.29762
1.13522
1.10219
0.858441
0.886305
0.997699
0.771266
0.986114
0.927417
0.846378
0.885899
0.687408
0.897347
1.00253
0.807806
1.00248
0.980486
1.48039
0.758575
1.22118
0.889409
1.27423
0.815921
1.01798
1.12134
1.57179
1.18831
0.9159
0.876448
0.888832
0.817946
0.750457
1.09283
0.848852
0.875996
0.912103
1.18775
1.06051
1.21727
1.07265
1.14477
0.829259
0.986411
0.672165
0.874966
1.17257
1.44324
0.913839
1.03734
1.00826
0.904593
1.24997
1.00339
1.13656
0.988018
0.930198
1.17751
1.1395
1.129
0.940375
1.05092
0.885411
1.05649
1.40416
1.11648
1.02215
1.26761
1.23376
1.25874
1.00468
1.01934
1.05529
1.08055
1.01831
1.11341
0.943107
0.976631
0.954907
0.875383
1.13031
1.37261
0.991211
1.09868
1.18485
1.29607
1.0599
1.09972
1.19384
0.796454
0.837365
0.930581
1.08559
1.08028
1.27678
0.968662
0.896057
1.1901
1.07007
0.776231
1.1473
1.08358
1.13416
1.13277
0.896137
1.18416
1.30156
1.00863
0.989429
1.13007
0.814472
0.980253
0.877886
1.35094
0.948358
0.943213
0.659121
1.16163
1.36481
0.778107
1.12717
0.906029
1.04705
0.899968
1.24269
0.999959
1.12273
0.933832
1.36097
1.14811
1.14522
1.14131
0.843398
0.967316
0.920545
1.0467
1.02989
1.1049
1.09169
1.30237
1.03084
0.879795
0.805015
1.34324
0.873865
0.912733
1.36812
1.07782
1.16093
0.81479
0.934453
1.46813
1.11473
1.0715
0.905185
1.10631
1.14922
1.03713
0.74766
1.08858
1.01154
1.2235
1.12478
0.942837
1.20485
1.09597
0.918876
0.818791
1.12546
1.31073
1.16086
1.20063
0.933548
0.94136
1.04573
0.804922
1.03587
1.02333
1.15408
0.716778
1.0364
0.84374
1.25239
1.24325
1.22476
0.852378
1.26685
0.842194
1.09685
1.00252
0.998261
0.875328
1.02378
1.23198
0.836298
0.871425
0.773296
1.21849
1.06379
0.877561
1.04546
1.25477
1.11462
1.32352
0.955246
0.88021
1.08058
1.23424
0.973031
1.14515
0.98806
1.23346
1.23558
0.767399
1.11016
1.18308
1.11522
1.15039
0.869149
1.13794
0.832351
1.19753
1.40222
1.06107
0.902719
1.2176
1.21052
0.795229
0.910722
1.16322
1.40746
1.6899
1.43647
0.947792
0.846822
1.10986
1.17327
1.06073
0.782913
0.663168
1.01686
1.2987
1.22869
1.09282
1.10597
1.13364
0.776299
0.907398
1.00275
0.93465
0.912726
0.911367
1.0581
1.16894
1.19109
1.1461
1.01988
0.736833
0.79436
1.11268
1.04052
0.94864
1.15547
1.06148
0.922425
1.00823
1.04782
0.848597
0.904478
0.956366
0.936391
0.805111
1.15469
1.2519
1.11238
1.19203
0.88723
1.40395
1.2022
1.2253
0.787022
0.956688
0.975079
0.929874
1.01984
0.96823
0.982978
1.01868
1.26713
0.854766
0.889669
0.939568
1.57788
1.15586
1.0595
0.869351
0.933215
1.33215
0.889773
1.0386
1.19252
1.19084
1.0786
0.84099
1.02303
0.716002
1.19891
1.27725
0.756093
0.885087
1.05019
0.989749
1.22493
1.07387
1.04176
0.817649
1.05403
1.2412
0.955933
1.25426
1.38009
0.933793
1.35783
1.24498
1.31867
0.916875
0.90178
0.801488
0.984084
0.951215
1.05571
0.905295
1.37085
1.09327
0.981546
0.810578
0.822584
0.863599
0.953445
0.882167
0.868178
0.989606
0.961357
1.15125
0.885512
0.765516
1.17769
0.939087
0.933245
1.38661
1.13866
0.990793
1.26244
0.773616
0.963432
0.963486
1.1363
1.23132
0.905503
1.20855
0.789632
0.940596
1.14593
1.07877
1.04197
0.875116
0.669389
1.12555
1.00692
0.844696
0.99331
1.02687
1.2065
1.28052
1.31242
0.992637
1.02381
0.929698
1.1292
0.99444
0.954548
1.14712
1.09489
1.2537
1.15115
0.812993
0.997587
0.968599
0.958595
1.00891
0.814914
1.13129
1.33685
1.00498
0.733472
0.771667
1.21628
0.904362
0.905977
0.994747
0.930397
1.11356
0.948573
0.895534
1.00072
0.889323
0.826802
0.996159
1.22966
1.23469
1.35917
1.02535
0.875918
0.949991
1.57973
0.964224
1.09833
0.910661
1.17349
0.68454
1.09841
0.803438
0.936734
0.913577
1.27638
0.918387
0.796236
1.10714
1.09753
1.03721
1.23225
1.09596
0.960143
1.59525
1.04871
0.9639
1.09404
0.799658
1.35995
0.732493
0.939592
0.729903
1.00539
0.865087
0.835806
1.08709
0.956834
1.03636
1.35913
0.930346
1.39607
1.08241
1.21562
0.918138
1.31914
0.996821
0.822279
0.923857
1.17968
0.781368
1.00053
1.11052
1.29654
0.900192
1.12411
0.946248
1.47716
1.03063
0.82797
1.01954
1.08108
1.01875
1.22909
0.74953
1.15468
1.08735
0.886355
1.32955
1.13063
0.753398
0.999875
1.10828
1.03544
1.46431
1.07835
1.18357
1.03522
1.43882
0.836629
1.37448
1.34817
1.28194
0.948021
1.18863
0.700103
0.78192
1.02853
1.03864
1.24704
1.12721
1.1127
0.928104
1.43078
0.992938
1.20706
1.15945
1.22044
0.985735
1.13073
1.17685
0.845935
0.926856
1.48104
0.982634
0.952446
1.17386
1.34226
0.576739
1.20866
1.0464
0.935462
0.962833
1.04355
0.978567
1.33449
0.873625
1.10935
0.861044
0.971942
1.45253
0.95516
0.770415
0.93625
0.972289
0.83286
1.05797
0.864714
0.92126
1.08775
0.913498
1.33173
0.902068
1.08547
0.928437
1.03347
0.901454
1.00182
0.933217
1.16633
1.19953
1.10211
1.29081
1.1186
0.940673
1.03305
0.863664
0.889463
1.03564
0.961375
0.983248
0.826339
1.21754
0.987557
0.729267
0.773194
1.20086
1.00782
0.840189
0.689811
0.925813
1.07608
1.38707
0.944742
1.047
1.05592
1.18191
1.13922
1.08692
1.05479
1.01182
0.949427
0.804153
1.11159
1.07495
0.978751
0.90721
1.02688
1.02331
0.835208
0.824849
1.1988
0.927332
1.06871
0.942849
1.29085
1.10974
1.06588
0.869465
0.978299
1.33061
0.897878
1.18059
1.00179
0.939495
0.898931
1.44832
1.04029
1.27338
0.945664
1.05583
0.982
1.12503
0.770453
1.25265
1.36722
1.01365
1.11638
0.977848
0.890607
1.13581
1.12862
1.00279
1.00768
0.691635
0.783285
1.29063
0.884836
1.07182
1.08776
0.927599
0.963858
0.782715
1.11706
0.987436
1.00036
1.08762
0.723764
1.2202
0.80388
1.04359
0.971401
0.866469
0.978982
0.984882
1.04945
1.55127
0.9734
1.02235
0.842053
1.08323
0.884832
0.920084
1.19356
0.980521
1.16133
1.14523
0.905372
0.770203
1.07301
0.888526
0.885054
1.01896
1.0353
1.22997
0.785129
0.954315
0.950861
1.14357
1.18206
1.14438
1.4505
1.03784
0.893203
1.19703
1.18951
1.24055
1.3044
1.0311
1.2356
1.27972
0.979995
0.862897
1.02414
1.21955
1.24123
1.04309
1.05672
1.13639
1.07737
1.13767
1.08482
0.960947
0.845499
0.977283
1.36527
1.0345
1.32024
1.09271
0.793521
1.26274
0.74379
1.09732
0.982534
1.08582
1.18412
1.20684
0.915051
0.993191
1.41386
0.890543
1.10645
0.912808
1.28656
1.05104
0.907051
0.959038
1.13258
0.856818
1.34225
1.27405
1.07796
1.13644
1.01724
1.11602
1.23022
1.03107
0.752848
1.03801
1.26459
1.09772
1.14953
0.990151
1.08555
1.10529
1.05894
0.817402
1.04085
0.851033
0.943117
1.19802
1.15403
1.0032
1.18434
0.989659
0.844992
1.31621
1.24683
1.06039
1.07569
1.05288
1.23089
1.16234
1.12766
0.845674
0.924545
0.806805
0.99435
1.20427
1.21391
0.925462
1.07103
1.08974
0.905232
1.03892
1.24432
1.19355
1.05683
1.20516
0.971999
1.1647
0.990694
0.984183
1.22508
1.01763
1.0416
0.899494
1.06398
1.21044
1.20465
1.23346
1.045
0.944344
0.95709
1.24226
1.45036
1.52748
0.753648
0.945021
0.868422
1.23115
1.30615
1.06192
1.02957
1.18239
1.42737
0.95723
1.33805
0.983978
1.4775
1.15258
1.06047
1.05543
1.39561
0.919406
1.17032
1.21545
0.901928
0.988321
1.24108
1.27168
0.848573
1.0866
1.33427
0.802451
1.0289
1.04258
1.76496
0.990584
1.02356
0.936777
0.908687
1.10202
1.42891
1.14387
0.956988
1.1439
1.20484
1.14793
0.996071
0.924445
1.12219
1.06756
1.16688
1.0191
0.971072
0.84359
1.22369
1.16579
1.12536
1.08894
1.37528
0.892252
1.0597
0.961576
0.883517
0.748247
1.33198
0.91469
0.791909
1.01598
0.866166
0.921546
1.33069
0.855789
0.940377
1.30795
1.10863
1.32945
1.0176
1.09809
0.978696
1.23174
1.18083
0.802436
0.946807
1.3146
1.76668
1.22851
0.975193
1.01408
1.1019
1.16805
0.902875
0.962899
0.901789
1.08851
1.29003
0.945067
1.1054
1.4459
0.889564
0.949172
0.865259
1.29696
1.0957
1.42885
0.678874
1.04441
0.864701
1.22613
1.72017
1.0845
0.869981
0.861757
0.99475
0.909101
0.854025
1.04393
1.12028
0.969799
1.03477
0.870921
1.07885
1.02363
1.11788
1.09258
1.13154
1.14304
1.16425
1.30402
1.1497
0.957097
0.879908
1.2018
0.816669
1.24155
1.11591
1.89004
1.32709
0.921229
1.0468
1.89876
0.951556
1.03461
0.910245
1.05574
1.28198
0.854904
1.18868
0.839886
1.43336
1.03882
1.09519
0.910745
1.01873
1.11956
0.954328
0.788876
1.25645
0.947815
1.00714
0.991401
1.02837
0.918255
0.956007
0.896107
0.792822
0.880968
0.704977
0.89244
1.21529
1.11341
0.920618
1.0002
1.27181
0.919922
1.05341
0.85782
1.38575
1.23549
0.973452
1.02534
0.920454
0.877114
1.17572
1.36551
1.20238
0.813594
1.14255
0.824132
1.04357
0.942961
1.17065
1.03914
0.912799
0.891739
0.98633
0.980147
1.02847
1.55618
0.900331
1.14323
1.00095
1.1561
0.937729
1.12214
0.915557
0.953872
0.830188
0.86311
0.967916
1.34358
1.01846
1.04919
1.37777
0.849572
0.820791
1.06082
1.0691
1.06217
1.24191
1.29687
1.1386
1.07745
0.862517
0.908092
1.02081
0.823136
1.03973
0.904149
0.866351
0.86859
0.685672
0.8656
1.00254
0.894793
1.04734
1.00089
1.48351
0.76831
1.21116
0.904202
1.27423
0.850488
1.01798
1.13846
1.65771
1.19035
0.971825
0.891486
0.888833
0.817946
0.803825
1.09862
0.845108
0.865849
0.905305
1.18724
1.06051
1.21202
1.2461
1.16547
0.829259
0.975877
0.753153
0.886129
1.20239
1.43356
0.924513
1.11017
1.00826
0.911938
1.22256
1.00818
1.19736
0.962318
0.930202
1.19869
1.11098
1.14249
0.961638
1.04732
0.875707
1.1323
1.4393
1.11648
1.02982
1.29295
1.26369
1.28631
1.12013
1.0404
1.05333
1.08055
1.23315
1.12683
1.0016
1.0539
0.892731
0.893295
1.1397
1.38921
1.02924
1.09851
1.2407
1.29608
1.10191
1.12382
1.24706
0.796457
0.829283
0.93178
1.17115
1.08029
1.3277
0.975013
0.946587
1.1892
1.07872
0.788195
1.1937
1.12677
1.13416
1.20141
0.895569
1.25033
1.43228
1.00863
1.03743
1.13007
0.814472
1.03799
0.901293
1.35095
0.963728
0.982583
0.666834
1.13245
1.38202
0.801636
1.14012
0.925607
1.04012
0.889395
1.252
0.999965
1.06561
1.09027
1.36097
1.14812
1.17371
1.16903
0.863337
0.953094
0.912718
1.01751
1.00563
1.1555
1.09169
1.31068
1.10442
1.00181
0.80559
1.36306
0.88133
0.984465
1.43009
1.11541
1.2009
0.899836
1.00098
1.49599
1.13475
1.1065
0.952174
1.11247
1.1998
1.07273
0.775907
1.27033
1.01631
1.24229
1.1152
0.941108
1.28828
1.09639
0.93479
0.851228
1.17835
1.29129
1.16086
1.2715
0.934552
0.941361
1.06039
0.812365
1.04651
1.07252
1.15408
0.71671
1.06258
0.900468
1.24491
1.31081
1.23194
0.856244
1.29647
0.870202
1.1045
1.00252
0.998097
0.961292
1.0403
1.2889
0.870389
0.889528
0.798403
1.2185
1.04823
0.904363
1.0876
1.23794
1.17902
1.66415
1.01581
0.896002
1.08059
1.22753
0.983583
1.14102
0.998162
1.22084
1.23558
0.77771
1.17
1.14948
1.17624
1.12602
0.867627
1.20826
0.880021
1.19714
1.44431
1.05517
0.907984
1.2176
1.15707
0.803296
0.94538
1.17527
1.40807
1.73255
1.46826
0.90883
0.87063
1.13174
1.20474
1.16989
0.786386
0.665975
0.98167
1.28986
1.24211
1.11709
1.14434
1.15033
0.743368
0.946214
0.982496
0.936659
0.912125
0.943269
1.15967
1.21388
1.30469
1.11871
1.0422
0.799472
0.897787
1.0027
1.06231
0.965792
1.20902
1.09768
0.926518
1.09547
1.04782
0.884218
0.963721
0.956476
1.03427
0.780656
1.16307
1.19341
1.11737
1.23136
0.88723
1.42987
1.19136
1.23976
0.787024
1.02979
1.02068
0.929878
1.04091
0.986475
1.00475
1.03151
1.26283
0.854917
0.88039
1.0043
1.59124
1.181
1.0583
0.869351
0.946784
1.39062
0.871457
1.08733
1.20993
1.21182
1.10213
0.84099
1.1587
0.787319
1.30562
1.28282
0.780921
0.882113
1.05019
1.02689
1.24202
1.09223
1.06012
0.800153
1.0568
1.37491
0.955933
1.24666
1.35771
0.956764
1.36755
1.23896
1.38332
0.957049
0.896738
0.947464
0.988457
0.967359
1.09369
0.871282
1.4578
1.11614
1.00158
0.804604
0.822588
0.863599
1.04677
0.86816
0.925013
1.0502
0.972339
1.15705
0.933481
0.797847
1.25427
0.968856
0.937919
1.41359
1.15611
0.990793
1.33381
0.773619
1.01357
1.00068
1.19824
1.23783
0.918474
1.22365
0.848775
0.954007
1.18939
1.10255
1.04179
0.870199
0.7611
1.12136
1.08524
0.851065
1.12246
1.07453
1.13474
1.3389
1.34146
1.05048
1.08434
0.930424
1.12919
1.03433
0.95455
1.14712
1.12894
1.25603
1.15534
0.85347
1.05466
1.00219
0.958604
1.00494
0.820055
1.23033
1.33685
1.01948
0.740502
0.814424
1.21371
0.919128
0.888091
1.04461
0.930397
1.08952
0.887758
1.00222
1.02317
0.890203
0.828155
1.00889
1.22376
1.19494
1.3353
1.02797
0.906092
0.972388
1.57973
0.999648
1.09833
0.918131
1.23168
0.673131
1.12485
0.803442
0.957292
0.970783
1.27705
0.945631
0.835043
1.1826
1.11451
1.10297
1.32327
1.05121
0.977482
1.59526
1.06691
0.986762
1.06931
0.789739
1.40446
0.734779
0.959829
0.730533
1.04665
0.948326
0.948025
1.0871
0.916264
1.0422
1.36358
0.923876
1.41526
1.08241
1.20858
0.959688
1.37919
0.959308
0.822628
0.915598
1.1825
0.845968
0.999063
1.18011
1.29456
0.900364
1.15165
0.971862
1.41857
1.02693
0.82797
0.988531
1.08109
1.01875
1.23791
0.737365
1.22455
0.885206
0.969914
1.27983
1.1432
0.768598
1.00202
1.06693
1.06168
1.46431
1.07835
1.30696
1.05279
1.55552
0.855339
1.56067
1.34842
1.32296
0.945262
1.25418
0.700105
0.832338
1.07122
1.02511
1.26304
1.1852
1.10846
0.928107
1.47076
0.869276
1.106
1.15946
1.24586
1.05103
1.16907
1.25783
0.842933
0.948732
1.45507
0.986858
0.956561
1.19309
1.34714
0.584137
1.19824
1.05762
0.950551
0.966427
1.05881
0.970402
1.39706
0.93389
1.10991
0.947458
1.03994
1.51103
0.95592
0.770417
1.00888
0.972289
0.821518
1.05797
0.882286
0.965534
1.10281
0.9203
1.3047
0.908212
1.07506
0.916343
1.03347
0.925244
1.02948
0.938126
1.16007
1.24368
1.11647
1.34901
1.15582
0.947329
0.985881
0.886739
0.937432
1.0859
0.969811
1.06024
0.82168
1.21755
0.989166
0.736734
0.773195
1.22586
1.04622
0.876307
0.688648
0.986388
1.0854
1.38707
0.944744
1.00813
1.03893
1.18126
1.13926
1.11331
1.0548
1.09975
0.950234
0.802773
1.13844
1.07495
0.99083
0.90721
1.10201
0.995622
0.833181
0.823582
1.2072
0.959114
1.09981
0.942849
1.39649
1.13676
1.09142
0.914157
1.0271
1.3502
0.864106
1.2016
1.01554
0.916068
0.928659
1.57702
1.09346
1.3356
0.881968
0.913781
0.935003
1.12504
0.807326
1.30804
1.47195
1.01365
1.90815
1.51808
1.56663
1.73397
1.90698
1.60405
1.71942
1.2367
1.18767
1.89297
1.4971
1.66342
1.63554
1.57441
1.41947
1.3094
2.00866
1.73756
1.55744
1.47958
1.25537
1.79729
1.25515
1.67283
1.55181
1.4178
1.45842
1.3903
1.79419
2.34677
1.681
1.70459
1.33663
1.71887
1.43251
1.36626
1.91572
1.45234
1.74249
1.84879
1.65092
1.43167
1.74058
1.46698
1.42025
1.37504
1.74513
1.80249
1.23583
1.76232
1.39912
1.97237
1.74386
1.61709
2.13269
1.62675
1.49134
1.95138
1.78608
1.75126
1.83995
1.63256
2.06526
2.11288
1.50612
1.35227
1.53563
1.72257
1.8437
1.56705
1.54943
1.71021
1.68204
1.7849
1.63583
1.48283
1.43842
1.4508
1.94575
1.65696
2.17921
1.72146
1.2656
2.02939
1.26494
1.56715
1.5568
1.70741
1.67625
2.16462
1.35495
1.65354
2.23447
1.323
1.74211
1.63784
1.75621
1.63738
1.43262
1.5901
1.755
1.44793
1.98036
1.79394
1.54796
1.776
1.78216
1.87128
1.90675
1.56957
1.18914
1.57735
1.90496
1.9579
1.7365
1.63683
1.79282
1.84703
1.57098
1.46941
1.46366
1.26953
1.44242
1.76295
1.8554
1.72777
1.69761
1.5605
1.38115
1.99239
2.01813
1.7399
1.57336
1.69358
1.8769
1.70154
1.7396
1.37716
1.31823
1.36657
1.57792
1.69107
1.64387
1.55989
1.67837
1.75423
1.45304
1.69538
1.92723
1.61873
1.89129
1.78924
1.55087
1.60028
1.61147
1.54906
1.92291
1.68931
1.57217
1.52873
1.59002
1.89184
1.84873
1.94366
1.54016
1.54084
1.61498
1.73581
2.21371
2.45295
1.15361
1.60579
1.48832
1.9225
1.95209
1.69321
1.67269
1.80112
2.13108
1.52627
1.86434
1.70037
2.26713
1.78679
1.61056
1.55594
2.12762
1.4356
2.00714
1.89416
1.49651
1.45969
1.87101
1.91517
1.32228
1.83614
2.03738
1.24726
1.56412
1.77157
2.57475
1.70155
1.40047
1.45954
1.399
1.70987
1.9424
1.84825
1.56022
1.42135
1.78422
1.64934
1.61199
1.30151
1.79601
1.60799
1.61969
1.59113
1.50666
1.3435
1.84413
1.73877
1.71001
1.56818
1.95722
1.58921
1.92388
1.38022
1.43178
1.25906
1.94278
1.6216
1.29297
1.59299
1.37134
1.49468
2.01685
1.34664
1.60772
2.05843
1.63583
1.90464
1.5735
1.65408
1.63414
1.89654
2.0446
1.36894
1.50894
1.97613
2.71516
1.99913
1.5369
1.62314
1.78599
1.69875
1.43591
1.55959
1.39877
1.52914
2.02033
1.58875
1.64129
2.10438
1.42305
1.50842
1.41558
2.01182
1.81647
2.41673
1.22017
1.61631
1.33599
1.77494
2.73681
1.68425
1.32632
1.25928
1.50131
1.60719
1.37884
1.64274
1.8089
1.6007
1.60065
1.49154
1.69688
1.63347
1.62535
1.78155
1.64933
1.76043
1.62448
1.98853
1.66322
1.69775
1.41293
1.94933
1.33578
1.92961
1.97934
2.57607
2.13685
1.55454
1.76226
2.72641
1.46937
1.51837
1.49063
1.61824
2.25908
1.22497
1.73313
1.41429
2.054
1.69339
1.724
1.44
1.62936
1.56213
1.63286
1.26116
1.89828
1.43915
1.72621
1.76497
1.46045
1.59542
1.59005
1.54394
1.22125
1.57358
1.52099
1.4696
1.94918
2.12902
1.44212
1.53079
2.4266
1.58131
1.64865
1.38639
1.7954
1.93922
1.68614
1.7438
1.46643
1.46108
1.71643
2.1093
1.85912
1.48586
1.68227
1.41031
1.6917
1.59535
1.73244
1.58059
1.50898
1.42605
1.57775
1.42376
1.70749
2.48736
1.50627
1.66449
1.43028
1.81208
1.48083
1.65095
1.58792
1.59608
1.24828
1.5005
1.69185
2.22519
1.47229
1.74822
2.01029
1.41261
1.56391
1.72227
1.68807
1.82816
1.91707
2.03757
1.78206
1.58152
1.42743
1.38992
1.71787
1.35419
1.49824
1.59401
1.37847
1.44794
1.17166
1.36043
1.66667
1.37696
1.60427
1.59793
2.43936
1.26896
2.04598
1.48873
1.98376
1.33527
1.68068
1.82303
2.44122
1.94545
1.656
1.43776
1.48274
1.30348
1.20637
1.70289
1.30362
1.44326
1.31778
1.71653
1.84754
1.97916
1.69316
1.73776
1.39468
1.54688
1.15198
1.4353
1.99047
2.14054
1.43146
1.72726
1.69107
1.35213
1.94322
1.5553
1.72773
1.65025
1.54788
1.78393
1.75139
1.76931
1.46423
1.64626
1.51993
2.01291
2.0642
1.58983
1.47314
2.08661
1.87596
1.86838
1.69576
1.7257
1.96769
1.77096
1.39447
1.78561
1.60637
1.70346
1.56323
1.50768
1.84235
2.25463
1.72186
1.67763
1.8999
2.17301
1.55949
1.76611
1.88376
1.35408
1.45889
1.54746
1.70586
1.63467
1.98889
1.55686
1.42944
2.14456
1.70641
1.21246
2.02375
1.81232
1.58062
1.92287
1.6233
1.9461
2.15963
1.58847
1.51331
1.71611
1.34869
1.63004
1.43146
2.24344
1.43375
1.44222
1.29814
1.60972
1.97907
1.16252
1.69559
1.37213
1.72748
1.44515
1.87694
1.56171
1.6282
1.56721
2.13246
1.77589
1.74269
1.71501
1.3801
1.4059
1.38327
1.5748
1.70854
1.77813
1.48784
1.89183
1.71654
1.41622
1.41428
2.15573
1.5135
1.50934
2.09255
1.72825
1.74037
1.33833
1.57296
2.28722
1.79231
1.68255
1.5198
1.72145
1.97219
1.49347
1.30778
1.65597
1.90402
2.13351
1.7405
1.45753
1.73351
1.63546
1.48228
1.39247
1.66481
1.91377
1.87874
1.92171
1.68879
1.55155
1.59622
1.31358
1.63561
1.77626
1.8017
1.20415
1.74915
1.73275
2.12281
1.99292
1.72789
1.38778
2.09816
1.36404
1.7855
1.71386
1.59946
1.45052
1.65415
1.98824
1.45239
1.48195
1.27679
1.83182
1.59004
1.56418
1.89451
2.05117
1.89008
2.12499
1.48216
1.48844
1.60259
2.395
1.66153
1.65344
1.34445
2.22643
1.80224
1.45605
1.59065
1.94261
1.57153
1.83389
1.2777
1.76509
1.33112
1.86437
2.07941
1.71287
1.259
1.79936
1.7268
1.29453
1.4298
1.73784
2.05311
2.47822
2.40983
1.58294
1.68862
1.67844
1.88878
1.80329
1.45166
1.13625
1.54368
1.86429
1.89832
1.70593
1.74691
1.92123
1.26339
1.50052
1.58086
1.72999
1.6233
1.58623
1.78048
1.78828
1.68474
1.80566
1.66688
1.30019
1.50353
1.48642
1.5311
1.61733
1.8353
1.52472
1.49629
1.58748
1.87904
1.35284
1.63775
1.46023
1.48778
1.16154
1.8333
1.93053
1.54051
1.97202
1.58406
2.17253
1.72617
1.70052
1.34731
1.52746
1.62753
1.48511
1.59037
1.56062
1.53123
1.52501
1.98934
1.34271
1.32208
1.57209
2.65429
1.74493
1.83554
1.49062
1.443
2.13539
1.42681
1.50933
1.81103
1.9223
1.75236
1.36809
1.74121
1.37102
1.98349
1.93013
1.26056
1.43286
1.63594
1.56352
1.97835
1.70666
1.73898
1.38267
1.62859
1.82003
1.58699
2.14049
1.92566
1.66
2.1022
1.92534
2.00201
1.39909
1.45784
1.29132
1.69925
1.59811
1.57615
1.44689
2.28935
1.49146
1.57101
1.33264
1.32434
1.39133
1.44055
1.32003
1.50157
1.55613
1.7296
1.73826
1.68401
1.26864
1.94911
1.50015
1.38058
2.14711
1.92144
1.63497
2.24089
1.26071
1.55268
1.49325
1.87887
1.96397
1.5701
1.77096
1.26415
1.48409
1.8067
1.91644
1.72811
1.44331
1.11261
1.81619
1.71668
1.36999
1.83263
1.77107
1.81222
1.98599
2.01901
1.64865
1.79887
1.55504
1.94536
1.69408
1.40169
1.81862
1.82421
1.83084
1.71382
1.49638
1.61659
1.53021
1.46144
1.63711
1.3236
1.83101
1.8701
1.71258
1.13292
1.32086
1.98237
1.59269
1.33587
1.57023
1.55897
1.66468
1.52102
1.5414
1.61252
1.61663
1.3604
1.70632
1.89229
1.84528
1.95185
1.6222
1.46124
1.51997
2.42296
1.55893
1.7289
1.71876
1.77903
1.20449
1.81351
1.37868
1.67754
1.53844
2.05048
1.43847
1.24779
1.73937
1.78592
1.73583
1.98981
1.61785
1.5351
2.45567
1.79443
1.59083
1.74934
1.28573
2.2145
1.19141
1.44051
1.19854
1.58853
1.46728
1.47194
1.65866
1.60315
1.7067
2.31384
1.43018
2.20608
1.97989
1.74142
1.43017
1.89935
1.51004
1.33539
1.55069
1.737
1.28053
1.63001
1.89703
2.25397
1.50541
1.6682
1.84234
2.36715
1.78701
1.38999
1.65839
1.60674
1.62029
1.90251
1.27258
1.88245
1.60212
1.40752
1.99026
1.64254
1.26522
1.56046
1.69311
1.73606
2.30693
1.6528
2.17781
1.67728
2.21551
1.53435
2.00937
2.13534
1.83719
1.51019
1.71811
1.21248
1.38334
1.79558
1.61614
2.01543
1.89742
1.61744
1.46784
2.06172
1.40864
1.85195
1.81872
1.93825
1.53869
2.00917
1.94767
1.43867
1.46832
2.21971
1.60292
1.45335
1.76269
1.72004
0.943036
1.67206
1.644
1.36904
1.64042
1.73668
1.62253
2.22554
1.34628
1.66062
1.44456
1.80837
2.27072
1.62665
1.27812
1.67735
1.65623
1.39442
1.89732
1.3621
1.3964
1.62587
1.55958
1.94686
1.47985
1.69313
1.34536
1.59432
1.65382
1.53432
1.32844
1.877
1.75611
1.73978
2.23434
2.00008
1.4058
1.542
1.43848
1.52179
1.66509
1.47333
1.64304
1.49752
1.75984
1.52858
1.28711
1.26011
1.86861
1.70684
1.34576
1.28783
1.58446
1.60737
1.97456
1.6398
1.57971
1.57389
1.90371
1.86325
1.86181
1.58359
1.67071
1.52021
1.33693
1.77857
1.85469
1.69839
1.41514
1.80985
1.56638
1.41936
1.53362
1.95435
1.38334
1.70961
1.59554
1.88469
1.70999
1.84672
1.28676
1.76364
1.86438
1.40167
1.86368
1.52565
1.45994
1.34157
2.55757
1.63498
2.05495
1.50062
1.68569
1.52605
1.75036
1.23891
1.98775
2.16808
1.53006
1.28028
0.954634
0.974827
1.21042
1.24161
1.01775
1.11974
0.794233
0.806203
1.37331
0.921146
1.11604
1.12431
0.970351
1.08008
0.918391
1.27009
1.07445
1.06378
1.15402
0.805598
1.36494
0.859088
1.15792
1.01848
0.968829
1.00554
1.08601
1.14303
1.71579
1.05459
1.202
0.883049
1.17136
0.96918
0.933376
1.36214
1.04004
1.29555
1.25232
1.06634
0.804977
1.26943
0.990951
0.968301
1.05286
1.15072
1.243
0.8622
1.09555
1.04504
1.21668
1.33426
1.22236
1.47509
1.19299
0.961618
1.36324
1.26959
1.38136
1.43771
1.0508
1.44931
1.37444
1.06558
0.916632
1.00435
1.32342
1.24763
1.12863
1.10385
1.17958
1.17431
1.30584
1.11989
1.07084
0.852384
1.04027
1.44307
1.15329
1.55485
1.15234
0.894309
1.38376
0.847522
1.13914
1.08749
1.23047
1.2947
1.41449
1.03269
1.16025
1.5511
0.969256
1.10001
1.04387
1.38692
1.20093
1.04157
1.01568
1.26549
0.930292
1.45172
1.38359
1.1389
1.28566
1.12108
1.28828
1.33878
1.14925
0.819883
1.10072
1.39468
1.25018
1.2066
1.14567
1.26295
1.18206
1.12902
0.879182
1.14758
0.851548
1.07628
1.32504
1.34275
1.14658
1.19864
1.0973
0.942669
1.45065
1.35402
1.05839
1.16696
1.10309
1.36068
1.3246
1.18231
0.939766
1.0151
0.902785
1.12238
1.24446
1.26785
1.07999
1.16269
1.26927
0.990373
1.19306
1.32735
1.17693
1.16222
1.24624
1.0503
1.18047
1.1327
1.07272
1.27264
1.06174
1.07643
1.52873
1.07502
1.27516
1.34123
1.36118
1.14923
1.00651
1.01403
1.23004
1.61918
1.76459
0.711252
1.01212
0.922722
1.39871
1.49624
1.1257
1.21732
1.29146
1.60577
1.03091
1.44824
1.0659
1.60716
1.26319
1.15668
1.14223
1.55177
0.98641
1.36313
1.37701
1.0821
1.06183
1.31462
1.38832
0.916053
1.26851
1.44277
0.823435
1.15136
1.21033
2.00412
1.02388
1.06143
1.03913
1.04193
1.11738
1.51567
1.15338
1.01652
1.09027
1.32101
1.14945
1.1329
0.994922
1.22114
1.12576
1.21796
1.04664
1.07261
0.859795
1.25134
1.25734
1.2574
1.12205
1.50803
1.02824
1.28243
1.0083
0.924941
0.78513
1.48232
0.98418
0.9171
1.07377
0.912646
1.03203
1.41031
0.879429
1.06032
1.48546
1.2383
1.44855
1.05917
1.14475
1.05773
1.32844
1.39997
0.890868
0.969242
1.45896
1.9097
1.44067
1.07142
1.05273
1.23875
1.25849
0.906264
1.016
0.997358
1.14884
1.40438
0.94103
1.18451
1.48586
0.922443
1.04614
0.960312
1.31331
1.21416
1.648
0.700354
1.19106
0.882062
1.21926
1.94019
1.24979
0.839013
0.93949
0.983072
1.02119
0.947794
1.1863
1.26528
1.09299
1.15947
0.952511
1.21066
1.07844
1.16856
1.19469
1.26461
1.17849
1.19238
1.37514
1.24742
1.03492
0.970175
1.37573
0.894071
1.44071
1.36512
2.04589
1.49248
1.08093
1.19539
2.07439
0.954876
1.03156
0.927687
1.17005
1.5316
0.819354
1.24686
1.00886
1.52685
1.16368
1.30389
0.949102
1.62936
1.11065
1.02737
0.879285
1.44771
0.958757
1.19689
1.10343
1.10398
1.0484
1.07969
1.00646
0.855299
1.00503
0.823055
0.907321
1.40109
1.22091
0.969102
1.13817
1.41142
1.02308
1.17198
0.9142
1.33512
1.41398
1.0875
1.09382
0.874346
1.01532
1.21606
1.43807
1.33281
0.905071
1.24636
0.914062
1.06206
1.06984
1.21623
1.0864
0.973429
0.914811
1.0683
1.08931
1.11535
1.79656
0.982947
1.22095
1.05309
1.2532
1.01244
1.23942
0.958331
1.039
0.927213
0.917679
1.0571
1.47027
1.10879
1.11336
1.4524
0.979461
1.0065
1.29712
1.15991
1.20318
1.40332
1.44072
1.18128
1.16644
0.988138
0.958424
1.11514
0.846269
1.09558
0.98762
0.882172
1.01699
0.806525
0.921197
1.14568
0.84929
1.14484
1.05056
1.58369
0.796063
1.32366
0.960491
1.36171
0.886268
1.1514
1.21513
1.63342
1.31156
1.01051
0.933218
0.9878
0.891738
0.811885
1.70289
0.914752
0.968042
0.98697
1.31483
1.19356
1.30697
1.25369
1.19069
0.949248
1.07832
0.773425
1.03038
1.38358
1.50555
1.02643
1.15059
1.18728
0.972624
1.35871
1.13826
1.2186
1.1804
1.06813
1.29894
1.2687
1.21993
0.957212
1.1201
0.997228
1.30912
1.60056
1.21789
1.13422
1.51772
1.4626
1.38022
1.10323
1.14926
1.23502
1.24042
1.05092
1.2118
0.983468
1.15241
0.967407
1.04403
1.28079
1.50594
1.12845
1.20579
1.32742
1.52961
1.17683
1.76611
1.33924
0.941825
0.872035
1.04899
1.22571
1.21845
1.45424
1.02661
1.07307
1.28195
1.18575
0.815137
1.38924
1.19443
1.25751
1.22857
1.01907
1.33625
1.49103
1.16992
1.09154
1.27625
0.952306
1.05495
0.924482
1.58474
1.01916
1.10067
0.678533
1.24971
1.54851
0.8072
1.19734
1.01222
1.16024
0.989
1.41793
1.15489
1.21983
1.05459
1.5877
1.29679
1.20763
1.31059
0.958908
1.06316
1.00047
1.1318
1.18497
1.28707
1.20791
1.4582
1.2185
0.937271
0.886751
1.52484
0.91249
0.978799
1.60269
1.24472
1.21837
0.88328
1.04764
1.57014
1.29242
1.15401
0.956599
1.24224
1.30525
1.15801
0.841993
1.19398
1.15596
1.41532
1.19788
1.05817
1.35736
1.21
1.00989
0.94857
1.27022
1.37672
1.30479
1.29176
1.06345
1.09947
1.15802
0.90179
1.18622
1.11029
1.31209
0.847549
1.09374
1.02935
1.35967
1.39878
1.3083
0.903251
1.48668
0.940671
1.20031
1.14354
1.1355
1.00287
1.26153
1.374
0.95931
1.07596
0.890481
1.42267
1.19485
0.967964
1.22446
1.34347
1.21398
1.50156
1.08172
0.980673
1.18134
1.42197
1.1134
1.27637
1.07439
1.41692
1.40672
0.866796
1.25558
1.41004
1.19735
1.30186
0.917937
1.24985
0.92198
1.30677
1.48891
1.19091
0.965651
1.4247
1.31357
0.869404
1.02151
1.30955
1.53095
1.74453
1.63193
1.06414
0.943141
1.23544
1.34366
1.21661
0.819473
0.721388
1.09139
1.41435
1.37434
1.23456
1.25909
1.26674
0.824354
1.05638
1.11117
1.02317
1.01638
0.892058
1.23883
1.284
1.37464
1.22082
1.12906
0.899381
0.883109
1.03982
1.1548
1.11938
1.29116
1.15675
1.00668
1.09912
1.2062
0.944402
1.00139
1.03767
1.01718
0.901843
1.21147
1.39833
1.24505
1.40551
1.06696
1.60003
1.31145
1.32025
0.892781
1.03265
1.08341
1.02774
1.12487
1.10778
1.05774
1.08172
1.4402
1.34271
0.981413
1.09397
1.78726
1.22395
1.17926
0.996436
1.01676
1.48318
0.944996
1.12101
1.26354
1.25955
1.19215
0.967108
1.20123
0.896034
1.39739
1.44298
0.820602
0.953897
1.18899
1.08842
1.28571
1.19234
1.14175
0.941804
1.09938
1.29717
1.09785
1.46206
1.45242
0.977501
1.47639
1.34914
1.3917
1.01
0.971203
0.91731
1.10334
1.59811
1.16289
0.958493
1.60707
1.12461
1.1076
0.848328
0.953941
0.949642
1.0754
0.926823
0.959773
1.16639
1.15037
1.32193
1.01748
0.892295
1.3054
1.05761
0.970252
1.50963
1.2765
1.05716
1.44218
0.860601
1.15797
1.0213
1.28928
1.41343
1.02871
1.31207
0.901661
1.01193
1.27776
1.26079
1.16328
0.930361
0.741404
1.17537
1.07433
0.910647
1.1904
1.12971
1.29444
1.35751
1.40198
1.13989
1.18657
1.04894
1.26866
1.12617
1.07493
1.34625
1.22116
1.38147
1.32275
0.926239
1.1492
1.04025
1.06143
1.11488
0.933514
1.3458
1.51265
1.15558
0.751097
0.815312
1.36693
1.0059
0.998444
1.141
1.01089
1.23339
1.00173
0.962053
1.11654
1.01734
0.911939
1.15901
1.27711
1.33559
1.42902
1.11731
1.01553
1.06685
1.80137
0.996565
1.16022
1.01773
1.3005
0.79487
1.18122
0.926965
1.09757
1.07693
1.45008
1.05942
0.845256
1.21386
1.22959
1.21137
1.44963
1.17606
1.06293
1.82607
1.19956
1.05426
1.26532
0.905951
1.52657
0.78727
1.05763
0.832293
1.10804
0.948425
1.03081
1.20295
1.02945
1.16602
1.58245
1.0075
1.62281
1.31294
1.2592
1.03114
1.41533
1.06816
0.986638
1.01842
1.22714
0.822215
1.11953
1.32101
1.44266
1.01949
1.16619
1.11333
1.67584
1.204
1.38999
1.12432
1.17588
1.17049
1.40477
0.814179
1.21453
1.00961
0.934844
1.46555
1.202
0.819288
1.09944
1.20801
1.15271
1.66978
1.22301
1.3997
1.18746
1.58255
0.940264
1.46122
1.49196
1.44574
1.07776
1.32931
0.797232
0.835519
1.17389
1.07654
1.31581
1.26807
1.24813
1.04391
1.67858
1.00395
1.18556
1.32644
1.30669
1.07763
1.25188
1.30559
0.924826
1.00627
1.57052
1.08381
1.05838
1.2577
1.41854
0.608243
1.30418
1.08857
0.987868
1.04321
1.1514
1.11852
1.52088
0.971862
1.24092
0.937397
1.1332
1.65262
1.04831
0.83099
1.08441
1.14498
0.961723
1.17028
0.899255
0.946215
1.23964
1.07342
1.42663
0.969423
1.21798
0.978298
1.19525
1.03267
1.05621
0.95371
1.34179
1.31302
1.32802
1.47284
1.2675
1.03596
1.142
0.981999
1.00955
1.21045
1.09143
1.07416
0.922019
1.41963
1.04005
0.784872
0.905011
1.27311
1.11424
0.919979
0.754087
0.985609
1.1779
1.58727
1.11891
1.0683
1.13206
1.26301
1.30233
1.20373
1.19029
1.19006
1.05425
0.84619
1.26608
1.23457
1.14284
1.02897
1.20015
1.14665
0.97033
0.960085
1.32231
0.969791
1.1937
1.11948
1.4466
1.26017
1.19884
0.948075
1.14735
1.43251
1.02229
1.30055
1.1024
1.03226
0.968659
1.68083
1.17589
1.47548
0.988903
1.10952
1.03197
1.27705
0.852662
1.39523
1.6177
1.09824
1.90815
1.51808
1.56663
1.73397
1.90698
1.60405
1.71942
1.2367
1.18767
1.89297
1.4971
1.66342
1.63554
1.57441
1.41947
1.3094
2.00866
1.73756
1.55744
1.47958
1.25537
1.79729
1.25515
1.67283
1.55181
1.4178
1.45842
1.3903
1.79419
2.34677
1.681
1.70459
1.33663
1.71887
1.43251
1.36626
1.91572
1.45234
1.74249
1.84879
1.65092
1.43167
1.74058
1.46698
1.42025
1.37504
1.74513
1.80249
1.23583
1.76232
1.39912
1.97237
1.74386
1.61709
2.13269
1.62675
1.49134
1.95138
1.78608
1.75126
1.83995
1.63256
2.06526
2.11288
1.50612
1.35227
1.53563
1.72257
1.8437
1.56705
1.54943
1.71021
1.68204
1.7849
1.63583
1.48283
1.43842
1.4508
1.94575
1.65696
2.17921
1.72146
1.2656
2.02939
1.26494
1.56715
1.5568
1.70741
1.67625
2.16462
1.35495
1.65354
2.23447
1.323
1.74211
1.63784
1.75621
1.63738
1.43262
1.5901
1.755
1.44793
1.98036
1.79394
1.54796
1.776
1.78216
1.87128
1.90675
1.56957
1.18914
1.57735
1.90496
1.9579
1.7365
1.63683
1.79282
1.84703
1.57098
1.46941
1.46366
1.26953
1.44242
1.76295
1.8554
1.72777
1.69761
1.5605
1.38115
1.99239
2.01813
1.7399
1.57336
1.69358
1.8769
1.70154
1.7396
1.37716
1.31823
1.36657
1.57792
1.69107
1.64387
1.55989
1.67837
1.75423
1.45304
1.69538
1.92723
1.61873
1.89129
1.78924
1.55087
1.60028
1.61147
1.54906
1.92291
1.68931
1.57217
1.52873
1.59002
1.89184
1.84873
1.94366
1.54016
1.54084
1.61498
1.73581
2.21371
2.45295
1.15361
1.60579
1.48832
1.9225
1.95209
1.69321
1.67269
1.80112
2.13108
1.52627
1.86434
1.70037
2.26713
1.78679
1.61056
1.55594
2.12762
1.4356
2.00714
1.89416
1.49651
1.45969
1.87101
1.91517
1.32228
1.83614
2.03738
1.24726
1.56412
1.77157
2.57475
1.70155
1.40047
1.45954
1.399
1.70987
1.9424
1.84825
1.56022
1.42135
1.78422
1.64934
1.61199
1.30151
1.79601
1.60799
1.61969
1.59113
1.50666
1.3435
1.84413
1.73877
1.71001
1.56818
1.95722
1.58921
1.92388
1.38022
1.43178
1.25906
1.94278
1.6216
1.29297
1.59299
1.37134
1.49468
2.01685
1.34664
1.60772
2.05843
1.63583
1.90464
1.5735
1.65408
1.63414
1.89654
2.0446
1.36894
1.50894
1.97613
2.71516
1.99913
1.5369
1.62314
1.78599
1.69875
1.43591
1.55959
1.39877
1.52914
2.02033
1.58875
1.64129
2.10438
1.42305
1.50842
1.41558
2.01182
1.81647
2.41673
1.22017
1.61631
1.33599
1.77494
2.73681
1.68425
1.32632
1.25928
1.50131
1.60719
1.37884
1.64274
1.8089
1.6007
1.60065
1.49154
1.69688
1.63347
1.62535
1.78155
1.64933
1.76043
1.62448
1.98853
1.66322
1.69775
1.41293
1.94933
1.33578
1.92961
1.97934
2.57607
2.13685
1.55454
1.76226
2.72641
1.46937
1.51837
1.49063
1.61824
2.25908
1.22497
1.73313
1.41429
2.054
1.69339
1.724
1.44
1.62936
1.56213
1.63286
1.26116
1.89828
1.43915
1.72621
1.76497
1.46045
1.59542
1.59005
1.54394
1.22125
1.57358
1.52099
1.4696
1.94918
2.12902
1.44212
1.53079
2.4266
1.58131
1.64865
1.38639
1.7954
1.93922
1.68614
1.7438
1.46643
1.46108
1.71643
2.1093
1.85912
1.48586
1.68227
1.41031
1.6917
1.59535
1.73244
1.58059
1.50898
1.42605
1.57775
1.42376
1.70749
2.48736
1.50627
1.66449
1.43028
1.81208
1.48083
1.65095
1.58792
1.59608
1.24828
1.5005
1.69185
2.22519
1.47229
1.74822
2.01029
1.41261
1.56391
1.72227
1.68807
1.82816
1.91707
2.03757
1.78206
1.58152
1.42743
1.38992
1.71787
1.35419
1.49824
1.59401
1.37847
1.44794
1.17166
1.36043
1.66667
1.37696
1.60427
1.59793
2.43936
1.26896
2.04598
1.48873
1.98376
1.33527
1.68068
1.82303
2.44122
1.94545
1.656
1.43776
1.48274
1.30348
1.20637
1.70289
1.30362
1.44326
1.31778
1.71653
1.84754
1.97916
1.69316
1.73776
1.39468
1.54688
1.15198
1.4353
1.99047
2.14054
1.43146
1.72726
1.69107
1.35213
1.94322
1.5553
1.72773
1.65025
1.54788
1.78393
1.75139
1.76931
1.46423
1.64626
1.51993
2.01291
2.0642
1.58983
1.47314
2.08661
1.87596
1.86838
1.69576
1.7257
1.96769
1.77096
1.39447
1.78561
1.60637
1.70346
1.56323
1.50768
1.84235
2.25463
1.72186
1.67763
1.8999
2.17301
1.55949
1.76611
1.88376
1.35408
1.45889
1.54746
1.70586
1.63467
1.98889
1.55686
1.42944
2.14456
1.70641
1.21246
2.02375
1.81232
1.58062
1.92287
1.6233
1.9461
2.15963
1.58847
1.51331
1.71611
1.34869
1.63004
1.43146
2.24344
1.43375
1.44222
1.29814
1.60972
1.97907
1.16252
1.69559
1.37213
1.72748
1.44515
1.87694
1.56171
1.6282
1.56721
2.13246
1.77589
1.74269
1.71501
1.3801
1.4059
1.38327
1.5748
1.70854
1.77813
1.48784
1.89183
1.71654
1.41622
1.41428
2.15573
1.5135
1.50934
2.09255
1.72825
1.74037
1.33833
1.57296
2.28722
1.79231
1.68255
1.5198
1.72145
1.97219
1.49347
1.30778
1.65597
1.90402
2.13351
1.7405
1.45753
1.73351
1.63546
1.48228
1.39247
1.66481
1.91377
1.87874
1.92171
1.68879
1.55155
1.59622
1.31358
1.63561
1.77626
1.8017
1.20415
1.74915
1.73275
2.12281
1.99292
1.72789
1.38778
2.09816
1.36404
1.7855
1.71386
1.59946
1.45052
1.65415
1.98824
1.45239
1.48195
1.27679
1.83182
1.59004
1.56418
1.89451
2.05117
1.89008
2.12499
1.48216
1.48844
1.60259
2.395
1.66153
1.65344
1.34445
2.22643
1.80224
1.45605
1.59065
1.94261
1.57153
1.83389
1.2777
1.76509
1.33112
1.86437
2.07941
1.71287
1.259
1.79936
1.7268
1.29453
1.4298
1.73784
2.05311
2.47822
2.40983
1.58294
1.68862
1.67844
1.88878
1.80329
1.45166
1.13625
1.54368
1.86429
1.89832
1.70593
1.74691
1.92123
1.26339
1.50052
1.58086
1.72999
1.6233
1.58623
1.78048
1.78828
1.68474
1.80566
1.66688
1.30019
1.50353
1.48642
1.5311
1.61733
1.8353
1.52472
1.49629
1.58748
1.87904
1.35284
1.63775
1.46023
1.48778
1.16154
1.8333
1.93053
1.54051
1.97202
1.58406
2.17253
1.72617
1.70052
1.34731
1.52746
1.62753
1.48511
1.59037
1.56062
1.53123
1.52501
1.98934
1.34271
1.32208
1.57209
2.65429
1.74493
1.83554
1.49062
1.443
2.13539
1.42681
1.50933
1.81103
1.9223
1.75236
1.36809
1.74121
1.37102
1.98349
1.93013
1.26056
1.43286
1.63594
1.56352
1.97835
1.70666
1.73898
1.38267
1.62859
1.82003
1.58699
2.14049
1.92566
1.66
2.1022
1.92534
2.00201
1.39909
1.45784
1.29132
1.69925
1.59811
1.57615
1.44689
2.28935
1.49146
1.57101
1.33264
1.32434
1.39133
1.44055
1.32003
1.50157
1.55613
1.7296
1.73826
1.68401
1.26864
1.94911
1.50015
1.38058
2.14711
1.92144
1.63497
2.24089
1.26071
1.55268
1.49325
1.87887
1.96397
1.5701
1.77096
1.26415
1.48409
1.8067
1.91644
1.72811
1.44331
1.11261
1.81619
1.71668
1.36999
1.83263
1.77107
1.81222
1.98599
2.01901
1.64865
1.79887
1.55504
1.94536
1.69408
1.40169
1.81862
1.82421
1.83084
1.71382
1.49638
1.61659
1.53021
1.46144
1.63711
1.3236
1.83101
1.8701
1.71258
1.13292
1.32086
1.98237
1.59269
1.33587
1.57023
1.55897
1.66468
1.52102
1.5414
1.61252
1.61663
1.3604
1.70632
1.89229
1.84528
1.95185
1.6222
1.46124
1.51997
2.42296
1.55893
1.7289
1.71876
1.77903
1.20449
1.81351
1.37868
1.67754
1.53844
2.05048
1.43847
1.24779
1.73937
1.78592
1.73583
1.98981
1.61785
1.5351
2.45567
1.79443
1.59083
1.74934
1.28573
2.2145
1.19141
1.44051
1.19854
1.58853
1.46728
1.47194
1.65866
1.60315
1.7067
2.31384
1.43018
2.20608
1.97989
1.74142
1.43017
1.89935
1.51004
1.33539
1.55069
1.737
1.28053
1.63001
1.89703
2.25397
1.50541
1.6682
1.84234
2.36715
1.78701
1.38999
1.65839
1.60674
1.62029
1.90251
1.27258
1.88245
1.60212
1.40752
1.99026
1.64254
1.26522
1.56046
1.69311
1.73606
2.30693
1.6528
2.17781
1.67728
2.21551
1.53435
2.00937
2.13534
1.83719
1.51019
1.71811
1.21248
1.38334
1.79558
1.61614
2.01543
1.89742
1.61744
1.46784
2.06172
1.40864
1.85195
1.81872
1.93825
1.53869
2.00917
1.94767
1.43867
1.46832
2.21971
1.60292
1.45335
1.76269
1.72004
0.943036
1.67206
1.644
1.36904
1.64042
1.73668
1.62253
2.22554
1.34628
1.66062
1.44456
1.80837
2.27072
1.62665
1.27812
1.67735
1.65623
1.39442
1.89732
1.3621
1.3964
1.62587
1.55958
1.94686
1.47985
1.69313
1.34536
1.59432
1.65382
1.53432
1.32844
1.877
1.75611
1.73978
2.23434
2.00008
1.4058
1.542
1.43848
1.52179
1.66509
1.47333
1.64304
1.49752
1.75984
1.52858
1.28711
1.26011
1.86861
1.70684
1.34576
1.28783
1.58446
1.60737
1.97456
1.6398
1.57971
1.57389
1.90371
1.86325
1.86181
1.58359
1.67071
1.52021
1.33693
1.77857
1.85469
1.69839
1.41514
1.80985
1.56638
1.41936
1.53362
1.95435
1.38334
1.70961
1.59554
1.88469
1.70999
1.84672
1.28676
1.76364
1.86438
1.40167
1.86368
1.52565
1.45994
1.34157
2.55757
1.63498
2.05495
1.50062
1.68569
1.52605
1.75036
1.23891
1.98775
2.16808
1.53006
1.90815
1.51808
1.56663
1.73397
1.90698
1.60405
1.71942
1.2367
1.18767
1.89297
1.4971
1.66342
1.63554
1.57441
1.41947
1.3094
2.00866
1.73756
1.55744
1.47958
1.25537
1.79729
1.25515
1.67283
1.55181
1.4178
1.45842
1.3903
1.79419
2.34677
1.681
1.70459
1.33663
1.71887
1.43251
1.36626
1.91572
1.45234
1.74249
1.84879
1.65092
1.43167
1.74058
1.46698
1.42025
1.37504
1.74513
1.80249
1.23583
1.76232
1.39912
1.97237
1.74386
1.61709
2.13269
1.62675
1.49134
1.95138
1.78608
1.75126
1.83995
1.63256
2.06526
2.11288
1.50612
1.35227
1.53563
1.72257
1.8437
1.56705
1.54943
1.71021
1.68204
1.7849
1.63583
1.48283
1.43842
1.4508
1.94575
1.65696
2.17921
1.72146
1.2656
2.02939
1.26494
1.56715
1.5568
1.70741
1.67625
2.16462
1.35495
1.65354
2.23447
1.323
1.74211
1.63784
1.75621
1.63738
1.43262
1.5901
1.755
1.44793
1.98036
1.79394
1.54796
1.776
1.78216
1.87128
1.90675
1.56957
1.18914
1.57735
1.90496
1.9579
1.7365
1.63683
1.79282
1.84703
1.57098
1.46941
1.46366
1.26953
1.44242
1.76295
1.8554
1.72777
1.69761
1.5605
1.38115
1.99239
2.01813
1.7399
1.57336
1.69358
1.8769
1.70154
1.7396
1.37716
1.31823
1.36657
1.57792
1.69107
1.64387
1.55989
1.67837
1.75423
1.45304
1.69538
1.92723
1.61873
1.89129
1.78924
1.55087
1.60028
1.61147
1.54906
1.92291
1.68931
1.57217
1.52873
1.59002
1.89184
1.84873
1.94366
1.54016
1.54084
1.61498
1.73581
2.21371
2.45295
1.15361
1.60579
1.48832
1.9225
1.95209
1.69321
1.67269
1.80112
2.13108
1.52627
1.86434
1.70037
2.26713
1.78679
1.61056
1.55594
2.12762
1.4356
2.00714
1.89416
1.49651
1.45969
1.87101
1.91517
1.32228
1.83614
2.03738
1.24726
1.56412
1.77157
2.57475
1.70155
1.40047
1.45954
1.399
1.70987
1.9424
1.84825
1.56022
1.42135
1.78422
1.64934
1.61199
1.30151
1.79601
1.60799
1.61969
1.59113
1.50666
1.3435
1.84413
1.73877
1.71001
1.56818
1.95722
1.58921
1.92388
1.38022
1.43178
1.25906
1.94278
1.6216
1.29297
1.59299
1.37134
1.49468
2.01685
1.34664
1.60772
2.05843
1.63583
1.90464
1.5735
1.65408
1.63414
1.89654
2.0446
1.36894
1.50894
1.97613
2.71516
1.99913
1.5369
1.62314
1.78599
1.69875
1.43591
1.55959
1.39877
1.52914
2.02033
1.58875
1.64129
2.10438
1.42305
1.50842
1.41558
2.01182
1.81647
2.41673
1.22017
1.61631
1.33599
1.77494
2.73681
1.68425
1.32632
1.25928
1.50131
1.60719
1.37884
1.64274
1.8089
1.6007
1.60065
1.49154
1.69688
1.63347
1.62535
1.78155
1.64933
1.76043
1.62448
1.98853
1.66322
1.69775
1.41293
1.94933
1.33578
1.92961
1.97934
2.57607
2.13685
1.55454
1.76226
2.72641
1.46937
1.51837
1.49063
1.61824
2.25908
1.22497
1.73313
1.41429
2.054
1.69339
1.724
1.44
1.62936
1.56213
1.63286
1.26116
1.89828
1.43915
1.72621
1.76497
1.46045
1.59542
1.59005
1.54394
1.22125
1.57358
1.52099
1.4696
1.94918
2.12902
1.44212
1.53079
2.4266
1.58131
1.64865
1.38639
1.7954
1.93922
1.68614
1.7438
1.46643
1.46108
1.71643
2.1093
1.85912
1.48586
1.68227
1.41031
1.6917
1.59535
1.73244
1.58059
1.50898
1.42605
1.57775
1.42376
1.70749
2.48736
1.50627
1.66449
1.43028
1.81208
1.48083
1.65095
1.58792
1.59608
1.24828
1.5005
1.69185
2.22519
1.47229
1.74822
2.01029
1.41261
1.56391
1.72227
1.68807
1.82816
1.91707
2.03757
1.78206
1.58152
1.42743
1.38992
1.71787
1.35419
1.49824
1.59401
1.37847
1.44794
1.17166
1.36043
1.66667
1.37696
1.60427
1.59793
2.43936
1.26896
2.04598
1.48873
1.98376
1.33527
1.68068
1.82303
2.44122
1.94545
1.656
1.43776
1.48274
1.30348
1.20637
1.70289
1.30362
1.44326
1.31778
1.71653
1.84754
1.97916
1.69316
1.73776
1.39468
1.54688
1.15198
1.4353
1.99047
2.14054
1.43146
1.72726
1.69107
1.35213
1.94322
1.5553
1.72773
1.65025
1.54788
1.78393
1.75139
1.76931
1.46423
1.64626
1.51993
2.01291
2.0642
1.58983
1.47314
2.08661
1.87596
1.86838
1.69576
1.7257
1.96769
1.77096
1.39447
1.78561
1.60637
1.70346
1.56323
1.50768
1.84235
2.25463
1.72186
1.67763
1.8999
2.17301
1.55949
1.76611
1.88376
1.35408
1.45889
1.54746
1.70586
1.63467
1.98889
1.55686
1.42944
2.14456
1.70641
1.21246
2.02375
1.81232
1.58062
1.92287
1.6233
1.9461
2.15963
1.58847
1.51331
1.71611
1.34869
1.63004
1.43146
2.24344
1.43375
1.44222
1.29814
1.60972
1.97907
1.16252
1.69559
1.37213
1.72748
1.44515
1.87694
1.56171
1.6282
1.56721
2.13246
1.77589
1.74269
1.71501
1.3801
1.4059
1.38327
1.5748
1.70854
1.77813
1.48784
1.89183
1.71654
1.41622
1.41428
2.15573
1.5135
1.50934
2.09255
1.72825
1.74037
1.33833
1.57296
2.28722
1.79231
1.68255
1.5198
1.72145
1.97219
1.49347
1.30778
1.65597
1.90402
2.13351
1.7405
1.45753
1.73351
1.63546
1.48228
1.39247
1.66481
1.91377
1.87874
1.92171
1.68879
1.55155
1.59622
1.31358
1.63561
1.77626
1.8017
1.20415
1.74915
1.73275
2.12281
1.99292
1.72789
1.38778
2.09816
1.36404
1.7855
1.71386
1.59946
1.45052
1.65415
1.98824
1.45239
1.48195
1.27679
1.83182
1.59004
1.56418
1.89451
2.05117
1.89008
2.12499
1.48216
1.48844
1.60259
2.395
1.66153
1.65344
1.34445
2.22643
1.80224
1.45605
1.59065
1.94261
1.57153
1.83389
1.2777
1.76509
1.33112
1.86437
2.07941
1.71287
1.259
1.79936
1.7268
1.29453
1.4298
1.73784
2.05311
2.47822
2.40983
1.58294
1.68862
1.67844
1.88878
1.80329
1.45166
1.13625
1.54368
1.86429
1.89832
1.70593
1.74691
1.92123
1.26339
1.50052
1.58086
1.72999
1.6233
1.58623
1.78048
1.78828
1.68474
1.80566
1.66688
1.30019
1.50353
1.48642
1.5311
1.61733
1.8353
1.52472
1.49629
1.58748
1.87904
1.35284
1.63775
1.46023
1.48778
1.16154
1.8333
1.93053
1.54051
1.97202
1.58406
2.17253
1.72617
1.70052
1.34731
1.52746
1.62753
1.48511
1.59037
1.56062
1.53123
1.52501
1.98934
1.34271
1.32208
1.57209
2.65429
1.74493
1.83554
1.49062
1.443
2.13539
1.42681
1.50933
1.81103
1.9223
1.75236
1.36809
1.74121
1.37102
1.98349
1.93013
1.26056
1.43286
1.63594
1.56352
1.97835
1.70666
1.73898
1.38267
1.62859
1.82003
1.58699
2.14049
1.92566
1.66
2.1022
1.92534
2.00201
1.39909
1.45784
1.29132
1.69925
1.59811
1.57615
1.44689
2.28935
1.49146
1.57101
1.33264
1.32434
1.39133
1.44055
1.32003
1.50157
1.55613
1.7296
1.73826
1.68401
1.26864
1.94911
1.50015
1.38058
2.14711
1.92144
1.63497
2.24089
1.26071
1.55268
1.49325
1.87887
1.96397
1.5701
1.77096
1.26415
1.48409
1.8067
1.91644
1.72811
1.44331
1.11261
1.81619
1.71668
1.36999
1.83263
1.77107
1.81222
1.98599
2.01901
1.64865
1.79887
1.55504
1.94536
1.69408
1.40169
1.81862
1.82421
1.83084
1.71382
1.49638
1.61659
1.53021
1.46144
1.63711
1.3236
1.83101
1.8701
1.71258
1.13292
1.32086
1.98237
1.59269
1.33587
1.57023
1.55897
1.66468
1.52102
1.5414
1.61252
1.61663
1.3604
1.70632
1.89229
1.84528
1.95185
1.6222
1.46124
1.51997
2.42296
1.55893
1.7289
1.71876
1.77903
1.20449
1.81351
1.37868
1.67754
1.53844
2.05048
1.43847
1.24779
1.73937
1.78592
1.73583
1.98981
1.61785
1.5351
2.45567
1.79443
1.59083
1.74934
1.28573
2.2145
1.19141
1.44051
1.19854
1.58853
1.46728
1.47194
1.65866
1.60315
1.7067
2.31384
1.43018
2.20608
1.97989
1.74142
1.43017
1.89935
1.51004
1.33539
1.55069
1.737
1.28053
1.63001
1.89703
2.25397
1.50541
1.6682
1.84234
2.36715
1.78701
1.38999
1.65839
1.60674
1.62029
1.90251
1.27258
1.88245
1.60212
1.40752
1.99026
1.64254
1.26522
1.56046
1.69311
1.73606
2.30693
1.6528
2.17781
1.67728
2.21551
1.53435
2.00937
2.13534
1.83719
1.51019
1.71811
1.21248
1.38334
1.79558
1.61614
2.01543
1.89742
1.61744
1.46784
2.06172
1.40864
1.85195
1.81872
1.93825
1.53869
2.00917
1.94767
1.43867
1.46832
2.21971
1.60292
1.45335
1.76269
1.72004
0.943036
1.67206
1.644
1.36904
1.64042
1.73668
1.62253
2.22554
1.34628
1.66062
1.44456
1.80837
2.27072
1.62665
1.27812
1.67735
1.65623
1.39442
1.89732
1.3621
1.3964
1.62587
1.55958
1.94686
1.47985
1.69313
1.34536
1.59432
1.65382
1.53432
1.32844
1.877
1.75611
1.73978
2.23434
2.00008
1.4058
1.542
1.43848
1.52179
1.66509
1.47333
1.64304
1.49752
1.75984
1.52858
1.28711
1.26011
1.86861
1.70684
1.34576
1.28783
1.58446
1.60737
1.97456
1.6398
1.57971
1.57389
1.90371
1.86325
1.86181
1.58359
1.67071
1.52021
1.33693
1.77857
1.85469
1.69839
1.41514
1.80985
1.56638
1.41936
1.53362
1.95435
1.38334
1.70961
1.59554
1.88469
1.70999
1.84672
1.28676
1.76364
1.86438
1.40167
1.86368
1.52565
1.45994
1.34157
2.55757
1.63498
2.05495
1.50062
1.68569
1.52605
1.75036
1.23891
1.98775
2.16808
1.53006
1.90815
1.51808
1.56663
1.73397
1.90698
1.60405
1.71942
1.2367
1.18767
1.89297
1.4971
1.66342
1.63554
1.57441
1.41947
1.3094
2.00866
1.73756
1.55744
1.47958
1.25537
1.79729
1.25515
1.67283
1.55181
1.4178
1.45842
1.3903
1.79419
2.34677
1.681
1.70459
1.33663
1.71887
1.43251
1.36626
1.91572
1.45234
1.74249
1.84879
1.65092
1.43167
1.74058
1.46698
1.42025
1.37504
1.74513
1.80249
1.23583
1.76232
1.39912
1.97237
1.74386
1.61709
2.13269
1.62675
1.49134
1.95138
1.78608
1.75126
1.83995
1.63256
2.06526
2.11288
1.50612
1.35227
1.53563
1.72257
1.8437
1.56705
1.54943
1.71021
1.68204
1.7849
1.63583
1.48283
1.43842
1.4508
1.94575
1.65696
2.17921
1.72146
1.2656
2.02939
1.26494
1.56715
1.5568
1.70741
1.67625
2.16462
1.35495
1.65354
2.23447
1.323
1.74211
1.63784
1.75621
1.63738
1.43262
1.5901
1.755
1.44793
1.98036
1.79394
1.54796
1.776
1.78216
1.87128
1.90675
1.56957
1.18914
1.57735
1.90496
1.9579
1.7365
1.63683
1.79282
1.84703
1.57098
1.46941
1.46366
1.26953
1.44242
1.76295
1.8554
1.72777
1.69761
1.5605
1.38115
1.99239
2.01813
1.7399
1.57336
1.69358
1.8769
1.70154
1.7396
1.37716
1.31823
1.36657
1.57792
1.69107
1.64387
1.55989
1.67837
1.75423
1.45304
1.69538
1.92723
1.61873
1.89129
1.78924
1.55087
1.60028
1.61147
1.54906
1.92291
1.68931
1.57217
1.52873
1.59002
1.89184
1.84873
1.94366
1.54016
1.54084
1.61498
1.73581
2.21371
2.45295
1.15361
1.60579
1.48832
1.9225
1.95209
1.69321
1.67269
1.80112
2.13108
1.52627
1.86434
1.70037
2.26713
1.78679
1.61056
1.55594
2.12762
1.4356
2.00714
1.89416
1.49651
1.45969
1.87101
1.91517
1.32228
1.83614
2.03738
1.24726
1.56412
1.77157
2.57475
1.70155
1.40047
1.45954
1.399
1.70987
1.9424
1.84825
1.56022
1.42135
1.78422
1.64934
1.61199
1.30151
1.79601
1.60799
1.61969
1.59113
1.50666
1.3435
1.84413
1.73877
1.71001
1.56818
1.95722
1.58921
1.92388
1.38022
1.43178
1.25906
1.94278
1.6216
1.29297
1.59299
1.37134
1.49468
2.01685
1.34664
1.60772
2.05843
1.63583
1.90464
1.5735
1.65408
1.63414
1.89654
2.0446
1.36894
1.50894
1.97613
2.71516
1.99913
1.5369
1.62314
1.78599
1.69875
1.43591
1.55959
1.39877
1.52914
2.02033
1.58875
1.64129
2.10438
1.42305
1.50842
1.41558
2.01182
1.81647
2.41673
1.22017
1.61631
1.33599
1.77494
2.73681
1.68425
1.32632
1.25928
1.50131
1.60719
1.37884
1.64274
1.8089
1.6007
1.60065
1.49154
1.69688
1.63347
1.62535
1.78155
1.64933
1.76043
1.62448
1.98853
1.66322
1.69775
1.41293
1.94933
1.33578
1.92961
1.97934
2.57607
2.13685
1.55454
1.76226
2.72641
1.46937
1.51837
1.49063
1.61824
2.25908
1.22497
1.73313
1.41429
2.054
1.69339
1.724
1.44
1.62936
1.56213
1.63286
1.26116
1.89828
1.43915
1.72621
1.76497
1.46045
1.59542
1.59005
1.54394
1.22125
1.57358
1.52099
1.4696
1.94918
2.12902
1.44212
1.53079
2.4266
1.58131
1.64865
1.38639
1.7954
1.93922
1.68614
1.7438
1.46643
1.46108
1.71643
2.1093
1.85912
1.48586
1.68227
1.41031
1.6917
1.59535
1.73244
1.58059
1.50898
1.42605
1.57775
1.42376
1.70749
2.48736
1.50627
1.66449
1.43028
1.81208
1.48083
1.65095
1.58792
1.59608
1.24828
1.5005
1.69185
2.22519
1.47229
1.74822
2.01029
1.41261
1.56391
1.72227
1.68807
1.82816
1.91707
2.03757
1.78206
1.58152
1.42743
1.38992
1.71787
1.35419
1.49824
1.59401
1.37847
1.44794
1.17166
1.36043
1.66667
1.37696
1.60427
1.59793
2.43936
1.26896
2.04598
1.48873
1.98376
1.33527
1.68068
1.82303
2.44122
1.94545
1.656
1.43776
1.48274
1.30348
1.20637
1.70289
1.30362
1.44326
1.31778
1.71653
1.84754
1.97916
1.69316
1.73776
1.39468
1.54688
1.15198
1.4353
1.99047
2.14054
1.43146
1.72726
1.69107
1.35213
1.94322
1.5553
1.72773
1.65025
1.54788
1.78393
1.75139
1.76931
1.46423
1.64626
1.51993
2.01291
2.0642
1.58983
1.47314
2.08661
1.87596
1.86838
1.69576
1.7257
1.96769
1.77096
1.39447
1.78561
1.60637
1.70346
1.56323
1.50768
1.84235
2.25463
1.72186
1.67763
1.8999
2.17301
1.55949
1.76611
1.88376
1.35408
1.45889
1.54746
1.70586
1.63467
1.98889
1.55686
1.42944
2.14456
1.70641
1.21246
2.02375
1.81232
1.58062
1.92287
1.6233
1.9461
2.15963
1.58847
1.51331
1.71611
1.34869
1.63004
1.43146
2.24344
1.43375
1.44222
1.29814
1.60972
1.97907
1.16252
1.69559
1.37213
1.72748
1.44515
1.87694
1.56171
1.6282
1.56721
2.13246
1.77589
1.74269
1.71501
1.3801
1.4059
1.38327
1.5748
1.70854
1.77813
1.48784
1.89183
1.71654
1.41622
1.41428
2.15573
1.5135
1.50934
2.09255
1.72825
1.74037
1.33833
1.57296
2.28722
1.79231
1.68255
1.5198
1.72145
1.97219
1.49347
1.30778
1.65597
1.90402
2.13351
1.7405
1.45753
1.73351
1.63546
1.48228
1.39247
1.66481
1.91377
1.87874
1.92171
1.68879
1.55155
1.59622
1.31358
1.63561
1.77626
1.8017
1.20415
1.74915
1.73275
2.12281
1.99292
1.72789
1.38778
2.09816
1.36404
1.7855
1.71386
1.59946
1.45052
1.65415
1.98824
1.45239
1.48195
1.27679
1.83182
1.59004
1.56418
1.89451
2.05117
1.89008
2.12499
1.48216
1.48844
1.60259
2.395
1.66153
1.65344
1.34445
2.22643
1.80224
1.45605
1.59065
1.94261
1.57153
1.83389
1.2777
1.76509
1.33112
1.86437
2.07941
1.71287
1.259
1.79936
1.7268
1.29453
1.4298
1.73784
2.05311
2.47822
2.40983
1.58294
1.68862
1.67844
1.88878
1.80329
1.45166
1.13625
1.54368
1.86429
1.89832
1.70593
1.74691
1.92123
1.26339
1.50052
1.58086
1.72999
1.6233
1.58623
1.78048
1.78828
1.68474
1.80566
1.66688
1.30019
1.50353
1.48642
1.5311
1.61733
1.8353
1.52472
1.49629
1.58748
1.87904
1.35284
1.63775
1.46023
1.48778
1.16154
1.8333
1.93053
1.54051
1.97202
1.58406
2.17253
1.72617
1.70052
1.34731
1.52746
1.62753
1.48511
1.59037
1.56062
1.53123
1.52501
1.98934
1.34271
1.32208
1.57209
2.65429
1.74493
1.83554
1.49062
1.443
2.13539
1.42681
1.50933
1.81103
1.9223
1.75236
1.36809
1.74121
1.37102
1.98349
1.93013
1.26056
1.43286
1.63594
1.56352
1.97835
1.70666
1.73898
1.38267
1.62859
1.82003
1.58699
2.14049
1.92566
1.66
2.1022
1.92534
2.00201
1.39909
1.45784
1.29132
1.69925
1.59811
1.57615
1.44689
2.28935
1.49146
1.57101
1.33264
1.32434
1.39133
1.44055
1.32003
1.50157
1.55613
1.7296
1.73826
1.68401
1.26864
1.94911
1.50015
1.38058
2.14711
1.92144
1.63497
2.24089
1.26071
1.55268
1.49325
1.87887
1.96397
1.5701
1.77096
1.26415
1.48409
1.8067
1.91644
1.72811
1.44331
1.11261
1.81619
1.71668
1.36999
1.83263
1.77107
1.81222
1.98599
2.01901
1.64865
1.79887
1.55504
1.94536
1.69408
1.40169
1.81862
1.82421
1.83084
1.71382
1.49638
1.61659
1.53021
1.46144
1.63711
1.3236
1.83101
1.8701
1.71258
1.13292
1.32086
1.98237
1.59269
1.33587
1.57023
1.55897
1.66468
1.52102
1.5414
1.61252
1.61663
1.3604
1.70632
1.89229
1.84528
1.95185
1.6222
1.46124
1.51997
2.42296
1.55893
1.7289
1.71876
1.77903
1.20449
1.81351
1.37868
1.67754
1.53844
2.05048
1.43847
1.24779
1.73937
1.78592
1.73583
1.98981
1.61785
1.5351
2.45567
1.79443
1.59083
1.74934
1.28573
2.2145
1.19141
1.44051
1.19854
1.58853
1.46728
1.47194
1.65866
1.60315
1.7067
2.31384
1.43018
2.20608
1.97989
1.74142
1.43017
1.89935
1.51004
1.33539
1.55069
1.737
1.28053
1.63001
1.89703
2.25397
1.50541
1.6682
1.84234
2.36715
1.78701
1.38999
1.65839
1.60674
1.62029
1.90251
1.27258
1.88245
1.60212
1.40752
1.99026
1.64254
1.26522
1.56046
1.69311
1.73606
2.30693
1.6528
2.17781
1.67728
2.21551
1.53435
2.00937
2.13534
1.83719
1.51019
1.71811
1.21248
1.38334
1.79558
1.61614
2.01543
1.89742
1.61744
1.46784
2.06172
1.40864
1.85195
1.81872
1.93825
1.53869
2.00917
1.94767
1.43867
1.46832
2.21971
1.60292
1.45335
1.76269
1.72004
0.943036
1.67206
1.644
1.36904
1.64042
1.73668
1.62253
2.22554
1.34628
1.66062
1.44456
1.80837
2.27072
1.62665
1.27812
1.67735
1.65623
1.39442
1.89732
1.3621
1.3964
1.62587
1.55958
1.94686
1.47985
1.69313
1.34536
1.59432
1.65382
1.53432
1.32844
1.877
1.75611
1.73978
2.23434
2.00008
1.4058
1.542
1.43848
1.52179
1.66509
1.47333
1.64304
1.49752
1.75984
1.52858
1.28711
1.26011
1.86861
1.70684
1.34576
1.28783
1.58446
1.60737
1.97456
1.6398
1.57971
1.57389
1.90371
1.86325
1.86181
1.58359
1.67071
1.52021
1.33693
1.77857
1.85469
1.69839
1.41514
1.80985
1.56638
1.41936
1.53362
1.95435
1.38334
1.70961
1.59554
1.88469
1.70999
1.84672
1.28676
1.76364
1.86438
1.40167
1.86368
1.52565
1.45994
1.34157
2.55757
1.63498
2.05495
1.50062
1.68569
1.52605
1.75036
1.23891
1.98775
2.16808
1.53006
1.90815
1.51808
1.56663
1.73397
1.90698
1.60405
1.71942
1.2367
1.18767
1.89297
1.4971
1.66342
1.63554
1.57441
1.41947
1.3094
2.00866
1.73756
1.55744
1.47958
1.25537
1.79729
1.25515
1.67283
1.55181
1.4178
1.45842
1.3903
1.79419
2.34677
1.681
1.70459
1.33663
1.71887
1.43251
1.36626
1.91572
1.45234
1.74249
1.84879
1.65092
1.43167
1.74058
1.46698
1.42025
1.37504
1.74513
1.80249
1.23583
1.76232
1.39912
1.97237
1.74386
1.61709
2.13269
1.62675
1.49134
1.95138
1.78608
1.75126
1.83995
1.63256
2.06526
2.11288
1.50612
1.35227
1.53563
1.72257
1.8437
1.56705
1.54943
1.71021
1.68204
1.7849
1.63583
1.48283
1.43842
1.4508
1.94575
1.65696
2.17921
1.72146
1.2656
2.02939
1.26494
1.56715
1.5568
1.70741
1.67625
2.16462
1.35495
1.65354
2.23447
1.323
1.74211
1.63784
1.75621
1.63738
1.43262
1.5901
1.755
1.44793
1.98036
1.79394
1.54796
1.776
1.78216
1.87128
1.90675
1.56957
1.18914
1.57735
1.90496
1.9579
1.7365
1.63683
1.79282
1.84703
1.57098
1.46941
1.46366
1.26953
1.44242
1.76295
1.8554
1.72777
1.69761
1.5605
1.38115
1.99239
2.01813
1.7399
1.57336
1.69358
1.8769
1.70154
1.7396
1.37716
1.31823
1.36657
1.57792
1.69107
1.64387
1.55989
1.67837
1.75423
1.45304
1.69538
1.92723
1.61873
1.89129
1.78924
1.55087
1.60028
1.61147
1.54906
1.92291
1.68931
1.57217
1.52873
1.59002
1.89184
1.84873
1.94366
1.54016
1.54084
1.61498
1.73581
2.21371
2.45295
1.15361
1.60579
1.48832
1.9225
1.95209
1.69321
1.67269
1.80112
2.13108
1.52627
1.86434
1.70037
2.26713
1.78679
1.61056
1.55594
2.12762
1.4356
2.00714
1.89416
1.49651
1.45969
1.87101
1.91517
1.32228
1.83614
2.03738
1.24726
1.56412
1.77157
2.57475
1.70155
1.40047
1.45954
1.399
1.70987
1.9424
1.84825
1.56022
1.42135
1.78422
1.64934
1.61199
1.30151
1.79601
1.60799
1.61969
1.59113
1.50666
1.3435
1.84413
1.73877
1.71001
1.56818
1.95722
1.58921
1.92388
1.38022
1.43178
1.25906
1.94278
1.6216
1.29297
1.59299
1.37134
1.49468
2.01685
1.34664
1.60772
2.05843
1.63583
1.90464
1.5735
1.65408
1.63414
1.89654
2.0446
1.36894
1.50894
1.97613
2.71516
1.99913
1.5369
1.62314
1.78599
1.69875
1.43591
1.55959
1.39877
1.52914
2.02033
1.58875
1.64129
2.10438
1.42305
1.50842
1.41558
2.01182
1.81647
2.41673
1.22017
1.61631
1.33599
1.77494
2.73681
1.68425
1.32632
1.25928
1.50131
1.60719
1.37884
1.64274
1.8089
1.6007
1.60065
1.49154
1.69688
1.63347
1.62535
1.78155
1.64933
1.76043
1.62448
1.98853
1.66322
1.69775
1.41293
1.94933
1.33578
1.92961
1.97934
2.57607
2.13685
1.55454
1.76226
2.72641
1.46937
1.51837
1.49063
1.61824
2.25908
1.22497
1.73313
1.41429
2.054
1.69339
1.724
1.44
1.62936
1.56213
1.63286
1.26116
1.89828
1.43915
1.72621
1.76497
1.46045
1.59542
1.59005
1.54394
1.22125
1.57358
1.52099
1.4696
1.94918
2.12902
1.44212
1.53079
2.4266
1.58131
1.64865
1.38639
1.7954
1.93922
1.68614
1.7438
1.46643
1.46108
1.71643
2.1093
1.85912
1.48586
1.68227
1.41031
1.6917
1.59535
1.73244
1.58059
1.50898
1.42605
1.57775
1.42376
1.70749
2.48736
1.50627
1.66449
1.43028
1.81208
1.48083
1.65095
1.58792
1.59608
1.24828
1.5005
1.69185
2.22519
1.47229
1.74822
2.01029
1.41261
1.56391
1.72227
1.68807
1.82816
1.91707
2.03757
1.78206
1.58152
1.42743
1.38992
1.71787
1.35419
1.49824
1.59401
1.37847
1.44794
1.17166
1.36043
1.66667
1.37696
1.60427
1.59793
2.43936
1.26896
2.04598
1.48873
1.98376
1.33527
1.68068
1.82303
2.44122
1.94545
1.656
1.43776
1.48274
1.30348
1.20637
1.70289
1.30362
1.44326
1.31778
1.71653
1.84754
1.97916
1.69316
1.73776
1.39468
1.54688
1.15198
1.4353
1.99047
2.14054
1.43146
1.72726
1.69107
1.35213
1.94322
1.5553
1.72773
1.65025
1.54788
1.78393
1.75139
1.76931
1.46423
1.64626
1.51993
2.01291
2.0642
1.58983
1.47314
2.08661
1.87596
1.86838
1.69576
1.7257
1.96769
1.77096
1.39447
1.78561
1.60637
1.70346
1.56323
1.50768
1.84235
2.25463
1.72186
1.67763
1.8999
2.17301
1.55949
1.76611
1.88376
1.35408
1.45889
1.54746
1.70586
1.63467
1.98889
1.55686
1.42944
2.14456
1.70641
1.21246
2.02375
1.81232
1.58062
1.92287
1.6233
1.9461
2.15963
1.58847
1.51331
1.71611
1.34869
1.63004
1.43146
2.24344
1.43375
1.44222
1.29814
1.60972
1.97907
1.16252
1.69559
1.37213
1.72748
1.44515
1.87694
1.56171
1.6282
1.56721
2.13246
1.77589
1.74269
1.71501
1.3801
1.4059
1.38327
1.5748
1.70854
1.77813
1.48784
1.89183
1.71654
1.41622
1.41428
2.15573
1.5135
1.50934
2.09255
1.72825
1.74037
1.33833
1.57296
2.28722
1.79231
1.68255
1.5198
1.72145
1.97219
1.49347
1.30778
1.65597
1.90402
2.13351
1.7405
1.45753
1.73351
1.63546
1.48228
1.39247
1.66481
1.91377
1.87874
1.92171
1.68879
1.55155
1.59622
1.31358
1.63561
1.77626
1.8017
1.20415
1.74915
1.73275
2.12281
1.99292
1.72789
1.38778
2.09816
1.36404
1.7855
1.71386
1.59946
1.45052
1.65415
1.98824
1.45239
1.48195
1.27679
1.83182
1.59004
1.56418
1.89451
2.05117
1.89008
2.12499
1.48216
1.48844
1.60259
2.395
1.66153
1.65344
1.34445
2.22643
1.80224
1.45605
1.59065
1.94261
1.57153
1.83389
1.2777
1.76509
1.33112
1.86437
2.07941
1.71287
1.259
1.79936
1.7268
1.29453
1.4298
1.73784
2.05311
2.47822
2.40983
1.58294
1.68862
1.67844
1.88878
1.80329
1.45166
1.13625
1.54368
1.86429
1.89832
1.70593
1.74691
1.92123
1.26339
1.50052
1.58086
1.72999
1.6233
1.58623
1.78048
1.78828
1.68474
1.80566
1.66688
1.30019
1.50353
1.48642
1.5311
1.61733
1.8353
1.52472
1.49629
1.58748
1.87904
1.35284
1.63775
1.46023
1.48778
1.16154
1.8333
1.93053
1.54051
1.97202
1.58406
2.17253
1.72617
1.70052
1.34731
1.52746
1.62753
1.48511
1.59037
1.56062
1.53123
1.52501
1.98934
1.34271
1.32208
1.57209
2.65429
1.74493
1.83554
1.49062
1.443
2.13539
1.42681
1.50933
1.81103
1.9223
1.75236
1.36809
1.74121
1.37102
1.98349
1.93013
1.26056
1.43286
1.63594
1.56352
1.97835
1.70666
1.73898
1.38267
1.62859
1.82003
1.58699
2.14049
1.92566
1.66
2.1022
1.92534
2.00201
1.39909
1.45784
1.29132
1.69925
1.59811
1.57615
1.44689
2.28935
1.49146
1.57101
1.33264
1.32434
1.39133
1.44055
1.32003
1.50157
1.55613
1.7296
1.73826
1.68401
1.26864
1.94911
1.50015
1.38058
2.14711
1.92144
1.63497
2.24089
1.26071
1.55268
1.49325
1.87887
1.96397
1.5701
1.77096
1.26415
1.48409
1.8067
1.91644
1.72811
1.44331
1.11261
1.81619
1.71668
1.36999
1.83263
1.77107
1.81222
1.98599
2.01901
1.64865
1.79887
1.55504
1.94536
1.69408
1.40169
1.81862
1.82421
1.83084
1.71382
1.49638
1.61659
1.53021
1.46144
1.63711
1.3236
1.83101
1.8701
1.71258
1.13292
1.32086
1.98237
1.59269
1.33587
1.57023
1.55897
1.66468
1.52102
1.5414
1.61252
1.61663
1.3604
1.70632
1.89229
1.84528
1.95185
1.6222
1.46124
1.51997
2.42296
1.55893
1.7289
1.71876
1.77903
1.20449
1.81351
1.37868
1.67754
1.53844
2.05048
1.43847
1.24779
1.73937
1.78592
1.73583
1.98981
1.61785
1.5351
2.45567
1.79443
1.59083
1.74934
1.28573
2.2145
1.19141
1.44051
1.19854
1.58853
1.46728
1.47194
1.65866
1.60315
1.7067
2.31384
1.43018
2.20608
1.97989
1.74142
1.43017
1.89935
1.51004
1.33539
1.55069
1.737
1.28053
1.63001
1.89703
2.25397
1.50541
1.6682
1.84234
2.36715
1.78701
1.38999
1.65839
1.60674
1.62029
1.90251
1.27258
1.88245
1.60212
1.40752
1.99026
1.64254
1.26522
1.56046
1.69311
1.73606
2.30693
1.6528
2.17781
1.67728
2.21551
1.53435
2.00937
2.13534
1.83719
1.51019
1.71811
1.21248
1.38334
1.79558
1.61614
2.01543
1.89742
1.61744
1.46784
2.06172
1.40864
1.85195
1.81872
1.93825
1.53869
2.00917
1.94767
1.43867
1.46832
2.21971
1.60292
1.45335
1.76269
1.72004
0.943036
1.67206
1.644
1.36904
1.64042
1.73668
1.62253
2.22554
1.34628
1.66062
1.44456
1.80837
2.27072
1.62665
1.27812
1.67735
1.65623
1.39442
1.89732
1.3621
1.3964
1.62587
1.55958
1.94686
1.47985
1.69313
1.34536
1.59432
1.65382
1.53432
1.32844
1.877
1.75611
1.73978
2.23434
2.00008
1.4058
1.542
1.43848
1.52179
1.66509
1.47333
1.64304
1.49752
1.75984
1.52858
1.28711
1.26011
1.86861
1.70684
1.34576
1.28783
1.58446
1.60737
1.97456
1.6398
1.57971
1.57389
1.90371
1.86325
1.86181
1.58359
1.67071
1.52021
1.33693
1.77857
1.85469
1.69839
1.41514
1.80985
1.56638
1.41936
1.53362
1.95435
1.38334
1.70961
1.59554
1.88469
1.70999
1.84672
1.28676
1.76364
1.86438
1.40167
1.86368
1.52565
1.45994
1.34157
2.55757
1.63498
2.05495
1.50062
1.68569
1.52605
1.75036
1.23891
1.98775
2.16808
1.53006
1.90815
1.51808
1.56663
1.73397
1.90698
1.60405
1.71942
1.2367
1.18767
1.89297
1.4971
1.66342
1.63554
1.57441
1.41947
1.3094
2.00866
1.73756
1.55744
1.47958
1.25537
1.79729
1.25515
1.67283
1.55181
1.4178
1.45842
1.3903
1.79419
2.34677
1.681
1.70459
1.33663
1.71887
1.43251
1.36626
1.91572
1.45234
1.74249
1.84879
1.65092
1.43167
1.74058
1.46698
1.42025
1.37504
1.74513
1.80249
1.23583
1.76232
1.39912
1.97237
1.74386
1.61709
2.13269
1.62675
1.49134
1.95138
1.78608
1.75126
1.83995
1.63256
2.06526
2.11288
1.50612
1.35227
1.53563
1.72257
1.8437
1.56705
1.54943
1.71021
1.68204
1.7849
1.63583
1.48283
1.43842
1.4508
1.94575
1.65696
2.17921
1.72146
1.2656
2.02939
1.26494
1.56715
1.5568
1.70741
1.67625
2.16462
1.35495
1.65354
2.23447
1.323
1.74211
1.63784
1.75621
1.63738
1.43262
1.5901
1.755
1.44793
1.98036
1.79394
1.54796
1.776
1.78216
1.87128
1.90675
1.56957
1.18914
1.57735
1.90496
1.9579
1.7365
1.63683
1.79282
1.84703
1.57098
1.46941
1.46366
1.26953
1.44242
1.76295
1.8554
1.72777
1.69761
1.5605
1.38115
1.99239
2.01813
1.7399
1.57336
1.69358
1.8769
1.70154
1.7396
1.37716
1.31823
1.36657
1.57792
1.69107
1.64387
1.55989
1.67837
1.75423
1.45304
1.69538
1.92723
1.61873
1.89129
1.78924
1.55087
1.60028
1.61147
1.54906
1.92291
1.68931
1.57217
1.52873
1.59002
1.89184
1.84873
1.94366
1.54016
1.54084
1.61498
1.73581
2.21371
2.45295
1.15361
1.60579
1.48832
1.9225
1.95209
1.69321
1.67269
1.80112
2.13108
1.52627
1.86434
1.70037
2.26713
1.78679
1.61056
1.55594
2.12762
1.4356
2.00714
1.89416
1.49651
1.45969
1.87101
1.91517
1.32228
1.83614
2.03738
1.24726
1.56412
1.77157
2.57475
1.70155
1.40047
1.45954
1.399
1.70987
1.9424
1.84825
1.56022
1.42135
1.78422
1.64934
1.61199
1.30151
1.79601
1.60799
1.61969
1.59113
1.50666
1.3435
1.84413
1.73877
1.71001
1.56818
1.95722
1.58921
1.92388
1.38022
1.43178
1.25906
1.94278
1.6216
1.29297
1.59299
1.37134
1.49468
2.01685
1.34664
1.60772
2.05843
1.63583
1.90464
1.5735
1.65408
1.63414
1.89654
2.0446
1.36894
1.50894
1.97613
2.71516
1.99913
1.5369
1.62314
1.78599
1.69875
1.43591
1.55959
1.39877
1.52914
2.02033
1.58875
1.64129
2.10438
1.42305
1.50842
1.41558
2.01182
1.81647
2.41673
1.22017
1.61631
1.33599
1.77494
2.73681
1.68425
1.32632
1.25928
1.50131
1.60719
1.37884
1.64274
1.8089
1.6007
1.60065
1.49154
1.69688
1.63347
1.62535
1.78155
1.64933
1.76043
1.62448
1.98853
1.66322
1.69775
1.41293
1.94933
1.33578
1.92961
1.97934
2.57607
2.13685
1.55454
1.76226
2.72641
1.46937
1.51837
1.49063
1.61824
2.25908
1.22497
1.73313
1.41429
2.054
1.69339
1.724
1.44
1.62936
1.56213
1.63286
1.26116
1.89828
1.43915
1.72621
1.76497
1.46045
1.59542
1.59005
1.54394
1.22125
1.57358
1.52099
1.4696
1.94918
2.12902
1.44212
1.53079
2.4266
1.58131
1.64865
1.38639
1.7954
1.93922
1.68614
1.7438
1.46643
1.46108
1.71643
2.1093
1.85912
1.48586
1.68227
1.41031
1.6917
1.59535
1.73244
1.58059
1.50898
1.42605
1.57775
1.42376
1.70749
2.48736
1.50627
1.66449
1.43028
1.81208
1.48083
1.65095
1.58792
1.59608
1.24828
1.5005
1.69185
2.22519
1.47229
1.74822
2.01029
1.41261
1.56391
1.72227
1.68807
1.82816
1.91707
2.03757
1.78206
1.58152
1.42743
1.38992
1.71787
1.35419
1.49824
1.59401
1.37847
1.44794
1.17166
1.36043
1.66667
1.37696
1.60427
1.59793
2.43936
1.26896
2.04598
1.48873
1.98376
1.33527
1.68068
1.82303
2.44122
1.94545
1.656
1.43776
1.48274
1.30348
1.20637
1.70289
1.30362
1.44326
1.31778
1.71653
1.84754
1.97916
1.69316
1.73776
1.39468
1.54688
1.15198
1.4353
1.99047
2.14054
1.43146
1.72726
1.69107
1.35213
1.94322
1.5553
1.72773
1.65025
1.54788
1.78393
1.75139
1.76931
1.46423
1.64626
1.51993
2.01291
2.0642
1.58983
1.47314
2.08661
1.87596
1.86838
1.69576
1.7257
1.96769
1.77096
1.39447
1.78561
1.60637
1.70346
1.56323
1.50768
1.84235
2.25463
1.72186
1.67763
1.8999
2.17301
1.55949
1.76611
1.88376
1.35408
1.45889
1.54746
1.70586
1.63467
1.98889
1.55686
1.42944
2.14456
1.70641
1.21246
2.02375
1.81232
1.58062
1.92287
1.6233
1.9461
2.15963
1.58847
1.51331
1.71611
1.34869
1.63004
1.43146
2.24344
1.43375
1.44222
1.29814
1.60972
1.97907
1.16252
1.69559
1.37213
1.72748
1.44515
1.87694
1.56171
1.6282
1.56721
2.13246
1.77589
1.74269
1.71501
1.3801
1.4059
1.38327
1.5748
1.70854
1.77813
1.48784
1.89183
1.71654
1.41622
1.41428
2.15573
1.5135
1.50934
2.09255
1.72825
1.74037
1.33833
1.57296
2.28722
1.79231
1.68255
1.5198
1.72145
1.97219
1.49347
1.30778
1.65597
1.90402
2.13351
1.7405
1.45753
1.73351
1.63546
1.48228
1.39247
1.66481
1.91377
1.87874
1.92171
1.68879
1.55155
1.59622
1.31358
1.63561
1.77626
1.8017
1.20415
1.74915
1.73275
2.12281
1.99292
1.72789
1.38778
2.09816
1.36404
1.7855
1.71386
1.59946
1.45052
1.65415
1.98824
1.45239
1.48195
1.27679
1.83182
1.59004
1.56418
1.89451
2.05117
1.89008
2.12499
1.48216
1.48844
1.60259
2.395
1.66153
1.65344
1.34445
2.22643
1.80224
1.45605
1.59065
1.94261
1.57153
1.83389
1.2777
1.76509
1.33112
1.86437
2.07941
1.71287
1.259
1.79936
1.7268
1.29453
1.4298
1.73784
2.05311
2.47822
2.40983
1.58294
1.68862
1.67844
1.88878
1.80329
1.45166
1.13625
1.54368
1.86429
1.89832
1.70593
1.74691
1.92123
1.26339
1.50052
1.58086
1.72999
1.6233
1.58623
1.78048
1.78828
1.68474
1.80566
1.66688
1.30019
1.50353
1.48642
1.5311
1.61733
1.8353
1.52472
1.49629
1.58748
1.87904
1.35284
1.63775
1.46023
1.48778
1.16154
1.8333
1.93053
1.54051
1.97202
1.58406
2.17253
1.72617
1.70052
1.34731
1.52746
1.62753
1.48511
1.59037
1.56062
1.53123
1.52501
1.98934
1.34271
1.32208
1.57209
2.65429
1.74493
1.83554
1.49062
1.443
2.13539
1.42681
1.50933
1.81103
1.9223
1.75236
1.36809
1.74121
1.37102
1.98349
1.93013
1.26056
1.43286
1.63594
1.56352
1.97835
1.70666
1.73898
1.38267
1.62859
1.82003
1.58699
2.14049
1.92566
1.66
2.1022
1.92534
2.00201
1.39909
1.45784
1.29132
1.69925
1.59811
1.57615
1.44689
2.28935
1.49146
1.57101
1.33264
1.32434
1.39133
1.44055
1.32003
1.50157
1.55613
1.7296
1.73826
1.68401
1.26864
1.94911
1.50015
1.38058
2.14711
1.92144
1.63497
2.24089
1.26071
1.55268
1.49325
1.87887
1.96397
1.5701
1.77096
1.26415
1.48409
1.8067
1.91644
1.72811
1.44331
1.11261
1.81619
1.71668
1.36999
1.83263
1.77107
1.81222
1.98599
2.01901
1.64865
1.79887
1.55504
1.94536
1.69408
1.40169
1.81862
1.82421
1.83084
1.71382
1.49638
1.61659
1.53021
1.46144
1.63711
1.3236
1.83101
1.8701
1.71258
1.13292
1.32086
1.98237
1.59269
1.33587
1.57023
1.55897
1.66468
1.52102
1.5414
1.61252
1.61663
1.3604
1.70632
1.89229
1.84528
1.95185
1.6222
1.46124
1.51997
2.42296
1.55893
1.7289
1.71876
1.77903
1.20449
1.81351
1.37868
1.67754
1.53844
2.05048
1.43847
1.24779
1.73937
1.78592
1.73583
1.98981
1.61785
1.5351
2.45567
1.79443
1.59083
1.74934
1.28573
2.2145
1.19141
1.44051
1.19854
1.58853
1.46728
1.47194
1.65866
1.60315
1.7067
2.31384
1.43018
2.20608
1.97989
1.74142
1.43017
1.89935
1.51004
1.33539
1.55069
1.737
1.28053
1.63001
1.89703
2.25397
1.50541
1.6682
1.84234
2.36715
1.78701
1.38999
1.65839
1.60674
1.62029
1.90251
1.27258
1.88245
1.60212
1.40752
1.99026
1.64254
1.26522
1.56046
1.69311
1.73606
2.30693
1.6528
2.17781
1.67728
2.21551
1.53435
2.00937
2.13534
1.83719
1.51019
1.71811
1.21248
1.38334
1.79558
1.61614
2.01543
1.89742
1.61744
1.46784
2.06172
1.40864
1.85195
1.81872
1.93825
1.53869
2.00917
1.94767
1.43867
1.46832
2.21971
1.60292
1.45335
1.76269
1.72004
0.943036
1.67206
1.644
1.36904
1.64042
1.73668
1.62253
2.22554
1.34628
1.66062
1.44456
1.80837
2.27072
1.62665
1.27812
1.67735
1.65623
1.39442
1.89732
1.3621
1.3964
1.62587
1.55958
1.94686
1.47985
1.69313
1.34536
1.59432
1.65382
1.53432
1.32844
1.877
1.75611
1.73978
2.23434
2.00008
1.4058
1.542
1.43848
1.52179
1.66509
1.47333
1.64304
1.49752
1.75984
1.52858
1.28711
1.26011
1.86861
1.70684
1.34576
1.28783
1.58446
1.60737
1.97456
1.6398
1.57971
1.57389
1.90371
1.86325
1.86181
1.58359
1.67071
1.52021
1.33693
1.77857
1.85469
1.69839
1.41514
1.80985
1.56638
1.41936
1.53362
1.95435
1.38334
1.70961
1.59554
1.88469
1.70999
1.84672
1.28676
1.76364
1.86438
1.40167
1.86368
1.52565
1.45994
1.34157
2.55757
1.63498
2.05495
1.50062
1.68569
1.52605
1.75036
1.23891
1.98775
2.16808
1.53006
