0.68786
1.17885
0.811467
1.10475
0.761917
1.10345
1.22062
1.25702
0.905725
1.52435
0.975577
0.740477
1.10813
1.15241
1.28682
1.14979
0.711396
1.13538
1.20629
0.817289
1.256
1.17205
1.14746
0.956409
0.869706
1.24036
1.20413
0.984711
0.778935
1.10238
1.20881
0.786959
0.993561
1.10815
1.17225
0.962687
1.05069
1.19408
0.854338
0.971754
0.967445
0.936014
0.824681
0.986505
0.801091
1.08468
0.919254
1.00836
0.948881
0.766496
1.05329
1.03007
0.84752
1.19651
1.15052
1.07581
0.865643
1.10985
0.914562
0.818223
1.32714
1.40197
1.22994
1.34641
1.02528
0.99956
0.930623
0.990893
0.991846
0.808635
1.01208
0.927077
0.854137
1.28505
1.11967
0.913991
1.1483
0.802213
1.31611
0.997751
0.809249
0.915376
0.9127
0.976484
1.14572
0.910473
1.06447
1.06017
1.32653
1.10342
0.975476
1.08216
0.930868
1.09077
0.868117
0.711513
0.843052
0.866476
1.13111
1.18717
0.845886
0.989262
0.971025
1.14408
1.03854
0.964069
0.775272
1.03073
0.919965
1.11947
1.11866
0.861603
0.985999
1.20821
1.02463
1.13169
0.952086
1.30976
1.19023
0.986211
1.23142
1.30231
0.962468
1.03435
1.10565
0.610467
1.12706
1.06089
1.18284
0.934075
1.00308
0.965031
1.05501
1.39218
1.15387
0.837247
1.43684
1.02174
0.766784
1.14922
1.18044
0.826075
1.16631
1.31111
0.89599
1.19178
1.20055
0.833574
1.06321
0.939814
1.02058
1.397
1.13606
0.975002
1.17865
1.83009
1.11699
0.845859
0.950929
1.04965
0.902345
0.863201
0.944556
1.01157
0.932276
1.13087
1.07782
1.07173
1.01535
1.38262
0.988172
1.37529
1.18856
0.95348
1.10192
1.00218
0.902397
1.03345
1.10421
1.13976
1.48776
1.04841
1.17149
1.04817
1.21574
1.34259
1.05872
0.776165
1.3382
0.881132
1.10142
0.948359
1.29948
1.2513
0.863838
1.35038
0.981057
1.31404
1.35328
0.850892
1.01481
1.27232
1.08992
0.976592
1.01912
0.842094
1.17858
1.27229
1.3493
0.9558
1.02251
1.04043
1.03286
1.11526
0.796483
0.922062
0.771495
1.34112
1.10617
1.36786
0.839481
1.47598
1.30614
0.845368
1.12688
0.992312
1.22052
1.25707
1.33665
1.34509
1.2493
1.1897
0.948588
0.871114
1.04636
1.16242
1.21616
0.939116
0.962935
1.20507
1.16465
1.064
0.7746
0.925056
1.15456
0.999333
1.05148
0.893244
1.2377
0.960495
0.745876
1.16299
1.07974
0.701418
1.10181
1.09959
1.14668
1.26245
1.20252
1.11677
0.849845
0.789413
1.03242
1.18884
0.799715
1.20739
0.957566
1.08896
1.04351
1.11768
1.34925
1.0185
0.991342
0.914955
1.18963
0.845342
0.975798
1.20529
1.08699
1.34349
0.692056
1.2888
1.18454
1.24897
1.21946
0.905075
1.09764
0.871297
0.860456
0.926044
0.701319
1.11794
1.20035
1.12769
1.56856
1.05607
0.891148
0.904883
0.948638
0.721876
1.03431
0.711799
0.72614
1.37262
0.884936
1.18661
1.19664
0.870023
1.11446
0.801852
1.14148
1.05596
1.17494
0.935262
1.04592
1.20666
1.02759
1.14746
1.17979
0.926084
0.925853
1.143
1.06742
1.00208
1.16612
0.937918
1.04167
1.27377
0.940268
0.93356
1.02097
0.90432
1.02175
0.997309
0.952992
0.930278
0.993565
1.14321
1.16811
0.76597
1.10117
1.03861
0.928381
1.11056
0.987468
1.14256
0.966029
0.886776
1.25831
1.10932
0.77284
1.34636
1.12003
1.08976
0.989749
0.873507
1.02114
1.06301
0.945485
1.07973
1.14068
1.1426
0.935597
1.23152
0.791356
0.953129
1.23137
1.4377
0.939965
1.0903
0.844562
1.33765
1.07095
1.27175
0.966237
0.858565
1.05483
0.93344
0.975619
0.721059
0.943122
1.18234
1.40537
0.867716
1.20514
0.923876
0.780137
1.11652
1.00672
1.15653
0.841324
0.881923
1.02476
1.32758
1.07456
0.84549
0.969915
1.10881
1.02127
0.844087
1.14929
1.19231
0.82928
1.06704
1.25766
0.945899
0.9382
1.16079
1.04161
1.09404
0.978522
0.926421
1.07543
0.925955
1.14971
0.888652
1.49069
1.02984
1.09912
1.16405
1.12002
1.20207
1.20029
1.19234
1.15285
1.04757
1.04067
0.990683
0.936822
1.0283
1.02734
0.853231
1.04777
1.0556
0.951494
0.815433
0.945335
1.13105
1.04596
1.11889
1.01001
1.0758
0.90179
0.783131
1.13092
0.8903
0.936068
0.830936
0.862563
1.18243
0.734463
1.06047
1.17213
0.912776
0.858917
1.23221
0.869424
1.12052
0.862935
1.4332
1.11202
0.882537
1.00575
0.784924
1.13482
0.953235
1.08918
1.25379
0.900246
0.982195
0.987881
1.10205
0.918998
0.880742
0.950134
1.15287
0.957684
1.18301
0.892552
0.866771
0.74363
1.11877
1.03547
0.97875
1.17412
0.922124
1.53631
0.705708
0.967645
1.24299
0.887061
0.864188
0.852455
0.875759
1.01517
0.884639
1.11362
0.951849
1.30099
1.06632
1.19665
1.04467
1.166
1.26562
0.809257
1.05744
0.846293
0.802482
1.20436
1.3101
0.849164
0.926875
0.706181
0.877807
0.871517
0.9952
1.19786
1.28038
0.613092
1.0724
1.4669
0.903373
0.787035
0.843244
1.08526
1.13082
1.12944
1.05515
1.11155
0.868118
1.05217
0.732566
0.958218
1.00431
1.09529
1.04797
1.09365
1.04263
0.901632
1.02343
0.748428
0.971158
0.985152
0.966445
0.947855
1.08109
0.974288
1.5841
1.06056
0.785211
0.908112
1.45573
0.853511
0.916903
1.04018
1.09486
1.18302
1.05492
0.748045
0.913236
1.12703
0.913003
0.738898
0.835146
0.961042
1.08198
1.00255
1.00251
0.9982
0.957422
1.04695
1.15025
1.2176
0.908598
1.08134
1.28994
1.01445
1.26854
1.2321
1.02455
1.07505
1.08898
1.14614
0.853502
1.24822
0.921725
0.726039
1.20253
0.853241
1.08402
1.00538
1.18365
1.22247
0.947293
1.00487
1.15703
1.12238
0.886878
0.84865
1.02699
0.841302
1.03042
0.88654
1.30751
1.31715
0.986564
0.912552
1.1774
1.01102
0.945027
1.3399
1.28214
0.927993
0.791874
1.04289
1.02418
0.830029
1.18927
1.27028
0.802596
1.0409
1.11105
1.02489
1.25516
0.96144
1.24358
1.18148
0.821644
1.05862
1.02099
1.30591
1.22247
1.08264
1.11023
1.05877
0.78825
1.15057
1.09788
1.08802
0.800973
1.01601
0.747843
1.15741
0.948439
0.840773
1.10504
1.30177
1.06479
0.987751
1.11321
0.995824
1.19222
0.999456
1.34151
1.08144
1.32791
1.36263
1.24828
1.02194
0.995701
1.2096
1.1136
1.63077
1.01016
0.975887
0.898673
1.13322
1.09312
1.02906
1.10319
0.948246
0.711359
1.13352
1.42524
0.945989
1.07375
1.14987
1.02762
0.859531
1.17915
0.906632
1.25376
0.59084
1.12422
0.773693
0.833616
1.13492
1.1227
0.691331
0.995902
1.0889
0.98847
0.826391
1.02709
1.08949
0.935993
0.950188
1.09666
0.828864
0.927253
1.11123
1.07182
0.904472
1.16341
1.04523
1.25458
1.05437
1.25268
1.03752
1.03629
1.09705
0.825796
0.864385
0.958546
0.857493
1.12628
1.01415
0.886205
1.47417
0.88772
0.781226
1.02969
0.897698
1.06382
0.99653
0.922616
1.37211
0.99577
1.04685
0.677817
1.17792
0.922506
0.950079
1.02069
1.04992
0.776631
1.01546
0.944864
1.08011
1.31486
0.921319
1.31519
1.29698
0.985452
0.840341
1.00992
1.03113
1.03575
0.93018
0.950853
0.860876
0.739146
1.22342
1.03097
0.881699
0.915503
0.934566
0.87082
1.09958
1.04338
1.20812
0.871815
1.16625
1.03092
0.931106
1.17669
0.836184
1.03522
0.938734
1.03465
1.32236
1.44869
1.02636
1.04271
0.9634
1.65704
0.804877
0.978521
0.949657
0.889268
1.19118
1.27265
1.11905
1.24193
1.08269
1.4347
1.25473
1.20395
0.913343
1.12816
0.841958
1.64631
1.23132
0.891114
1.18394
1.17988
0.993561
1.20791
1.11429
0.938553
0.848772
0.718833
1.17745
0.98078
0.914464
1.14871
0.929085
0.861444
1.25408
1.11146
1.45854
1.27849
1.19333
1.28427
0.895983
0.814224
1.06642
1.00464
1.04686
1.1278
1.07868
1.27592
1.07787
1.00995
0.846702
1.00884
0.829575
1.38278
0.991599
1.13046
0.987861
0.84282
1.12266
1.01679
1.42928
1.11027
1.27742
0.896266
0.857205
1.10549
1.07015
0.971756
1.03662
1.14943
1.04254
0.886296
1.14776
1.187
1.13946
0.934999
1.01216
1.10473
0.774461
0.922128
0.889453
0.981705
1.21926
0.907387
0.90768
1.07896
0.898705
0.950167
1.01351
0.943634
1.26274
0.980294
0.793287
1.42428
1.37392
1.22719
0.959402
1.03605
1.20942
1.15659
1.0845
0.791577
1.17537
0.982733
0.978124
0.965616
1.10291
1.06812
1.40103
0.846544
0.803579
1.29945
0.810182
1.2262
0.964646
0.905134
1.02412
1.03525
0.881646
1.00183
1.20849
1.0571
1.04246
0.960763
0.750807
1.02067
1.33473
0.941202
1.07845
1.19477
1.22064
1.01668
0.947128
0.993691
0.979984
1.05235
0.811095
0.938358
1.04386
1.05135
1.10954
1.23407
1.13957
1.1778
0.928726
0.838309
0.893766
1.37855
0.990651
1.53743
1.16099
0.843756
0.79286
0.90862
0.993795
0.728913
1.00378
1.12772
1.05524
0.926495
1.05881
1.28961
0.950748
0.98959
0.966468
1.27864
1.10761
1.0747
0.754915
0.875482
1.38705
1.05208
1.11114
0.916671
1.22837
1.01127
0.931405
1.09039
0.916731
1.03646
1.07204
1.19618
1.09274
1.16423
0.889086
1.11784
1.09783
0.971443
1.0802
0.799501
0.986954
1.10231
0.802667
0.842167
1.12684
1.08898
1.04375
0.845003
1.00659
0.893004
1.10144
1.12773
1.37312
0.789467
1.08418
1.38311
1.16356
1.24097
1.06091
0.952003
0.802539
0.869501
0.83024
0.769829
0.863594
1.29619
1.16403
0.945496
0.981602
1.21345
1.04732
0.825572
1.06844
1.13206
0.921934
0.948208
0.68786
1.17885
0.811467
1.10475
0.761917
1.10345
1.22062
1.25702
0.905725
1.52435
0.975577
0.740477
1.10813
1.15241
1.28682
1.14979
0.711396
1.13538
1.20629
0.817289
1.256
1.17205
1.14746
0.956409
0.869706
1.24036
1.20413
0.984711
0.778935
1.10238
1.20881
0.786959
0.993561
1.10815
1.17225
0.962687
1.05069
1.19408
0.854338
0.971754
0.967445
0.936014
0.824681
0.986505
0.801091
1.08468
0.919254
1.00836
0.948881
0.766496
1.05329
1.03007
0.84752
1.19651
1.15052
1.07581
0.865643
1.10985
0.914562
0.818223
1.32714
1.40197
1.22994
1.34641
1.02528
0.99956
0.930623
0.990893
0.991846
0.808635
1.01208
0.927077
0.854137
1.28505
1.11967
0.913991
1.1483
0.802213
1.31611
0.997751
0.809249
0.915376
0.9127
0.976484
1.14572
0.910473
1.06447
1.06017
1.32653
1.10342
0.975476
1.08216
0.930868
1.09077
0.868117
0.711513
0.843052
0.866476
1.13111
1.18717
0.845886
0.989262
0.971025
1.14408
1.03854
0.964069
0.775272
1.03073
0.919965
1.11947
1.11866
0.861603
0.985999
1.20821
1.02463
1.13169
0.952086
1.30976
1.19023
0.986211
1.23142
1.30231
0.962468
1.03435
1.10565
0.610467
1.12706
1.06089
1.18284
0.934075
1.00308
0.965031
1.05501
1.39218
1.15387
0.837247
1.43684
1.02174
0.766784
1.14922
1.18044
0.826075
1.16631
1.31111
0.89599
1.19178
1.20055
0.833574
1.06321
0.939814
1.02058
1.397
1.13606
0.975002
1.17865
1.83009
1.11699
0.845859
0.950929
1.04965
0.902345
0.863201
0.944556
1.01157
0.932276
1.13087
1.07782
1.07173
1.01535
1.38262
0.988172
1.37529
1.18856
0.95348
1.10192
1.00218
0.902397
1.03345
1.10421
1.13976
1.48776
1.04841
1.17149
1.04817
1.21574
1.34259
1.05872
0.776165
1.3382
0.881132
1.10142
0.948359
1.29948
1.2513
0.863838
1.35038
0.981057
1.31404
1.35328
0.850892
1.01481
1.27232
1.08992
0.976592
1.01912
0.842094
1.17858
1.27229
1.3493
0.9558
1.02251
1.04043
1.03286
1.11526
0.796483
0.922062
0.771495
1.34112
1.10617
1.36786
0.839481
1.47598
1.30614
0.845368
1.12688
0.992312
1.22052
1.25707
1.33665
1.34509
1.2493
1.1897
0.948588
0.871114
1.04636
1.16242
1.21616
0.939116
0.962935
1.20507
1.16465
1.064
0.7746
0.925056
1.15456
0.999333
1.05148
0.893244
1.2377
0.960495
0.745876
1.16299
1.07974
0.701418
1.10181
1.09959
1.14668
1.26245
1.20252
1.11677
0.849845
0.789413
1.03242
1.18884
0.799715
1.20739
0.957566
1.08896
1.04351
1.11768
1.34925
1.0185
0.991342
0.914955
1.18963
0.845342
0.975798
1.20529
1.08699
1.34349
0.692056
1.2888
1.18454
1.24897
1.21946
0.905075
1.09764
0.871297
0.860456
0.926044
0.701319
1.11794
1.20035
1.12769
1.56856
1.05607
0.891148
0.904883
0.948638
0.721876
1.03431
0.711799
0.72614
1.37262
0.884936
1.18661
1.19664
0.870023
1.11446
0.801852
1.14148
1.05596
1.17494
0.935262
1.04592
1.20666
1.02759
1.14746
1.17979
0.926084
0.925853
1.143
1.06742
1.00208
1.16612
0.937918
1.04167
1.27377
0.940268
0.93356
1.02097
0.90432
1.02175
0.997309
0.952992
0.930278
0.993565
1.14321
1.16811
0.76597
1.10117
1.03861
0.928381
1.11056
0.987468
1.14256
0.966029
0.886776
1.25831
1.10932
0.77284
1.34636
1.12003
1.08976
0.989749
0.873507
1.02114
1.06301
0.945485
1.07973
1.14068
1.1426
0.935597
1.23152
0.791356
0.953129
1.23137
1.4377
0.939965
1.0903
0.844562
1.33765
1.07095
1.27175
0.966237
0.858565
1.05483
0.93344
0.975619
0.721059
0.943122
1.18234
1.40537
0.867716
1.20514
0.923876
0.780137
1.11652
1.00672
1.15653
0.841324
0.881923
1.02476
1.32758
1.07456
0.84549
0.969915
1.10881
1.02127
0.844087
1.14929
1.19231
0.82928
1.06704
1.25766
0.945899
0.9382
1.16079
1.04161
1.09404
0.978522
0.926421
1.07543
0.925955
1.14971
0.888652
1.49069
1.02984
1.09912
1.16405
1.12002
1.20207
1.20029
1.19234
1.15285
1.04757
1.04067
0.990683
0.936822
1.0283
1.02734
0.853231
1.04777
1.0556
0.951494
0.815433
0.945335
1.13105
1.04596
1.11889
1.01001
1.0758
0.90179
0.783131
1.13092
0.8903
0.936068
0.830936
0.862563
1.18243
0.734463
1.06047
1.17213
0.912776
0.858917
1.23221
0.869424
1.12052
0.862935
1.4332
1.11202
0.882537
1.00575
0.784924
1.13482
0.953235
1.08918
1.25379
0.900246
0.982195
0.987881
1.10205
0.918998
0.880742
0.950134
1.15287
0.957684
1.18301
0.892552
0.866771
0.74363
1.11877
1.03547
0.97875
1.17412
0.922124
1.53631
0.705708
0.967645
1.24299
0.887061
0.864188
0.852455
0.875759
1.01517
0.884639
1.11362
0.951849
1.30099
1.06632
1.19665
1.04467
1.166
1.26562
0.809257
1.05744
0.846293
0.802482
1.20436
1.3101
0.849164
0.926875
0.706181
0.877807
0.871517
0.9952
1.19786
1.28038
0.613092
1.0724
1.4669
0.903373
0.787035
0.843244
1.08526
1.13082
1.12944
1.05515
1.11155
0.868118
1.05217
0.732566
0.958218
1.00431
1.09529
1.04797
1.09365
1.04263
0.901632
1.02343
0.748428
0.971158
0.985152
0.966445
0.947855
1.08109
0.974288
1.5841
1.06056
0.785211
0.908112
1.45573
0.853511
0.916903
1.04018
1.09486
1.18302
1.05492
0.748045
0.913236
1.12703
0.913003
0.738898
0.835146
0.961042
1.08198
1.00255
1.00251
0.9982
0.957422
1.04695
1.15025
1.2176
0.908598
1.08134
1.28994
1.01445
1.26854
1.2321
1.02455
1.07505
1.08898
1.14614
0.853502
1.24822
0.921725
0.726039
1.20253
0.853241
1.08402
1.00538
1.18365
1.22247
0.947293
1.00487
1.15703
1.12238
0.886878
0.84865
1.02699
0.841302
1.03042
0.88654
1.30751
1.31715
0.986564
0.912552
1.1774
1.01102
0.945027
1.3399
1.28214
0.927993
0.791874
1.04289
1.02418
0.830029
1.18927
1.27028
0.802596
1.0409
1.11105
1.02489
1.25516
0.96144
1.24358
1.18148
0.821644
1.05862
1.02099
1.30591
1.22247
1.08264
1.11023
1.05877
0.78825
1.15057
1.09788
1.08802
0.800973
1.01601
0.747843
1.15741
0.948439
0.840773
1.10504
1.30177
1.06479
0.987751
1.11321
0.995824
1.19222
0.999456
1.34151
1.08144
1.32791
1.36263
1.24828
1.02194
0.995701
1.2096
1.1136
1.63077
1.01016
0.975887
0.898673
1.13322
1.09312
1.02906
1.10319
0.948246
0.711359
1.13352
1.42524
0.945989
1.07375
1.14987
1.02762
0.859531
1.17915
0.906632
1.25376
0.59084
1.12422
0.773693
0.833616
1.13492
1.1227
0.691331
0.995902
1.0889
0.98847
0.826391
1.02709
1.08949
0.935993
0.950188
1.09666
0.828864
0.927253
1.11123
1.07182
0.904472
1.16341
1.04523
1.25458
1.05437
1.25268
1.03752
1.03629
1.09705
0.825796
0.864385
0.958546
0.857493
1.12628
1.01415
0.886205
1.47417
0.88772
0.781226
1.02969
0.897698
1.06382
0.99653
0.922616
1.37211
0.99577
1.04685
0.677817
1.17792
0.922506
0.950079
1.02069
1.04992
0.776631
1.01546
0.944864
1.08011
1.31486
0.921319
1.31519
1.29698
0.985452
0.840341
1.00992
1.03113
1.03575
0.93018
0.950853
0.860876
0.739146
1.22342
1.03097
0.881699
0.915503
0.934566
0.87082
1.09958
1.04338
1.20812
0.871815
1.16625
1.03092
0.931106
1.17669
0.836184
1.03522
0.938734
1.03465
1.32236
1.44869
1.02636
1.04271
0.9634
1.65704
0.804877
0.978521
0.949657
0.889268
1.19118
1.27265
1.11905
1.24193
1.08269
1.4347
1.25473
1.20395
0.913343
1.12816
0.841958
1.64631
1.23132
0.891114
1.18394
1.17988
0.993561
1.20791
1.11429
0.938553
0.848772
0.718833
1.17745
0.98078
0.914464
1.14871
0.929085
0.861444
1.25408
1.11146
1.45854
1.27849
1.19333
1.28427
0.895983
0.814224
1.06642
1.00464
1.04686
1.1278
1.07868
1.27592
1.07787
1.00995
0.846702
1.00884
0.829575
1.38278
0.991599
1.13046
0.987861
0.84282
1.12266
1.01679
1.42928
1.11027
1.27742
0.896266
0.857205
1.10549
1.07015
0.971756
1.03662
1.14943
1.04254
0.886296
1.14776
1.187
1.13946
0.934999
1.01216
1.10473
0.774461
0.922128
0.889453
0.981705
1.21926
0.907387
0.90768
1.07896
0.898705
0.950167
1.01351
0.943634
1.26274
0.980294
0.793287
1.42428
1.37392
1.22719
0.959402
1.03605
1.20942
1.15659
1.0845
0.791577
1.17537
0.982733
0.978124
0.965616
1.10291
1.06812
1.40103
0.846544
0.803579
1.29945
0.810182
1.2262
0.964646
0.905134
1.02412
1.03525
0.881646
1.00183
1.20849
1.0571
1.04246
0.960763
0.750807
1.02067
1.33473
0.941202
1.07845
1.19477
1.22064
1.01668
0.947128
0.993691
0.979984
1.05235
0.811095
0.938358
1.04386
1.05135
1.10954
1.23407
1.13957
1.1778
0.928726
0.838309
0.893766
1.37855
0.990651
1.53743
1.16099
0.843756
0.79286
0.90862
0.993795
0.728913
1.00378
1.12772
1.05524
0.926495
1.05881
1.28961
0.950748
0.98959
0.966468
1.27864
1.10761
1.0747
0.754915
0.875482
1.38705
1.05208
1.11114
0.916671
1.22837
1.01127
0.931405
1.09039
0.916731
1.03646
1.07204
1.19618
1.09274
1.16423
0.889086
1.11784
1.09783
0.971443
1.0802
0.799501
0.986954
1.10231
0.802667
0.842167
1.12684
1.08898
1.04375
0.845003
1.00659
0.893004
1.10144
1.12773
1.37312
0.789467
1.08418
1.38311
1.16356
1.24097
1.06091
0.952003
0.802539
0.869501
0.83024
0.769829
0.863594
1.29619
1.16403
0.945496
0.981602
1.21345
1.04732
0.825572
1.06844
1.13206
0.921934
0.948208
0.712796
1.17259
0.818119
1.10879
0.785941
1.09745
1.22062
1.24665
0.905726
1.53004
0.990243
0.79667
1.14479
1.16651
1.24637
1.20151
0.713293
1.18738
1.21415
0.808982
1.30983
1.26282
1.18953
0.965756
0.913364
1.24212
1.3216
0.984711
0.789495
1.10011
1.20752
0.850933
1.00686
1.19481
1.22545
0.98073
1.058
1.21073
0.821846
1.01512
0.974624
0.936016
0.825538
0.986505
0.81913
1.07185
0.986051
1.01341
0.900478
0.767585
1.09975
1.05925
0.84752
1.22196
1.1517
1.12463
0.853615
1.20866
0.928215
0.818225
1.34581
1.53242
1.3176
1.41532
1.08582
0.999576
0.962452
0.990893
1.01825
0.824207
1.09061
0.934868
0.890222
1.24713
1.07662
0.939402
1.14248
0.800181
1.29358
1.00823
0.784215
0.936416
0.9127
0.976488
1.19437
0.974342
1.07562
1.06017
1.28749
1.16764
1.01056
1.08216
0.978362
1.11221
0.950901
0.745507
0.843052
0.887537
1.16093
1.20817
0.857324
0.992494
0.962005
1.14408
1.03854
0.980461
0.797335
1.02677
0.984579
1.11948
1.13713
0.861608
0.986015
1.23237
1.02463
1.10176
0.955712
1.35624
1.24119
1.00012
1.23142
1.26959
0.968533
1.05151
1.13543
0.622701
1.20674
1.05672
1.22376
0.922592
0.963321
1.00533
1.05501
1.49653
1.15185
0.857641
1.44116
1.05448
0.766788
1.16578
1.18045
0.829082
1.21324
1.32136
0.857213
1.21266
1.21671
0.977871
1.06322
0.939818
1.05069
1.44865
1.13584
0.975002
1.18997
1.89978
1.12236
0.845219
0.975276
1.06071
0.978887
0.880164
0.944557
1.09946
0.995149
1.16944
1.09234
1.09192
1.04069
1.3681
1.00407
1.30122
1.20897
0.941048
1.10294
1.0186
0.932317
1.14824
1.10421
1.13625
1.43616
1.0786
1.16524
1.06944
1.27559
1.38425
1.08905
0.794107
1.37961
0.928277
1.11982
0.964976
1.29948
1.39477
0.883714
1.38703
0.981061
1.31404
1.34053
0.850892
1.08636
1.37154
1.08992
1.01842
1.03164
0.8619
1.20511
1.30419
1.40543
0.979109
0.981232
1.10074
1.04246
1.09856
0.841473
0.982897
0.750723
1.43346
1.12524
1.42199
0.872446
1.4536
1.37463
0.85462
1.12689
0.994545
1.22053
1.25275
1.3655
1.36746
1.28837
1.16374
0.948209
0.871114
1.03483
1.25914
1.23942
0.982523
1.00601
1.23023
1.17199
1.14844
0.796261
1.00574
1.17473
1.06087
1.1263
0.903505
1.21601
0.961495
0.759134
1.15795
1.07975
0.742984
1.10182
1.11743
1.2681
1.24628
1.28766
1.18912
0.855847
0.815321
0.997797
1.20801
0.868293
1.15682
0.971388
1.1715
1.04352
1.08094
1.36471
1.03602
0.990522
0.911952
1.2038
0.829076
0.994201
1.30213
1.09144
1.35381
0.70403
1.34381
1.18454
1.24898
1.26428
0.90503
1.13066
0.871298
0.860309
0.97697
0.701321
1.15441
1.27121
1.13379
1.57149
1.05771
0.897861
0.904887
0.948643
0.704785
1.13621
0.744804
0.727351
1.35247
0.907964
1.10636
1.1803
0.835867
1.14945
0.79415
1.18533
1.03224
1.18231
0.9192
1.04117
1.26456
1.0305
1.13121
1.15004
0.958658
0.931967
1.1194
1.08679
1.00208
1.15413
0.957824
1.04167
1.27377
0.924608
1.00952
1.04359
0.90449
1.03655
0.98916
0.970542
0.913625
1.02633
1.14904
1.24998
0.765933
1.07905
1.02266
0.968933
1.14962
1.05279
1.14256
1.0094
0.907968
1.31548
1.08653
0.802847
1.39782
1.17393
1.10398
1.00705
0.937027
1.05498
1.06301
0.945487
1.16156
1.14068
1.20374
1.0216
1.23085
0.784981
0.953114
1.35758
1.44072
0.986996
1.09663
0.850163
1.33765
1.11599
1.28739
0.965064
0.892854
1.04922
0.944107
0.95793
0.717144
0.943122
1.13646
1.40537
0.908644
1.29666
0.963541
0.791968
1.17107
1.02922
1.13166
0.897998
0.890505
1.11871
1.33433
1.06791
0.883306
1.03952
1.14918
1.0921
0.857123
1.20935
1.25759
0.818511
1.12952
1.25766
0.940227
0.928507
1.27174
1.02952
1.11779
1.01399
0.935439
1.13068
0.935957
1.22832
0.90279
1.51336
1.05262
1.09395
1.16405
1.15738
1.21384
1.14044
1.17517
1.19068
1.04757
1.09005
0.992171
0.985567
1.14095
1.06498
0.875071
1.1884
1.0556
0.950389
0.789071
0.964293
1.15224
1.06364
1.10018
0.962871
1.0788
0.91387
0.832113
1.2411
0.906046
0.936071
0.833322
0.919147
1.20878
0.734464
1.06047
1.19774
0.912776
0.921865
1.25822
0.906334
1.14475
0.873326
1.40853
1.16663
0.921086
1.01296
0.783006
1.15661
0.987817
1.0881
1.2538
0.89475
1.00725
1.00765
1.1298
1.0199
0.881873
0.948693
1.15287
0.982905
1.18301
0.948384
0.853357
0.741681
1.16622
1.01672
0.986648
1.19513
0.942993
1.63143
0.750514
0.96765
1.20699
0.911302
0.855884
0.852455
0.896801
1.02085
0.884639
1.15603
0.951916
1.30101
1.11258
1.16976
1.02774
1.21628
1.26562
0.809258
1.02732
0.868673
0.802482
1.29508
1.39894
0.879571
0.945355
0.719191
0.883466
0.871406
1.01417
1.25471
1.27776
0.6474
1.09666
1.46051
0.918342
0.789181
0.978197
0.983539
1.1577
1.16871
1.06526
1.11155
0.910711
1.09887
0.733738
0.958221
1.06254
1.15819
0.994972
1.08638
1.04263
0.908868
1.08868
0.748428
0.971158
1.03866
1.01108
0.985339
1.08577
0.974288
1.61044
1.13404
0.818012
0.908112
1.45184
0.910177
0.916903
1.11556
1.19227
1.19896
1.00619
0.748045
0.913239
1.21973
0.961668
0.73362
0.857423
0.961044
1.08199
0.978406
0.995843
1.04617
0.964974
1.06408
1.16757
1.23131
0.936337
1.12166
1.29149
1.02143
1.38898
1.30696
0.979125
1.07223
1.15295
1.15784
0.853502
1.28371
0.931474
0.734897
1.21286
0.858533
1.08996
1.00539
1.20769
1.22247
0.953339
1.03277
1.15703
1.14219
0.895335
0.844619
1.07319
0.917215
1.02523
0.868774
1.34665
1.34901
1.02616
0.907955
1.17738
1.02241
0.942009
1.34547
1.28099
0.955067
0.820127
1.1227
1.03282
0.85897
1.18928
1.12055
0.810398
1.08612
1.11114
1.01137
1.22981
1.0101
1.23283
1.20646
0.821644
1.08469
1.01034
1.33301
1.24906
1.08264
1.11851
1.07834
0.797796
1.20019
1.10437
1.08802
0.817085
0.984388
0.752564
1.22387
0.948319
0.873874
1.17221
1.34713
1.0648
1.07841
1.12436
1.02937
1.19519
1.01025
1.38598
1.1086
1.35764
1.36086
1.24829
1.03046
1.04504
1.22891
1.09778
1.73666
1.01017
1.0057
0.891009
1.13322
1.05322
1.09509
1.10362
0.985544
0.714451
1.20568
1.49572
0.964177
1.16548
1.09466
1.01932
0.859541
1.17915
0.898057
1.25376
0.597525
1.2009
0.82956
0.833616
1.13493
1.15067
0.69147
0.994058
1.13737
1.01263
0.828396
1.04404
1.1353
0.950025
0.966086
1.10808
0.890032
1.01325
1.09781
1.20655
0.915908
1.18651
1.08711
1.30684
1.07873
1.24899
1.02962
1.04911
1.10199
0.825798
0.900835
0.998811
0.870928
1.22104
1.01416
0.906044
1.57049
0.88772
0.783905
1.06369
0.929967
1.06382
0.998778
0.936333
1.36875
1.0134
1.08176
0.67867
1.17792
0.906408
1.02105
1.03377
1.06842
0.782012
1.02505
0.951314
1.10169
1.32527
0.832186
1.30911
1.38686
0.959565
0.82113
1.00992
1.03393
1.09901
1.00511
0.954796
0.875496
0.826633
1.23717
1.04236
0.89428
0.915503
0.986658
0.870671
1.09959
1.02202
1.21887
0.871815
1.2199
1.08195
0.919984
1.0829
0.894101
1.05
0.988705
1.10498
1.28584
1.39199
1.02636
1.0918
0.990248
1.75409
0.831108
1.04178
1.06014
0.918644
1.21826
1.27265
1.17487
1.24781
1.08269
1.4347
1.25474
1.26619
0.99141
1.13321
0.869751
1.64631
1.20974
0.96584
1.16687
1.17988
0.980409
1.14578
1.11429
0.92199
0.932832
0.758585
1.18271
0.980783
0.939976
1.21036
0.929087
0.893884
1.25408
1.05755
1.48269
1.3517
1.24605
1.28428
0.895986
0.811134
1.06681
1.0335
1.08513
1.19997
1.06455
1.30921
1.1141
1.00468
0.846764
1.04691
0.828945
1.4378
0.997081
1.13329
0.99229
0.877315
1.13578
1.01752
1.38204
1.12635
1.27534
0.952675
0.873425
1.10549
1.10646
0.971757
1.06493
1.17195
1.08766
0.956525
1.17272
1.25694
1.13946
0.94864
1.02644
1.14358
0.862016
1.00854
0.899075
1.02076
1.2806
0.95956
0.925041
1.07659
0.906547
1.04308
1.01351
0.967229
1.29641
1.00745
0.792338
1.52214
1.41009
1.25632
0.935836
1.20907
1.29642
1.07804
1.11212
0.791581
1.36048
1.00248
1.1058
0.980878
1.07752
1.06812
1.37083
0.833463
0.824464
1.34953
0.85063
1.26342
0.98623
0.906334
1.06977
1.06032
0.910343
1.00183
1.2979
1.00691
1.04246
0.949736
0.750811
1.18541
1.36839
0.955118
1.07845
1.28003
1.21166
1.05462
0.947128
0.995289
0.979986
1.05235
0.810932
0.998272
1.04986
1.14005
1.16559
1.27159
1.16424
1.12546
0.928727
0.838311
0.89377
1.48449
0.990657
1.54313
1.21524
0.839304
0.8034
0.913522
0.993796
0.719662
1.00501
1.10741
1.05685
0.937689
1.05662
1.28816
0.970047
1.0071
1.01033
1.19414
1.15972
1.0747
0.784777
0.928661
1.38958
1.05208
1.16727
0.96067
1.22958
1.00884
1.00796
1.0835
0.904042
1.03647
1.12521
1.19618
1.10592
1.20078
0.928849
1.21285
1.10823
0.972377
1.09911
0.809832
1.0069
1.09173
0.805176
0.860184
1.17906
1.10433
1.04375
0.858882
0.999244
0.945209
1.10144
1.178
1.4032
0.7873
1.1793
1.45515
1.18909
1.27926
1.02194
0.918316
0.821971
0.869501
0.966651
0.769211
0.870798
1.25463
1.16403
0.964288
1.07274
1.21345
1.04732
0.802363
1.08083
1.1339
0.917131
1.00861
1.25263
1.63575
1.36905
1.69504
1.28536
1.76182
1.9693
1.77008
1.65643
2.16917
1.65026
1.27481
1.84949
1.82694
2.01376
1.72371
1.27685
2.03925
1.89045
1.3057
1.93517
1.88448
1.82827
1.51321
1.55175
1.9202
1.78964
1.54058
1.41639
1.68003
1.89895
1.52068
1.65874
1.84633
2.02375
1.65341
1.70863
2.10295
1.31822
1.68633
1.52882
1.44071
1.61924
1.81
1.58973
1.68853
1.70043
1.41579
1.42875
1.48344
1.59042
1.69664
1.34325
1.90879
1.77179
1.82799
1.65516
1.7922
1.47308
1.34152
2.16354
2.18757
1.83715
1.9849
1.59951
1.74916
1.57312
1.61582
1.77689
1.23673
1.52443
1.66431
1.51539
1.7992
1.62997
1.4052
1.83313
1.37865
1.90668
1.51655
1.41902
1.51273
1.59113
1.48104
1.70868
1.65557
1.53172
1.90573
1.92191
1.77197
1.6934
1.58895
1.59152
1.88178
1.44641
1.29154
1.61178
1.49176
1.95397
1.54712
1.39204
1.7523
1.59143
1.90876
1.76971
1.49338
1.38777
1.6746
1.48643
1.76715
1.64826
1.33693
1.60431
1.67957
1.59036
1.70515
1.36095
1.97571
1.90397
1.52114
2.21515
1.98386
1.65538
1.82371
1.70266
1.06469
1.72617
1.58439
1.8144
1.43421
1.524
1.58815
1.60934
2.25901
1.91547
1.43739
2.3591
1.58379
1.45917
1.83804
1.99137
1.46153
1.83655
2.07687
1.42644
2.07701
1.88058
1.4802
1.64015
1.78289
1.70084
1.9687
1.72388
1.55538
1.75047
2.92058
1.91869
1.48059
1.62101
1.61088
1.37395
1.39864
1.61529
1.73894
1.48334
1.82905
1.82585
1.66116
1.50714
2.17191
1.54045
2.19419
1.91766
1.54321
1.75672
1.45799
1.47906
1.65764
1.85996
1.73336
2.09928
1.72879
1.95813
1.7313
1.81789
1.89951
1.58623
1.35601
2.3345
1.42731
1.95004
1.53156
2.00149
1.96698
1.69791
2.15071
1.64036
2.14056
1.97052
1.46081
1.60869
1.88574
1.64199
1.59129
1.52345
1.43058
1.85133
1.84306
2.02057
1.57901
1.60971
1.59809
1.72861
1.68888
1.20848
1.40414
1.3517
2.04845
1.6428
2.16605
1.4637
2.11086
2.01003
1.33518
1.8543
1.64898
1.98612
2.04834
1.94692
2.33765
2.02801
1.77908
1.45966
1.58034
1.80158
2.11993
1.68613
1.80546
1.638
1.81274
1.901
1.76727
1.42179
1.67046
1.87681
1.68493
1.69863
1.39866
1.88928
1.38989
1.2195
2.02195
1.87529
1.19683
1.60373
1.74581
1.80519
1.97805
1.7474
1.87108
1.49931
1.28019
1.59573
1.81024
1.52551
1.78679
1.5601
1.71897
1.63713
1.61373
2.08206
1.65348
1.46607
1.56373
1.90264
1.4335
1.63293
1.9051
1.64953
2.09898
1.23324
1.96095
1.96316
1.94034
1.79434
1.3728
1.51986
1.40285
1.43419
1.58875
1.32271
1.8351
1.97194
1.73141
2.20343
1.60181
1.42097
1.51583
1.43247
1.17547
1.71334
1.17319
1.26631
2.00417
1.42284
1.62697
1.86137
1.44251
1.87576
1.46026
1.71004
1.66071
1.80276
1.42903
1.71432
1.85134
1.58181
1.7745
1.65284
1.67688
1.44805
1.79931
1.80535
1.56725
1.90178
1.49836
1.54736
1.97628
1.48414
1.46927
1.7115
1.5655
1.78557
1.81524
1.55769
1.386
1.62166
1.79614
1.77065
1.27477
1.63492
1.71539
1.76763
1.71941
1.72311
1.95573
1.56265
1.49521
2.0009
1.62033
1.39064
2.10388
1.64013
1.97715
1.62746
1.47909
1.59967
1.73176
1.52295
1.69924
1.73411
1.81756
1.54608
1.82763
1.30595
1.45897
2.00944
2.30198
1.3976
1.66271
1.65632
2.14483
1.67417
2.00378
1.66735
1.57231
1.53882
1.44352
1.67058
1.24666
1.73496
1.84708
2.18363
1.51283
1.88718
1.55241
1.50312
1.8961
1.57903
1.60444
1.49193
1.5028
1.73785
2.22827
1.63516
1.42602
1.69696
1.71132
1.64322
1.40957
1.80016
1.87098
1.4239
1.78018
2.00399
1.49423
1.57248
1.9325
1.56201
1.72344
1.76642
1.40134
1.63
1.51359
1.81793
1.41316
2.35967
1.6136
1.70384
1.81872
1.89925
1.8659
1.73069
1.90922
1.54999
1.831
1.76163
1.66209
1.52493
1.9468
1.65689
1.32768
1.74396
1.69204
1.61927
1.47904
1.5157
1.82388
1.76391
1.76537
1.66688
1.87032
1.5022
1.19699
1.74567
1.58967
1.67017
1.34657
1.30776
1.8758
1.23641
1.80102
1.96363
1.49891
1.35172
1.96545
1.65598
1.80708
1.30713
2.13492
1.70369
1.35156
1.5019
1.33656
1.84525
1.39521
1.71778
1.97251
1.41701
1.67873
1.66817
1.90434
1.50492
1.31462
1.47538
1.7969
1.70907
1.94855
1.66484
1.39685
1.45709
1.69146
1.55696
1.55475
1.92298
1.49319
2.5467
1.21885
1.56664
1.88083
1.45733
1.3547
1.44047
1.43428
1.52763
1.5589
1.91549
1.39305
1.88617
1.66985
1.8094
1.43296
1.75765
2.18284
1.25589
1.55915
1.39645
1.3999
1.85644
2.04034
1.55347
1.47011
1.3041
1.48584
1.49898
1.54046
1.94499
1.95583
1.20358
1.94147
2.11031
1.57556
1.5177
1.2973
1.80813
1.70621
1.7779
1.69499
1.69883
1.41647
1.64829
1.24588
1.66499
1.51836
1.68667
1.60612
1.6129
1.55699
1.61509
1.65686
1.26953
1.70375
1.59735
1.62983
1.5552
1.75118
1.50837
2.50779
1.6315
1.36801
1.91039
2.3362
1.31826
1.4807
1.60641
1.90628
2.0314
1.52207
1.22555
1.49013
1.76014
1.52666
1.31814
1.35729
1.7281
1.80173
1.62908
1.54822
1.87372
1.532
1.66495
1.88575
1.97693
1.49172
1.74162
1.97739
1.66904
1.9386
1.82528
1.59025
1.80355
1.7519
1.68771
1.42247
1.98951
1.53256
1.26169
1.91921
1.35432
1.65038
1.61061
1.8508
1.89013
1.42998
1.51602
1.77583
1.68407
1.28244
1.43802
1.69786
1.64402
1.71958
1.40423
1.81145
2.03202
1.80487
1.44655
2.03662
1.48389
1.46304
1.95248
2.00531
1.51473
1.19973
1.64371
1.74273
1.40362
1.69623
1.93877
1.2697
1.62389
1.6608
1.6092
1.75975
1.66183
2.08492
1.83105
1.52649
1.87568
1.57635
2.12793
1.79146
1.83505
1.98819
1.546
1.30966
1.86719
1.72506
1.87799
1.40635
1.7458
1.40542
1.96885
1.45116
1.43264
1.6711
1.84117
1.92261
1.54427
1.6757
1.63247
1.76484
1.48803
2.13918
1.60866
2.1448
1.99096
1.94677
1.81675
1.6293
2.17914
1.55068
2.563
1.52098
1.50793
1.47935
1.72304
1.6871
1.80184
1.98657
1.50782
1.33832
1.85295
2.15282
1.51863
1.56308
1.62682
1.58257
1.61878
1.7755
1.50122
2.3254
1.15157
1.66921
1.42997
1.44343
1.77529
1.71942
1.33618
1.65756
1.67127
1.65353
1.37447
1.59972
1.62707
1.47446
1.39891
1.7817
1.32923
1.42471
1.84307
1.8913
1.46439
1.69448
1.72475
1.87998
1.74643
2.06219
1.53711
1.82459
1.58161
1.46456
1.47846
1.41975
1.27965
1.81554
1.52943
1.59154
2.45034
1.68684
1.34558
1.60936
1.46843
1.78055
1.49185
1.6313
2.01159
1.69524
1.5479
1.31621
1.95644
1.56096
1.43176
1.56687
1.54349
1.25287
1.6378
1.54425
1.67098
1.93858
1.38909
2.16516
2.18301
1.48668
1.30598
1.83797
1.89364
1.81409
1.60419
1.50061
1.43842
1.34962
1.79635
1.60523
1.42554
1.42555
1.69389
1.48716
1.6856
1.69399
1.96429
1.41593
1.97017
1.75549
1.48385
1.70379
1.45632
1.65455
1.44433
1.8485
2.00303
2.04878
1.63315
1.75607
1.56447
2.88411
1.32535
1.47304
1.58637
1.44641
1.76749
2.03522
1.92534
1.98727
1.54289
2.08578
1.89559
1.82283
1.51051
1.69939
1.26066
2.74789
1.88271
1.6201
1.65824
1.90995
1.73859
1.7761
1.77267
1.43314
1.31572
1.33793
2.03969
1.60834
1.42374
2.00154
1.60553
1.37616
1.82277
1.78105
2.2315
2.01214
1.82031
2.04405
1.6127
1.43475
1.62352
1.55019
1.67478
1.71847
1.60118
1.83831
1.62847
1.47551
1.29211
1.53557
1.37179
2.01658
1.48879
1.63322
1.66848
1.21768
1.71012
1.5939
2.14542
1.77491
1.98089
1.33866
1.45718
1.77173
1.75737
1.50497
1.66128
1.92227
1.75921
1.39383
1.85212
1.98767
1.79508
1.56254
2.02234
1.66159
1.34161
1.36532
1.62707
1.61634
1.98745
1.3271
1.2878
1.93404
1.32415
1.59824
1.64929
1.58644
1.94473
1.43222
1.31128
2.12011
2.02513
1.88205
1.43519
1.48939
1.81058
1.85275
1.73934
1.34437
2.03411
1.58992
1.65139
1.44599
1.77016
1.69774
2.08372
1.45571
1.26074
1.91804
1.35348
2.04143
1.46077
1.63827
1.58703
1.81642
1.41802
1.74592
2.07475
1.68726
1.62655
1.47423
1.33696
1.62341
1.86178
1.49849
1.80261
1.85461
1.7317
1.67119
1.5354
1.60571
1.56425
1.77043
1.54307
1.50907
1.59766
1.77895
1.91527
1.67301
1.76919
1.91248
1.49231
1.37078
1.43307
2.13545
1.55088
2.22611
2.04883
1.35005
1.33007
1.65029
1.67675
1.32193
1.68787
1.7869
1.55271
1.5531
1.70958
1.99232
1.5628
1.5799
1.54971
2.06008
1.95363
1.76636
1.43535
1.56588
2.13011
1.70519
1.86103
1.50391
1.95117
1.60644
1.60936
1.73076
1.50147
1.66838
1.66299
1.74577
1.64865
1.72141
1.41662
2.01499
1.65509
1.51336
1.69701
1.36237
1.48049
1.76061
1.4662
1.35518
1.91669
1.68308
1.74916
1.40037
1.66248
1.54561
1.82433
1.83059
1.79913
1.30375
1.643
2.23526
1.68215
1.90687
1.94902
1.42504
1.39931
1.6783
1.51052
1.23939
1.36049
1.77275
1.86954
1.59006
1.6265
1.83555
1.56568
1.32992
1.60142
1.89692
1.56542
1.41788
0.727854
1.25761
0.858725
1.16382
0.87572
1.19279
1.40719
1.35173
1.03671
1.67975
1.06016
0.868369
1.3025
1.25699
1.3686
1.25126
0.761365
1.29139
1.37279
0.87482
1.44189
1.34077
1.30572
1.0019
1.02836
1.32776
1.36741
1.12817
0.822977
1.21425
1.37874
0.942376
1.04729
1.18897
1.21651
1.0963
1.11572
1.30196
0.862372
1.08606
0.968345
1.07328
0.880373
1.17543
0.879373
1.16129
1.05748
1.10871
1.02244
0.938281
1.1626
1.16512
0.966302
1.36912
1.23208
1.2571
0.955544
1.29436
1.02876
0.8979
1.39874
1.54223
1.25211
1.54598
1.15805
1.11021
0.999984
1.15335
1.1489
0.918127
1.10826
1.07676
0.967316
1.35217
1.23345
0.96581
1.31039
0.830029
1.41362
1.10357
0.883265
0.971189
1.0537
1.12063
1.29569
1.08229
1.21008
1.22023
1.40122
1.23706
1.14137
1.1767
1.0694
1.17294
0.926914
0.8157
0.982776
1.00027
1.40246
1.25222
0.972757
1.09106
1.05357
1.3094
1.22106
1.03929
0.867161
1.16695
1.00989
1.31072
1.29759
1.0132
1.08367
1.2955
1.16713
1.27522
1.36095
1.41678
1.36294
1.05951
1.41736
1.38963
1.09635
1.19397
1.28627
0.676963
1.22334
1.14904
1.3372
1.07824
1.15404
1.0767
1.23094
1.56409
1.34246
1.00074
1.63972
1.12523
0.898514
1.27318
1.41002
0.895305
1.28947
1.51553
0.975759
1.42235
1.35064
0.941664
1.20267
1.10081
1.10384
1.50705
1.26489
1.13989
1.29813
2.0462
1.28234
0.952918
0.995926
1.20274
1.03535
0.953408
1.10961
1.18329
1.07562
1.25814
1.19268
1.09123
1.19303
1.6013
1.10316
1.44787
1.3216
1.05364
1.272
1.14987
1.07217
1.10619
1.28298
1.27815
1.43037
1.1581
1.95813
1.15245
1.38512
1.45061
1.23785
0.85115
1.43617
1.05135
1.22588
1.05002
1.49949
1.40416
1.0153
1.61328
1.11928
1.50581
1.4933
0.956778
1.13084
1.41599
1.19911
1.19631
1.13112
0.982657
1.32826
1.45553
1.47424
1.08233
1.1319
1.21106
1.11394
1.17028
0.898913
1.01351
0.829176
1.48978
1.11309
1.48433
0.932077
1.59449
1.51168
0.927303
1.27301
1.05127
1.41723
1.39924
1.41704
1.53518
1.45764
1.2746
1.02439
1.00828
1.19656
1.32664
1.34064
1.13158
1.11319
1.23385
1.29978
1.22469
0.922465
1.17509
1.3054
1.18572
1.21283
0.952249
1.28173
1.0031
0.810152
1.22326
1.23354
0.755137
1.19931
1.26024
1.26803
1.3518
1.29541
1.33474
0.97189
0.896162
1.11191
1.34949
0.935736
1.28066
1.0154
1.23133
1.17718
1.16306
1.49875
1.07511
1.08352
0.976981
1.33773
0.923007
1.06841
1.39833
1.19652
1.56246
0.768223
1.4383
1.36385
1.38178
1.30003
1.04324
1.19467
1.00746
0.978091
1.02504
0.839052
1.26986
1.33952
1.29115
1.71157
1.12675
0.953519
1.02941
1.05958
0.774382
1.13842
0.757389
0.767251
1.48084
0.940803
1.17354
1.31775
0.970004
1.87576
0.876245
1.21594
1.12789
1.19567
1.00249
1.16322
1.37829
1.06634
1.21925
1.33612
1.12469
1.03467
1.30828
1.15794
1.13202
1.32454
1.04096
1.15336
1.46821
1.02007
0.970676
1.06897
0.996481
1.22497
1.14627
1.07632
0.983162
1.04841
1.26655
1.27014
0.815097
1.17962
1.14966
1.02888
1.25517
1.18173
1.31853
1.07002
1.03744
1.42723
1.13414
0.857254
1.50326
1.22155
1.26172
1.09439
0.974717
1.11534
1.20031
1.02912
1.19617
1.24403
1.26426
0.993922
1.35036
0.840434
1.05805
1.44973
1.55268
1.08856
1.17633
0.93826
1.51152
1.17667
1.39899
1.12326
0.952488
1.12957
0.925365
1.07878
0.827294
1.14197
1.26859
1.61722
0.964054
1.39203
1.07788
0.904892
1.25764
1.16081
1.17867
1.00135
0.962864
1.13616
1.45942
1.17799
0.97447
1.17033
1.17025
1.13224
0.914492
1.31256
1.34265
0.922129
1.19807
1.49918
1.10777
0.957757
1.31984
1.10622
1.1644
1.1074
1.01314
1.20577
1.01284
1.31934
0.988254
1.51417
1.09782
1.1751
1.3062
1.28386
1.30177
1.20214
1.28629
1.23728
1.27348
1.17899
1.12592
1.02042
1.17857
1.22981
0.975439
1.09751
1.15648
1.05794
0.929037
1.01224
1.21125
1.15901
1.26962
1.0291
1.23228
0.960151
0.857001
1.25822
1.02812
1.11022
0.965524
0.992305
1.31942
0.782002
1.17682
1.24299
1.07552
0.938499
1.41227
0.968191
1.26269
0.945389
1.61287
1.25889
1.00386
1.03795
0.824032
1.26106
0.99996
1.17401
1.47946
1.0026
1.03722
1.13287
1.20618
1.04951
0.958756
0.995397
1.31897
1.07324
1.32725
1.08963
0.891417
0.887325
1.22495
1.16114
1.05512
1.32221
1.03201
1.75801
0.771229
1.10013
1.32001
1.014
0.88876
0.964757
0.945144
1.11441
1.02783
1.25462
1.08596
1.41544
1.11375
1.33217
1.08647
1.34358
1.53435
0.887121
1.15394
0.987989
0.952737
1.29902
1.42535
1.01079
1.07186
0.764202
1.04008
1.03221
1.04351
1.29757
1.39488
0.736935
1.22971
1.629
1.02572
0.87842
0.938848
1.13326
1.28983
1.25875
1.14741
1.27294
1.01288
1.16319
0.77232
1.12591
1.15845
1.18594
1.119
1.21992
1.14279
1.06118
1.13744
0.866908
1.13631
1.16685
1.09473
1.05826
1.26462
1.06823
1.73234
1.21462
0.872656
1.09546
1.67265
0.968178
1.00138
1.19328
1.22666
1.37184
1.11647
0.837627
1.06418
1.25196
1.01446
0.791346
0.968764
1.14662
1.31028
1.07522
1.12936
1.10573
1.07255
1.12359
1.31855
1.34319
0.993916
1.15946
1.40498
1.03569
1.4991
1.29568
1.07628
1.08827
1.18962
1.24317
0.977215
1.42575
1.11249
0.779598
1.31702
0.910886
1.19511
1.12091
1.26797
1.38686
1.02266
1.07643
1.26335
1.22803
0.989172
0.94695
1.17771
0.966269
1.09923
0.974975
1.4012
1.47622
1.10522
0.981564
1.42343
1.12268
0.998376
1.44536
1.36069
0.961723
0.816943
1.12146
1.17265
0.958993
1.29161
1.31877
0.844432
1.15176
1.24191
1.16007
1.29112
1.07469
1.35904
1.34461
0.915746
1.26959
1.11488
1.42016
1.34419
1.24714
1.29995
1.16295
0.822235
1.29436
1.18951
1.25922
0.904382
1.13305
0.891723
1.40317
0.999497
0.872747
1.24667
1.41661
1.21374
1.10106
1.26447
1.11511
1.22471
1.01084
1.51546
1.12831
1.54741
1.45682
1.36583
1.11344
1.17312
1.37888
1.15626
1.80613
1.12153
1.13428
0.966245
1.25238
1.18647
1.04131
1.24273
1.08493
0.834906
1.24098
1.56662
1.10392
1.26137
1.20444
1.07195
1.04458
1.32098
1.05108
1.51127
0.682156
1.18902
0.931647
0.912293
1.24583
1.2069
1.33618
1.19605
1.21022
1.08877
0.888136
1.10235
1.1245
1.09037
0.951007
1.7817
0.887374
1.05262
1.30608
1.21122
1.03993
1.28102
1.21929
1.40789
1.19907
1.34785
1.10862
1.17535
1.23686
0.987224
0.949124
1.02529
0.959025
1.26906
1.10915
1.07863
1.66899
1.02719
0.806673
1.12083
0.974039
1.25554
1.0896
1.14193
1.53053
1.13773
1.17689
0.73293
1.3581
1.0029
1.07547
1.16981
1.1163
0.814421
1.12578
1.08631
1.2437
1.45313
0.968573
1.49243
1.45847
1.06142
0.834357
1.18967
1.23113
1.22815
1.0752
1.05443
0.985365
0.847809
1.28991
1.10797
0.984758
1.07872
1.12655
1.01529
1.28327
1.15906
1.37011
1.04894
1.3132
1.16982
0.988944
1.21325
0.978044
1.18231
1.03074
1.14963
1.42682
1.3709
1.13675
1.18521
1.08438
1.94354
0.810448
1.06146
1.09568
0.89606
1.28401
1.4917
1.34335
1.3931
1.2045
1.64082
1.4426
1.2957
1.02932
1.20284
0.866373
1.87569
1.28147
1.08108
1.2044
1.38108
1.14918
1.20602
1.21558
1.09195
0.939067
0.737626
1.24198
1.15002
0.965851
1.30286
1.03734
0.959706
1.35517
1.22395
1.58327
1.42114
1.34095
1.45996
0.998804
0.918388
1.16084
1.04645
1.26226
1.27987
1.17755
1.37475
1.219
1.02556
0.907485
1.1676
0.929016
1.42546
1.12219
1.14655
1.08541
0.931033
1.17552
1.0891
1.65048
1.28305
1.46733
1.03829
1.45718
1.23442
1.23153
1.11798
1.11857
1.18794
1.1373
0.983005
1.2907
1.34356
1.32068
1.05289
1.21885
1.14042
0.878176
1.06511
1.0934
1.18139
1.42345
0.97463
0.969001
1.11789
0.922849
1.07967
1.18778
1.03224
1.30514
1.02023
0.933601
1.66036
1.58127
1.27285
1.09106
1.1386
1.31882
1.27174
1.23413
0.950737
1.34258
1.07663
1.10646
1.04891
1.18835
1.23344
1.52088
0.908092
0.895198
1.40466
0.903629
1.42876
1.09664
1.03341
1.20201
1.22836
0.98698
1.10152
1.3055
1.15425
1.1539
1.02059
0.911489
1.18642
1.47097
1.07315
1.26215
1.33586
1.29111
1.11396
1.01323
1.00785
1.12027
1.29039
0.935045
1.09539
1.08683
1.19863
1.2602
1.34362
1.3028
1.25719
1.03282
0.956075
0.966774
1.44906
1.10928
1.61799
1.33546
0.883763
0.901533
1.65029
1.10857
0.793876
1.13536
1.2006
1.14694
0.999551
1.16896
1.41033
1.04878
1.05518
1.10412
1.42176
1.17037
1.21116
0.806341
0.995854
1.40811
1.19831
1.22229
0.975164
1.36215
1.19285
1.07436
1.25891
1.03387
1.0976
1.16207
1.38419
1.21072
1.29221
1.04301
1.24464
1.30152
1.04898
1.19268
0.877341
1.11766
1.28435
0.890408
0.970939
1.2648
1.20329
1.20056
0.918577
1.08605
1.04269
1.26393
1.20164
1.47043
0.890769
1.25343
1.60397
1.22125
1.40579
1.11828
1.04533
0.887576
1.01994
0.88434
0.900639
0.977933
1.33812
1.25339
1.09676
1.0965
1.37501
1.21802
0.903513
1.16983
1.30105
1.07057
1.0231
1.25263
1.63575
1.36905
1.69504
1.28536
1.76182
1.9693
1.77008
1.65643
2.16917
1.65026
1.27481
1.84949
1.82694
2.01376
1.72371
1.27685
2.03925
1.89045
1.3057
1.93517
1.88448
1.82827
1.51321
1.55175
1.9202
1.78964
1.54058
1.41639
1.68003
1.89895
1.52068
1.65874
1.84633
2.02375
1.65341
1.70863
2.10295
1.31822
1.68633
1.52882
1.44071
1.61924
1.81
1.58973
1.68853
1.70043
1.41579
1.42875
1.48344
1.59042
1.69664
1.34325
1.90879
1.77179
1.82799
1.65516
1.7922
1.47308
1.34152
2.16354
2.18757
1.83715
1.9849
1.59951
1.74916
1.57312
1.61582
1.77689
1.23673
1.52443
1.66431
1.51539
1.7992
1.62997
1.4052
1.83313
1.37865
1.90668
1.51655
1.41902
1.51273
1.59113
1.48104
1.70868
1.65557
1.53172
1.90573
1.92191
1.77197
1.6934
1.58895
1.59152
1.88178
1.44641
1.29154
1.61178
1.49176
1.95397
1.54712
1.39204
1.7523
1.59143
1.90876
1.76971
1.49338
1.38777
1.6746
1.48643
1.76715
1.64826
1.33693
1.60431
1.67957
1.59036
1.70515
1.36095
1.97571
1.90397
1.52114
2.21515
1.98386
1.65538
1.82371
1.70266
1.06469
1.72617
1.58439
1.8144
1.43421
1.524
1.58815
1.60934
2.25901
1.91547
1.43739
2.3591
1.58379
1.45917
1.83804
1.99137
1.46153
1.83655
2.07687
1.42644
2.07701
1.88058
1.4802
1.64015
1.78289
1.70084
1.9687
1.72388
1.55538
1.75047
2.92058
1.91869
1.48059
1.62101
1.61088
1.37395
1.39864
1.61529
1.73894
1.48334
1.82905
1.82585
1.66116
1.50714
2.17191
1.54045
2.19419
1.91766
1.54321
1.75672
1.45799
1.47906
1.65764
1.85996
1.73336
2.09928
1.72879
1.95813
1.7313
1.81789
1.89951
1.58623
1.35601
2.3345
1.42731
1.95004
1.53156
2.00149
1.96698
1.69791
2.15071
1.64036
2.14056
1.97052
1.46081
1.60869
1.88574
1.64199
1.59129
1.52345
1.43058
1.85133
1.84306
2.02057
1.57901
1.60971
1.59809
1.72861
1.68888
1.20848
1.40414
1.3517
2.04845
1.6428
2.16605
1.4637
2.11086
2.01003
1.33518
1.8543
1.64898
1.98612
2.04834
1.94692
2.33765
2.02801
1.77908
1.45966
1.58034
1.80158
2.11993
1.68613
1.80546
1.638
1.81274
1.901
1.76727
1.42179
1.67046
1.87681
1.68493
1.69863
1.39866
1.88928
1.38989
1.2195
2.02195
1.87529
1.19683
1.60373
1.74581
1.80519
1.97805
1.7474
1.87108
1.49931
1.28019
1.59573
1.81024
1.52551
1.78679
1.5601
1.71897
1.63713
1.61373
2.08206
1.65348
1.46607
1.56373
1.90264
1.4335
1.63293
1.9051
1.64953
2.09898
1.23324
1.96095
1.96316
1.94034
1.79434
1.3728
1.51986
1.40285
1.43419
1.58875
1.32271
1.8351
1.97194
1.73141
2.20343
1.60181
1.42097
1.51583
1.43247
1.17547
1.71334
1.17319
1.26631
2.00417
1.42284
1.62697
1.86137
1.44251
1.87576
1.46026
1.71004
1.66071
1.80276
1.42903
1.71432
1.85134
1.58181
1.7745
1.65284
1.67688
1.44805
1.79931
1.80535
1.56725
1.90178
1.49836
1.54736
1.97628
1.48414
1.46927
1.7115
1.5655
1.78557
1.81524
1.55769
1.386
1.62166
1.79614
1.77065
1.27477
1.63492
1.71539
1.76763
1.71941
1.72311
1.95573
1.56265
1.49521
2.0009
1.62033
1.39064
2.10388
1.64013
1.97715
1.62746
1.47909
1.59967
1.73176
1.52295
1.69924
1.73411
1.81756
1.54608
1.82763
1.30595
1.45897
2.00944
2.30198
1.3976
1.66271
1.65632
2.14483
1.67417
2.00378
1.66735
1.57231
1.53882
1.44352
1.67058
1.24666
1.73496
1.84708
2.18363
1.51283
1.88718
1.55241
1.50312
1.8961
1.57903
1.60444
1.49193
1.5028
1.73785
2.22827
1.63516
1.42602
1.69696
1.71132
1.64322
1.40957
1.80016
1.87098
1.4239
1.78018
2.00399
1.49423
1.57248
1.9325
1.56201
1.72344
1.76642
1.40134
1.63
1.51359
1.81793
1.41316
2.35967
1.6136
1.70384
1.81872
1.89925
1.8659
1.73069
1.90922
1.54999
1.831
1.76163
1.66209
1.52493
1.9468
1.65689
1.32768
1.74396
1.69204
1.61927
1.47904
1.5157
1.82388
1.76391
1.76537
1.66688
1.87032
1.5022
1.19699
1.74567
1.58967
1.67017
1.34657
1.30776
1.8758
1.23641
1.80102
1.96363
1.49891
1.35172
1.96545
1.65598
1.80708
1.30713
2.13492
1.70369
1.35156
1.5019
1.33656
1.84525
1.39521
1.71778
1.97251
1.41701
1.67873
1.66817
1.90434
1.50492
1.31462
1.47538
1.7969
1.70907
1.94855
1.66484
1.39685
1.45709
1.69146
1.55696
1.55475
1.92298
1.49319
2.5467
1.21885
1.56664
1.88083
1.45733
1.3547
1.44047
1.43428
1.52763
1.5589
1.91549
1.39305
1.88617
1.66985
1.8094
1.43296
1.75765
2.18284
1.25589
1.55915
1.39645
1.3999
1.85644
2.04034
1.55347
1.47011
1.3041
1.48584
1.49898
1.54046
1.94499
1.95583
1.20358
1.94147
2.11031
1.57556
1.5177
1.2973
1.80813
1.70621
1.7779
1.69499
1.69883
1.41647
1.64829
1.24588
1.66499
1.51836
1.68667
1.60612
1.6129
1.55699
1.61509
1.65686
1.26953
1.70375
1.59735
1.62983
1.5552
1.75118
1.50837
2.50779
1.6315
1.36801
1.91039
2.3362
1.31826
1.4807
1.60641
1.90628
2.0314
1.52207
1.22555
1.49013
1.76014
1.52666
1.31814
1.35729
1.7281
1.80173
1.62908
1.54822
1.87372
1.532
1.66495
1.88575
1.97693
1.49172
1.74162
1.97739
1.66904
1.9386
1.82528
1.59025
1.80355
1.7519
1.68771
1.42247
1.98951
1.53256
1.26169
1.91921
1.35432
1.65038
1.61061
1.8508
1.89013
1.42998
1.51602
1.77583
1.68407
1.28244
1.43802
1.69786
1.64402
1.71958
1.40423
1.81145
2.03202
1.80487
1.44655
2.03662
1.48389
1.46304
1.95248
2.00531
1.51473
1.19973
1.64371
1.74273
1.40362
1.69623
1.93877
1.2697
1.62389
1.6608
1.6092
1.75975
1.66183
2.08492
1.83105
1.52649
1.87568
1.57635
2.12793
1.79146
1.83505
1.98819
1.546
1.30966
1.86719
1.72506
1.87799
1.40635
1.7458
1.40542
1.96885
1.45116
1.43264
1.6711
1.84117
1.92261
1.54427
1.6757
1.63247
1.76484
1.48803
2.13918
1.60866
2.1448
1.99096
1.94677
1.81675
1.6293
2.17914
1.55068
2.563
1.52098
1.50793
1.47935
1.72304
1.6871
1.80184
1.98657
1.50782
1.33832
1.85295
2.15282
1.51863
1.56308
1.62682
1.58257
1.61878
1.7755
1.50122
2.3254
1.15157
1.66921
1.42997
1.44343
1.77529
1.71942
1.33618
1.65756
1.67127
1.65353
1.37447
1.59972
1.62707
1.47446
1.39891
1.7817
1.32923
1.42471
1.84307
1.8913
1.46439
1.69448
1.72475
1.87998
1.74643
2.06219
1.53711
1.82459
1.58161
1.46456
1.47846
1.41975
1.27965
1.81554
1.52943
1.59154
2.45034
1.68684
1.34558
1.60936
1.46843
1.78055
1.49185
1.6313
2.01159
1.69524
1.5479
1.31621
1.95644
1.56096
1.43176
1.56687
1.54349
1.25287
1.6378
1.54425
1.67098
1.93858
1.38909
2.16516
2.18301
1.48668
1.30598
1.83797
1.89364
1.81409
1.60419
1.50061
1.43842
1.34962
1.79635
1.60523
1.42554
1.42555
1.69389
1.48716
1.6856
1.69399
1.96429
1.41593
1.97017
1.75549
1.48385
1.70379
1.45632
1.65455
1.44433
1.8485
2.00303
2.04878
1.63315
1.75607
1.56447
2.88411
1.32535
1.47304
1.58637
1.44641
1.76749
2.03522
1.92534
1.98727
1.54289
2.08578
1.89559
1.82283
1.51051
1.69939
1.26066
2.74789
1.88271
1.6201
1.65824
1.90995
1.73859
1.7761
1.77267
1.43314
1.31572
1.33793
2.03969
1.60834
1.42374
2.00154
1.60553
1.37616
1.82277
1.78105
2.2315
2.01214
1.82031
2.04405
1.6127
1.43475
1.62352
1.55019
1.67478
1.71847
1.60118
1.83831
1.62847
1.47551
1.29211
1.53557
1.37179
2.01658
1.48879
1.63322
1.66848
1.21768
1.71012
1.5939
2.14542
1.77491
1.98089
1.33866
1.45718
1.77173
1.75737
1.50497
1.66128
1.92227
1.75921
1.39383
1.85212
1.98767
1.79508
1.56254
2.02234
1.66159
1.34161
1.36532
1.62707
1.61634
1.98745
1.3271
1.2878
1.93404
1.32415
1.59824
1.64929
1.58644
1.94473
1.43222
1.31128
2.12011
2.02513
1.88205
1.43519
1.48939
1.81058
1.85275
1.73934
1.34437
2.03411
1.58992
1.65139
1.44599
1.77016
1.69774
2.08372
1.45571
1.26074
1.91804
1.35348
2.04143
1.46077
1.63827
1.58703
1.81642
1.41802
1.74592
2.07475
1.68726
1.62655
1.47423
1.33696
1.62341
1.86178
1.49849
1.80261
1.85461
1.7317
1.67119
1.5354
1.60571
1.56425
1.77043
1.54307
1.50907
1.59766
1.77895
1.91527
1.67301
1.76919
1.91248
1.49231
1.37078
1.43307
2.13545
1.55088
2.22611
2.04883
1.35005
1.33007
1.65029
1.67675
1.32193
1.68787
1.7869
1.55271
1.5531
1.70958
1.99232
1.5628
1.5799
1.54971
2.06008
1.95363
1.76636
1.43535
1.56588
2.13011
1.70519
1.86103
1.50391
1.95117
1.60644
1.60936
1.73076
1.50147
1.66838
1.66299
1.74577
1.64865
1.72141
1.41662
2.01499
1.65509
1.51336
1.69701
1.36237
1.48049
1.76061
1.4662
1.35518
1.91669
1.68308
1.74916
1.40037
1.66248
1.54561
1.82433
1.83059
1.79913
1.30375
1.643
2.23526
1.68215
1.90687
1.94902
1.42504
1.39931
1.6783
1.51052
1.23939
1.36049
1.77275
1.86954
1.59006
1.6265
1.83555
1.56568
1.32992
1.60142
1.89692
1.56542
1.41788
1.25263
1.63575
1.36905
1.69504
1.28536
1.76182
1.9693
1.77008
1.65643
2.16917
1.65026
1.27481
1.84949
1.82694
2.01376
1.72371
1.27685
2.03925
1.89045
1.3057
1.93517
1.88448
1.82827
1.51321
1.55175
1.9202
1.78964
1.54058
1.41639
1.68003
1.89895
1.52068
1.65874
1.84633
2.02375
1.65341
1.70863
2.10295
1.31822
1.68633
1.52882
1.44071
1.61924
1.81
1.58973
1.68853
1.70043
1.41579
1.42875
1.48344
1.59042
1.69664
1.34325
1.90879
1.77179
1.82799
1.65516
1.7922
1.47308
1.34152
2.16354
2.18757
1.83715
1.9849
1.59951
1.74916
1.57312
1.61582
1.77689
1.23673
1.52443
1.66431
1.51539
1.7992
1.62997
1.4052
1.83313
1.37865
1.90668
1.51655
1.41902
1.51273
1.59113
1.48104
1.70868
1.65557
1.53172
1.90573
1.92191
1.77197
1.6934
1.58895
1.59152
1.88178
1.44641
1.29154
1.61178
1.49176
1.95397
1.54712
1.39204
1.7523
1.59143
1.90876
1.76971
1.49338
1.38777
1.6746
1.48643
1.76715
1.64826
1.33693
1.60431
1.67957
1.59036
1.70515
1.36095
1.97571
1.90397
1.52114
2.21515
1.98386
1.65538
1.82371
1.70266
1.06469
1.72617
1.58439
1.8144
1.43421
1.524
1.58815
1.60934
2.25901
1.91547
1.43739
2.3591
1.58379
1.45917
1.83804
1.99137
1.46153
1.83655
2.07687
1.42644
2.07701
1.88058
1.4802
1.64015
1.78289
1.70084
1.9687
1.72388
1.55538
1.75047
2.92058
1.91869
1.48059
1.62101
1.61088
1.37395
1.39864
1.61529
1.73894
1.48334
1.82905
1.82585
1.66116
1.50714
2.17191
1.54045
2.19419
1.91766
1.54321
1.75672
1.45799
1.47906
1.65764
1.85996
1.73336
2.09928
1.72879
1.95813
1.7313
1.81789
1.89951
1.58623
1.35601
2.3345
1.42731
1.95004
1.53156
2.00149
1.96698
1.69791
2.15071
1.64036
2.14056
1.97052
1.46081
1.60869
1.88574
1.64199
1.59129
1.52345
1.43058
1.85133
1.84306
2.02057
1.57901
1.60971
1.59809
1.72861
1.68888
1.20848
1.40414
1.3517
2.04845
1.6428
2.16605
1.4637
2.11086
2.01003
1.33518
1.8543
1.64898
1.98612
2.04834
1.94692
2.33765
2.02801
1.77908
1.45966
1.58034
1.80158
2.11993
1.68613
1.80546
1.638
1.81274
1.901
1.76727
1.42179
1.67046
1.87681
1.68493
1.69863
1.39866
1.88928
1.38989
1.2195
2.02195
1.87529
1.19683
1.60373
1.74581
1.80519
1.97805
1.7474
1.87108
1.49931
1.28019
1.59573
1.81024
1.52551
1.78679
1.5601
1.71897
1.63713
1.61373
2.08206
1.65348
1.46607
1.56373
1.90264
1.4335
1.63293
1.9051
1.64953
2.09898
1.23324
1.96095
1.96316
1.94034
1.79434
1.3728
1.51986
1.40285
1.43419
1.58875
1.32271
1.8351
1.97194
1.73141
2.20343
1.60181
1.42097
1.51583
1.43247
1.17547
1.71334
1.17319
1.26631
2.00417
1.42284
1.62697
1.86137
1.44251
1.87576
1.46026
1.71004
1.66071
1.80276
1.42903
1.71432
1.85134
1.58181
1.7745
1.65284
1.67688
1.44805
1.79931
1.80535
1.56725
1.90178
1.49836
1.54736
1.97628
1.48414
1.46927
1.7115
1.5655
1.78557
1.81524
1.55769
1.386
1.62166
1.79614
1.77065
1.27477
1.63492
1.71539
1.76763
1.71941
1.72311
1.95573
1.56265
1.49521
2.0009
1.62033
1.39064
2.10388
1.64013
1.97715
1.62746
1.47909
1.59967
1.73176
1.52295
1.69924
1.73411
1.81756
1.54608
1.82763
1.30595
1.45897
2.00944
2.30198
1.3976
1.66271
1.65632
2.14483
1.67417
2.00378
1.66735
1.57231
1.53882
1.44352
1.67058
1.24666
1.73496
1.84708
2.18363
1.51283
1.88718
1.55241
1.50312
1.8961
1.57903
1.60444
1.49193
1.5028
1.73785
2.22827
1.63516
1.42602
1.69696
1.71132
1.64322
1.40957
1.80016
1.87098
1.4239
1.78018
2.00399
1.49423
1.57248
1.9325
1.56201
1.72344
1.76642
1.40134
1.63
1.51359
1.81793
1.41316
2.35967
1.6136
1.70384
1.81872
1.89925
1.8659
1.73069
1.90922
1.54999
1.831
1.76163
1.66209
1.52493
1.9468
1.65689
1.32768
1.74396
1.69204
1.61927
1.47904
1.5157
1.82388
1.76391
1.76537
1.66688
1.87032
1.5022
1.19699
1.74567
1.58967
1.67017
1.34657
1.30776
1.8758
1.23641
1.80102
1.96363
1.49891
1.35172
1.96545
1.65598
1.80708
1.30713
2.13492
1.70369
1.35156
1.5019
1.33656
1.84525
1.39521
1.71778
1.97251
1.41701
1.67873
1.66817
1.90434
1.50492
1.31462
1.47538
1.7969
1.70907
1.94855
1.66484
1.39685
1.45709
1.69146
1.55696
1.55475
1.92298
1.49319
2.5467
1.21885
1.56664
1.88083
1.45733
1.3547
1.44047
1.43428
1.52763
1.5589
1.91549
1.39305
1.88617
1.66985
1.8094
1.43296
1.75765
2.18284
1.25589
1.55915
1.39645
1.3999
1.85644
2.04034
1.55347
1.47011
1.3041
1.48584
1.49898
1.54046
1.94499
1.95583
1.20358
1.94147
2.11031
1.57556
1.5177
1.2973
1.80813
1.70621
1.7779
1.69499
1.69883
1.41647
1.64829
1.24588
1.66499
1.51836
1.68667
1.60612
1.6129
1.55699
1.61509
1.65686
1.26953
1.70375
1.59735
1.62983
1.5552
1.75118
1.50837
2.50779
1.6315
1.36801
1.91039
2.3362
1.31826
1.4807
1.60641
1.90628
2.0314
1.52207
1.22555
1.49013
1.76014
1.52666
1.31814
1.35729
1.7281
1.80173
1.62908
1.54822
1.87372
1.532
1.66495
1.88575
1.97693
1.49172
1.74162
1.97739
1.66904
1.9386
1.82528
1.59025
1.80355
1.7519
1.68771
1.42247
1.98951
1.53256
1.26169
1.91921
1.35432
1.65038
1.61061
1.8508
1.89013
1.42998
1.51602
1.77583
1.68407
1.28244
1.43802
1.69786
1.64402
1.71958
1.40423
1.81145
2.03202
1.80487
1.44655
2.03662
1.48389
1.46304
1.95248
2.00531
1.51473
1.19973
1.64371
1.74273
1.40362
1.69623
1.93877
1.2697
1.62389
1.6608
1.6092
1.75975
1.66183
2.08492
1.83105
1.52649
1.87568
1.57635
2.12793
1.79146
1.83505
1.98819
1.546
1.30966
1.86719
1.72506
1.87799
1.40635
1.7458
1.40542
1.96885
1.45116
1.43264
1.6711
1.84117
1.92261
1.54427
1.6757
1.63247
1.76484
1.48803
2.13918
1.60866
2.1448
1.99096
1.94677
1.81675
1.6293
2.17914
1.55068
2.563
1.52098
1.50793
1.47935
1.72304
1.6871
1.80184
1.98657
1.50782
1.33832
1.85295
2.15282
1.51863
1.56308
1.62682
1.58257
1.61878
1.7755
1.50122
2.3254
1.15157
1.66921
1.42997
1.44343
1.77529
1.71942
1.33618
1.65756
1.67127
1.65353
1.37447
1.59972
1.62707
1.47446
1.39891
1.7817
1.32923
1.42471
1.84307
1.8913
1.46439
1.69448
1.72475
1.87998
1.74643
2.06219
1.53711
1.82459
1.58161
1.46456
1.47846
1.41975
1.27965
1.81554
1.52943
1.59154
2.45034
1.68684
1.34558
1.60936
1.46843
1.78055
1.49185
1.6313
2.01159
1.69524
1.5479
1.31621
1.95644
1.56096
1.43176
1.56687
1.54349
1.25287
1.6378
1.54425
1.67098
1.93858
1.38909
2.16516
2.18301
1.48668
1.30598
1.83797
1.89364
1.81409
1.60419
1.50061
1.43842
1.34962
1.79635
1.60523
1.42554
1.42555
1.69389
1.48716
1.6856
1.69399
1.96429
1.41593
1.97017
1.75549
1.48385
1.70379
1.45632
1.65455
1.44433
1.8485
2.00303
2.04878
1.63315
1.75607
1.56447
2.88411
1.32535
1.47304
1.58637
1.44641
1.76749
2.03522
1.92534
1.98727
1.54289
2.08578
1.89559
1.82283
1.51051
1.69939
1.26066
2.74789
1.88271
1.6201
1.65824
1.90995
1.73859
1.7761
1.77267
1.43314
1.31572
1.33793
2.03969
1.60834
1.42374
2.00154
1.60553
1.37616
1.82277
1.78105
2.2315
2.01214
1.82031
2.04405
1.6127
1.43475
1.62352
1.55019
1.67478
1.71847
1.60118
1.83831
1.62847
1.47551
1.29211
1.53557
1.37179
2.01658
1.48879
1.63322
1.66848
1.21768
1.71012
1.5939
2.14542
1.77491
1.98089
1.33866
1.45718
1.77173
1.75737
1.50497
1.66128
1.92227
1.75921
1.39383
1.85212
1.98767
1.79508
1.56254
2.02234
1.66159
1.34161
1.36532
1.62707
1.61634
1.98745
1.3271
1.2878
1.93404
1.32415
1.59824
1.64929
1.58644
1.94473
1.43222
1.31128
2.12011
2.02513
1.88205
1.43519
1.48939
1.81058
1.85275
1.73934
1.34437
2.03411
1.58992
1.65139
1.44599
1.77016
1.69774
2.08372
1.45571
1.26074
1.91804
1.35348
2.04143
1.46077
1.63827
1.58703
1.81642
1.41802
1.74592
2.07475
1.68726
1.62655
1.47423
1.33696
1.62341
1.86178
1.49849
1.80261
1.85461
1.7317
1.67119
1.5354
1.60571
1.56425
1.77043
1.54307
1.50907
1.59766
1.77895
1.91527
1.67301
1.76919
1.91248
1.49231
1.37078
1.43307
2.13545
1.55088
2.22611
2.04883
1.35005
1.33007
1.65029
1.67675
1.32193
1.68787
1.7869
1.55271
1.5531
1.70958
1.99232
1.5628
1.5799
1.54971
2.06008
1.95363
1.76636
1.43535
1.56588
2.13011
1.70519
1.86103
1.50391
1.95117
1.60644
1.60936
1.73076
1.50147
1.66838
1.66299
1.74577
1.64865
1.72141
1.41662
2.01499
1.65509
1.51336
1.69701
1.36237
1.48049
1.76061
1.4662
1.35518
1.91669
1.68308
1.74916
1.40037
1.66248
1.54561
1.82433
1.83059
1.79913
1.30375
1.643
2.23526
1.68215
1.90687
1.94902
1.42504
1.39931
1.6783
1.51052
1.23939
1.36049
1.77275
1.86954
1.59006
1.6265
1.83555
1.56568
1.32992
1.60142
1.89692
1.56542
1.41788
1.25263
1.63575
1.36905
1.69504
1.28536
1.76182
1.9693
1.77008
1.65643
2.16917
1.65026
1.27481
1.84949
1.82694
2.01376
1.72371
1.27685
2.03925
1.89045
1.3057
1.93517
1.88448
1.82827
1.51321
1.55175
1.9202
1.78964
1.54058
1.41639
1.68003
1.89895
1.52068
1.65874
1.84633
2.02375
1.65341
1.70863
2.10295
1.31822
1.68633
1.52882
1.44071
1.61924
1.81
1.58973
1.68853
1.70043
1.41579
1.42875
1.48344
1.59042
1.69664
1.34325
1.90879
1.77179
1.82799
1.65516
1.7922
1.47308
1.34152
2.16354
2.18757
1.83715
1.9849
1.59951
1.74916
1.57312
1.61582
1.77689
1.23673
1.52443
1.66431
1.51539
1.7992
1.62997
1.4052
1.83313
1.37865
1.90668
1.51655
1.41902
1.51273
1.59113
1.48104
1.70868
1.65557
1.53172
1.90573
1.92191
1.77197
1.6934
1.58895
1.59152
1.88178
1.44641
1.29154
1.61178
1.49176
1.95397
1.54712
1.39204
1.7523
1.59143
1.90876
1.76971
1.49338
1.38777
1.6746
1.48643
1.76715
1.64826
1.33693
1.60431
1.67957
1.59036
1.70515
1.36095
1.97571
1.90397
1.52114
2.21515
1.98386
1.65538
1.82371
1.70266
1.06469
1.72617
1.58439
1.8144
1.43421
1.524
1.58815
1.60934
2.25901
1.91547
1.43739
2.3591
1.58379
1.45917
1.83804
1.99137
1.46153
1.83655
2.07687
1.42644
2.07701
1.88058
1.4802
1.64015
1.78289
1.70084
1.9687
1.72388
1.55538
1.75047
2.92058
1.91869
1.48059
1.62101
1.61088
1.37395
1.39864
1.61529
1.73894
1.48334
1.82905
1.82585
1.66116
1.50714
2.17191
1.54045
2.19419
1.91766
1.54321
1.75672
1.45799
1.47906
1.65764
1.85996
1.73336
2.09928
1.72879
1.95813
1.7313
1.81789
1.89951
1.58623
1.35601
2.3345
1.42731
1.95004
1.53156
2.00149
1.96698
1.69791
2.15071
1.64036
2.14056
1.97052
1.46081
1.60869
1.88574
1.64199
1.59129
1.52345
1.43058
1.85133
1.84306
2.02057
1.57901
1.60971
1.59809
1.72861
1.68888
1.20848
1.40414
1.3517
2.04845
1.6428
2.16605
1.4637
2.11086
2.01003
1.33518
1.8543
1.64898
1.98612
2.04834
1.94692
2.33765
2.02801
1.77908
1.45966
1.58034
1.80158
2.11993
1.68613
1.80546
1.638
1.81274
1.901
1.76727
1.42179
1.67046
1.87681
1.68493
1.69863
1.39866
1.88928
1.38989
1.2195
2.02195
1.87529
1.19683
1.60373
1.74581
1.80519
1.97805
1.7474
1.87108
1.49931
1.28019
1.59573
1.81024
1.52551
1.78679
1.5601
1.71897
1.63713
1.61373
2.08206
1.65348
1.46607
1.56373
1.90264
1.4335
1.63293
1.9051
1.64953
2.09898
1.23324
1.96095
1.96316
1.94034
1.79434
1.3728
1.51986
1.40285
1.43419
1.58875
1.32271
1.8351
1.97194
1.73141
2.20343
1.60181
1.42097
1.51583
1.43247
1.17547
1.71334
1.17319
1.26631
2.00417
1.42284
1.62697
1.86137
1.44251
1.87576
1.46026
1.71004
1.66071
1.80276
1.42903
1.71432
1.85134
1.58181
1.7745
1.65284
1.67688
1.44805
1.79931
1.80535
1.56725
1.90178
1.49836
1.54736
1.97628
1.48414
1.46927
1.7115
1.5655
1.78557
1.81524
1.55769
1.386
1.62166
1.79614
1.77065
1.27477
1.63492
1.71539
1.76763
1.71941
1.72311
1.95573
1.56265
1.49521
2.0009
1.62033
1.39064
2.10388
1.64013
1.97715
1.62746
1.47909
1.59967
1.73176
1.52295
1.69924
1.73411
1.81756
1.54608
1.82763
1.30595
1.45897
2.00944
2.30198
1.3976
1.66271
1.65632
2.14483
1.67417
2.00378
1.66735
1.57231
1.53882
1.44352
1.67058
1.24666
1.73496
1.84708
2.18363
1.51283
1.88718
1.55241
1.50312
1.8961
1.57903
1.60444
1.49193
1.5028
1.73785
2.22827
1.63516
1.42602
1.69696
1.71132
1.64322
1.40957
1.80016
1.87098
1.4239
1.78018
2.00399
1.49423
1.57248
1.9325
1.56201
1.72344
1.76642
1.40134
1.63
1.51359
1.81793
1.41316
2.35967
1.6136
1.70384
1.81872
1.89925
1.8659
1.73069
1.90922
1.54999
1.831
1.76163
1.66209
1.52493
1.9468
1.65689
1.32768
1.74396
1.69204
1.61927
1.47904
1.5157
1.82388
1.76391
1.76537
1.66688
1.87032
1.5022
1.19699
1.74567
1.58967
1.67017
1.34657
1.30776
1.8758
1.23641
1.80102
1.96363
1.49891
1.35172
1.96545
1.65598
1.80708
1.30713
2.13492
1.70369
1.35156
1.5019
1.33656
1.84525
1.39521
1.71778
1.97251
1.41701
1.67873
1.66817
1.90434
1.50492
1.31462
1.47538
1.7969
1.70907
1.94855
1.66484
1.39685
1.45709
1.69146
1.55696
1.55475
1.92298
1.49319
2.5467
1.21885
1.56664
1.88083
1.45733
1.3547
1.44047
1.43428
1.52763
1.5589
1.91549
1.39305
1.88617
1.66985
1.8094
1.43296
1.75765
2.18284
1.25589
1.55915
1.39645
1.3999
1.85644
2.04034
1.55347
1.47011
1.3041
1.48584
1.49898
1.54046
1.94499
1.95583
1.20358
1.94147
2.11031
1.57556
1.5177
1.2973
1.80813
1.70621
1.7779
1.69499
1.69883
1.41647
1.64829
1.24588
1.66499
1.51836
1.68667
1.60612
1.6129
1.55699
1.61509
1.65686
1.26953
1.70375
1.59735
1.62983
1.5552
1.75118
1.50837
2.50779
1.6315
1.36801
1.91039
2.3362
1.31826
1.4807
1.60641
1.90628
2.0314
1.52207
1.22555
1.49013
1.76014
1.52666
1.31814
1.35729
1.7281
1.80173
1.62908
1.54822
1.87372
1.532
1.66495
1.88575
1.97693
1.49172
1.74162
1.97739
1.66904
1.9386
1.82528
1.59025
1.80355
1.7519
1.68771
1.42247
1.98951
1.53256
1.26169
1.91921
1.35432
1.65038
1.61061
1.8508
1.89013
1.42998
1.51602
1.77583
1.68407
1.28244
1.43802
1.69786
1.64402
1.71958
1.40423
1.81145
2.03202
1.80487
1.44655
2.03662
1.48389
1.46304
1.95248
2.00531
1.51473
1.19973
1.64371
1.74273
1.40362
1.69623
1.93877
1.2697
1.62389
1.6608
1.6092
1.75975
1.66183
2.08492
1.83105
1.52649
1.87568
1.57635
2.12793
1.79146
1.83505
1.98819
1.546
1.30966
1.86719
1.72506
1.87799
1.40635
1.7458
1.40542
1.96885
1.45116
1.43264
1.6711
1.84117
1.92261
1.54427
1.6757
1.63247
1.76484
1.48803
2.13918
1.60866
2.1448
1.99096
1.94677
1.81675
1.6293
2.17914
1.55068
2.563
1.52098
1.50793
1.47935
1.72304
1.6871
1.80184
1.98657
1.50782
1.33832
1.85295
2.15282
1.51863
1.56308
1.62682
1.58257
1.61878
1.7755
1.50122
2.3254
1.15157
1.66921
1.42997
1.44343
1.77529
1.71942
1.33618
1.65756
1.67127
1.65353
1.37447
1.59972
1.62707
1.47446
1.39891
1.7817
1.32923
1.42471
1.84307
1.8913
1.46439
1.69448
1.72475
1.87998
1.74643
2.06219
1.53711
1.82459
1.58161
1.46456
1.47846
1.41975
1.27965
1.81554
1.52943
1.59154
2.45034
1.68684
1.34558
1.60936
1.46843
1.78055
1.49185
1.6313
2.01159
1.69524
1.5479
1.31621
1.95644
1.56096
1.43176
1.56687
1.54349
1.25287
1.6378
1.54425
1.67098
1.93858
1.38909
2.16516
2.18301
1.48668
1.30598
1.83797
1.89364
1.81409
1.60419
1.50061
1.43842
1.34962
1.79635
1.60523
1.42554
1.42555
1.69389
1.48716
1.6856
1.69399
1.96429
1.41593
1.97017
1.75549
1.48385
1.70379
1.45632
1.65455
1.44433
1.8485
2.00303
2.04878
1.63315
1.75607
1.56447
2.88411
1.32535
1.47304
1.58637
1.44641
1.76749
2.03522
1.92534
1.98727
1.54289
2.08578
1.89559
1.82283
1.51051
1.69939
1.26066
2.74789
1.88271
1.6201
1.65824
1.90995
1.73859
1.7761
1.77267
1.43314
1.31572
1.33793
2.03969
1.60834
1.42374
2.00154
1.60553
1.37616
1.82277
1.78105
2.2315
2.01214
1.82031
2.04405
1.6127
1.43475
1.62352
1.55019
1.67478
1.71847
1.60118
1.83831
1.62847
1.47551
1.29211
1.53557
1.37179
2.01658
1.48879
1.63322
1.66848
1.21768
1.71012
1.5939
2.14542
1.77491
1.98089
1.33866
1.45718
1.77173
1.75737
1.50497
1.66128
1.92227
1.75921
1.39383
1.85212
1.98767
1.79508
1.56254
2.02234
1.66159
1.34161
1.36532
1.62707
1.61634
1.98745
1.3271
1.2878
1.93404
1.32415
1.59824
1.64929
1.58644
1.94473
1.43222
1.31128
2.12011
2.02513
1.88205
1.43519
1.48939
1.81058
1.85275
1.73934
1.34437
2.03411
1.58992
1.65139
1.44599
1.77016
1.69774
2.08372
1.45571
1.26074
1.91804
1.35348
2.04143
1.46077
1.63827
1.58703
1.81642
1.41802
1.74592
2.07475
1.68726
1.62655
1.47423
1.33696
1.62341
1.86178
1.49849
1.80261
1.85461
1.7317
1.67119
1.5354
1.60571
1.56425
1.77043
1.54307
1.50907
1.59766
1.77895
1.91527
1.67301
1.76919
1.91248
1.49231
1.37078
1.43307
2.13545
1.55088
2.22611
2.04883
1.35005
1.33007
1.65029
1.67675
1.32193
1.68787
1.7869
1.55271
1.5531
1.70958
1.99232
1.5628
1.5799
1.54971
2.06008
1.95363
1.76636
1.43535
1.56588
2.13011
1.70519
1.86103
1.50391
1.95117
1.60644
1.60936
1.73076
1.50147
1.66838
1.66299
1.74577
1.64865
1.72141
1.41662
2.01499
1.65509
1.51336
1.69701
1.36237
1.48049
1.76061
1.4662
1.35518
1.91669
1.68308
1.74916
1.40037
1.66248
1.54561
1.82433
1.83059
1.79913
1.30375
1.643
2.23526
1.68215
1.90687
1.94902
1.42504
1.39931
1.6783
1.51052
1.23939
1.36049
1.77275
1.86954
1.59006
1.6265
1.83555
1.56568
1.32992
1.60142
1.89692
1.56542
1.41788
1.25263
1.63575
1.36905
1.69504
1.28536
1.76182
1.9693
1.77008
1.65643
2.16917
1.65026
1.27481
1.84949
1.82694
2.01376
1.72371
1.27685
2.03925
1.89045
1.3057
1.93517
1.88448
1.82827
1.51321
1.55175
1.9202
1.78964
1.54058
1.41639
1.68003
1.89895
1.52068
1.65874
1.84633
2.02375
1.65341
1.70863
2.10295
1.31822
1.68633
1.52882
1.44071
1.61924
1.81
1.58973
1.68853
1.70043
1.41579
1.42875
1.48344
1.59042
1.69664
1.34325
1.90879
1.77179
1.82799
1.65516
1.7922
1.47308
1.34152
2.16354
2.18757
1.83715
1.9849
1.59951
1.74916
1.57312
1.61582
1.77689
1.23673
1.52443
1.66431
1.51539
1.7992
1.62997
1.4052
1.83313
1.37865
1.90668
1.51655
1.41902
1.51273
1.59113
1.48104
1.70868
1.65557
1.53172
1.90573
1.92191
1.77197
1.6934
1.58895
1.59152
1.88178
1.44641
1.29154
1.61178
1.49176
1.95397
1.54712
1.39204
1.7523
1.59143
1.90876
1.76971
1.49338
1.38777
1.6746
1.48643
1.76715
1.64826
1.33693
1.60431
1.67957
1.59036
1.70515
1.36095
1.97571
1.90397
1.52114
2.21515
1.98386
1.65538
1.82371
1.70266
1.06469
1.72617
1.58439
1.8144
1.43421
1.524
1.58815
1.60934
2.25901
1.91547
1.43739
2.3591
1.58379
1.45917
1.83804
1.99137
1.46153
1.83655
2.07687
1.42644
2.07701
1.88058
1.4802
1.64015
1.78289
1.70084
1.9687
1.72388
1.55538
1.75047
2.92058
1.91869
1.48059
1.62101
1.61088
1.37395
1.39864
1.61529
1.73894
1.48334
1.82905
1.82585
1.66116
1.50714
2.17191
1.54045
2.19419
1.91766
1.54321
1.75672
1.45799
1.47906
1.65764
1.85996
1.73336
2.09928
1.72879
1.95813
1.7313
1.81789
1.89951
1.58623
1.35601
2.3345
1.42731
1.95004
1.53156
2.00149
1.96698
1.69791
2.15071
1.64036
2.14056
1.97052
1.46081
1.60869
1.88574
1.64199
1.59129
1.52345
1.43058
1.85133
1.84306
2.02057
1.57901
1.60971
1.59809
1.72861
1.68888
1.20848
1.40414
1.3517
2.04845
1.6428
2.16605
1.4637
2.11086
2.01003
1.33518
1.8543
1.64898
1.98612
2.04834
1.94692
2.33765
2.02801
1.77908
1.45966
1.58034
1.80158
2.11993
1.68613
1.80546
1.638
1.81274
1.901
1.76727
1.42179
1.67046
1.87681
1.68493
1.69863
1.39866
1.88928
1.38989
1.2195
2.02195
1.87529
1.19683
1.60373
1.74581
1.80519
1.97805
1.7474
1.87108
1.49931
1.28019
1.59573
1.81024
1.52551
1.78679
1.5601
1.71897
1.63713
1.61373
2.08206
1.65348
1.46607
1.56373
1.90264
1.4335
1.63293
1.9051
1.64953
2.09898
1.23324
1.96095
1.96316
1.94034
1.79434
1.3728
1.51986
1.40285
1.43419
1.58875
1.32271
1.8351
1.97194
1.73141
2.20343
1.60181
1.42097
1.51583
1.43247
1.17547
1.71334
1.17319
1.26631
2.00417
1.42284
1.62697
1.86137
1.44251
1.87576
1.46026
1.71004
1.66071
1.80276
1.42903
1.71432
1.85134
1.58181
1.7745
1.65284
1.67688
1.44805
1.79931
1.80535
1.56725
1.90178
1.49836
1.54736
1.97628
1.48414
1.46927
1.7115
1.5655
1.78557
1.81524
1.55769
1.386
1.62166
1.79614
1.77065
1.27477
1.63492
1.71539
1.76763
1.71941
1.72311
1.95573
1.56265
1.49521
2.0009
1.62033
1.39064
2.10388
1.64013
1.97715
1.62746
1.47909
1.59967
1.73176
1.52295
1.69924
1.73411
1.81756
1.54608
1.82763
1.30595
1.45897
2.00944
2.30198
1.3976
1.66271
1.65632
2.14483
1.67417
2.00378
1.66735
1.57231
1.53882
1.44352
1.67058
1.24666
1.73496
1.84708
2.18363
1.51283
1.88718
1.55241
1.50312
1.8961
1.57903
1.60444
1.49193
1.5028
1.73785
2.22827
1.63516
1.42602
1.69696
1.71132
1.64322
1.40957
1.80016
1.87098
1.4239
1.78018
2.00399
1.49423
1.57248
1.9325
1.56201
1.72344
1.76642
1.40134
1.63
1.51359
1.81793
1.41316
2.35967
1.6136
1.70384
1.81872
1.89925
1.8659
1.73069
1.90922
1.54999
1.831
1.76163
1.66209
1.52493
1.9468
1.65689
1.32768
1.74396
1.69204
1.61927
1.47904
1.5157
1.82388
1.76391
1.76537
1.66688
1.87032
1.5022
1.19699
1.74567
1.58967
1.67017
1.34657
1.30776
1.8758
1.23641
1.80102
1.96363
1.49891
1.35172
1.96545
1.65598
1.80708
1.30713
2.13492
1.70369
1.35156
1.5019
1.33656
1.84525
1.39521
1.71778
1.97251
1.41701
1.67873
1.66817
1.90434
1.50492
1.31462
1.47538
1.7969
1.70907
1.94855
1.66484
1.39685
1.45709
1.69146
1.55696
1.55475
1.92298
1.49319
2.5467
1.21885
1.56664
1.88083
1.45733
1.3547
1.44047
1.43428
1.52763
1.5589
1.91549
1.39305
1.88617
1.66985
1.8094
1.43296
1.75765
2.18284
1.25589
1.55915
1.39645
1.3999
1.85644
2.04034
1.55347
1.47011
1.3041
1.48584
1.49898
1.54046
1.94499
1.95583
1.20358
1.94147
2.11031
1.57556
1.5177
1.2973
1.80813
1.70621
1.7779
1.69499
1.69883
1.41647
1.64829
1.24588
1.66499
1.51836
1.68667
1.60612
1.6129
1.55699
1.61509
1.65686
1.26953
1.70375
1.59735
1.62983
1.5552
1.75118
1.50837
2.50779
1.6315
1.36801
1.91039
2.3362
1.31826
1.4807
1.60641
1.90628
2.0314
1.52207
1.22555
1.49013
1.76014
1.52666
1.31814
1.35729
1.7281
1.80173
1.62908
1.54822
1.87372
1.532
1.66495
1.88575
1.97693
1.49172
1.74162
1.97739
1.66904
1.9386
1.82528
1.59025
1.80355
1.7519
1.68771
1.42247
1.98951
1.53256
1.26169
1.91921
1.35432
1.65038
1.61061
1.8508
1.89013
1.42998
1.51602
1.77583
1.68407
1.28244
1.43802
1.69786
1.64402
1.71958
1.40423
1.81145
2.03202
1.80487
1.44655
2.03662
1.48389
1.46304
1.95248
2.00531
1.51473
1.19973
1.64371
1.74273
1.40362
1.69623
1.93877
1.2697
1.62389
1.6608
1.6092
1.75975
1.66183
2.08492
1.83105
1.52649
1.87568
1.57635
2.12793
1.79146
1.83505
1.98819
1.546
1.30966
1.86719
1.72506
1.87799
1.40635
1.7458
1.40542
1.96885
1.45116
1.43264
1.6711
1.84117
1.92261
1.54427
1.6757
1.63247
1.76484
1.48803
2.13918
1.60866
2.1448
1.99096
1.94677
1.81675
1.6293
2.17914
1.55068
2.563
1.52098
1.50793
1.47935
1.72304
1.6871
1.80184
1.98657
1.50782
1.33832
1.85295
2.15282
1.51863
1.56308
1.62682
1.58257
1.61878
1.7755
1.50122
2.3254
1.15157
1.66921
1.42997
1.44343
1.77529
1.71942
1.33618
1.65756
1.67127
1.65353
1.37447
1.59972
1.62707
1.47446
1.39891
1.7817
1.32923
1.42471
1.84307
1.8913
1.46439
1.69448
1.72475
1.87998
1.74643
2.06219
1.53711
1.82459
1.58161
1.46456
1.47846
1.41975
1.27965
1.81554
1.52943
1.59154
2.45034
1.68684
1.34558
1.60936
1.46843
1.78055
1.49185
1.6313
2.01159
1.69524
1.5479
1.31621
1.95644
1.56096
1.43176
1.56687
1.54349
1.25287
1.6378
1.54425
1.67098
1.93858
1.38909
2.16516
2.18301
1.48668
1.30598
1.83797
1.89364
1.81409
1.60419
1.50061
1.43842
1.34962
1.79635
1.60523
1.42554
1.42555
1.69389
1.48716
1.6856
1.69399
1.96429
1.41593
1.97017
1.75549
1.48385
1.70379
1.45632
1.65455
1.44433
1.8485
2.00303
2.04878
1.63315
1.75607
1.56447
2.88411
1.32535
1.47304
1.58637
1.44641
1.76749
2.03522
1.92534
1.98727
1.54289
2.08578
1.89559
1.82283
1.51051
1.69939
1.26066
2.74789
1.88271
1.6201
1.65824
1.90995
1.73859
1.7761
1.77267
1.43314
1.31572
1.33793
2.03969
1.60834
1.42374
2.00154
1.60553
1.37616
1.82277
1.78105
2.2315
2.01214
1.82031
2.04405
1.6127
1.43475
1.62352
1.55019
1.67478
1.71847
1.60118
1.83831
1.62847
1.47551
1.29211
1.53557
1.37179
2.01658
1.48879
1.63322
1.66848
1.21768
1.71012
1.5939
2.14542
1.77491
1.98089
1.33866
1.45718
1.77173
1.75737
1.50497
1.66128
1.92227
1.75921
1.39383
1.85212
1.98767
1.79508
1.56254
2.02234
1.66159
1.34161
1.36532
1.62707
1.61634
1.98745
1.3271
1.2878
1.93404
1.32415
1.59824
1.64929
1.58644
1.94473
1.43222
1.31128
2.12011
2.02513
1.88205
1.43519
1.48939
1.81058
1.85275
1.73934
1.34437
2.03411
1.58992
1.65139
1.44599
1.77016
1.69774
2.08372
1.45571
1.26074
1.91804
1.35348
2.04143
1.46077
1.63827
1.58703
1.81642
1.41802
1.74592
2.07475
1.68726
1.62655
1.47423
1.33696
1.62341
1.86178
1.49849
1.80261
1.85461
1.7317
1.67119
1.5354
1.60571
1.56425
1.77043
1.54307
1.50907
1.59766
1.77895
1.91527
1.67301
1.76919
1.91248
1.49231
1.37078
1.43307
2.13545
1.55088
2.22611
2.04883
1.35005
1.33007
1.65029
1.67675
1.32193
1.68787
1.7869
1.55271
1.5531
1.70958
1.99232
1.5628
1.5799
1.54971
2.06008
1.95363
1.76636
1.43535
1.56588
2.13011
1.70519
1.86103
1.50391
1.95117
1.60644
1.60936
1.73076
1.50147
1.66838
1.66299
1.74577
1.64865
1.72141
1.41662
2.01499
1.65509
1.51336
1.69701
1.36237
1.48049
1.76061
1.4662
1.35518
1.91669
1.68308
1.74916
1.40037
1.66248
1.54561
1.82433
1.83059
1.79913
1.30375
1.643
2.23526
1.68215
1.90687
1.94902
1.42504
1.39931
1.6783
1.51052
1.23939
1.36049
1.77275
1.86954
1.59006
1.6265
1.83555
1.56568
1.32992
1.60142
1.89692
1.56542
1.41788
1.25263
1.63575
1.36905
1.69504
1.28536
1.76182
1.9693
1.77008
1.65643
2.16917
1.65026
1.27481
1.84949
1.82694
2.01376
1.72371
1.27685
2.03925
1.89045
1.3057
1.93517
1.88448
1.82827
1.51321
1.55175
1.9202
1.78964
1.54058
1.41639
1.68003
1.89895
1.52068
1.65874
1.84633
2.02375
1.65341
1.70863
2.10295
1.31822
1.68633
1.52882
1.44071
1.61924
1.81
1.58973
1.68853
1.70043
1.41579
1.42875
1.48344
1.59042
1.69664
1.34325
1.90879
1.77179
1.82799
1.65516
1.7922
1.47308
1.34152
2.16354
2.18757
1.83715
1.9849
1.59951
1.74916
1.57312
1.61582
1.77689
1.23673
1.52443
1.66431
1.51539
1.7992
1.62997
1.4052
1.83313
1.37865
1.90668
1.51655
1.41902
1.51273
1.59113
1.48104
1.70868
1.65557
1.53172
1.90573
1.92191
1.77197
1.6934
1.58895
1.59152
1.88178
1.44641
1.29154
1.61178
1.49176
1.95397
1.54712
1.39204
1.7523
1.59143
1.90876
1.76971
1.49338
1.38777
1.6746
1.48643
1.76715
1.64826
1.33693
1.60431
1.67957
1.59036
1.70515
1.36095
1.97571
1.90397
1.52114
2.21515
1.98386
1.65538
1.82371
1.70266
1.06469
1.72617
1.58439
1.8144
1.43421
1.524
1.58815
1.60934
2.25901
1.91547
1.43739
2.3591
1.58379
1.45917
1.83804
1.99137
1.46153
1.83655
2.07687
1.42644
2.07701
1.88058
1.4802
1.64015
1.78289
1.70084
1.9687
1.72388
1.55538
1.75047
2.92058
1.91869
1.48059
1.62101
1.61088
1.37395
1.39864
1.61529
1.73894
1.48334
1.82905
1.82585
1.66116
1.50714
2.17191
1.54045
2.19419
1.91766
1.54321
1.75672
1.45799
1.47906
1.65764
1.85996
1.73336
2.09928
1.72879
1.95813
1.7313
1.81789
1.89951
1.58623
1.35601
2.3345
1.42731
1.95004
1.53156
2.00149
1.96698
1.69791
2.15071
1.64036
2.14056
1.97052
1.46081
1.60869
1.88574
1.64199
1.59129
1.52345
1.43058
1.85133
1.84306
2.02057
1.57901
1.60971
1.59809
1.72861
1.68888
1.20848
1.40414
1.3517
2.04845
1.6428
2.16605
1.4637
2.11086
2.01003
1.33518
1.8543
1.64898
1.98612
2.04834
1.94692
2.33765
2.02801
1.77908
1.45966
1.58034
1.80158
2.11993
1.68613
1.80546
1.638
1.81274
1.901
1.76727
1.42179
1.67046
1.87681
1.68493
1.69863
1.39866
1.88928
1.38989
1.2195
2.02195
1.87529
1.19683
1.60373
1.74581
1.80519
1.97805
1.7474
1.87108
1.49931
1.28019
1.59573
1.81024
1.52551
1.78679
1.5601
1.71897
1.63713
1.61373
2.08206
1.65348
1.46607
1.56373
1.90264
1.4335
1.63293
1.9051
1.64953
2.09898
1.23324
1.96095
1.96316
1.94034
1.79434
1.3728
1.51986
1.40285
1.43419
1.58875
1.32271
1.8351
1.97194
1.73141
2.20343
1.60181
1.42097
1.51583
1.43247
1.17547
1.71334
1.17319
1.26631
2.00417
1.42284
1.62697
1.86137
1.44251
1.87576
1.46026
1.71004
1.66071
1.80276
1.42903
1.71432
1.85134
1.58181
1.7745
1.65284
1.67688
1.44805
1.79931
1.80535
1.56725
1.90178
1.49836
1.54736
1.97628
1.48414
1.46927
1.7115
1.5655
1.78557
1.81524
1.55769
1.386
1.62166
1.79614
1.77065
1.27477
1.63492
1.71539
1.76763
1.71941
1.72311
1.95573
1.56265
1.49521
2.0009
1.62033
1.39064
2.10388
1.64013
1.97715
1.62746
1.47909
1.59967
1.73176
1.52295
1.69924
1.73411
1.81756
1.54608
1.82763
1.30595
1.45897
2.00944
2.30198
1.3976
1.66271
1.65632
2.14483
1.67417
2.00378
1.66735
1.57231
1.53882
1.44352
1.67058
1.24666
1.73496
1.84708
2.18363
1.51283
1.88718
1.55241
1.50312
1.8961
1.57903
1.60444
1.49193
1.5028
1.73785
2.22827
1.63516
1.42602
1.69696
1.71132
1.64322
1.40957
1.80016
1.87098
1.4239
1.78018
2.00399
1.49423
1.57248
1.9325
1.56201
1.72344
1.76642
1.40134
1.63
1.51359
1.81793
1.41316
2.35967
1.6136
1.70384
1.81872
1.89925
1.8659
1.73069
1.90922
1.54999
1.831
1.76163
1.66209
1.52493
1.9468
1.65689
1.32768
1.74396
1.69204
1.61927
1.47904
1.5157
1.82388
1.76391
1.76537
1.66688
1.87032
1.5022
1.19699
1.74567
1.58967
1.67017
1.34657
1.30776
1.8758
1.23641
1.80102
1.96363
1.49891
1.35172
1.96545
1.65598
1.80708
1.30713
2.13492
1.70369
1.35156
1.5019
1.33656
1.84525
1.39521
1.71778
1.97251
1.41701
1.67873
1.66817
1.90434
1.50492
1.31462
1.47538
1.7969
1.70907
1.94855
1.66484
1.39685
1.45709
1.69146
1.55696
1.55475
1.92298
1.49319
2.5467
1.21885
1.56664
1.88083
1.45733
1.3547
1.44047
1.43428
1.52763
1.5589
1.91549
1.39305
1.88617
1.66985
1.8094
1.43296
1.75765
2.18284
1.25589
1.55915
1.39645
1.3999
1.85644
2.04034
1.55347
1.47011
1.3041
1.48584
1.49898
1.54046
1.94499
1.95583
1.20358
1.94147
2.11031
1.57556
1.5177
1.2973
1.80813
1.70621
1.7779
1.69499
1.69883
1.41647
1.64829
1.24588
1.66499
1.51836
1.68667
1.60612
1.6129
1.55699
1.61509
1.65686
1.26953
1.70375
1.59735
1.62983
1.5552
1.75118
1.50837
2.50779
1.6315
1.36801
1.91039
2.3362
1.31826
1.4807
1.60641
1.90628
2.0314
1.52207
1.22555
1.49013
1.76014
1.52666
1.31814
1.35729
1.7281
1.80173
1.62908
1.54822
1.87372
1.532
1.66495
1.88575
1.97693
1.49172
1.74162
1.97739
1.66904
1.9386
1.82528
1.59025
1.80355
1.7519
1.68771
1.42247
1.98951
1.53256
1.26169
1.91921
1.35432
1.65038
1.61061
1.8508
1.89013
1.42998
1.51602
1.77583
1.68407
1.28244
1.43802
1.69786
1.64402
1.71958
1.40423
1.81145
2.03202
1.80487
1.44655
2.03662
1.48389
1.46304
1.95248
2.00531
1.51473
1.19973
1.64371
1.74273
1.40362
1.69623
1.93877
1.2697
1.62389
1.6608
1.6092
1.75975
1.66183
2.08492
1.83105
1.52649
1.87568
1.57635
2.12793
1.79146
1.83505
1.98819
1.546
1.30966
1.86719
1.72506
1.87799
1.40635
1.7458
1.40542
1.96885
1.45116
1.43264
1.6711
1.84117
1.92261
1.54427
1.6757
1.63247
1.76484
1.48803
2.13918
1.60866
2.1448
1.99096
1.94677
1.81675
1.6293
2.17914
1.55068
2.563
1.52098
1.50793
1.47935
1.72304
1.6871
1.80184
1.98657
1.50782
1.33832
1.85295
2.15282
1.51863
1.56308
1.62682
1.58257
1.61878
1.7755
1.50122
2.3254
1.15157
1.66921
1.42997
1.44343
1.77529
1.71942
1.33618
1.65756
1.67127
1.65353
1.37447
1.59972
1.62707
1.47446
1.39891
1.7817
1.32923
1.42471
1.84307
1.8913
1.46439
1.69448
1.72475
1.87998
1.74643
2.06219
1.53711
1.82459
1.58161
1.46456
1.47846
1.41975
1.27965
1.81554
1.52943
1.59154
2.45034
1.68684
1.34558
1.60936
1.46843
1.78055
1.49185
1.6313
2.01159
1.69524
1.5479
1.31621
1.95644
1.56096
1.43176
1.56687
1.54349
1.25287
1.6378
1.54425
1.67098
1.93858
1.38909
2.16516
2.18301
1.48668
1.30598
1.83797
1.89364
1.81409
1.60419
1.50061
1.43842
1.34962
1.79635
1.60523
1.42554
1.42555
1.69389
1.48716
1.6856
1.69399
1.96429
1.41593
1.97017
1.75549
1.48385
1.70379
1.45632
1.65455
1.44433
1.8485
2.00303
2.04878
1.63315
1.75607
1.56447
2.88411
1.32535
1.47304
1.58637
1.44641
1.76749
2.03522
1.92534
1.98727
1.54289
2.08578
1.89559
1.82283
1.51051
1.69939
1.26066
2.74789
1.88271
1.6201
1.65824
1.90995
1.73859
1.7761
1.77267
1.43314
1.31572
1.33793
2.03969
1.60834
1.42374
2.00154
1.60553
1.37616
1.82277
1.78105
2.2315
2.01214
1.82031
2.04405
1.6127
1.43475
1.62352
1.55019
1.67478
1.71847
1.60118
1.83831
1.62847
1.47551
1.29211
1.53557
1.37179
2.01658
1.48879
1.63322
1.66848
1.21768
1.71012
1.5939
2.14542
1.77491
1.98089
1.33866
1.45718
1.77173
1.75737
1.50497
1.66128
1.92227
1.75921
1.39383
1.85212
1.98767
1.79508
1.56254
2.02234
1.66159
1.34161
1.36532
1.62707
1.61634
1.98745
1.3271
1.2878
1.93404
1.32415
1.59824
1.64929
1.58644
1.94473
1.43222
1.31128
2.12011
2.02513
1.88205
1.43519
1.48939
1.81058
1.85275
1.73934
1.34437
2.03411
1.58992
1.65139
1.44599
1.77016
1.69774
2.08372
1.45571
1.26074
1.91804
1.35348
2.04143
1.46077
1.63827
1.58703
1.81642
1.41802
1.74592
2.07475
1.68726
1.62655
1.47423
1.33696
1.62341
1.86178
1.49849
1.80261
1.85461
1.7317
1.67119
1.5354
1.60571
1.56425
1.77043
1.54307
1.50907
1.59766
1.77895
1.91527
1.67301
1.76919
1.91248
1.49231
1.37078
1.43307
2.13545
1.55088
2.22611
2.04883
1.35005
1.33007
1.65029
1.67675
1.32193
1.68787
1.7869
1.55271
1.5531
1.70958
1.99232
1.5628
1.5799
1.54971
2.06008
1.95363
1.76636
1.43535
1.56588
2.13011
1.70519
1.86103
1.50391
1.95117
1.60644
1.60936
1.73076
1.50147
1.66838
1.66299
1.74577
1.64865
1.72141
1.41662
2.01499
1.65509
1.51336
1.69701
1.36237
1.48049
1.76061
1.4662
1.35518
1.91669
1.68308
1.74916
1.40037
1.66248
1.54561
1.82433
1.83059
1.79913
1.30375
1.643
2.23526
1.68215
1.90687
1.94902
1.42504
1.39931
1.6783
1.51052
1.23939
1.36049
1.77275
1.86954
1.59006
1.6265
1.83555
1.56568
1.32992
1.60142
1.89692
1.56542
1.41788
