1.09548
1.09548
1.06106
1.1039
1.00093
1.00119
1.02029
1.00031
1.00035
1.00066
1.00085
1.00039
1.0006
1.01939
1.12433
1.00053
1.07235
1.00039
1.00019
1.00037
1.00152
1.00015
1.001
1.00688
1.13309
1.00036
1.0004
1.00651
1.00085
1.00042
1.04367
1.00079
1.00774
1.00445
1.0003
1.00064
1.00106
1.00043
1.00558
1.04011
1.00031
1.00081
1.00069
1.00079
1.00042
1.00074
1.00052
1.00131
1.14629
1.0005
1.00053
1.02887
1.02022
1.00036
1.02142
1.00315
1.00051
1.00031
1.00062
1.00078
1.00045
1.00087
1.00031
1.00069
1.01085
1.00051
1.04906
1.00707
1.00056
1.00053
1.00077
1.00318
1.00051
1.00051
1.00044
1.00047
1.0003
1.02414
1.00056
1.00053
1.0006
1.00068
1.00043
1.0005
1.00072
1.00047
1.00034
1.00035
1.00024
1.00042
1.00056
1.00102
1.0003
1.00045
1.00029
1.00632
1.00081
1.00056
1.00101
1.00078
1.00078
1.0006
1.00077
1.00401
1.00061
1.0006
1.00061
1.00026
1.05305
1.00114
1.02233
1.25951
1.00097
1.01725
1.00037
1.00052
1.00023
1.00067
1.00069
1.00077
1.00035
1.00059
1.01036
1.00017
1.00054
1.05841
1.00041
1.00198
1.00041
1.00046
1.00128
1.00055
1.00061
1.00032
1.00091
1.03934
1.00046
1.00042
1.00092
1.00055
1.00054
1.00063
1.00024
1.02211
1.00037
1.10014
1.00055
1.00031
1.00046
1.00046
1.00037
1.00404
1.00597
1.0153
1.0008
1.00024
1.00089
1.00236
1.18339
1.00347
1.00038
1.00032
1.00496
1.00037
1.10322
1.00046
1.01688
1.00656
1.00046
1.00054
1.0008
1.0006
1.0005
1.00025
1.00023
1.00051
1.00033
1.00547
1.00048
1.00299
1.00049
1.00087
1.00043
1.02549
1.00044
1.01061
1.0009
1.00071
1.00071
1.00856
1.00048
1.00037
1.00792
1.11324
1.07369
1.00033
1.04344
1.00053
1.00041
1.00041
1.00178
1.00046
1.01258
1.00431
1.00032
1.00094
1.00041
1.0198
1.07345
1.0003
1.00045
1.00056
1.00185
1.00084
1.00047
1.00034
1.00506
1.00616
1.00055
1.03646
1.01155
1.00097
1.00036
1.07085
1.04495
1.00035
1.00062
1.00059
1.01686
1.00027
1.0005
1.00442
1.00474
1.00151
1.00565
1.00039
1.0007
1.00024
1.00031
1.04291
1.00978
1.00883
1.10094
1.12456
1.00103
1.00066
1.0007
1.05566
1.00063
1.1985
1.00051
1.00043
1.00054
1.0005
1.01701
1.00335
1.00463
1.00379
1.00029
1.00065
1.00061
1.00055
1.00045
1.00041
1.00037
1.00042
1.01306
1.00047
1.00039
1.10567
1.00511
1.37834
1.00044
1.00055
1.00071
1.00037
1.00061
1.01461
1.00038
1.00059
1.00035
1.00059
1.02295
1.00047
1.00032
1.00066
1.00065
1.00051
1.00052
1.00098
1.00079
1.00074
1.00015
1.00068
1.00076
1.00057
1.00638
1.00067
1.00068
1.00047
1.00038
1.00427
1.00134
1.00071
1.00074
1.00631
1.00036
1.0006
1.00027
1.0442
1.02765
1.01456
1.04833
1.0037
1.00034
1.00025
1.00103
1.10133
1.11118
1.05912
1.05632
1.00055
1.00688
1.19554
1.00982
1.00031
1.00045
1.2855
1.00997
1.00053
1.00071
1.00042
1.00083
1.0083
1.00149
1.00049
1.00033
1.0136
1.00059
1.10524
1.00076
1.00659
1.00041
1.00039
1.05349
1.00058
1.02029
1.00102
1.00034
1.00062
1.00168
1.04543
1.00024
1.00059
1.03539
1.00047
1.0003
1.00065
1.18896
1.01277
1.00046
1.09774
1.31966
1.00045
1.00051
1.00042
1.00043
1.03816
1.14362
1.00037
1.00031
1.00068
1.00083
1.00117
1.0287
1.00047
1.0011
1.00026
1.00077
1.0828
1.00038
1.00065
1.0003
1.00039
1.00043
1.00055
1.02037
1.03011
1.00057
1.0006
1.00048
1.06528
1.00064
1.00578
1.00064
1.0003
1.00042
1.00061
1.01289
1.00838
1.00036
1.0026
1.00058
1.00073
1.00032
1.00131
1.01572
1.00082
1.00052
1.00029
1.00058
1.00058
1.00032
1.00061
1.00057
1.00449
1.00045
1.02002
1.02837
1.0009
1.20071
1.00142
1.01548
1.00056
1.00035
1.02842
1.00044
1.00074
1.00081
1.02819
1.00092
1.00354
1.00058
1.00079
1.14679
1.00073
1.00055
1.00058
1.01388
1.01538
1.00061
1.02719
1.07831
1.00089
1.00239
1.0007
1.00054
1.00071
1.00127
1.00034
1.00048
1.0357
1.00871
1.0127
1.00046
1.00029
1.00062
1.00143
1.00033
1.10533
1.00097
1.00027
1.00104
1.00068
1.00032
1.00035
1.00058
1.00081
1.0522
1.00843
1.00584
1.10486
1.00033
1.00088
1.05552
1.00509
1.00047
1.0004
1.15468
1.00075
1.00023
1.00039
1.00041
1.00074
1.00045
1.00035
1.17091
1.00019
1.02554
1.0006
1.00029
1.00085
1.00036
1.00072
1.00114
1.00049
1.00372
1.00493
1.00041
1.00047
1.00051
1.09174
1.01957
1.03653
1.38405
1.00062
1.04649
1.0006
1.0964
1.18315
1.00027
1.04009
1.00033
1.05997
1.00043
1.00029
1.00076
1.00044
1.00041
1.04015
1.0008
1.00099
1.00045
1.00035
1.00027
1.00049
1.00271
1.0007
1.00967
1.00057
1.00404
1.00061
1.00072
1.00107
1.00854
1.00069
1.00023
1.00033
1.00738
1.05616
1.00047
1.00069
1.00068
1.00021
1.00065
1.00135
1.00059
1.00043
1.00084
1.00044
1.00045
1.00057
1.00072
1.0007
1.0016
1.00625
1.00011
1.00053
1.03869
1.00048
1.00136
1.00039
1.00025
1.00057
1.00033
1.00035
1.0003
1.0007
1.0012
1.04111
1.00037
1.00045
1.04006
1.00093
1.00028
1.00045
1.00064
1.0316
1.00057
1.00442
1.00049
1.00053
1.00033
1.22664
1.00037
1.00038
1.0002
1.00029
1.02603
1.1317
1.0006
1.16035
1.00231
1.00054
1.00015
1.00039
1.00088
1.00393
1.00095
1.00099
1.00073
1.00063
1.0046
1.0009
1.00025
1.11249
1.04373
1.00028
1.01107
1.00058
1.0191
1.01674
1.02985
1.00808
1.00091
1.0002
1.02276
1.00048
1.00024
1.00068
1.00067
1.0006
1.00066
1.00036
1.07504
1.00544
1.00033
1.00031
1.00405
1.00098
1.00047
1.00111
1.03848
1.0004
1.00085
1.00031
1.00066
1.00036
1.15593
1.15573
1.00043
1.00078
1.00169
1.0003
1.00068
1.00061
1.00045
1.00051
1.0005
1.00081
1.00043
1.00139
1.0148
1.00029
1.00065
1.00054
1.00038
1.0008
1.00076
1.00061
1.00125
1.07774
1.00054
1.05879
1.02964
1.07435
1.18071
1.03272
1.00069
1.00106
1.03372
1.00048
1.00041
1.00259
1.0006
1.02635
1.00052
1.00041
1.0003
1.00981
1.00045
1.00067
1.07483
1.10413
1.00045
1.0217
1.06369
1.0008
1.0006
1.00035
1.04102
1.00051
1.10863
1.00058
1.00021
1.00161
1.00045
1.00971
1.00031
1.00034
1.00044
1.00065
1.00039
1.02695
1.08404
1.0174
1.0005
1.00054
1.06469
1.01459
1.05275
1.00728
1.05308
1.00134
1.00062
1.01743
1.01511
1.01955
1.00023
1.00208
1.00064
1.00112
1.00031
1.0008
1.00065
1.03437
1.01343
1.06805
1.00046
1.00183
1.00065
1.00078
1.03235
1.00071
1.02168
1.03789
1.05436
1.00127
1.00057
1.0391
1.00053
1.00713
1.00085
1.00063
1.00073
1.00054
1.00083
1.00034
1.17203
1.00109
1.00057
1.00039
1.00056
1.00038
1.0008
1.00038
1.00057
1.00058
1.00125
1.00037
1.00035
1.00046
1.00078
1.00085
1.00046
1.00051
1.00129
1.01072
1.01412
1.10715
1.00056
1.00091
1.10121
1.00048
1.00113
1.00764
1.00083
1.00044
1.00033
1.00035
1.00045
1.0009
1.00035
1.00072
1.00052
1.00026
1.00061
1.00073
1.00029
1.00664
1.00035
1.00213
1.00036
1.00033
1.00065
1.00022
1.05024
1.03911
1.00028
1.00042
1.00042
1.00069
1.00041
1.06293
1.00019
1.00052
1.00472
1.00086
1.00042
1.00048
1.02215
1.00047
1.00077
1.00018
1.00048
1.00036
1.00097
1.01376
1.00051
1.00041
1.00135
1.00074
1.00056
1.00049
1.08807
1.00026
1.00069
1.01594
1.00044
1.17584
1.00037
1.00133
1.00112
1.02662
1.00109
1.00051
1.00068
1.00063
1.00129
1.00025
1.00053
1.00044
1.02861
1.00031
1.01549
1.00037
1.00059
1.00057
1.00062
1.01167
1.00051
1.00087
1.00034
1.00052
1.00054
1.13056
1.00566
1.0005
1.08841
1.00035
1.20488
1.006
1.00125
1.00142
1.12042
1.00042
1.00044
1.00039
1.039
1.00059
1.0004
1.0003
1.02525
1.00082
1.00047
1.00054
1.00155
1.00043
1.00027
1.0008
1.00072
1.13101
1.03305
1.01162
1.00054
1.00023
1.00309
1.00045
1.00058
1.01595
1.03108
1.00101
1.00094
1.00059
1.00064
1.0003
1.00048
1.0148
1.00046
1.00054
1.00096
1.00077
1.0155
1.00054
1.00037
1.00015
1.00018
1.00032
1.00068
1.00062
1.03345
1.01839
1.00033
1.0008
1.00112
1.00046
1.13138
1.00026
1.00052
1.00041
1.00075
1.01384
1.00049
1.00059
1.00091
1.00073
1.00059
1.00044
1.00073
1.00033
1.00059
1.00026
1.07767
1.00122
1.00112
1.00059
1.00018
1.00095
1.0107
1.00043
1.0003
1.0004
1.00106
1.00047
1.00049
1.00064
1.00046
1.00021
1.0005
1.00202
1.00121
1.00031
1.00037
1.00083
1.00018
1.00082
1.00045
1.00037
1.00072
1.15752
1.00046
1.09799
1.0569
1.00028
1.00055
1.00046
1.00017
1.00062
1.00034
1.00043
1.00046
1.00073
1.00078
1.00051
1.00057
1.00079
1.00047
1.0005
1.00042
1.00044
1.0005
1.00582
1.00038
1.00212
1.0005
1.00021
1.00045
1.01171
1.0005
1.00041
1.00118
1.00047
1.00057
1.00064
1.04283
1.00079
1.08809
1.00053
1.00084
1.00079
1.00126
1.00126
1.01827
1.00824
1.00093
1.00119
1.00508
1.02077
1.00035
1.00066
1.13326
1.00432
1.01036
1.01342
1.00631
1.00855
1.00037
1.00039
1.00905
1.00037
1.00152
1.00015
1.001
1.00688
1.00319
1.00006
1.0004
1.00266
1.00085
1.00042
1.02868
1.00079
1.00774
1.00445
1.0003
1.00064
1.00106
1.00043
1.00047
1.02291
1.00031
1.00081
1.00069
1.20341
1.00042
1.00074
1.00052
1.00131
1.00058
1.0005
1.00053
1.0003
1.00229
1.00036
1.00059
1.00281
1.00051
1.00074
1.00062
1.00078
1.00045
1.0014
1.00031
1.00069
1.01085
1.00051
1.04906
1.00707
1.00056
1.01862
1.00077
1.0104
1.00051
1.00051
1.00044
1.00047
1.00029
1.00077
1.00056
1.00045
1.0006
1.00068
1.00043
1.0005
1.00072
1.00047
1.02169
1.04345
1.00024
1.00042
1.00056
1.00102
1.0003
1.00045
1.00029
1.00632
1.00081
1.00056
1.00101
1.00078
1.00078
1.0006
1.00077
1.00028
1.00061
1.0006
1.00061
1.00026
1.00955
1.01522
1.01107
1.00047
1.00097
1.0011
1.04849
1.01272
1.00023
1.03326
1.08917
1.00077
1.00035
1.00059
1.00268
1.00017
1.00054
1.0008
1.00041
1.00414
1.00041
1.00787
1.00128
1.00055
1.00061
1.06499
1.00091
1.01161
1.10845
1.00042
1.00092
1.00055
1.00287
1.00783
1.00024
1.00062
1.00037
1.00054
1.00199
1.00031
1.00046
1.00046
1.00037
1.02604
1.00038
1.02995
1.0008
1.00024
1.00491
1.00251
1.0114
1.00347
1.00038
1.00032
1.00496
1.00037
1.04621
1.00046
1.05916
1.00656
1.00046
1.00054
1.0008
1.0006
1.0005
1.00025
1.00023
1.00588
1.00033
1.00547
1.00048
1.00012
1.00049
1.00087
1.00043
1.03203
1.00044
1.01044
1.0009
1.00071
1.00071
1.00076
1.00048
1.00037
1.08386
1.00093
1.00088
1.00033
1.00108
1.1118
1.00041
1.00041
1.0591
1.06895
1.00088
1.00472
1.00031
1.02415
1.00041
1.00063
1.00058
1.00006
1.00045
1.00056
1.02696
1.00084
1.00047
1.00064
1.00199
1.0062
1.00055
1.18542
1.00014
1.03104
1.00036
1.00057
1.14391
1.00035
1.00062
1.00059
1.03154
1.00027
1.08556
1.00442
1.00104
1.00151
1.00565
1.00039
1.0007
1.00024
1.00026
1.00056
1.01002
1.00058
1.00779
1.00065
1.00103
1.00066
1.0007
1.00051
1.00063
1.00077
1.00051
1.07671
1.00054
1.0005
1.1273
1.09687
1.0185
1.00616
1.00029
1.08326
1.00061
1.00055
1.00045
1.00041
1.04736
1.00042
1.01306
1.00047
1.00039
1.01512
1.00511
1.12515
1.00044
1.0075
1.00071
1.0298
1.00061
1.00065
1.00038
1.00059
1.00035
1.00059
1.04095
1.00047
1.00032
1.01329
1.00065
1.00051
1.00052
1.00098
1.00079
1.02133
1.00013
1.00068
1.11085
1.00057
1.00638
1.00067
1.00068
1.02914
1.00542
1.00427
1.04875
1.0018
1.00074
1.01886
1.00036
1.0006
1.00026
1.00819
1.00096
1.00122
1.01198
1.00335
1.00034
1.00025
1.00103
1.03918
1.00049
1.04891
1.06298
1.00055
1.03474
1.01861
1.00982
1.00031
1.00045
1.00135
1.00349
1.00053
1.0007
1.00042
1.00083
1.00052
1.00149
1.00049
1.00033
1.00109
1.00059
1.05914
1.00076
1.00659
1.00041
1.00039
1.0494
1.00058
1.00247
1.00597
1.05161
1.00062
1.0004
1.07874
1.00024
1.00059
1.00029
1.04098
1.06091
1.00065
1.00933
1.00094
1.04563
1.00074
1.02416
1.00045
1.00051
1.00042
1.00043
1.00061
1.00073
1.00037
1.00031
1.00068
1.00083
1.00117
1.00075
1.00047
1.00706
1.00026
1.00077
1.12456
1.00996
1.00065
1.0003
1.00039
1.00043
1.00055
1.00031
1.00763
1.00057
1.0006
1.00048
1.00083
1.00064
1.00578
1.00064
1.0003
1.05405
1.00061
1.01289
1.05175
1.03974
1.0026
1.00058
1.00073
1.00032
1.00131
1.00047
1.00082
1.00052
1.00029
1.00058
1.00058
1.00032
1.00061
1.00057
1.00121
1.00045
1.0388
1.02031
1.0009
1.01661
1.00142
1.04461
1.02151
1.00035
1.01509
1.00044
1.00074
1.00081
1.00083
1.01634
1.00354
1.00058
1.00079
1.00719
1.00073
1.00055
1.00058
1.05461
1.00076
1.00061
1.00052
1.00039
1.00089
1.06596
1.00062
1.00054
1.00071
1.00127
1.00034
1.00048
1.00063
1.00616
1.08439
1.00046
1.07291
1.00062
1.00143
1.00033
1.01696
1.00097
1.00027
1.0284
1.0028
1.00032
1.01012
1.00058
1.00081
1.00055
1.00129
1.00047
1.00057
1.00033
1.00088
1.00083
1.00509
1.00047
1.0004
1.05367
1.01536
1.00023
1.00039
1.00041
1.00074
1.00045
1.00035
1.00074
1.00019
1.00957
1.0006
1.00029
1.00085
1.00036
1.00072
1.00114
1.00049
1.05984
1.00493
1.00041
1.00047
1.00051
1.00056
1.00314
1.00092
1.01672
1.00062
1.00048
1.0006
1.00113
1.00089
1.00027
1.0022
1.00033
1.02438
1.00043
1.00079
1.00076
1.00044
1.00041
1.04986
1.0008
1.00099
1.00045
1.00035
1.05202
1.00049
1.02905
1.0007
1.00967
1.00057
1.06672
1.05674
1.00699
1.00107
1.00038
1.02738
1.00022
1.00033
1.00111
1.14208
1.00047
1.01953
1.00068
1.00021
1.00353
1.00135
1.00059
1.00043
1.02048
1.00044
1.00931
1.00057
1.00072
1.08544
1.0016
1.00052
1.00019
1.05706
1.04027
1.00048
1.00147
1.00039
1.00025
1.00057
1.00033
1.00035
1.0003
1.03454
1.0012
1.00046
1.00037
1.00045
1.00069
1.00093
1.00028
1.00045
1.00064
1.00059
1.00057
1.00441
1.00095
1.00053
1.00033
1.0005
1.00825
1.00038
1.00064
1.00029
1.00076
1.04754
1.0006
1.00098
1.00036
1.00054
1.02837
1.00039
1.00088
1.07389
1.00095
1.15232
1.00073
1.00063
1.0046
1.0009
1.00025
1.05232
1.00193
1.00213
1.00057
1.00058
1.03631
1.00098
1.05512
1.00808
1.00091
1.0002
1.00994
1.00067
1.00024
1.0081
1.00067
1.0006
1.00066
1.00036
1.00555
1.00544
1.00047
1.00031
1.00046
1.01681
1.06851
1.00111
1.01034
1.13031
1.00085
1.00031
1.00066
1.01949
1.06357
1.00041
1.00043
1.00078
1.00169
1.04145
1.00068
1.00061
1.00045
1.00051
1.0005
1.00081
1.00043
1.01809
1.0148
1.00029
1.00065
1.01728
1.00038
1.0008
1.00076
1.00061
1.02728
1.00059
1.00054
1.01751
1.0004
1.00054
1.06097
1.02611
1.00069
1.00106
1.09181
1.00048
1.1388
1.00254
1.0006
1.00061
1.00052
1.00041
1.0003
1.00981
1.00045
1.04751
1.00076
1.03058
1.00045
1.00057
1.0985
1.0008
1.09541
1.00035
1.0305
1.00051
1.03789
1.00058
1.00021
1.00161
1.00045
1.00083
1.00031
1.00034
1.00044
1.00065
1.00451
1.05043
1.00047
1.0174
1.0005
1.09127
1.00073
1.00815
1.00113
1.01672
1.10376
1.00072
1.00062
1.0013
1.00063
1.02849
1.00021
1.00208
1.00064
1.00112
1.00031
1.0008
1.00065
1.03636
1.00603
1.00112
1.00046
1.00183
1.00065
1.00078
1.03235
1.00071
1.00033
1.00102
1.02487
1.00127
1.00015
1.00043
1.00053
1.00068
1.00085
1.00063
1.00073
1.10113
1.00083
1.00029
1.04335
1.00109
1.00057
1.00039
1.00056
1.00038
1.0008
1.00038
1.00057
1.00058
1.00125
1.00037
1.00035
1.00046
1.00078
1.00085
1.00042
1.00092
1.00129
1.00065
1.00122
1.05812
1.00056
1.00091
1.00218
1.00048
1.02133
1.0003
1.00042
1.00044
1.00033
1.00035
1.00045
1.0009
1.00035
1.00072
1.00052
1.00026
1.00061
1.1481
1.00029
1.07981
1.00677
1.00213
1.00036
1.00033
1.00065
1.00022
1.00059
1.00209
1.00028
1.00042
1.00042
1.00069
1.00041
1.03526
1.00019
1.00052
1.00405
1.00086
1.00042
1.00048
1.02215
1.00047
1.00077
1.00018
1.00048
1.00036
1.00097
1.05571
1.00051
1.00041
1.02921
1.00074
1.00056
1.00049
1.00123
1.00026
1.00069
1.0005
1.00044
1.00092
1.00037
1.00133
1.00112
1.0009
1.00109
1.00051
1.00007
1.00063
1.00129
1.00025
1.00053
1.00017
1.02861
1.00031
1.00596
1.00037
1.04326
1.12205
1.16479
1.00068
1.00051
1.12413
1.00034
1.00052
1.00054
1.03201
1.00528
1.0005
1.00396
1.00035
1.01802
1.006
1.00125
1.03889
1.00047
1.00042
1.00044
1.00038
1.01454
1.00059
1.0004
1.0003
1.02781
1.00082
1.00044
1.00054
1.00155
1.00043
1.01224
1.0008
1.09898
1.03043
1.00071
1.0002
1.00656
1.00023
1.00286
1.00045
1.00058
1.00187
1.00909
1.03771
1.16897
1.00059
1.00064
1.0003
1.00048
1.00044
1.10401
1.00054
1.00096
1.00077
1.05824
1.00054
1.00037
1.00013
1.00018
1.06089
1.00068
1.00062
1.00139
1.00958
1.00033
1.0008
1.00112
1.00046
1.00049
1.00026
1.00052
1.00041
1.00075
1.01384
1.02643
1.02347
1.00091
1.00073
1.00059
1.00044
1.00073
1.00033
1.00059
1.00026
1.00041
1.06623
1.00112
1.00059
1.00018
1.00095
1.0107
1.00043
1.0003
1.01117
1.00106
1.00047
1.00049
1.00064
1.00046
1.00021
1.05053
1.00053
1.00121
1.00031
1.00037
1.00083
1.00017
1.00082
1.00045
1.00037
1.12736
1.06173
1.00046
1.00052
1.00041
1.00028
1.00055
1.00046
1.00027
1.00062
1.00034
1.00043
1.12038
1.00073
1.00078
1.00051
1.00057
1.00079
1.00047
1.0005
1.00042
1.00044
1.0005
1.00582
1.00038
1.00212
1.00046
1.04282
1.00045
1.01171
1.0005
1.00265
1.00118
1.00047
1.00057
1.00064
1.05882
1.16161
1.04774
1.00053
1.00084
1.00079
1.05534
1.05534
1.10457
1.00824
1.00093
1.00119
1.00026
1.00031
1.00035
1.02489
1.05008
1.00038
1.0006
1.00054
1.00032
1.00053
1.36781
1.00039
1.00019
1.00037
1.00152
1.00015
1.001
1.16323
1.00319
1.00387
1.0004
1.00266
1.05727
1.0652
1.02868
1.00079
1.00774
1.00445
1.0003
1.00064
1.07199
1.16334
1.00047
1.09074
1.00031
1.00081
1.00069
1.00101
1.00042
1.10368
1.00052
1.00131
1.00058
1.0005
1.00053
1.0003
1.01336
1.00036
1.02531
1.17438
1.00051
1.00031
1.02033
1.00078
1.06983
1.00086
1.00031
1.03499
1.07908
1.00051
1.04906
1.00042
1.00056
1.00053
1.00077
1.0104
1.00051
1.00051
1.03016
1.04387
1.04446
1.00446
1.06583
1.00045
1.0006
1.00068
1.00043
1.0005
1.00072
1.00047
1.00034
1.00035
1.00024
1.00042
1.00056
1.00102
1.0003
1.00045
1.00029
1.00632
1.00081
1.17849
1.62694
1.00078
1.00078
1.0006
1.05245
1.00028
1.00061
1.06038
1.11586
1.00026
1.00955
1.01522
1.01107
1.03098
1.00097
1.0011
1.14106
1.00052
1.00023
1.03326
1.08917
1.00077
1.00035
1.00059
1.00268
1.04841
1.00054
1.0008
1.16692
1.01294
1.00041
1.00787
1.00128
1.02942
1.04307
1.00032
1.0864
1.01161
1.00046
1.00042
1.01727
1.00055
1.02029
1.06696
1.00024
1.02128
1.00037
1.00054
1.00015
1.00031
1.16814
1.06623
1.00037
1.00469
1.00038
1.03465
1.0008
1.00024
1.00491
1.00036
1.0114
1.00347
1.06778
1.1421
1.00496
1.1963
1.04621
1.00046
1.19191
1.00656
1.00046
1.00054
1.0008
1.0006
1.0005
1.00025
1.00023
1.00588
1.00033
1.00547
1.00048
1.00111
1.00049
1.00173
1.00043
1.03203
1.00044
1.04663
1.17145
1.03751
1.00071
1.02981
1.00048
1.00037
1.02025
1.00093
1.00088
1.00033
1.00108
1.1118
1.00041
1.02647
1.00994
1.0035
1.00088
1.00431
1.00031
1.02415
1.00041
1.0048
1.00058
1.00006
1.00045
1.00056
1.02696
1.00084
1.00047
1.00034
1.00373
1.00671
1.00055
1.14307
1.00014
1.00097
1.00036
1.00057
1.24175
1.04461
1.00062
1.00059
1.03154
1.00027
1.0005
1.00442
1.08893
1.00151
1.00565
1.05112
1.0007
1.0397
1.10316
1.03833
1.06608
1.00058
1.20897
1.00065
1.00103
1.0405
1.0007
1.00051
1.00063
1.00077
1.07696
1.00043
1.00054
1.15873
1.06411
1.123
1.03775
1.00642
1.00029
1.00065
1.02197
1.0519
1.00045
1.00041
1.05896
1.16174
1.05886
1.00047
1.00039
1.01512
1.00511
1.12971
1.00044
1.0075
1.14232
1.00037
1.00061
1.00065
1.00038
1.00059
1.00035
1.00059
1.16182
1.00047
1.00032
1.01329
1.00065
1.00051
1.2634
1.00098
1.07428
1.00074
1.00013
1.00068
1.00076
1.00057
1.12921
1.00067
1.09541
1.00265
1.01313
1.00427
1.04875
1.03838
1.05772
1.14546
1.00036
1.22646
1.00026
1.05927
1.06948
1.00318
1.10507
1.00335
1.0015
1.00025
1.00902
1.07549
1.04764
1.1215
1.04706
1.00055
1.0181
1.01303
1.1046
1.00031
1.00045
1.00135
1.00349
1.00053
1.0007
1.00042
1.14904
1.00052
1.09388
1.00049
1.00033
1.00637
1.00059
1.0057
1.00076
1.00659
1.00041
1.20369
1.05059
1.00058
1.00483
1.04765
1.00034
1.07047
1.09787
1.07874
1.00024
1.08035
1.00029
1.00047
1.04548
1.00065
1.04576
1.00094
1.00046
1.00074
1.00605
1.00045
1.00051
1.0521
1.00043
1.00061
1.00073
1.00037
1.00031
1.00068
1.00083
1.00117
1.07668
1.00047
1.00706
1.00026
1.00077
1.12456
1.06289
1.00065
1.0003
1.00039
1.00043
1.13948
1.00031
1.00763
1.00057
1.0006
1.0495
1.00083
1.05728
1.00578
1.04426
1.0003
1.00042
1.00061
1.01289
1.05175
1.07634
1.0026
1.00058
1.00073
1.00032
1.00131
1.00047
1.00082
1.00052
1.00029
1.00058
1.00058
1.00032
1.00061
1.00057
1.00121
1.00045
1.0388
1.00035
1.0009
1.01661
1.00142
1.0076
1.02151
1.00035
1.01509
1.09905
1.00074
1.00081
1.00083
1.01634
1.00354
1.00058
1.00079
1.00313
1.06978
1.00055
1.00058
1.09398
1.00076
1.00061
1.00052
1.00039
1.00089
1.08381
1.00062
1.00054
1.07912
1.00127
1.00034
1.01655
1.00063
1.01075
1.19263
1.00046
1.04756
1.01694
1.00143
1.00033
1.01696
1.00097
1.00027
1.00104
1.01504
1.00032
1.01314
1.00058
1.04021
1.00055
1.00129
1.00047
1.00057
1.00033
1.00088
1.00083
1.00509
1.00047
1.0004
1.00163
1.00552
1.00023
1.0004
1.08539
1.00074
1.16619
1.00035
1.02645
1.00019
1.06421
1.0006
1.00029
1.00085
1.00036
1.17735
1.00114
1.00049
1.00062
1.00493
1.00041
1.00047
1.00051
1.03915
1.00314
1.00092
1.01296
1.03584
1.00048
1.0006
1.00113
1.08287
1.00027
1.0022
1.00033
1.00042
1.00043
1.00029
1.00076
1.00044
1.00041
1.19992
1.0008
1.20635
1.00045
1.00874
1.05202
1.00049
1.0431
1.0007
1.18027
1.00057
1.03698
1.05674
1.00699
1.00107
1.00038
1.05627
1.00022
1.01958
1.00111
1.04273
1.00047
1.0099
1.00068
1.00021
1.00353
1.00135
1.00059
1.00043
1.01566
1.00044
1.07735
1.00057
1.00072
1.14108
1.18113
1.00052
1.00019
1.05706
1.07744
1.00048
1.00021
1.04186
1.00025
1.08964
1.00033
1.00035
1.0003
1.0007
1.29487
1.01896
1.10865
1.1663
1.00069
1.02673
1.00028
1.00045
1.00064
1.02861
1.00057
1.00226
1.00049
1.00053
1.03089
1.0005
1.00825
1.00038
1.0624
1.00029
1.00247
1.11893
1.0006
1.00098
1.00036
1.00823
1.00015
1.00039
1.00088
1.07389
1.00095
1.00099
1.00073
1.04553
1.0046
1.0009
1.00025
1.05232
1.09452
1.005
1.00057
1.02786
1.03631
1.00098
1.07604
1.16691
1.11601
1.0002
1.00079
1.07921
1.00024
1.0081
1.11867
1.0006
1.0353
1.00036
1.01279
1.00544
1.00047
1.00031
1.00046
1.01681
1.00047
1.00111
1.04365
1.02909
1.00085
1.01361
1.0516
1.0321
1.06357
1.00041
1.08355
1.00078
1.00169
1.05788
1.10353
1.00061
1.00045
1.00051
1.0005
1.07048
1.00043
1.01809
1.0148
1.00029
1.00065
1.01203
1.06781
1.0008
1.00076
1.06341
1.09454
1.00059
1.00054
1.21649
1.26962
1.06935
1.07135
1.02611
1.00069
1.00033
1.18595
1.00048
1.28249
1.00254
1.07189
1.00061
1.00052
1.08269
1.0003
1.01247
1.04594
1.02797
1.00076
1.00317
1.00045
1.00057
1.03765
1.0008
1.04411
1.00035
1.02845
1.00051
1.03789
1.00058
1.00022
1.00161
1.00045
1.11324
1.00031
1.00034
1.00044
1.00065
1.02532
1.14502
1.00047
1.0174
1.02587
1.00054
1.00073
1.00815
1.13204
1.09358
1.14216
1.00072
1.00062
1.12152
1.00063
1.02937
1.09127
1.00208
1.00064
1.00112
1.00031
1.06067
1.08803
1.07101
1.00603
1.05411
1.00046
1.10396
1.00065
1.15351
1.03235
1.00071
1.0724
1.00102
1.02487
1.06412
1.00015
1.06891
1.05956
1.00478
1.07151
1.00063
1.06734
1.12615
1.00083
1.00029
1.1509
1.00109
1.09128
1.00039
1.00056
1.00038
1.0008
1.00038
1.00057
1.00058
1.00125
1.00037
1.08661
1.00046
1.00078
1.02244
1.00042
1.00092
1.00129
1.00065
1.00122
1.06479
1.00056
1.00091
1.00218
1.00048
1.0834
1.0003
1.00042
1.00044
1.02253
1.00035
1.00045
1.0009
1.00035
1.08834
1.00052
1.00026
1.00061
1.00073
1.00029
1.05974
1.00035
1.00213
1.00036
1.00033
1.11703
1.04011
1.046
1.00209
1.06719
1.00042
1.03528
1.00069
1.00041
1.04151
1.05122
1.00052
1.01284
1.00086
1.00042
1.00048
1.24965
1.00047
1.00077
1.00018
1.00048
1.00036
1.00097
1.01804
1.00051
1.00041
1.09344
1.00074
1.00056
1.00049
1.00123
1.00026
1.00069
1.0005
1.00044
1.00092
1.00037
1.02165
1.00112
1.0009
1.00109
1.00051
1.00007
1.00063
1.12314
1.00025
1.08502
1.00017
1.26455
1.00031
1.08972
1.00037
1.00059
1.12205
1.00062
1.0536
1.00051
1.00087
1.03722
1.07166
1.00054
1.03201
1.03663
1.0005
1.00396
1.00035
1.01802
1.006
1.00125
1.05042
1.00047
1.00042
1.00044
1.00038
1.01454
1.00059
1.0004
1.0003
1.09594
1.00082
1.00044
1.20251
1.00155
1.00043
1.01224
1.0008
1.09898
1.03043
1.00071
1.01377
1.00656
1.00023
1.01734
1.02802
1.00058
1.00187
1.00909
1.03771
1.07901
1.1656
1.02712
1.0003
1.00048
1.00044
1.00046
1.12891
1.05019
1.00077
1.00038
1.06936
1.00037
1.16675
1.00018
1.10193
1.12551
1.08114
1.00139
1.03908
1.00033
1.0008
1.00112
1.00046
1.00049
1.00026
1.05332
1.00488
1.06776
1.10833
1.02643
1.02347
1.00091
1.00073
1.0729
1.12158
1.07648
1.06782
1.15001
1.00026
1.00041
1.0887
1.00112
1.08191
1.00018
1.04429
1.21259
1.00043
1.0003
1.02326
1.12428
1.00047
1.10647
1.00064
1.00046
1.00021
1.05053
1.00053
1.19907
1.00031
1.00037
1.00083
1.00017
1.09296
1.00045
1.00037
1.00072
1.06173
1.00046
1.00052
1.00041
1.00337
1.00055
1.00046
1.00639
1.00062
1.00034
1.00043
1.09238
1.00073
1.00078
1.00051
1.06372
1.00079
1.06196
1.10983
1.07979
1.00044
1.0005
1.00582
1.00038
1.00212
1.00046
1.00021
1.00046
1.01171
1.15883
1.00265
1.00118
1.06963
1.00057
1.00064
1.14539
1.00079
1.24566
1.00053
1.00084
1.00079
1.65601
1.65601
1.77434
1.91385
1.75056
2.04543
1.3221
1.33486
1.41115
1.68373
1.91051
1.33906
1.63601
1.7256
1.37337
1.54564
1.52355
1.71798
1.30242
1.49366
1.49164
1.25031
2.155
1.86172
1.62526
1.34565
1.49939
1.40508
1.70135
1.49421
1.66849
1.50012
1.87955
1.90942
1.2779
1.58935
1.73641
1.3713
1.39678
1.77056
1.4053
1.7801
1.6624
1.62289
1.62006
1.75809
1.50182
1.83313
1.61959
1.39368
1.44363
1.49081
1.57999
1.31705
1.66926
2.15196
1.67879
1.37579
1.55219
1.83512
1.50488
1.84163
1.33429
1.63846
1.90074
1.65979
2.78577
1.43689
1.70209
1.51029
1.62794
1.50763
1.50595
1.59836
1.49677
1.51779
1.41818
1.4699
1.35635
1.40596
1.51403
1.62758
1.40995
1.57767
1.62342
1.46758
1.47852
1.44771
1.28648
1.52685
1.51452
2.19914
1.42072
1.58238
1.28761
1.49679
1.92271
1.41045
1.83192
1.88231
1.64271
1.63073
1.71754
1.38677
1.63363
1.5828
1.78542
1.23629
1.58764
2.16469
1.93334
1.57076
1.52196
1.94152
1.5857
1.44002
1.27508
1.55546
1.44077
1.80121
1.34325
1.71446
1.44518
1.24444
1.45763
1.47687
1.57723
1.47627
1.46863
1.55345
1.40065
1.62547
1.65849
1.40358
1.56408
1.63423
1.82892
1.49088
1.72088
1.79089
1.66088
1.68413
1.28713
1.70004
1.3441
1.60989
1.41936
1.35541
1.64756
1.58594
1.50543
1.80238
1.5097
1.59419
1.88125
1.3178
1.67088
1.49032
1.8655
1.37751
1.48554
1.39926
1.76638
1.48605
1.75071
1.49601
2.08025
1.42028
1.30252
1.47639
1.61103
1.5609
1.59105
1.39228
1.24387
1.53254
1.28274
1.6419
1.46643
1.68545
1.4841
1.70597
1.47497
1.84464
1.46232
1.79165
1.59942
1.64964
1.67259
1.68998
1.52577
1.3591
1.57043
1.99407
2.01096
1.32279
1.8183
1.63261
1.60296
1.5064
1.93086
1.57408
1.77154
1.58839
1.27072
1.9259
1.56736
1.72765
1.5134
1.53127
1.46969
1.54539
1.53281
1.50552
1.49964
1.36063
1.55037
1.86544
1.60927
2.12524
1.47076
1.7255
1.44472
1.76133
2.98208
1.46866
1.57864
1.63792
1.83551
1.39054
1.54455
1.41475
1.63028
1.83345
1.42784
1.41071
1.72266
1.39058
1.3498
1.69215
2.4747
1.73699
1.73507
1.85985
2.08327
1.53327
1.55681
1.6675
1.67956
2.05412
1.482
1.51313
1.44966
1.34619
1.85393
2.01605
1.59426
1.56023
1.45174
1.50853
1.69888
1.50694
1.42191
1.52259
1.53444
1.28778
2.10227
1.66594
1.49291
2.22477
1.50049
1.7021
1.46639
1.60401
1.51248
1.41742
1.77114
1.70191
1.49525
1.50677
1.28558
1.54236
2.12331
1.5759
1.31978
1.72354
1.28854
1.3078
1.67684
1.57263
1.54858
1.56006
1.11438
1.68439
1.85444
1.49773
1.82747
1.55327
1.6615
1.41744
1.34736
1.6354
1.84037
1.58658
1.80502
1.72001
1.24527
1.8889
1.2787
1.54312
1.65109
1.876
1.73832
1.69983
1.32602
1.28035
1.75284
1.76076
1.58973
1.77564
2.06977
1.63166
1.7167
2.27361
1.61957
1.44578
1.39198
2.38973
2.08143
1.59813
1.61318
1.45582
2.05504
1.52483
2.26023
1.43523
1.39731
1.67965
1.4017
3.00045
1.83156
1.82604
1.40968
1.50833
2.76546
1.53417
1.56967
1.89216
1.34844
1.69098
1.8158
1.74068
1.34304
1.56695
1.27791
1.47321
1.36541
1.47567
1.82739
1.48878
1.48748
1.82916
1.88625
1.27891
1.38865
1.55403
1.49838
1.62345
1.57815
1.36456
1.44495
1.68164
1.60305
1.70021
1.66332
1.41014
1.68234
1.20114
1.98973
1.94827
1.41229
1.54603
1.35892
1.61215
1.34747
1.67991
1.39834
1.88734
1.59007
1.7109
1.46581
2.22245
1.43217
1.61897
1.58746
1.46818
1.53072
1.60943
1.76435
1.71091
1.45562
1.79101
1.45785
1.70684
1.39672
1.52831
1.57492
1.67907
1.4419
1.41671
1.49593
1.37874
1.42479
1.51615
1.61182
1.66174
1.50647
1.46248
1.45535
1.57579
1.97101
1.38531
1.94508
1.45204
1.41493
1.72993
1.4509
1.63881
1.47781
2.15611
1.89486
1.79436
1.71085
1.39502
2.05233
1.78493
1.54034
1.34712
2.139
1.75481
1.8185
1.41206
1.32727
1.86195
1.45949
1.64094
1.57804
1.73016
1.93046
1.34098
1.54385
1.31852
1.42759
1.95836
1.52918
1.34684
1.59483
1.33372
1.35384
1.83805
1.94529
1.33719
1.89566
1.62032
1.32495
1.33458
1.60008
1.84981
1.58994
1.70242
1.50943
1.57142
1.37501
1.58484
1.93493
1.4549
1.66787
1.48457
2.0666
1.66169
1.27372
1.53647
1.53039
1.73989
1.63131
1.46367
1.74737
1.2379
2.15069
1.61503
1.13558
1.63711
1.42222
1.82827
1.5793
1.47221
1.73927
1.6941
1.43633
1.45843
1.52128
1.7352
1.64542
1.73959
1.98065
1.62102
1.63076
1.71232
2.04568
2.19046
1.27595
1.78236
1.32428
1.53519
1.52509
1.28142
1.48193
1.53041
1.48684
1.98936
1.85696
1.68542
1.50634
1.26303
1.36845
1.42074
1.49804
1.77058
1.8498
1.68909
2.16507
1.63919
1.61691
1.85295
1.3806
1.73491
1.33792
1.37753
1.72656
1.57567
1.65694
1.43402
1.58267
1.33604
1.67403
1.77384
1.69703
1.50114
1.75118
1.48712
1.55113
1.50907
1.6527
1.88984
1.87373
1.53588
1.16393
1.77296
1.75627
1.47183
1.23934
1.51321
1.2833
1.73511
1.52837
1.44185
1.43546
1.58078
1.78094
1.4471
1.5169
1.48551
1.75319
1.88564
1.256
1.55189
1.69514
1.59885
1.68234
1.51093
1.43179
1.69148
1.44938
1.49473
1.47579
1.53271
1.70092
1.41192
1.86072
2.08192
1.56462
1.49727
1.36973
1.49655
1.25246
1.33277
1.59306
1.68483
1.68399
1.73961
1.61437
1.45384
1.64565
1.64209
1.40975
1.91931
1.41114
1.22331
1.68054
1.78122
2.06244
1.71333
1.65562
1.76301
2.06483
1.21352
1.93097
1.56352
1.32233
1.56132
1.53391
1.56781
1.55557
1.44875
1.7816
1.83301
1.42491
1.28209
1.43066
1.97416
1.28901
2.19612
2.0608
1.5204
1.68538
1.37848
1.71223
1.39316
2.87885
1.43501
1.47051
1.743
1.46037
1.56533
1.66114
1.6445
1.49956
1.59815
1.49949
1.90631
1.3692
2.14428
2.03271
1.23663
1.70624
1.60261
1.42034
1.56107
1.57373
1.62479
2.04755
1.90263
1.64559
1.86169
1.54774
1.75916
2.39117
1.9556
1.70703
1.36626
2.11978
1.57363
1.54745
1.68072
1.66147
1.59161
1.55639
1.33452
1.45848
1.86266
1.49346
1.5779
2.08773
1.67953
1.47941
1.64354
1.87098
1.79877
1.65237
1.58689
2.63523
1.50143
1.99663
1.4765
1.27533
1.41207
1.52589
1.43344
1.48338
1.51518
1.47057
1.52324
1.50573
1.98471
1.51565
1.81694
1.43388
1.46304
2.01479
2.15521
2.27879
1.6662
2.15893
1.554
1.66814
1.87219
1.60081
2.36398
1.28791
1.49219
1.80549
1.59294
1.41649
1.56172
1.40077
1.60689
1.56333
2.07657
1.42344
1.84292
1.72651
1.70085
2.25794
1.35385
1.27499
1.66868
1.8459
1.64832
1.51566
1.3459
1.77607
1.72849
1.5235
1.67272
1.44936
1.72731
1.73257
1.38989
2.08866
1.39426
1.60465
1.36727
1.68222
1.40157
1.58931
1.56823
1.56742
1.53096
2.50509
1.42567
1.49769
1.46315
1.63252
1.3214
1.51752
1.45284
1.72549
1.58769
2.06795
2.17064
1.44435
1.66037
1.60108
1.5341
1.95135
1.29693
1.99467
1.54099
1.37054
1.358
1.41975
1.46323
1.52172
1.60383
1.45201
1.35897
1.54451
1.58611
1.41498
2.16939
1.36908
1.49077
1.4606
1.4077
1.77042
1.2658
1.77349
1.78312
1.4093
1.48495
1.56566
1.91462
1.38792
1.78702
1.19939
1.60367
1.52499
1.85899
1.43822
1.43051
2.00798
1.54956
1.71566
1.16809
1.46138
1.43043
1.65219
1.48494
1.58406
1.52711
1.93599
1.84412
1.46677
1.54151
1.97743
1.36835
1.56679
1.5563
1.4321
1.81441
1.50809
2.1878
1.80227
2.14641
1.82409
1.67929
1.692
1.50993
1.55108
1.25286
1.58596
1.51252
2.78622
1.43293
1.461
1.4881
1.52466
1.7587
1.66939
1.67762
1.39889
1.74412
1.40137
1.57238
1.54314
2.16251
1.68604
1.56328
2.60336
1.2895
2.42155
1.97949
2.08387
1.53876
1.45933
1.25816
1.65761
1.43211
1.6346
1.37285
1.42382
1.37802
1.68057
1.8158
1.35776
1.44005
1.78773
1.45594
1.35987
1.838
1.84184
1.62896
1.66784
1.28814
1.48641
1.33915
1.56911
1.43295
1.48453
1.41846
1.36099
1.98478
2.1014
1.76073
1.47436
1.34844
1.61315
1.47843
1.58504
1.55991
1.63907
1.54084
1.41471
1.84212
1.41026
1.22965
1.19335
1.42601
1.75601
1.67454
1.44558
1.42604
1.35723
1.93039
2.13498
1.61942
1.73639
1.39412
1.83346
1.45434
1.67648
1.62364
1.58878
1.66167
1.55616
1.68206
1.71523
1.6941
1.69407
1.4467
1.68076
1.3985
1.58594
1.68264
2.1339
1.52689
1.1933
1.92688
1.92849
1.53042
1.26367
1.42881
2.12309
1.60151
1.33931
1.43715
1.54586
1.30552
1.46422
1.56712
1.72108
1.31605
1.53992
1.73159
1.2254
1.72927
1.37876
1.42157
1.54929
2.35543
1.49281
1.47316
1.53184
1.28341
1.73521
1.35612
1.54785
1.40227
1.37271
1.46344
1.56619
1.69654
1.84184
1.64698
1.49724
1.75956
1.57876
1.68743
1.3909
1.43861
1.54841
1.87818
1.59251
1.81626
1.57278
1.35966
1.40579
2.27945
1.76526
1.48376
1.61487
1.70155
1.79667
1.69019
1.77401
1.66513
2.33845
1.50714
1.66723
1.85607
1.06641
1.06641
1.12449
1.14155
1.26367
1.10954
1.05281
1.06166
1.22139
1.13044
1.22598
1.03012
1.17698
1.24598
1.05649
1.06767
1.1943
1.20451
1.07325
1.25031
1.06643
1.02651
1.16271
1.34349
1.07084
1.00991
1.21004
1.11988
1.15834
1.07054
1.12661
1.09184
1.17554
1.25938
1.03392
1.24079
1.04025
1.11996
1.08644
1.16415
1.09765
1.08946
1.14571
1.15275
1.13167
1.11119
1.21748
1.19378
1.16934
1.02566
1.0785
1.08236
1.1159
1.10635
1.08897
1.02292
1.21205
1.06699
1.10788
1.1078
1.06613
1.20812
1.03897
1.13553
1.00955
1.10909
1.21795
1.06058
1.28413
1.04529
1.09482
1.04796
1.04796
1.18144
1.07461
1.13979
1.08897
1.02281
1
1.0796
1.14411
1.25627
1.04709
1.30037
1.114
1.12833
1.11215
1.1396
1.0488
1.14335
1.11035
1.74216
1.16777
1.2564
1.09485
1.076
1.49321
1.11306
1.09255
1.26289
1.05102
1.12476
1.08658
1.14226
1.15231
1.11676
1.24447
1.01106
1.10333
1.28061
1.11396
1.20087
1
1.09636
1.03606
1.07854
1.1102
1.0628
1.00786
1.19893
1.08906
1.39468
1.04668
1.01247
1.09182
1.0508
1.22239
1.24143
1.0663
1.11525
1.01013
1.20145
1.08187
1.09508
1.05022
1.17255
1.18438
1.07569
1.0813
1.08527
1.20497
1.08513
1.04371
1.22349
1.07667
1.14594
1.08551
1.05269
1.17722
1.10705
1.1769
1.1357
1.17611
1.07829
1.11678
1.1101
1.0746
1.08041
1.20841
1.0898
1.10387
1.20341
1.31569
1.15421
1.1479
1.13104
1.55142
1.05834
1.07477
1.06684
1.03494
1.05962
1.07742
1.0951
1.06096
1.08722
1.03787
1.11849
1.05742
1.21342
1.14196
1.19972
1.13441
1.35174
1.04507
1.13489
1.04366
1.06799
1.29674
1.13352
1.22401
1.09927
1.04544
1.26777
1.15425
1.02993
1.0518
1.26478
1.17227
1.09274
1.09563
1.09505
1.07231
1.12224
1.0123
1.10103
1.19556
1.43471
1.16767
1.1479
1.06209
1.19293
1.06837
1.0361
1.0457
1.03292
1.03386
1.12106
1.07723
1.05869
1.04066
1.12618
1.21316
1.34693
1.52305
1.12757
1.06248
1.16809
1.01559
1.19175
1.09948
1.03327
1.05315
1.22272
1.10972
1.11966
1.27337
1.05472
1.15831
1.37535
1.64967
1.15119
1.38465
1.16293
1.20174
1.08996
1.15225
1.10607
1.23769
1.35713
1.05032
1.17177
1.03703
1.02209
1.08597
1.12156
1.15307
1.11662
1.06589
1.01522
1.10547
1.10339
1.04627
1.18474
1.03332
1.03434
1.10344
1.17716
1.21767
1.31726
1.03309
1.24226
1.12493
1.07837
1.07707
1.12979
1.16269
1.21069
1.17527
1.14075
1.01876
1.24556
1.15362
1.10666
1.03619
1.09759
1.03724
1.00491
1.31354
1.0353
1.01403
1.06219
1.02198
1.28229
1.26403
1.09554
1.25366
1.14951
1.06998
1.02916
1.02301
1.19551
1.01747
1.07259
1.21186
1.39978
1
1.18808
1.1474
1.00532
1.03375
1.06441
1.12913
1.11132
1.04137
1.04016
1.04182
1.11854
1.16423
1.24742
1.30034
1.08983
1.14758
1.10586
1.07376
1.12842
1.02842
1.21092
1.06136
1.09718
1.05407
1.0574
1.35941
1.05894
1.10064
1.01513
1.06374
1.08656
1
1.13052
1.23648
1.13689
1.04395
1.16501
1.48174
1.2111
1.06044
1.42298
1.04009
1.25272
1.26659
1.15206
1.08589
1.18352
1.02387
1.04284
1.06186
1.03183
1.25788
1.17695
1.06372
1.12023
1.17495
1.06123
1.03917
1.18998
1.22408
1.077
1.04217
1.07193
1.12106
1.15901
1.06709
1.15779
1.08754
1.07808
1.07334
1.02507
1.30938
1.52376
1.11109
1.08694
1.11832
1.10566
1.02666
1.36348
1.09847
1.44818
1.23443
1.13898
1.0557
1.34462
1.0165
1.0429
1.05888
1.1477
1.18882
1.07638
1.11747
1.13198
1.11194
1.02274
1.02341
1.0992
1.09882
1.04711
1.14004
1.04896
1.10137
1.12296
1.14369
1.0458
1.15265
1.0849
1.15634
1.10074
1.06583
1.09249
1.08617
1.18179
1.14291
1.04996
1.10732
1
1.06786
1.09011
1.05089
1.11583
1.09745
1.39028
1.17242
1.13833
1.33104
1.06256
1.07143
1.11585
1.06657
1.03344
1.15308
1.16941
1.41677
1.02953
1.02875
1.21458
1.03426
1.05791
1.07455
1.18328
1.02429
1.17431
1.0859
1.09082
1.12702
1.12086
1.10104
1.05961
1.03753
1.01353
1.062
1.22975
1.21447
1.06196
1.07646
1.25347
1.04011
1.03278
1.23021
1.21716
1.07271
1.04267
1.06505
1.14222
1.0525
1.0589
1.11414
1.06174
1.13846
1.08974
1.06556
1.13005
1.04104
1.127
1.19078
1.09098
1.1136
1.11324
1.18424
1.03825
1.47865
1.20229
1
1.04335
1.21819
1.50023
1.04106
1.06621
1.11858
1.04192
1.05392
1.08082
1.2623
1.25123
1.06891
1.08319
1.28649
1.06156
1.23379
1.40838
1.26281
1.44191
1.06788
1.13075
1.02989
1.16917
1.07806
1.05111
1.0698
1.08362
1.09145
1.17669
1.36865
1.0667
1.14567
1.0922
1.07363
1.04092
1.03949
1.35301
1.37844
1.1469
1.09788
1.16348
1.16776
1.04985
1.13702
1.16123
1.01871
1.0597
1.14649
1.21564
1.1499
1.02144
1.07813
1.111
1.24783
1.19645
1.42851
1.07129
1.10443
1.0738
1.22622
1.05143
1.13343
1.16241
1.04028
1.20101
1.02241
1.10092
1.19661
1.05959
1.07217
1.1686
1.04703
1.23004
1.1173
1.20536
1.10321
1.10318
1.06984
1.07472
1.19365
1.27909
1.44272
1.27216
1.04126
1.08519
1.17065
1.0764
1.39541
1.24197
1.05975
1.18717
1.18165
1.10683
1.28052
1.22476
1.10586
1.0866
1.23544
1.25643
1.06728
1.07692
1.10448
1.00368
1.00913
1.05595
1.02758
1.00419
1.08398
1.03421
1.0543
1.0325
1.20262
1.05768
1.06947
1.14763
1.0351
1.02959
1.27782
1.27178
1.45289
1.15034
1.23939
1.16272
1.52499
1.0569
1.18502
1.252
1.07008
1.0803
1.04492
1.05484
1.10391
1.10068
1.03575
1.07327
1.08307
1.04483
1.18636
1.24337
1.00345
1.14966
1.23222
1.26185
1.04794
1.08749
1.29504
1.11936
1.23161
1.04979
1.06335
1.07615
0.999999
1.15265
1.10471
1.22242
1.08064
1.25867
1.083
1.1213
1.07893
1.14549
1.11468
1.0369
1.17105
1.08784
1.12197
1.10302
1.07611
1.10495
1.11547
1.06937
1.15316
1.41698
1.20343
1.0708
1.24935
1.38329
1.16281
1.10332
1.11944
1.0912
1.23323
1.10706
1.08482
1.13841
1.08347
1.0714
1.02306
1.29363
1.09278
1.06443
1.22784
1.14115
1.11919
1.18185
1.24058
1.19441
1.18602
1.074
1.61186
1.05315
1.09499
1.05343
1.16765
1
1.28213
1.01674
1.13601
1.12283
1.08726
1.05378
1.23188
1.25832
1.13667
1.12839
1.02303
1.05694
1.25645
1.3006
1.62383
1.07839
1.14035
1.27862
1.18102
1.10803
1.05648
1.38865
1.12924
1.06339
1.27386
1.17488
1.08703
1.11422
0.999999
1
1.09168
1.36972
1.07308
1.06121
1.0982
1.14219
1.49663
1.02262
1.02546
1.04645
1.17877
1.03676
1.03661
1.05381
1.17362
1.0956
1.07428
1.18865
1.01481
1.27349
1.15172
1.08096
1.09903
1.04047
1.08595
1.06422
1.09837
1.17481
1.11333
1.17806
1.07132
1.13335
1.94228
1.05955
1.17795
1.05398
1.04766
1.0252
1.07668
1.02032
1.13325
1.12164
1.17366
1.13742
1.06114
1.04203
1.1333
1.14151
1.25918
1.04313
1.12659
1.24349
1.05328
1.05632
1.08798
1.06536
1.06612
1.05834
1.03038
1.14387
1.10933
1.0564
1.08946
1.5134
1.03639
1.09906
1.14455
1.07332
1.33741
1.07997
1.36029
1.20214
1.12409
1.15717
1.19523
1.29802
1.08712
1.0666
1.01859
1.09133
1.03936
1.24191
1.08354
1.0755
1.28607
1.08505
1.15303
1.08537
1.05224
1.25735
1.07622
1.06697
1.12422
1.23661
1.10374
1.16114
1.08191
1.14551
1.08374
1.12834
1.14793
1.15781
1.0399
1.07689
1.10153
1.24179
1.10172
1.45825
1.13831
1.15357
1.24065
1.0385
1.06005
1.0135
1.16969
1.11645
1.17396
1.12549
1.02796
1.23749
1.08742
1.15589
1.19468
1.10442
1.07645
1.09582
1.06006
1.076
1.17981
1.15374
1.1229
1.07567
1.64843
1.10101
1.23755
1.10731
1.08386
1.05352
1.05156
1.003
1.17184
1.06435
1.02743
1.07283
1.11767
1.08573
1.15191
1.10234
1.0384
1.05511
1.08768
1.09109
1.07733
1.17292
1.12005
1.15131
1.05758
1.12146
1.07417
1.01678
1.08346
1.03765
1.06812
1.13146
1.09362
1.33005
1.21746
1.3387
1.02261
1.05878
1.26374
1.13073
1.30859
1.04408
1.04894
1.03488
1.05982
1.21199
1.11583
1.01036
1.04938
1.16379
1.36849
1.08891
1.1768
1.06259
1.07944
1.16593
1.25062
1.25126
1.26675
1.08962
1.19132
1.07819
1.07139
1.19611
1.10637
1.08908
1.071
1.07237
1.38826
1.28358
1.31564
1.19042
1.36323
1.09185
1.24292
1.36923
1.39387
1.11913
1.07224
1.15935
1.21255
1.24227
1.01312
1.11507
1.308
1.25686
1.00444
1.04479
1.08856
1.00691
1.20662
1.08091
1.06135
1.07882
1.15771
1.08367
1.0438
1.14739
1.06356
1.05615
1.00631
1.4635
1.05526
1.07831
1.08491
1.04051
1.36099
1.11058
1.10308
1.0553
1.09456
1.11651
1.25015
1.14184
1.10993
1.10268
1.12198
1.06331
1.25728
1.27274
1.06194
1.103
1.08938
1.14488
1.08069
1.14337
1.12186
1.0301
1.08121
1.26036
1.08533
1.07026
1.11416
1.12481
1.21587
1.08478
1.11549
1.10027
1.08557
1.05968
1.05242
1.22022
1.65601
1.65601
1.77434
1.91385
1.75056
2.04543
1.3221
1.33486
1.41115
1.68373
1.91051
1.33906
1.63601
1.7256
1.37337
1.54564
1.52355
1.71798
1.30242
1.49366
1.49164
1.25031
2.155
1.86172
1.62526
1.34565
1.49939
1.40508
1.70135
1.49421
1.66849
1.50012
1.87955
1.90942
1.2779
1.58935
1.73641
1.3713
1.39678
1.77056
1.4053
1.7801
1.6624
1.62289
1.62006
1.75809
1.50182
1.83313
1.61959
1.39368
1.44363
1.49081
1.57999
1.31705
1.66926
2.15196
1.67879
1.37579
1.55219
1.83512
1.50488
1.84163
1.33429
1.63846
1.90074
1.65979
2.78577
1.43689
1.70209
1.51029
1.62794
1.50763
1.50595
1.59836
1.49677
1.51779
1.41818
1.4699
1.35635
1.40596
1.51403
1.62758
1.40995
1.57767
1.62342
1.46758
1.47852
1.44771
1.28648
1.52685
1.51452
2.19914
1.42072
1.58238
1.28761
1.49679
1.92271
1.41045
1.83192
1.88231
1.64271
1.63073
1.71754
1.38677
1.63363
1.5828
1.78542
1.23629
1.58764
2.16469
1.93334
1.57076
1.52196
1.94152
1.5857
1.44002
1.27508
1.55546
1.44077
1.80121
1.34325
1.71446
1.44518
1.24444
1.45763
1.47687
1.57723
1.47627
1.46863
1.55345
1.40065
1.62547
1.65849
1.40358
1.56408
1.63423
1.82892
1.49088
1.72088
1.79089
1.66088
1.68413
1.28713
1.70004
1.3441
1.60989
1.41936
1.35541
1.64756
1.58594
1.50543
1.80238
1.5097
1.59419
1.88125
1.3178
1.67088
1.49032
1.8655
1.37751
1.48554
1.39926
1.76638
1.48605
1.75071
1.49601
2.08025
1.42028
1.30252
1.47639
1.61103
1.5609
1.59105
1.39228
1.24387
1.53254
1.28274
1.6419
1.46643
1.68545
1.4841
1.70597
1.47497
1.84464
1.46232
1.79165
1.59942
1.64964
1.67259
1.68998
1.52577
1.3591
1.57043
1.99407
2.01096
1.32279
1.8183
1.63261
1.60296
1.5064
1.93086
1.57408
1.77154
1.58839
1.27072
1.9259
1.56736
1.72765
1.5134
1.53127
1.46969
1.54539
1.53281
1.50552
1.49964
1.36063
1.55037
1.86544
1.60927
2.12524
1.47076
1.7255
1.44472
1.76133
2.98208
1.46866
1.57864
1.63792
1.83551
1.39054
1.54455
1.41475
1.63028
1.83345
1.42784
1.41071
1.72266
1.39058
1.3498
1.69215
2.4747
1.73699
1.73507
1.85985
2.08327
1.53327
1.55681
1.6675
1.67956
2.05412
1.482
1.51313
1.44966
1.34619
1.85393
2.01605
1.59426
1.56023
1.45174
1.50853
1.69888
1.50694
1.42191
1.52259
1.53444
1.28778
2.10227
1.66594
1.49291
2.22477
1.50049
1.7021
1.46639
1.60401
1.51248
1.41742
1.77114
1.70191
1.49525
1.50677
1.28558
1.54236
2.12331
1.5759
1.31978
1.72354
1.28854
1.3078
1.67684
1.57263
1.54858
1.56006
1.11438
1.68439
1.85444
1.49773
1.82747
1.55327
1.6615
1.41744
1.34736
1.6354
1.84037
1.58658
1.80502
1.72001
1.24527
1.8889
1.2787
1.54312
1.65109
1.876
1.73832
1.69983
1.32602
1.28035
1.75284
1.76076
1.58973
1.77564
2.06977
1.63166
1.7167
2.27361
1.61957
1.44578
1.39198
2.38973
2.08143
1.59813
1.61318
1.45582
2.05504
1.52483
2.26023
1.43523
1.39731
1.67965
1.4017
3.00045
1.83156
1.82604
1.40968
1.50833
2.76546
1.53417
1.56967
1.89216
1.34844
1.69098
1.8158
1.74068
1.34304
1.56695
1.27791
1.47321
1.36541
1.47567
1.82739
1.48878
1.48748
1.82916
1.88625
1.27891
1.38865
1.55403
1.49838
1.62345
1.57815
1.36456
1.44495
1.68164
1.60305
1.70021
1.66332
1.41014
1.68234
1.20114
1.98973
1.94827
1.41229
1.54603
1.35892
1.61215
1.34747
1.67991
1.39834
1.88734
1.59007
1.7109
1.46581
2.22245
1.43217
1.61897
1.58746
1.46818
1.53072
1.60943
1.76435
1.71091
1.45562
1.79101
1.45785
1.70684
1.39672
1.52831
1.57492
1.67907
1.4419
1.41671
1.49593
1.37874
1.42479
1.51615
1.61182
1.66174
1.50647
1.46248
1.45535
1.57579
1.97101
1.38531
1.94508
1.45204
1.41493
1.72993
1.4509
1.63881
1.47781
2.15611
1.89486
1.79436
1.71085
1.39502
2.05233
1.78493
1.54034
1.34712
2.139
1.75481
1.8185
1.41206
1.32727
1.86195
1.45949
1.64094
1.57804
1.73016
1.93046
1.34098
1.54385
1.31852
1.42759
1.95836
1.52918
1.34684
1.59483
1.33372
1.35384
1.83805
1.94529
1.33719
1.89566
1.62032
1.32495
1.33458
1.60008
1.84981
1.58994
1.70242
1.50943
1.57142
1.37501
1.58484
1.93493
1.4549
1.66787
1.48457
2.0666
1.66169
1.27372
1.53647
1.53039
1.73989
1.63131
1.46367
1.74737
1.2379
2.15069
1.61503
1.13558
1.63711
1.42222
1.82827
1.5793
1.47221
1.73927
1.6941
1.43633
1.45843
1.52128
1.7352
1.64542
1.73959
1.98065
1.62102
1.63076
1.71232
2.04568
2.19046
1.27595
1.78236
1.32428
1.53519
1.52509
1.28142
1.48193
1.53041
1.48684
1.98936
1.85696
1.68542
1.50634
1.26303
1.36845
1.42074
1.49804
1.77058
1.8498
1.68909
2.16507
1.63919
1.61691
1.85295
1.3806
1.73491
1.33792
1.37753
1.72656
1.57567
1.65694
1.43402
1.58267
1.33604
1.67403
1.77384
1.69703
1.50114
1.75118
1.48712
1.55113
1.50907
1.6527
1.88984
1.87373
1.53588
1.16393
1.77296
1.75627
1.47183
1.23934
1.51321
1.2833
1.73511
1.52837
1.44185
1.43546
1.58078
1.78094
1.4471
1.5169
1.48551
1.75319
1.88564
1.256
1.55189
1.69514
1.59885
1.68234
1.51093
1.43179
1.69148
1.44938
1.49473
1.47579
1.53271
1.70092
1.41192
1.86072
2.08192
1.56462
1.49727
1.36973
1.49655
1.25246
1.33277
1.59306
1.68483
1.68399
1.73961
1.61437
1.45384
1.64565
1.64209
1.40975
1.91931
1.41114
1.22331
1.68054
1.78122
2.06244
1.71333
1.65562
1.76301
2.06483
1.21352
1.93097
1.56352
1.32233
1.56132
1.53391
1.56781
1.55557
1.44875
1.7816
1.83301
1.42491
1.28209
1.43066
1.97416
1.28901
2.19612
2.0608
1.5204
1.68538
1.37848
1.71223
1.39316
2.87885
1.43501
1.47051
1.743
1.46037
1.56533
1.66114
1.6445
1.49956
1.59815
1.49949
1.90631
1.3692
2.14428
2.03271
1.23663
1.70624
1.60261
1.42034
1.56107
1.57373
1.62479
2.04755
1.90263
1.64559
1.86169
1.54774
1.75916
2.39117
1.9556
1.70703
1.36626
2.11978
1.57363
1.54745
1.68072
1.66147
1.59161
1.55639
1.33452
1.45848
1.86266
1.49346
1.5779
2.08773
1.67953
1.47941
1.64354
1.87098
1.79877
1.65237
1.58689
2.63523
1.50143
1.99663
1.4765
1.27533
1.41207
1.52589
1.43344
1.48338
1.51518
1.47057
1.52324
1.50573
1.98471
1.51565
1.81694
1.43388
1.46304
2.01479
2.15521
2.27879
1.6662
2.15893
1.554
1.66814
1.87219
1.60081
2.36398
1.28791
1.49219
1.80549
1.59294
1.41649
1.56172
1.40077
1.60689
1.56333
2.07657
1.42344
1.84292
1.72651
1.70085
2.25794
1.35385
1.27499
1.66868
1.8459
1.64832
1.51566
1.3459
1.77607
1.72849
1.5235
1.67272
1.44936
1.72731
1.73257
1.38989
2.08866
1.39426
1.60465
1.36727
1.68222
1.40157
1.58931
1.56823
1.56742
1.53096
2.50509
1.42567
1.49769
1.46315
1.63252
1.3214
1.51752
1.45284
1.72549
1.58769
2.06795
2.17064
1.44435
1.66037
1.60108
1.5341
1.95135
1.29693
1.99467
1.54099
1.37054
1.358
1.41975
1.46323
1.52172
1.60383
1.45201
1.35897
1.54451
1.58611
1.41498
2.16939
1.36908
1.49077
1.4606
1.4077
1.77042
1.2658
1.77349
1.78312
1.4093
1.48495
1.56566
1.91462
1.38792
1.78702
1.19939
1.60367
1.52499
1.85899
1.43822
1.43051
2.00798
1.54956
1.71566
1.16809
1.46138
1.43043
1.65219
1.48494
1.58406
1.52711
1.93599
1.84412
1.46677
1.54151
1.97743
1.36835
1.56679
1.5563
1.4321
1.81441
1.50809
2.1878
1.80227
2.14641
1.82409
1.67929
1.692
1.50993
1.55108
1.25286
1.58596
1.51252
2.78622
1.43293
1.461
1.4881
1.52466
1.7587
1.66939
1.67762
1.39889
1.74412
1.40137
1.57238
1.54314
2.16251
1.68604
1.56328
2.60336
1.2895
2.42155
1.97949
2.08387
1.53876
1.45933
1.25816
1.65761
1.43211
1.6346
1.37285
1.42382
1.37802
1.68057
1.8158
1.35776
1.44005
1.78773
1.45594
1.35987
1.838
1.84184
1.62896
1.66784
1.28814
1.48641
1.33915
1.56911
1.43295
1.48453
1.41846
1.36099
1.98478
2.1014
1.76073
1.47436
1.34844
1.61315
1.47843
1.58504
1.55991
1.63907
1.54084
1.41471
1.84212
1.41026
1.22965
1.19335
1.42601
1.75601
1.67454
1.44558
1.42604
1.35723
1.93039
2.13498
1.61942
1.73639
1.39412
1.83346
1.45434
1.67648
1.62364
1.58878
1.66167
1.55616
1.68206
1.71523
1.6941
1.69407
1.4467
1.68076
1.3985
1.58594
1.68264
2.1339
1.52689
1.1933
1.92688
1.92849
1.53042
1.26367
1.42881
2.12309
1.60151
1.33931
1.43715
1.54586
1.30552
1.46422
1.56712
1.72108
1.31605
1.53992
1.73159
1.2254
1.72927
1.37876
1.42157
1.54929
2.35543
1.49281
1.47316
1.53184
1.28341
1.73521
1.35612
1.54785
1.40227
1.37271
1.46344
1.56619
1.69654
1.84184
1.64698
1.49724
1.75956
1.57876
1.68743
1.3909
1.43861
1.54841
1.87818
1.59251
1.81626
1.57278
1.35966
1.40579
2.27945
1.76526
1.48376
1.61487
1.70155
1.79667
1.69019
1.77401
1.66513
2.33845
1.50714
1.66723
1.85607
1.65601
1.65601
1.77434
1.91385
1.75056
2.04543
1.3221
1.33486
1.41115
1.68373
1.91051
1.33906
1.63601
1.7256
1.37337
1.54564
1.52355
1.71798
1.30242
1.49366
1.49164
1.25031
2.155
1.86172
1.62526
1.34565
1.49939
1.40508
1.70135
1.49421
1.66849
1.50012
1.87955
1.90942
1.2779
1.58935
1.73641
1.3713
1.39678
1.77056
1.4053
1.7801
1.6624
1.62289
1.62006
1.75809
1.50182
1.83313
1.61959
1.39368
1.44363
1.49081
1.57999
1.31705
1.66926
2.15196
1.67879
1.37579
1.55219
1.83512
1.50488
1.84163
1.33429
1.63846
1.90074
1.65979
2.78577
1.43689
1.70209
1.51029
1.62794
1.50763
1.50595
1.59836
1.49677
1.51779
1.41818
1.4699
1.35635
1.40596
1.51403
1.62758
1.40995
1.57767
1.62342
1.46758
1.47852
1.44771
1.28648
1.52685
1.51452
2.19914
1.42072
1.58238
1.28761
1.49679
1.92271
1.41045
1.83192
1.88231
1.64271
1.63073
1.71754
1.38677
1.63363
1.5828
1.78542
1.23629
1.58764
2.16469
1.93334
1.57076
1.52196
1.94152
1.5857
1.44002
1.27508
1.55546
1.44077
1.80121
1.34325
1.71446
1.44518
1.24444
1.45763
1.47687
1.57723
1.47627
1.46863
1.55345
1.40065
1.62547
1.65849
1.40358
1.56408
1.63423
1.82892
1.49088
1.72088
1.79089
1.66088
1.68413
1.28713
1.70004
1.3441
1.60989
1.41936
1.35541
1.64756
1.58594
1.50543
1.80238
1.5097
1.59419
1.88125
1.3178
1.67088
1.49032
1.8655
1.37751
1.48554
1.39926
1.76638
1.48605
1.75071
1.49601
2.08025
1.42028
1.30252
1.47639
1.61103
1.5609
1.59105
1.39228
1.24387
1.53254
1.28274
1.6419
1.46643
1.68545
1.4841
1.70597
1.47497
1.84464
1.46232
1.79165
1.59942
1.64964
1.67259
1.68998
1.52577
1.3591
1.57043
1.99407
2.01096
1.32279
1.8183
1.63261
1.60296
1.5064
1.93086
1.57408
1.77154
1.58839
1.27072
1.9259
1.56736
1.72765
1.5134
1.53127
1.46969
1.54539
1.53281
1.50552
1.49964
1.36063
1.55037
1.86544
1.60927
2.12524
1.47076
1.7255
1.44472
1.76133
2.98208
1.46866
1.57864
1.63792
1.83551
1.39054
1.54455
1.41475
1.63028
1.83345
1.42784
1.41071
1.72266
1.39058
1.3498
1.69215
2.4747
1.73699
1.73507
1.85985
2.08327
1.53327
1.55681
1.6675
1.67956
2.05412
1.482
1.51313
1.44966
1.34619
1.85393
2.01605
1.59426
1.56023
1.45174
1.50853
1.69888
1.50694
1.42191
1.52259
1.53444
1.28778
2.10227
1.66594
1.49291
2.22477
1.50049
1.7021
1.46639
1.60401
1.51248
1.41742
1.77114
1.70191
1.49525
1.50677
1.28558
1.54236
2.12331
1.5759
1.31978
1.72354
1.28854
1.3078
1.67684
1.57263
1.54858
1.56006
1.11438
1.68439
1.85444
1.49773
1.82747
1.55327
1.6615
1.41744
1.34736
1.6354
1.84037
1.58658
1.80502
1.72001
1.24527
1.8889
1.2787
1.54312
1.65109
1.876
1.73832
1.69983
1.32602
1.28035
1.75284
1.76076
1.58973
1.77564
2.06977
1.63166
1.7167
2.27361
1.61957
1.44578
1.39198
2.38973
2.08143
1.59813
1.61318
1.45582
2.05504
1.52483
2.26023
1.43523
1.39731
1.67965
1.4017
3.00045
1.83156
1.82604
1.40968
1.50833
2.76546
1.53417
1.56967
1.89216
1.34844
1.69098
1.8158
1.74068
1.34304
1.56695
1.27791
1.47321
1.36541
1.47567
1.82739
1.48878
1.48748
1.82916
1.88625
1.27891
1.38865
1.55403
1.49838
1.62345
1.57815
1.36456
1.44495
1.68164
1.60305
1.70021
1.66332
1.41014
1.68234
1.20114
1.98973
1.94827
1.41229
1.54603
1.35892
1.61215
1.34747
1.67991
1.39834
1.88734
1.59007
1.7109
1.46581
2.22245
1.43217
1.61897
1.58746
1.46818
1.53072
1.60943
1.76435
1.71091
1.45562
1.79101
1.45785
1.70684
1.39672
1.52831
1.57492
1.67907
1.4419
1.41671
1.49593
1.37874
1.42479
1.51615
1.61182
1.66174
1.50647
1.46248
1.45535
1.57579
1.97101
1.38531
1.94508
1.45204
1.41493
1.72993
1.4509
1.63881
1.47781
2.15611
1.89486
1.79436
1.71085
1.39502
2.05233
1.78493
1.54034
1.34712
2.139
1.75481
1.8185
1.41206
1.32727
1.86195
1.45949
1.64094
1.57804
1.73016
1.93046
1.34098
1.54385
1.31852
1.42759
1.95836
1.52918
1.34684
1.59483
1.33372
1.35384
1.83805
1.94529
1.33719
1.89566
1.62032
1.32495
1.33458
1.60008
1.84981
1.58994
1.70242
1.50943
1.57142
1.37501
1.58484
1.93493
1.4549
1.66787
1.48457
2.0666
1.66169
1.27372
1.53647
1.53039
1.73989
1.63131
1.46367
1.74737
1.2379
2.15069
1.61503
1.13558
1.63711
1.42222
1.82827
1.5793
1.47221
1.73927
1.6941
1.43633
1.45843
1.52128
1.7352
1.64542
1.73959
1.98065
1.62102
1.63076
1.71232
2.04568
2.19046
1.27595
1.78236
1.32428
1.53519
1.52509
1.28142
1.48193
1.53041
1.48684
1.98936
1.85696
1.68542
1.50634
1.26303
1.36845
1.42074
1.49804
1.77058
1.8498
1.68909
2.16507
1.63919
1.61691
1.85295
1.3806
1.73491
1.33792
1.37753
1.72656
1.57567
1.65694
1.43402
1.58267
1.33604
1.67403
1.77384
1.69703
1.50114
1.75118
1.48712
1.55113
1.50907
1.6527
1.88984
1.87373
1.53588
1.16393
1.77296
1.75627
1.47183
1.23934
1.51321
1.2833
1.73511
1.52837
1.44185
1.43546
1.58078
1.78094
1.4471
1.5169
1.48551
1.75319
1.88564
1.256
1.55189
1.69514
1.59885
1.68234
1.51093
1.43179
1.69148
1.44938
1.49473
1.47579
1.53271
1.70092
1.41192
1.86072
2.08192
1.56462
1.49727
1.36973
1.49655
1.25246
1.33277
1.59306
1.68483
1.68399
1.73961
1.61437
1.45384
1.64565
1.64209
1.40975
1.91931
1.41114
1.22331
1.68054
1.78122
2.06244
1.71333
1.65562
1.76301
2.06483
1.21352
1.93097
1.56352
1.32233
1.56132
1.53391
1.56781
1.55557
1.44875
1.7816
1.83301
1.42491
1.28209
1.43066
1.97416
1.28901
2.19612
2.0608
1.5204
1.68538
1.37848
1.71223
1.39316
2.87885
1.43501
1.47051
1.743
1.46037
1.56533
1.66114
1.6445
1.49956
1.59815
1.49949
1.90631
1.3692
2.14428
2.03271
1.23663
1.70624
1.60261
1.42034
1.56107
1.57373
1.62479
2.04755
1.90263
1.64559
1.86169
1.54774
1.75916
2.39117
1.9556
1.70703
1.36626
2.11978
1.57363
1.54745
1.68072
1.66147
1.59161
1.55639
1.33452
1.45848
1.86266
1.49346
1.5779
2.08773
1.67953
1.47941
1.64354
1.87098
1.79877
1.65237
1.58689
2.63523
1.50143
1.99663
1.4765
1.27533
1.41207
1.52589
1.43344
1.48338
1.51518
1.47057
1.52324
1.50573
1.98471
1.51565
1.81694
1.43388
1.46304
2.01479
2.15521
2.27879
1.6662
2.15893
1.554
1.66814
1.87219
1.60081
2.36398
1.28791
1.49219
1.80549
1.59294
1.41649
1.56172
1.40077
1.60689
1.56333
2.07657
1.42344
1.84292
1.72651
1.70085
2.25794
1.35385
1.27499
1.66868
1.8459
1.64832
1.51566
1.3459
1.77607
1.72849
1.5235
1.67272
1.44936
1.72731
1.73257
1.38989
2.08866
1.39426
1.60465
1.36727
1.68222
1.40157
1.58931
1.56823
1.56742
1.53096
2.50509
1.42567
1.49769
1.46315
1.63252
1.3214
1.51752
1.45284
1.72549
1.58769
2.06795
2.17064
1.44435
1.66037
1.60108
1.5341
1.95135
1.29693
1.99467
1.54099
1.37054
1.358
1.41975
1.46323
1.52172
1.60383
1.45201
1.35897
1.54451
1.58611
1.41498
2.16939
1.36908
1.49077
1.4606
1.4077
1.77042
1.2658
1.77349
1.78312
1.4093
1.48495
1.56566
1.91462
1.38792
1.78702
1.19939
1.60367
1.52499
1.85899
1.43822
1.43051
2.00798
1.54956
1.71566
1.16809
1.46138
1.43043
1.65219
1.48494
1.58406
1.52711
1.93599
1.84412
1.46677
1.54151
1.97743
1.36835
1.56679
1.5563
1.4321
1.81441
1.50809
2.1878
1.80227
2.14641
1.82409
1.67929
1.692
1.50993
1.55108
1.25286
1.58596
1.51252
2.78622
1.43293
1.461
1.4881
1.52466
1.7587
1.66939
1.67762
1.39889
1.74412
1.40137
1.57238
1.54314
2.16251
1.68604
1.56328
2.60336
1.2895
2.42155
1.97949
2.08387
1.53876
1.45933
1.25816
1.65761
1.43211
1.6346
1.37285
1.42382
1.37802
1.68057
1.8158
1.35776
1.44005
1.78773
1.45594
1.35987
1.838
1.84184
1.62896
1.66784
1.28814
1.48641
1.33915
1.56911
1.43295
1.48453
1.41846
1.36099
1.98478
2.1014
1.76073
1.47436
1.34844
1.61315
1.47843
1.58504
1.55991
1.63907
1.54084
1.41471
1.84212
1.41026
1.22965
1.19335
1.42601
1.75601
1.67454
1.44558
1.42604
1.35723
1.93039
2.13498
1.61942
1.73639
1.39412
1.83346
1.45434
1.67648
1.62364
1.58878
1.66167
1.55616
1.68206
1.71523
1.6941
1.69407
1.4467
1.68076
1.3985
1.58594
1.68264
2.1339
1.52689
1.1933
1.92688
1.92849
1.53042
1.26367
1.42881
2.12309
1.60151
1.33931
1.43715
1.54586
1.30552
1.46422
1.56712
1.72108
1.31605
1.53992
1.73159
1.2254
1.72927
1.37876
1.42157
1.54929
2.35543
1.49281
1.47316
1.53184
1.28341
1.73521
1.35612
1.54785
1.40227
1.37271
1.46344
1.56619
1.69654
1.84184
1.64698
1.49724
1.75956
1.57876
1.68743
1.3909
1.43861
1.54841
1.87818
1.59251
1.81626
1.57278
1.35966
1.40579
2.27945
1.76526
1.48376
1.61487
1.70155
1.79667
1.69019
1.77401
1.66513
2.33845
1.50714
1.66723
1.85607
1.65601
1.65601
1.77434
1.91385
1.75056
2.04543
1.3221
1.33486
1.41115
1.68373
1.91051
1.33906
1.63601
1.7256
1.37337
1.54564
1.52355
1.71798
1.30242
1.49366
1.49164
1.25031
2.155
1.86172
1.62526
1.34565
1.49939
1.40508
1.70135
1.49421
1.66849
1.50012
1.87955
1.90942
1.2779
1.58935
1.73641
1.3713
1.39678
1.77056
1.4053
1.7801
1.6624
1.62289
1.62006
1.75809
1.50182
1.83313
1.61959
1.39368
1.44363
1.49081
1.57999
1.31705
1.66926
2.15196
1.67879
1.37579
1.55219
1.83512
1.50488
1.84163
1.33429
1.63846
1.90074
1.65979
2.78577
1.43689
1.70209
1.51029
1.62794
1.50763
1.50595
1.59836
1.49677
1.51779
1.41818
1.4699
1.35635
1.40596
1.51403
1.62758
1.40995
1.57767
1.62342
1.46758
1.47852
1.44771
1.28648
1.52685
1.51452
2.19914
1.42072
1.58238
1.28761
1.49679
1.92271
1.41045
1.83192
1.88231
1.64271
1.63073
1.71754
1.38677
1.63363
1.5828
1.78542
1.23629
1.58764
2.16469
1.93334
1.57076
1.52196
1.94152
1.5857
1.44002
1.27508
1.55546
1.44077
1.80121
1.34325
1.71446
1.44518
1.24444
1.45763
1.47687
1.57723
1.47627
1.46863
1.55345
1.40065
1.62547
1.65849
1.40358
1.56408
1.63423
1.82892
1.49088
1.72088
1.79089
1.66088
1.68413
1.28713
1.70004
1.3441
1.60989
1.41936
1.35541
1.64756
1.58594
1.50543
1.80238
1.5097
1.59419
1.88125
1.3178
1.67088
1.49032
1.8655
1.37751
1.48554
1.39926
1.76638
1.48605
1.75071
1.49601
2.08025
1.42028
1.30252
1.47639
1.61103
1.5609
1.59105
1.39228
1.24387
1.53254
1.28274
1.6419
1.46643
1.68545
1.4841
1.70597
1.47497
1.84464
1.46232
1.79165
1.59942
1.64964
1.67259
1.68998
1.52577
1.3591
1.57043
1.99407
2.01096
1.32279
1.8183
1.63261
1.60296
1.5064
1.93086
1.57408
1.77154
1.58839
1.27072
1.9259
1.56736
1.72765
1.5134
1.53127
1.46969
1.54539
1.53281
1.50552
1.49964
1.36063
1.55037
1.86544
1.60927
2.12524
1.47076
1.7255
1.44472
1.76133
2.98208
1.46866
1.57864
1.63792
1.83551
1.39054
1.54455
1.41475
1.63028
1.83345
1.42784
1.41071
1.72266
1.39058
1.3498
1.69215
2.4747
1.73699
1.73507
1.85985
2.08327
1.53327
1.55681
1.6675
1.67956
2.05412
1.482
1.51313
1.44966
1.34619
1.85393
2.01605
1.59426
1.56023
1.45174
1.50853
1.69888
1.50694
1.42191
1.52259
1.53444
1.28778
2.10227
1.66594
1.49291
2.22477
1.50049
1.7021
1.46639
1.60401
1.51248
1.41742
1.77114
1.70191
1.49525
1.50677
1.28558
1.54236
2.12331
1.5759
1.31978
1.72354
1.28854
1.3078
1.67684
1.57263
1.54858
1.56006
1.11438
1.68439
1.85444
1.49773
1.82747
1.55327
1.6615
1.41744
1.34736
1.6354
1.84037
1.58658
1.80502
1.72001
1.24527
1.8889
1.2787
1.54312
1.65109
1.876
1.73832
1.69983
1.32602
1.28035
1.75284
1.76076
1.58973
1.77564
2.06977
1.63166
1.7167
2.27361
1.61957
1.44578
1.39198
2.38973
2.08143
1.59813
1.61318
1.45582
2.05504
1.52483
2.26023
1.43523
1.39731
1.67965
1.4017
3.00045
1.83156
1.82604
1.40968
1.50833
2.76546
1.53417
1.56967
1.89216
1.34844
1.69098
1.8158
1.74068
1.34304
1.56695
1.27791
1.47321
1.36541
1.47567
1.82739
1.48878
1.48748
1.82916
1.88625
1.27891
1.38865
1.55403
1.49838
1.62345
1.57815
1.36456
1.44495
1.68164
1.60305
1.70021
1.66332
1.41014
1.68234
1.20114
1.98973
1.94827
1.41229
1.54603
1.35892
1.61215
1.34747
1.67991
1.39834
1.88734
1.59007
1.7109
1.46581
2.22245
1.43217
1.61897
1.58746
1.46818
1.53072
1.60943
1.76435
1.71091
1.45562
1.79101
1.45785
1.70684
1.39672
1.52831
1.57492
1.67907
1.4419
1.41671
1.49593
1.37874
1.42479
1.51615
1.61182
1.66174
1.50647
1.46248
1.45535
1.57579
1.97101
1.38531
1.94508
1.45204
1.41493
1.72993
1.4509
1.63881
1.47781
2.15611
1.89486
1.79436
1.71085
1.39502
2.05233
1.78493
1.54034
1.34712
2.139
1.75481
1.8185
1.41206
1.32727
1.86195
1.45949
1.64094
1.57804
1.73016
1.93046
1.34098
1.54385
1.31852
1.42759
1.95836
1.52918
1.34684
1.59483
1.33372
1.35384
1.83805
1.94529
1.33719
1.89566
1.62032
1.32495
1.33458
1.60008
1.84981
1.58994
1.70242
1.50943
1.57142
1.37501
1.58484
1.93493
1.4549
1.66787
1.48457
2.0666
1.66169
1.27372
1.53647
1.53039
1.73989
1.63131
1.46367
1.74737
1.2379
2.15069
1.61503
1.13558
1.63711
1.42222
1.82827
1.5793
1.47221
1.73927
1.6941
1.43633
1.45843
1.52128
1.7352
1.64542
1.73959
1.98065
1.62102
1.63076
1.71232
2.04568
2.19046
1.27595
1.78236
1.32428
1.53519
1.52509
1.28142
1.48193
1.53041
1.48684
1.98936
1.85696
1.68542
1.50634
1.26303
1.36845
1.42074
1.49804
1.77058
1.8498
1.68909
2.16507
1.63919
1.61691
1.85295
1.3806
1.73491
1.33792
1.37753
1.72656
1.57567
1.65694
1.43402
1.58267
1.33604
1.67403
1.77384
1.69703
1.50114
1.75118
1.48712
1.55113
1.50907
1.6527
1.88984
1.87373
1.53588
1.16393
1.77296
1.75627
1.47183
1.23934
1.51321
1.2833
1.73511
1.52837
1.44185
1.43546
1.58078
1.78094
1.4471
1.5169
1.48551
1.75319
1.88564
1.256
1.55189
1.69514
1.59885
1.68234
1.51093
1.43179
1.69148
1.44938
1.49473
1.47579
1.53271
1.70092
1.41192
1.86072
2.08192
1.56462
1.49727
1.36973
1.49655
1.25246
1.33277
1.59306
1.68483
1.68399
1.73961
1.61437
1.45384
1.64565
1.64209
1.40975
1.91931
1.41114
1.22331
1.68054
1.78122
2.06244
1.71333
1.65562
1.76301
2.06483
1.21352
1.93097
1.56352
1.32233
1.56132
1.53391
1.56781
1.55557
1.44875
1.7816
1.83301
1.42491
1.28209
1.43066
1.97416
1.28901
2.19612
2.0608
1.5204
1.68538
1.37848
1.71223
1.39316
2.87885
1.43501
1.47051
1.743
1.46037
1.56533
1.66114
1.6445
1.49956
1.59815
1.49949
1.90631
1.3692
2.14428
2.03271
1.23663
1.70624
1.60261
1.42034
1.56107
1.57373
1.62479
2.04755
1.90263
1.64559
1.86169
1.54774
1.75916
2.39117
1.9556
1.70703
1.36626
2.11978
1.57363
1.54745
1.68072
1.66147
1.59161
1.55639
1.33452
1.45848
1.86266
1.49346
1.5779
2.08773
1.67953
1.47941
1.64354
1.87098
1.79877
1.65237
1.58689
2.63523
1.50143
1.99663
1.4765
1.27533
1.41207
1.52589
1.43344
1.48338
1.51518
1.47057
1.52324
1.50573
1.98471
1.51565
1.81694
1.43388
1.46304
2.01479
2.15521
2.27879
1.6662
2.15893
1.554
1.66814
1.87219
1.60081
2.36398
1.28791
1.49219
1.80549
1.59294
1.41649
1.56172
1.40077
1.60689
1.56333
2.07657
1.42344
1.84292
1.72651
1.70085
2.25794
1.35385
1.27499
1.66868
1.8459
1.64832
1.51566
1.3459
1.77607
1.72849
1.5235
1.67272
1.44936
1.72731
1.73257
1.38989
2.08866
1.39426
1.60465
1.36727
1.68222
1.40157
1.58931
1.56823
1.56742
1.53096
2.50509
1.42567
1.49769
1.46315
1.63252
1.3214
1.51752
1.45284
1.72549
1.58769
2.06795
2.17064
1.44435
1.66037
1.60108
1.5341
1.95135
1.29693
1.99467
1.54099
1.37054
1.358
1.41975
1.46323
1.52172
1.60383
1.45201
1.35897
1.54451
1.58611
1.41498
2.16939
1.36908
1.49077
1.4606
1.4077
1.77042
1.2658
1.77349
1.78312
1.4093
1.48495
1.56566
1.91462
1.38792
1.78702
1.19939
1.60367
1.52499
1.85899
1.43822
1.43051
2.00798
1.54956
1.71566
1.16809
1.46138
1.43043
1.65219
1.48494
1.58406
1.52711
1.93599
1.84412
1.46677
1.54151
1.97743
1.36835
1.56679
1.5563
1.4321
1.81441
1.50809
2.1878
1.80227
2.14641
1.82409
1.67929
1.692
1.50993
1.55108
1.25286
1.58596
1.51252
2.78622
1.43293
1.461
1.4881
1.52466
1.7587
1.66939
1.67762
1.39889
1.74412
1.40137
1.57238
1.54314
2.16251
1.68604
1.56328
2.60336
1.2895
2.42155
1.97949
2.08387
1.53876
1.45933
1.25816
1.65761
1.43211
1.6346
1.37285
1.42382
1.37802
1.68057
1.8158
1.35776
1.44005
1.78773
1.45594
1.35987
1.838
1.84184
1.62896
1.66784
1.28814
1.48641
1.33915
1.56911
1.43295
1.48453
1.41846
1.36099
1.98478
2.1014
1.76073
1.47436
1.34844
1.61315
1.47843
1.58504
1.55991
1.63907
1.54084
1.41471
1.84212
1.41026
1.22965
1.19335
1.42601
1.75601
1.67454
1.44558
1.42604
1.35723
1.93039
2.13498
1.61942
1.73639
1.39412
1.83346
1.45434
1.67648
1.62364
1.58878
1.66167
1.55616
1.68206
1.71523
1.6941
1.69407
1.4467
1.68076
1.3985
1.58594
1.68264
2.1339
1.52689
1.1933
1.92688
1.92849
1.53042
1.26367
1.42881
2.12309
1.60151
1.33931
1.43715
1.54586
1.30552
1.46422
1.56712
1.72108
1.31605
1.53992
1.73159
1.2254
1.72927
1.37876
1.42157
1.54929
2.35543
1.49281
1.47316
1.53184
1.28341
1.73521
1.35612
1.54785
1.40227
1.37271
1.46344
1.56619
1.69654
1.84184
1.64698
1.49724
1.75956
1.57876
1.68743
1.3909
1.43861
1.54841
1.87818
1.59251
1.81626
1.57278
1.35966
1.40579
2.27945
1.76526
1.48376
1.61487
1.70155
1.79667
1.69019
1.77401
1.66513
2.33845
1.50714
1.66723
1.85607
1.65601
1.65601
1.77434
1.91385
1.75056
2.04543
1.3221
1.33486
1.41115
1.68373
1.91051
1.33906
1.63601
1.7256
1.37337
1.54564
1.52355
1.71798
1.30242
1.49366
1.49164
1.25031
2.155
1.86172
1.62526
1.34565
1.49939
1.40508
1.70135
1.49421
1.66849
1.50012
1.87955
1.90942
1.2779
1.58935
1.73641
1.3713
1.39678
1.77056
1.4053
1.7801
1.6624
1.62289
1.62006
1.75809
1.50182
1.83313
1.61959
1.39368
1.44363
1.49081
1.57999
1.31705
1.66926
2.15196
1.67879
1.37579
1.55219
1.83512
1.50488
1.84163
1.33429
1.63846
1.90074
1.65979
2.78577
1.43689
1.70209
1.51029
1.62794
1.50763
1.50595
1.59836
1.49677
1.51779
1.41818
1.4699
1.35635
1.40596
1.51403
1.62758
1.40995
1.57767
1.62342
1.46758
1.47852
1.44771
1.28648
1.52685
1.51452
2.19914
1.42072
1.58238
1.28761
1.49679
1.92271
1.41045
1.83192
1.88231
1.64271
1.63073
1.71754
1.38677
1.63363
1.5828
1.78542
1.23629
1.58764
2.16469
1.93334
1.57076
1.52196
1.94152
1.5857
1.44002
1.27508
1.55546
1.44077
1.80121
1.34325
1.71446
1.44518
1.24444
1.45763
1.47687
1.57723
1.47627
1.46863
1.55345
1.40065
1.62547
1.65849
1.40358
1.56408
1.63423
1.82892
1.49088
1.72088
1.79089
1.66088
1.68413
1.28713
1.70004
1.3441
1.60989
1.41936
1.35541
1.64756
1.58594
1.50543
1.80238
1.5097
1.59419
1.88125
1.3178
1.67088
1.49032
1.8655
1.37751
1.48554
1.39926
1.76638
1.48605
1.75071
1.49601
2.08025
1.42028
1.30252
1.47639
1.61103
1.5609
1.59105
1.39228
1.24387
1.53254
1.28274
1.6419
1.46643
1.68545
1.4841
1.70597
1.47497
1.84464
1.46232
1.79165
1.59942
1.64964
1.67259
1.68998
1.52577
1.3591
1.57043
1.99407
2.01096
1.32279
1.8183
1.63261
1.60296
1.5064
1.93086
1.57408
1.77154
1.58839
1.27072
1.9259
1.56736
1.72765
1.5134
1.53127
1.46969
1.54539
1.53281
1.50552
1.49964
1.36063
1.55037
1.86544
1.60927
2.12524
1.47076
1.7255
1.44472
1.76133
2.98208
1.46866
1.57864
1.63792
1.83551
1.39054
1.54455
1.41475
1.63028
1.83345
1.42784
1.41071
1.72266
1.39058
1.3498
1.69215
2.4747
1.73699
1.73507
1.85985
2.08327
1.53327
1.55681
1.6675
1.67956
2.05412
1.482
1.51313
1.44966
1.34619
1.85393
2.01605
1.59426
1.56023
1.45174
1.50853
1.69888
1.50694
1.42191
1.52259
1.53444
1.28778
2.10227
1.66594
1.49291
2.22477
1.50049
1.7021
1.46639
1.60401
1.51248
1.41742
1.77114
1.70191
1.49525
1.50677
1.28558
1.54236
2.12331
1.5759
1.31978
1.72354
1.28854
1.3078
1.67684
1.57263
1.54858
1.56006
1.11438
1.68439
1.85444
1.49773
1.82747
1.55327
1.6615
1.41744
1.34736
1.6354
1.84037
1.58658
1.80502
1.72001
1.24527
1.8889
1.2787
1.54312
1.65109
1.876
1.73832
1.69983
1.32602
1.28035
1.75284
1.76076
1.58973
1.77564
2.06977
1.63166
1.7167
2.27361
1.61957
1.44578
1.39198
2.38973
2.08143
1.59813
1.61318
1.45582
2.05504
1.52483
2.26023
1.43523
1.39731
1.67965
1.4017
3.00045
1.83156
1.82604
1.40968
1.50833
2.76546
1.53417
1.56967
1.89216
1.34844
1.69098
1.8158
1.74068
1.34304
1.56695
1.27791
1.47321
1.36541
1.47567
1.82739
1.48878
1.48748
1.82916
1.88625
1.27891
1.38865
1.55403
1.49838
1.62345
1.57815
1.36456
1.44495
1.68164
1.60305
1.70021
1.66332
1.41014
1.68234
1.20114
1.98973
1.94827
1.41229
1.54603
1.35892
1.61215
1.34747
1.67991
1.39834
1.88734
1.59007
1.7109
1.46581
2.22245
1.43217
1.61897
1.58746
1.46818
1.53072
1.60943
1.76435
1.71091
1.45562
1.79101
1.45785
1.70684
1.39672
1.52831
1.57492
1.67907
1.4419
1.41671
1.49593
1.37874
1.42479
1.51615
1.61182
1.66174
1.50647
1.46248
1.45535
1.57579
1.97101
1.38531
1.94508
1.45204
1.41493
1.72993
1.4509
1.63881
1.47781
2.15611
1.89486
1.79436
1.71085
1.39502
2.05233
1.78493
1.54034
1.34712
2.139
1.75481
1.8185
1.41206
1.32727
1.86195
1.45949
1.64094
1.57804
1.73016
1.93046
1.34098
1.54385
1.31852
1.42759
1.95836
1.52918
1.34684
1.59483
1.33372
1.35384
1.83805
1.94529
1.33719
1.89566
1.62032
1.32495
1.33458
1.60008
1.84981
1.58994
1.70242
1.50943
1.57142
1.37501
1.58484
1.93493
1.4549
1.66787
1.48457
2.0666
1.66169
1.27372
1.53647
1.53039
1.73989
1.63131
1.46367
1.74737
1.2379
2.15069
1.61503
1.13558
1.63711
1.42222
1.82827
1.5793
1.47221
1.73927
1.6941
1.43633
1.45843
1.52128
1.7352
1.64542
1.73959
1.98065
1.62102
1.63076
1.71232
2.04568
2.19046
1.27595
1.78236
1.32428
1.53519
1.52509
1.28142
1.48193
1.53041
1.48684
1.98936
1.85696
1.68542
1.50634
1.26303
1.36845
1.42074
1.49804
1.77058
1.8498
1.68909
2.16507
1.63919
1.61691
1.85295
1.3806
1.73491
1.33792
1.37753
1.72656
1.57567
1.65694
1.43402
1.58267
1.33604
1.67403
1.77384
1.69703
1.50114
1.75118
1.48712
1.55113
1.50907
1.6527
1.88984
1.87373
1.53588
1.16393
1.77296
1.75627
1.47183
1.23934
1.51321
1.2833
1.73511
1.52837
1.44185
1.43546
1.58078
1.78094
1.4471
1.5169
1.48551
1.75319
1.88564
1.256
1.55189
1.69514
1.59885
1.68234
1.51093
1.43179
1.69148
1.44938
1.49473
1.47579
1.53271
1.70092
1.41192
1.86072
2.08192
1.56462
1.49727
1.36973
1.49655
1.25246
1.33277
1.59306
1.68483
1.68399
1.73961
1.61437
1.45384
1.64565
1.64209
1.40975
1.91931
1.41114
1.22331
1.68054
1.78122
2.06244
1.71333
1.65562
1.76301
2.06483
1.21352
1.93097
1.56352
1.32233
1.56132
1.53391
1.56781
1.55557
1.44875
1.7816
1.83301
1.42491
1.28209
1.43066
1.97416
1.28901
2.19612
2.0608
1.5204
1.68538
1.37848
1.71223
1.39316
2.87885
1.43501
1.47051
1.743
1.46037
1.56533
1.66114
1.6445
1.49956
1.59815
1.49949
1.90631
1.3692
2.14428
2.03271
1.23663
1.70624
1.60261
1.42034
1.56107
1.57373
1.62479
2.04755
1.90263
1.64559
1.86169
1.54774
1.75916
2.39117
1.9556
1.70703
1.36626
2.11978
1.57363
1.54745
1.68072
1.66147
1.59161
1.55639
1.33452
1.45848
1.86266
1.49346
1.5779
2.08773
1.67953
1.47941
1.64354
1.87098
1.79877
1.65237
1.58689
2.63523
1.50143
1.99663
1.4765
1.27533
1.41207
1.52589
1.43344
1.48338
1.51518
1.47057
1.52324
1.50573
1.98471
1.51565
1.81694
1.43388
1.46304
2.01479
2.15521
2.27879
1.6662
2.15893
1.554
1.66814
1.87219
1.60081
2.36398
1.28791
1.49219
1.80549
1.59294
1.41649
1.56172
1.40077
1.60689
1.56333
2.07657
1.42344
1.84292
1.72651
1.70085
2.25794
1.35385
1.27499
1.66868
1.8459
1.64832
1.51566
1.3459
1.77607
1.72849
1.5235
1.67272
1.44936
1.72731
1.73257
1.38989
2.08866
1.39426
1.60465
1.36727
1.68222
1.40157
1.58931
1.56823
1.56742
1.53096
2.50509
1.42567
1.49769
1.46315
1.63252
1.3214
1.51752
1.45284
1.72549
1.58769
2.06795
2.17064
1.44435
1.66037
1.60108
1.5341
1.95135
1.29693
1.99467
1.54099
1.37054
1.358
1.41975
1.46323
1.52172
1.60383
1.45201
1.35897
1.54451
1.58611
1.41498
2.16939
1.36908
1.49077
1.4606
1.4077
1.77042
1.2658
1.77349
1.78312
1.4093
1.48495
1.56566
1.91462
1.38792
1.78702
1.19939
1.60367
1.52499
1.85899
1.43822
1.43051
2.00798
1.54956
1.71566
1.16809
1.46138
1.43043
1.65219
1.48494
1.58406
1.52711
1.93599
1.84412
1.46677
1.54151
1.97743
1.36835
1.56679
1.5563
1.4321
1.81441
1.50809
2.1878
1.80227
2.14641
1.82409
1.67929
1.692
1.50993
1.55108
1.25286
1.58596
1.51252
2.78622
1.43293
1.461
1.4881
1.52466
1.7587
1.66939
1.67762
1.39889
1.74412
1.40137
1.57238
1.54314
2.16251
1.68604
1.56328
2.60336
1.2895
2.42155
1.97949
2.08387
1.53876
1.45933
1.25816
1.65761
1.43211
1.6346
1.37285
1.42382
1.37802
1.68057
1.8158
1.35776
1.44005
1.78773
1.45594
1.35987
1.838
1.84184
1.62896
1.66784
1.28814
1.48641
1.33915
1.56911
1.43295
1.48453
1.41846
1.36099
1.98478
2.1014
1.76073
1.47436
1.34844
1.61315
1.47843
1.58504
1.55991
1.63907
1.54084
1.41471
1.84212
1.41026
1.22965
1.19335
1.42601
1.75601
1.67454
1.44558
1.42604
1.35723
1.93039
2.13498
1.61942
1.73639
1.39412
1.83346
1.45434
1.67648
1.62364
1.58878
1.66167
1.55616
1.68206
1.71523
1.6941
1.69407
1.4467
1.68076
1.3985
1.58594
1.68264
2.1339
1.52689
1.1933
1.92688
1.92849
1.53042
1.26367
1.42881
2.12309
1.60151
1.33931
1.43715
1.54586
1.30552
1.46422
1.56712
1.72108
1.31605
1.53992
1.73159
1.2254
1.72927
1.37876
1.42157
1.54929
2.35543
1.49281
1.47316
1.53184
1.28341
1.73521
1.35612
1.54785
1.40227
1.37271
1.46344
1.56619
1.69654
1.84184
1.64698
1.49724
1.75956
1.57876
1.68743
1.3909
1.43861
1.54841
1.87818
1.59251
1.81626
1.57278
1.35966
1.40579
2.27945
1.76526
1.48376
1.61487
1.70155
1.79667
1.69019
1.77401
1.66513
2.33845
1.50714
1.66723
1.85607
1.65601
1.65601
1.77434
1.91385
1.75056
2.04543
1.3221
1.33486
1.41115
1.68373
1.91051
1.33906
1.63601
1.7256
1.37337
1.54564
1.52355
1.71798
1.30242
1.49366
1.49164
1.25031
2.155
1.86172
1.62526
1.34565
1.49939
1.40508
1.70135
1.49421
1.66849
1.50012
1.87955
1.90942
1.2779
1.58935
1.73641
1.3713
1.39678
1.77056
1.4053
1.7801
1.6624
1.62289
1.62006
1.75809
1.50182
1.83313
1.61959
1.39368
1.44363
1.49081
1.57999
1.31705
1.66926
2.15196
1.67879
1.37579
1.55219
1.83512
1.50488
1.84163
1.33429
1.63846
1.90074
1.65979
2.78577
1.43689
1.70209
1.51029
1.62794
1.50763
1.50595
1.59836
1.49677
1.51779
1.41818
1.4699
1.35635
1.40596
1.51403
1.62758
1.40995
1.57767
1.62342
1.46758
1.47852
1.44771
1.28648
1.52685
1.51452
1.74216
1.42072
1.58238
1.28761
1.49679
1.92271
1.41045
1.83192
1.88231
1.64271
1.63073
1.71754
1.38677
1.63363
1.5828
1.78542
1.23629
1.58764
2.16469
1.93334
1.57076
1.52196
1.94152
1.5857
1.44002
1.27508
1.55546
1.44077
1.80121
1.34325
1.71446
1.44518
1.24444
1.45763
1.47687
1.57723
1.47627
1.46863
1.55345
1.40065
1.62547
1.65849
1.40358
1.56408
1.63423
1.82892
1.49088
1.72088
1.79089
1.66088
1.68413
1.28713
1.70004
1.3441
1.60989
1.41936
1.35541
1.64756
1.58594
1.50543
1.1357
1.5097
1.59419
1.88125
1.3178
1.67088
1.49032
1.20841
1.37751
1.48554
1.39926
1.76638
1.48605
1.75071
1.49601
2.08025
1.42028
1.30252
1.47639
1.61103
1.5609
1.59105
1.39228
1.24387
1.53254
1.28274
1.6419
1.46643
1.68545
1.4841
1.70597
1.47497
1.84464
1.46232
1.79165
1.59942
1.64964
1.67259
1.68998
1.52577
1.3591
1.57043
1.99407
2.01096
1.32279
1.8183
1.63261
1.60296
1.5064
1.93086
1.57408
1.77154
1.12224
1.27072
1.9259
1.56736
1.43471
1.16767
1.53127
1.46969
1.54539
1.53281
1.50552
1.49964
1.36063
1.55037
1.86544
1.60927
2.12524
1.47076
1.7255
1.44472
1.76133
2.98208
1.46866
1.57864
1.63792
1.83551
1.39054
1.54455
1.41475
1.63028
1.83345
1.42784
1.41071
1.72266
1.39058
1.3498
1.69215
2.4747
1.73699
1.73507
1.85985
2.08327
1.53327
1.55681
1.6675
1.67956
2.05412
1.482
1.51313
1.44966
1.34619
1.85393
2.01605
1.59426
1.56023
1.45174
1.50853
1.69888
1.50694
1.42191
1.52259
1.53444
1.28778
2.10227
1.66594
1.49291
2.22477
1.50049
1.7021
1.46639
1.60401
1.51248
1.41742
1.77114
1.70191
1.49525
1.50677
1.28558
1.54236
2.12331
1.5759
1.31978
1.72354
1.03724
1.3078
1.67684
1.57263
1.54858
1.56006
1.11438
1.68439
1.85444
1.49773
1.82747
1.55327
1.6615
1.41744
1.34736
1.6354
1.84037
1.58658
1.80502
1.39978
1.24527
1.8889
1.2787
1.54312
1.65109
1.876
1.73832
1.69983
1.32602
1.28035
1.75284
1.76076
1.58973
1.77564
2.06977
1.63166
1.7167
2.27361
1.61957
1.44578
1.39198
2.38973
2.08143
1.59813
1.61318
1.45582
2.05504
1.52483
2.26023
1.43523
1.39731
1.67965
1.4017
3.00045
1.83156
1.13689
1.40968
1.50833
2.76546
1.53417
1.56967
1.42298
1.34844
1.69098
1.8158
1.74068
1.34304
1.56695
1.27791
1.47321
1.36541
1.47567
1.82739
1.17695
1.48748
1.82916
1.88625
1.06123
1.38865
1.55403
1.49838
1.62345
1.57815
1.36456
1.44495
1.68164
1.60305
1.70021
1.66332
1.41014
1.68234
1.20114
1.98973
1.94827
1.41229
1.54603
1.35892
1.61215
1.34747
1.67991
1.39834
1.44818
1.59007
1.7109
1.46581
2.22245
1.43217
1.61897
1.58746
1.46818
1.53072
1.60943
1.76435
1.71091
1.45562
1.79101
1.45785
1.70684
1.39672
1.52831
1.57492
1.67907
1.4419
1.41671
1.49593
1.37874
1.42479
1.51615
1.61182
1.66174
1.50647
1.46248
1.45535
1.18179
1.97101
1.04996
1.94508
1.45204
1.41493
1.72993
1.4509
1.63881
1.09745
2.15611
1.89486
1.79436
1.71085
1.39502
2.05233
1.78493
1.54034
1.34712
2.139
1.75481
1.8185
1.41206
1.32727
1.86195
1.45949
1.64094
1.57804
1.73016
1.93046
1.34098
1.54385
1.09082
1.42759
1.95836
1.52918
1.34684
1.59483
1.33372
1.35384
1.83805
1.94529
1.33719
1.89566
1.62032
1.32495
1.33458
1.60008
1.84981
1.58994
1.70242
1.50943
1.57142
1.37501
1.58484
1.93493
1.4549
1.66787
1.48457
2.0666
1.66169
1.27372
1.53647
1.53039
1.73989
1.63131
1.46367
1.74737
1.2379
2.15069
1.61503
1.13558
1.63711
1.42222
1.50023
1.5793
1.47221
1.73927
1.6941
1.43633
1.45843
1.52128
1.7352
1.64542
1.73959
1.98065
1.62102
1.63076
1.71232
2.04568
2.19046
1.27595
1.78236
1.32428
1.53519
1.52509
1.28142
1.48193
1.53041
1.48684
1.98936
1.85696
1.68542
1.50634
1.26303
1.36845
1.42074
1.49804
1.77058
1.8498
1.68909
2.16507
1.63919
1.61691
1.85295
1.3806
1.73491
1.33792
1.37753
1.72656
1.57567
1.65694
1.43402
1.58267
1.33604
1.67403
1.19645
1.42851
1.50114
1.75118
1.48712
1.55113
1.50907
1.6527
1.88984
1.87373
1.53588
1.16393
1.77296
1.75627
1.47183
1.07217
1.51321
1.2833
1.73511
1.52837
1.44185
1.43546
1.58078
1.78094
1.4471
1.5169
1.27909
1.44272
1.88564
1.256
1.55189
1.69514
1.59885
1.68234
1.51093
1.43179
1.69148
1.44938
1.49473
1.47579
1.53271
1.70092
1.41192
1.86072
2.08192
1.56462
1.49727
1.36973
1.49655
1.25246
1.33277
1.59306
1.68483
1.68399
1.73961
1.61437
1.45384
1.64565
1.64209
1.40975
1.91931
1.41114
1.22331
1.68054
1.78122
2.06244
1.71333
1.65562
1.76301
2.06483
1.21352
1.93097
1.56352
1.32233
1.56132
1.53391
1.56781
1.55557
1.44875
1.7816
1.83301
1.42491
1.28209
1.43066
1.97416
1.28901
2.19612
2.0608
1.5204
1.68538
1.37848
1.71223
1.39316
2.87885
1.43501
1.47051
1.743
1.46037
1.56533
1.66114
1.6445
1.49956
1.59815
1.49949
1.90631
1.3692
2.14428
2.03271
1.23663
1.70624
1.60261
1.42034
1.56107
1.57373
1.62479
2.04755
1.90263
1.64559
1.86169
1.54774
1.75916
2.39117
1.9556
1.70703
1.36626
2.11978
1.57363
1.54745
1.68072
1.66147
1.59161
1.55639
1.33452
1.45848
1.86266
1.49346
1.5779
2.08773
1.67953
1.47941
1.64354
1.87098
1.79877
1.65237
1.58689
2.63523
1.50143
1.99663
1.4765
1.27533
1.41207
1.52589
1.43344
1.48338
1.51518
1.47057
1.52324
1.50573
1.98471
1.51565
1.81694
1.43388
1.46304
2.01479
2.15521
2.27879
1.6662
2.15893
1.554
1.66814
1.87219
1.60081
2.36398
1.28791
1.49219
1.80549
1.17488
1.41649
1.56172
1.40077
1.60689
1.56333
2.07657
1.42344
1.84292
1.72651
1.70085
2.25794
1.35385
1.27499
1.66868
1.8459
1.64832
1.51566
1.3459
1.77607
1.72849
1.5235
1.67272
1.44936
1.72731
1.73257
1.38989
2.08866
1.39426
1.60465
1.36727
1.68222
1.40157
1.58931
1.56823
1.56742
1.53096
1.94228
1.42567
1.49769
1.46315
1.63252
1.3214
1.51752
1.45284
1.72549
1.58769
2.06795
2.17064
1.44435
1.66037
1.1333
1.5341
1.95135
1.29693
1.99467
1.54099
1.37054
1.358
1.41975
1.06536
1.52172
1.60383
1.45201
1.35897
1.54451
1.58611
1.41498
2.16939
1.36908
1.49077
1.4606
1.4077
1.77042
1.2658
1.77349
1.20214
1.4093
1.48495
1.56566
1.91462
1.38792
1.78702
1.19939
1.60367
1.52499
1.85899
1.43822
1.43051
2.00798
1.54956
1.71566
1.08537
1.46138
1.25735
1.65219
1.48494
1.58406
1.52711
1.93599
1.84412
1.46677
1.54151
1.97743
1.36835
1.56679
1.5563
1.4321
1.81441
1.50809
2.1878
1.80227
2.14641
1.82409
1.67929
1.692
1.50993
1.55108
1.25286
1.58596
1.51252
2.78622
1.43293
1.461
1.4881
1.52466
1.7587
1.66939
1.67762
1.39889
1.74412
1.40137
1.57238
1.54314
2.16251
1.68604
1.56328
2.60336
1.10101
2.42155
1.97949
2.08387
1.53876
1.45933
1.25816
1.65761
1.43211
1.6346
1.07283
1.42382
1.37802
1.68057
1.8158
1.35776
1.44005
1.78773
1.45594
1.35987
1.838
1.84184
1.62896
1.66784
1.28814
1.48641
1.33915
1.56911
1.43295
1.48453
1.41846
1.36099
1.98478
2.1014
1.76073
1.47436
1.34844
1.61315
1.47843
1.58504
1.55991
1.63907
1.54084
1.41471
1.84212
1.41026
1.22965
1.19335
1.42601
1.75601
1.67454
1.44558
1.42604
1.35723
1.93039
2.13498
1.61942
1.73639
1.39412
1.83346
1.45434
1.67648
1.62364
1.58878
1.66167
1.55616
1.68206
1.71523
1.6941
1.69407
1.4467
1.68076
1.3985
1.58594
1.68264
2.1339
1.52689
1.1933
1.92688
1.92849
1.53042
1.26367
1.42881
2.12309
1.60151
1.33931
1.43715
1.54586
1.30552
1.46422
1.56712
1.72108
1.31605
1.53992
1.73159
1.2254
1.72927
1.37876
1.42157
1.54929
2.35543
1.49281
1.47316
1.53184
1.28341
1.73521
1.11058
1.54785
1.40227
1.37271
1.46344
1.56619
1.69654
1.84184
1.64698
1.49724
1.75956
1.57876
1.68743
1.3909
1.43861
1.54841
1.87818
1.59251
1.81626
1.57278
1.35966
1.40579
2.27945
1.76526
1.48376
1.11416
1.70155
1.79667
1.69019
1.77401
1.66513
2.33845
1.50714
1.66723
1.85607
