1.02798
1.02814
1.00059
1.00033
1.00812
1.00754
1.00059
1.00344
1.00049
1.03019
1.0064
1.07699
1.02126
1.05217
1.00045
1.00079
1.00041
1.00047
1.00144
1.00053
1.01255
1.00047
1.00035
1.02446
1.00041
1.0059
1.00056
1.01467
1.00944
1.0005
1.00181
1.00058
1.00044
1.05265
1.00082
1.00054
1.00106
1.00062
1.0006
1.00092
1.00955
1.04172
1.00041
1.00025
1.00042
1.00053
1.03738
1.0004
1.05518
1.00074
1.00272
1.00049
1.00061
1.0006
1.00032
1.01639
1.0341
1.01109
1.00303
1.09026
1.00058
1.04446
1.00558
1.00025
1.00079
1.00091
1.00032
1.00091
1.00829
1.0159
1.00062
1.0002
1.14424
1.00708
1.00031
1.00054
1.00064
1.00068
1.02237
1.0004
1.00032
1.00497
1.0003
1.00306
1.00261
1.00089
1.00136
1.03087
1.00064
1.00059
1.00029
1.00053
1.00042
1.00061
1.00032
1.06301
1.00038
1.00044
1.02905
1.04942
1.01846
1.00051
1.00025
1.00032
1.00007
1.0109
1.00067
1.08424
1.00042
1.00044
1.0006
1.01325
1.00106
1.00045
1.00016
1.01816
1.00054
1.00075
1.00676
1.00156
1.00065
1.0007
1.00058
1.00026
1.00027
1.01806
1.00426
1.00053
1.00033
1.0005
1.00786
1.05664
1.00061
1.01236
1.00835
1.00075
1.00831
1.00035
1.0007
1.00038
1.00206
1.00143
1.0005
1.00122
1.00809
1.00585
1.08978
1.00615
1.00058
1.00068
1.00056
1.00064
1.00055
1.0003
1.00061
1.0004
1.00061
1.00065
1.00059
1.00028
1.00044
1.00034
1.00046
1.00081
1.00721
1.00046
1.00049
1.00759
1.0122
1.00026
1.00033
1.00043
1.00062
1.01006
1.00056
1.00037
1.04745
1.074
1.00056
1.00058
1.00049
1.00064
1.00003
1.00058
1.00064
1.00091
1.04517
1.00063
1.01059
1.00043
1.00048
1.00061
1.0003
1.00048
1.0005
1.00041
1.00088
1.00032
1.00062
1.00046
1.00744
1.00082
1.10167
1.00063
1.00037
1.00051
1.13486
1.00069
1.00037
1.00045
1.00049
1.00055
1.0007
1.00216
1.00031
1.08831
1.00053
1.05795
1.00064
1.00031
1.00027
1.00089
1.00067
1.00342
1.00014
1.12244
1.00054
1.00498
1.00196
1.0387
1.0006
1.00059
1.0006
1.00071
1.00041
1.12743
1.00171
1.05393
1.08559
1.00503
1.00734
1.00081
1.01318
1.00029
1.00067
1.00057
1.00064
1.0006
1.03696
1.00049
1.02944
1.00056
1.04351
1.00032
1.001
1.00077
1.0008
1.00047
1.00061
1.00044
1.01995
1.00065
1.00094
1.0009
1.00046
1.00037
1.00068
1.02166
1.00066
1.00071
1.04959
1.00018
1.00035
1.00055
1.02773
1.0005
1.0004
1.00068
1.0005
1.03366
1.00035
1.00059
1.00069
1.00826
1.00034
1.00063
1.03443
1.00028
1.00034
1.0001
1.00292
1.0291
1.02459
1.16404
1.00077
1.07392
1.00036
1.07161
1.00038
1.02221
1.00789
1.00064
1.0004
1.00033
1.00067
1.00068
1.03528
1.0002
1.00077
1.00082
1.00036
1.00029
1.01732
1.00014
1.00048
1.0008
1.00014
1.04557
1.0049
1.00024
1.00026
1.00077
1.00047
1.00329
1.00528
1.0007
1.00048
1.00762
1.00045
1.00039
1.14101
1.0008
1.00427
1.01412
1.00063
1.00067
1.00039
1.00056
1.00021
1.00054
1.00039
1.00063
1.00059
1.00035
1.00058
1.0002
1.01368
1.00053
1.00047
1.0006
1.0003
1.00037
1.00903
1.02969
1.01882
1.00712
1.00054
1.00383
1.00059
1.00038
1.04763
1.00037
1.00033
1.01215
1.00038
1.00671
1.00034
1.00086
1.00031
1.02142
1.00048
1.04872
1.00043
1.02386
1.00037
1.02507
1.00084
1.00074
1.04114
1.05795
1.00022
1.02955
1.00024
1.05025
1.00019
1.0003
1.00039
1.01892
1.00268
1.00079
1.00058
1.00436
1.05927
1.00065
1.02025
1.00051
1.00041
1.00036
1.00039
1.00056
1.03423
1.00016
1.01835
1.00813
1.00032
1.00075
1.00033
1.00635
1.00031
1.00141
1.00075
1.00264
1.01562
1.06242
1.00065
1.00043
1.00695
1.00037
1.00048
1.00072
1.01654
1.00057
1.0003
1.00123
1.00018
1.00022
1.00057
1.00861
1.01981
1.00051
1.00059
1.00146
1.00022
1.00036
1.00027
1.00039
1.00054
1.00798
1.00038
1.00029
1.00785
1.00217
1.00044
1.09491
1.00114
1.0052
1.03384
1.0003
1.00059
1.03165
1.0011
1.00094
1.00044
1.00035
1.02236
1.00051
1.00049
1.00071
1.00048
1.01558
1.00035
1.06595
1.0003
1.00036
1.00013
1.10296
1.00059
1.0007
1.00049
1.00051
1.00027
1.0382
1.00097
1.00533
1.00048
1.00107
1.00061
1.00036
1.12675
1.00071
1.00041
1.00541
1.00052
1.08952
1.01115
1.0004
1.00135
1.00054
1.00726
1.01017
1.00025
1.0045
1.01229
1.00024
1.00013
1.0004
1.0023
1.06935
1.04663
1.00159
1.01683
1.00677
1.00062
1.0018
1.00052
1.0103
1.02731
1.10031
1.00059
1.00108
1.00048
1.00116
1.08806
1.00114
1.01045
1.08588
1.01432
1.00058
1.00039
1.0006
1.01056
1.00045
1.00188
1.00057
1.00045
1.00495
1.00129
1.08188
1.00019
1.00037
1.00049
1.00065
1.00083
1.00079
1.01944
1.00684
1.00048
1.00174
1.00078
1.00859
1.0003
1.00096
1.00029
1.00814
1.00068
1.00052
1.00054
1.15692
1.00041
1.00051
1.00034
1.00024
1.00246
1.06393
1.00089
1.26645
1.00035
1.00074
1.00025
1.00037
1.00043
1.00046
1.00086
1.00038
1.00028
1.00051
1.0004
1.05165
1.00042
1.0002
1.0294
1.00445
1.01918
1.06348
1.00058
1.00038
1.00065
1.00837
1.00054
1.00098
1.0007
1.00029
1.0004
1.00043
1.00051
1.00049
1.00036
1.00032
1.00044
1.00095
1.00049
1.0111
1.00534
1.00015
1.00043
1.07583
1.00201
1.00049
1.00319
1.03029
1.00027
1.00043
1.00044
1.08963
1.03117
1.00056
1.00024
1.0007
1.12121
1.00061
1.00075
1.00589
1.01116
1.00041
1.00045
1.00038
1.00037
1.00085
1.00124
1.0004
1.00061
1.00358
1.00085
1.00045
1.03249
1.00039
1.00025
1.00051
1.00057
1.02166
1.00316
1.03196
1.00061
1.00037
1.00849
1.00021
1.01018
1.00045
1.00042
1.00038
1.00066
1.1067
1.00795
1.06154
1.0006
1.00069
1.00064
1.0005
1.0007
1.00052
1.00022
1.00042
1.00027
1.00048
1.06054
1.00096
1.00039
1.00027
1.00044
1.00008
1.2093
1.01458
1.00139
1.0005
1.00032
1.01981
1.01895
1.02081
1.00575
1.00057
1.02309
1.0005
1.04614
1.00061
1.00062
1.14072
1.05281
1.00365
1.00292
1.00046
1.03965
1.00042
1.00045
1.00024
1.02149
1.00172
1.00024
1.00042
1.00044
1.00048
1.00158
1.00046
1.00067
1.00073
1.00041
1.04031
1.00046
1.02732
1.13812
1.00052
1.00062
1.00038
1.00075
1.0009
1.01223
1.00026
1.00043
1.00039
1.00023
1.00052
1.01596
1.01675
1.00057
1.00032
1.03202
1.10974
1.00056
1.04448
1.00056
1.04275
1.00464
1.00058
1.00051
1.00061
1.02078
1.00052
1.00452
1.00659
1.00056
1.00041
1.0004
1.0007
1.00263
1.00049
1.00991
1.00062
1.05953
1.00431
1.0004
1.02965
1.07707
1.00047
1.00032
1.00059
1.0116
1.00025
1.00032
1.0006
1.00028
1.00432
1.0434
1.0006
1.00056
1.00034
1.00138
1.00046
1.00031
1.00028
1.00043
1.00045
1.00035
1.00046
1.00035
1.00034
1.00104
1.00047
1.00104
1.00053
1.00036
1.00109
1.00033
1.00021
1.00053
1.00184
1.00075
1.00083
1.04748
1.00137
1.00045
1.07668
1.00024
1.00067
1.00045
1.00143
1.00039
1.00044
1.01232
1.02741
1.07165
1.00085
1.00035
1.0004
1.00048
1.00028
1.00107
1.01537
1.00055
1.0143
1.00058
1.10096
1.0006
1.00101
1.08743
1.00035
1.00077
1.00075
1.00032
1.05874
1.00019
1.00023
1.00062
1.09312
1.00056
1.16314
1.0003
1.00055
1.00021
1.0005
1.11992
1.00059
1.02583
1.00032
1.00039
1.00052
1.00045
1.01046
1.00048
1.00659
1.0008
1.00133
1.00035
1.01773
1.17931
1.00035
1.00033
1.00054
1.00055
1.00012
1.00203
1.03259
1.14656
1.00057
1.00036
1.01724
1.00055
1.00041
1.00035
1.00033
1.0004
1.007
1.04465
1.00064
1.00016
1.00044
1.00024
1.00031
1.00061
1.00918
1.00026
1.00039
1.00065
1.00023
1.0003
1.08756
1.00048
1.00022
1.00089
1.00057
1.00041
1.00031
1.09226
1.02029
1.00044
1.00032
1.00073
1.0003
1.00157
1.00077
1.11414
1.00048
1.00082
1.00064
1.00084
1.00987
1.00079
1.00663
1.06669
1.0004
1.00087
1.0003
1.09001
1.00034
1.00056
1.00058
1.00015
1.11933
1.01037
1.00027
1.00052
1.01206
1.0007
1.00064
1.03045
1.00027
1.00035
1.00041
1.02087
1.00049
1.00206
1.00056
1.03561
1.00126
1.00042
1.05427
1.00023
1.00047
1.00052
1.04307
1.10579
1.00048
1.03586
1.00032
1.00066
1.00024
1.02169
1.00031
1.04746
1.00034
1.00057
1.00048
1.06769
1.0004
1.00036
1.04279
1.00053
1.00652
1.00028
1.00038
1.0004
1.00038
1.00024
1.00025
1.00058
1.00045
1.00052
1.00109
1.01057
1.00058
1.00222
1.00089
1.00021
1.00029
1.06171
1.00029
1.00065
1.00044
1.00041
1.03913
1.00037
1.00048
1.14112
1.00063
1.00086
1.00072
1.0004
1.0411
1.00045
1.00465
1.00056
1.0006
1.00073
1.00059
1.00158
1.00028
1.00228
1.00027
1.00005
1.00027
1.00036
1.00042
1.04311
1.0002
1.03147
1.00313
1.00045
1.00061
1.10667
1.02805
1.00075
1.03475
1.00035
1.05762
1.00232
1.02213
1.0003
1.00053
1.00036
1.0234
1.00061
1.00038
1.02798
1.02814
1.00059
1.00033
1.00812
1.00754
1.00059
1.00344
1.00049
1.03019
1.0064
1.07699
1.02126
1.05217
1.00045
1.00079
1.00041
1.00047
1.00144
1.00053
1.01255
1.00047
1.00035
1.02446
1.00041
1.0059
1.00056
1.01467
1.00944
1.0005
1.00181
1.00058
1.00044
1.05265
1.00082
1.00054
1.00106
1.00062
1.0006
1.00092
1.00955
1.04172
1.00041
1.00025
1.00042
1.00053
1.03738
1.0004
1.05518
1.00074
1.00272
1.00049
1.00061
1.0006
1.00032
1.01639
1.0341
1.01109
1.00303
1.09026
1.00058
1.04446
1.00558
1.00025
1.00079
1.00091
1.00032
1.00091
1.00829
1.0159
1.00062
1.0002
1.14424
1.00708
1.00031
1.00054
1.00064
1.00068
1.02237
1.0004
1.00032
1.00497
1.0003
1.00306
1.00261
1.00089
1.00136
1.03087
1.00064
1.00059
1.00029
1.00053
1.00042
1.00061
1.00032
1.06301
1.00038
1.00044
1.02905
1.04942
1.01846
1.00051
1.00025
1.00032
1.00007
1.0109
1.00067
1.08424
1.00042
1.00044
1.0006
1.01325
1.00106
1.00045
1.00016
1.01816
1.00054
1.00075
1.00676
1.00156
1.00065
1.0007
1.00058
1.00026
1.00027
1.01806
1.00426
1.00053
1.00033
1.0005
1.00786
1.05664
1.00061
1.01236
1.00835
1.00075
1.00831
1.00035
1.0007
1.00038
1.00206
1.00143
1.0005
1.00122
1.00809
1.00585
1.08978
1.00615
1.00058
1.00068
1.00056
1.00064
1.00055
1.0003
1.00061
1.0004
1.00061
1.00065
1.00059
1.00028
1.00044
1.00034
1.00046
1.00081
1.00721
1.00046
1.00049
1.00759
1.0122
1.00026
1.00033
1.00043
1.00062
1.01006
1.00056
1.00037
1.04745
1.074
1.00056
1.00058
1.00049
1.00064
1.00003
1.00058
1.00064
1.00091
1.04517
1.00063
1.01059
1.00043
1.00048
1.00061
1.0003
1.00048
1.0005
1.00041
1.00088
1.00032
1.00062
1.00046
1.00744
1.00082
1.10167
1.00063
1.00037
1.00051
1.13486
1.00069
1.00037
1.00045
1.00049
1.00055
1.0007
1.00216
1.00031
1.08831
1.00053
1.05795
1.00064
1.00031
1.00027
1.00089
1.00067
1.00342
1.00014
1.12244
1.00054
1.00498
1.00196
1.0387
1.0006
1.00059
1.0006
1.00071
1.00041
1.12743
1.00171
1.05393
1.08559
1.00503
1.00734
1.00081
1.01318
1.00029
1.00067
1.00057
1.00064
1.0006
1.03696
1.00049
1.02944
1.00056
1.04351
1.00032
1.001
1.00077
1.0008
1.00047
1.00061
1.00044
1.01995
1.00065
1.00094
1.0009
1.00046
1.00037
1.00068
1.02166
1.00066
1.00071
1.04959
1.00018
1.00035
1.00055
1.02773
1.0005
1.0004
1.00068
1.0005
1.03366
1.00035
1.00059
1.00069
1.00826
1.00034
1.00063
1.03443
1.00028
1.00034
1.0001
1.00292
1.0291
1.02459
1.16404
1.00077
1.07392
1.00036
1.07161
1.00038
1.02221
1.00789
1.00064
1.0004
1.00033
1.00067
1.00068
1.03528
1.0002
1.00077
1.00082
1.00036
1.00029
1.01732
1.00014
1.00048
1.0008
1.00014
1.04557
1.0049
1.00024
1.00026
1.00077
1.00047
1.00329
1.00528
1.0007
1.00048
1.00762
1.00045
1.00039
1.14101
1.0008
1.00427
1.01412
1.00063
1.00067
1.00039
1.00056
1.00021
1.00054
1.00039
1.00063
1.00059
1.00035
1.00058
1.0002
1.01368
1.00053
1.00047
1.0006
1.0003
1.00037
1.00903
1.02969
1.01882
1.00712
1.00054
1.00383
1.00059
1.00038
1.04763
1.00037
1.00033
1.01215
1.00038
1.00671
1.00034
1.00086
1.00031
1.02142
1.00048
1.04872
1.00043
1.02386
1.00037
1.02507
1.00084
1.00074
1.04114
1.05795
1.00022
1.02955
1.00024
1.05025
1.00019
1.0003
1.00039
1.01892
1.00268
1.00079
1.00058
1.00436
1.05927
1.00065
1.02025
1.00051
1.00041
1.00036
1.00039
1.00056
1.03423
1.00016
1.01835
1.00813
1.00032
1.00075
1.00033
1.00635
1.00031
1.00141
1.00075
1.00264
1.01562
1.06242
1.00065
1.00043
1.00695
1.00037
1.00048
1.00072
1.01654
1.00057
1.0003
1.00123
1.00018
1.00022
1.00057
1.00861
1.01981
1.00051
1.00059
1.00146
1.00022
1.00036
1.00027
1.00039
1.00054
1.00798
1.00038
1.00029
1.00785
1.00217
1.00044
1.09491
1.00114
1.0052
1.03384
1.0003
1.00059
1.03165
1.0011
1.00094
1.00044
1.00035
1.02236
1.00051
1.00049
1.00071
1.00048
1.01558
1.00035
1.06595
1.0003
1.00036
1.00013
1.10296
1.00059
1.0007
1.00049
1.00051
1.00027
1.0382
1.00097
1.00533
1.00048
1.00107
1.00061
1.00036
1.12675
1.00071
1.00041
1.00541
1.00052
1.08952
1.01115
1.0004
1.00135
1.00054
1.00726
1.01017
1.00025
1.0045
1.01229
1.00024
1.00013
1.0004
1.0023
1.06935
1.04663
1.00159
1.01683
1.00677
1.00062
1.0018
1.00052
1.0103
1.02731
1.10031
1.00059
1.00108
1.00048
1.00116
1.08806
1.00114
1.01045
1.08588
1.01432
1.00058
1.00039
1.0006
1.01056
1.00045
1.00188
1.00057
1.00045
1.00495
1.00129
1.08188
1.00019
1.00037
1.00049
1.00065
1.00083
1.00079
1.01944
1.00684
1.00048
1.00174
1.00078
1.00859
1.0003
1.00096
1.00029
1.00814
1.00068
1.00052
1.00054
1.15692
1.00041
1.00051
1.00034
1.00024
1.00246
1.06393
1.00089
1.26645
1.00035
1.00074
1.00025
1.00037
1.00043
1.00046
1.00086
1.00038
1.00028
1.00051
1.0004
1.05165
1.00042
1.0002
1.0294
1.00445
1.01918
1.06348
1.00058
1.00038
1.00065
1.00837
1.00054
1.00098
1.0007
1.00029
1.0004
1.00043
1.00051
1.00049
1.00036
1.00032
1.00044
1.00095
1.00049
1.0111
1.00534
1.00015
1.00043
1.07583
1.00201
1.00049
1.00319
1.03029
1.00027
1.00043
1.00044
1.08963
1.03117
1.00056
1.00024
1.0007
1.12121
1.00061
1.00075
1.00589
1.01116
1.00041
1.00045
1.00038
1.00037
1.00085
1.00124
1.0004
1.00061
1.00358
1.00085
1.00045
1.03249
1.00039
1.00025
1.00051
1.00057
1.02166
1.00316
1.03196
1.00061
1.00037
1.00849
1.00021
1.01018
1.00045
1.00042
1.00038
1.00066
1.1067
1.00795
1.06154
1.0006
1.00069
1.00064
1.0005
1.0007
1.00052
1.00022
1.00042
1.00027
1.00048
1.06054
1.00096
1.00039
1.00027
1.00044
1.00008
1.2093
1.01458
1.00139
1.0005
1.00032
1.01981
1.01895
1.02081
1.00575
1.00057
1.02309
1.0005
1.04614
1.00061
1.00062
1.14072
1.05281
1.00365
1.00292
1.00046
1.03965
1.00042
1.00045
1.00024
1.02149
1.00172
1.00024
1.00042
1.00044
1.00048
1.00158
1.00046
1.00067
1.00073
1.00041
1.04031
1.00046
1.02732
1.13812
1.00052
1.00062
1.00038
1.00075
1.0009
1.01223
1.00026
1.00043
1.00039
1.00023
1.00052
1.01596
1.01675
1.00057
1.00032
1.03202
1.10974
1.00056
1.04448
1.00056
1.04275
1.00464
1.00058
1.00051
1.00061
1.02078
1.00052
1.00452
1.00659
1.00056
1.00041
1.0004
1.0007
1.00263
1.00049
1.00991
1.00062
1.05953
1.00431
1.0004
1.02965
1.07707
1.00047
1.00032
1.00059
1.0116
1.00025
1.00032
1.0006
1.00028
1.00432
1.0434
1.0006
1.00056
1.00034
1.00138
1.00046
1.00031
1.00028
1.00043
1.00045
1.00035
1.00046
1.00035
1.00034
1.00104
1.00047
1.00104
1.00053
1.00036
1.00109
1.00033
1.00021
1.00053
1.00184
1.00075
1.00083
1.04748
1.00137
1.00045
1.07668
1.00024
1.00067
1.00045
1.00143
1.00039
1.00044
1.01232
1.02741
1.07165
1.00085
1.00035
1.0004
1.00048
1.00028
1.00107
1.01537
1.00055
1.0143
1.00058
1.10096
1.0006
1.00101
1.08743
1.00035
1.00077
1.00075
1.00032
1.05874
1.00019
1.00023
1.00062
1.09312
1.00056
1.16314
1.0003
1.00055
1.00021
1.0005
1.11992
1.00059
1.02583
1.00032
1.00039
1.00052
1.00045
1.01046
1.00048
1.00659
1.0008
1.00133
1.00035
1.01773
1.17931
1.00035
1.00033
1.00054
1.00055
1.00012
1.00203
1.03259
1.14656
1.00057
1.00036
1.01724
1.00055
1.00041
1.00035
1.00033
1.0004
1.007
1.04465
1.00064
1.00016
1.00044
1.00024
1.00031
1.00061
1.00918
1.00026
1.00039
1.00065
1.00023
1.0003
1.08756
1.00048
1.00022
1.00089
1.00057
1.00041
1.00031
1.09226
1.02029
1.00044
1.00032
1.00073
1.0003
1.00157
1.00077
1.11414
1.00048
1.00082
1.00064
1.00084
1.00987
1.00079
1.00663
1.06669
1.0004
1.00087
1.0003
1.09001
1.00034
1.00056
1.00058
1.00015
1.11933
1.01037
1.00027
1.00052
1.01206
1.0007
1.00064
1.03045
1.00027
1.00035
1.00041
1.02087
1.00049
1.00206
1.00056
1.03561
1.00126
1.00042
1.05427
1.00023
1.00047
1.00052
1.04307
1.10579
1.00048
1.03586
1.00032
1.00066
1.00024
1.02169
1.00031
1.04746
1.00034
1.00057
1.00048
1.06769
1.0004
1.00036
1.04279
1.00053
1.00652
1.00028
1.00038
1.0004
1.00038
1.00024
1.00025
1.00058
1.00045
1.00052
1.00109
1.01057
1.00058
1.00222
1.00089
1.00021
1.00029
1.06171
1.00029
1.00065
1.00044
1.00041
1.03913
1.00037
1.00048
1.14112
1.00063
1.00086
1.00072
1.0004
1.0411
1.00045
1.00465
1.00056
1.0006
1.00073
1.00059
1.00158
1.00028
1.00228
1.00027
1.00005
1.00027
1.00036
1.00042
1.04311
1.0002
1.03147
1.00313
1.00045
1.00061
1.10667
1.02805
1.00075
1.03475
1.00035
1.05762
1.00232
1.02213
1.0003
1.00053
1.00036
1.0234
1.00061
1.00038
1.00068
1.10929
1.10529
1.00033
1.04132
1.00957
1.00059
1.00032
1.00049
1.08144
1.0004
1.18611
1.01991
1.00025
1.00045
1.00079
1.00041
1.00047
1.00144
1.00053
1.11437
1.14075
1.00035
1.02446
1.00041
1.0059
1.00056
1.00305
1.01356
1.0005
1.00025
1.00058
1.00044
1.05265
1.05021
1.07917
1.00106
1.00062
1.0006
1.00092
1.05427
1.04172
1.00041
1.01472
1.00042
1.00053
1.15792
1.07477
1.05518
1.00074
1.03778
1.00049
1.00061
1.00037
1.00032
1.00029
1.12626
1.05908
1.02925
1.00042
1.04566
1.00647
1.08114
1.00025
1.02458
1.00091
1.00032
1.08256
1.00049
1.00715
1.06739
1.0002
1.00044
1.00708
1.00031
1.02022
1.00064
1.00634
1.02237
1.0004
1.03621
1.00497
1.0003
1.00306
1.0597
1.00089
1.00136
1.08429
1.00064
1.10328
1.00029
1.10037
1.00042
1.08712
1.00032
1.00043
1.00038
1.09907
1.02905
1.04942
1.01846
1.00051
1.00025
1.05295
1.00007
1.0109
1.00029
1.08424
1.02526
1.06501
1.0006
1.01325
1.00106
1.00045
1.00016
1.01816
1.02845
1.00075
1.02579
1.03393
1.00065
1.0007
1.00058
1.03119
1.04568
1.01806
1.03874
1.00053
1.07167
1.00606
1.00786
1.02226
1.00061
1.01236
1.00835
1.00075
1.00831
1.03397
1.0007
1.00038
1.00206
1.00143
1.09726
1.08988
1.00809
1.00585
1.08978
1.00615
1.00058
1.03839
1.0117
1.00064
1.00055
1.0003
1.00061
1.10429
1.08463
1.00004
1.00059
1.00028
1.09711
1.00034
1.00046
1.00081
1.00721
1.00046
1.00049
1.02579
1.02768
1.00026
1.00033
1.00043
1.00062
1.0086
1.00056
1.00037
1.02966
1.074
1.00056
1.00058
1.10212
1.00064
1.00003
1.00042
1.00064
1.00091
1.00046
1.00063
1.01059
1.00043
1.00048
1.00061
1.0003
1.00048
1.0005
1.00041
1.12636
1.00032
1.05051
1.44528
1.03624
1.05131
1.10167
1.00264
1.02161
1.00051
1.03808
1.00069
1.00282
1.00045
1.00049
1.00055
1.0007
1.00216
1.00031
1.05962
1.00053
1.02327
1.00064
1.02337
1.00027
1.04792
1.00067
1.00243
1.01361
1.12244
1.00054
1.03425
1.00196
1.09805
1.04782
1.00059
1.0006
1.00071
1.04548
1.00062
1.00171
1.00043
1.00033
1.00503
1.00734
1.00081
1.01318
1.00029
1.00067
1.00057
1.00064
1.0006
1.03696
1.00049
1.00702
1.00056
1.05494
1.06961
1.001
1.00077
1.0008
1.00047
1.01375
1.00044
1.00039
1.17838
1.0204
1.11975
1.00046
1.00037
1.02327
1.00364
1.10876
1.04636
1.07703
1.00018
1.00035
1.07928
1.00527
1.0005
1.12088
1.01116
1.0005
1.00041
1.07967
1.00059
1.00069
1.00826
1.00034
1.01905
1.00046
1.00005
1.08968
1.0001
1.00292
1.0291
1.02459
1.00084
1.03678
1.12921
1.01052
1.07161
1.00038
1.02221
1.00789
1.00064
1.0524
1.00033
1.00067
1.00068
1.21806
1.02788
1.07671
1.00082
1.01191
1.00029
1.01732
1.00014
1.00048
1.0008
1.00014
1.04557
1.0049
1.00024
1.00026
1.00077
1.00047
1.00642
1.05296
1.01501
1.00048
1.00762
1.00045
1.00039
1.00041
1.0008
1.00739
1.0387
1.03264
1.09571
1.00039
1.0171
1.02032
1.00054
1.03121
1.00063
1.00059
1.00035
1.00058
1.05149
1.01368
1.00053
1.00047
1.0006
1.08777
1.00037
1.00065
1.04879
1.29034
1.06553
1.00054
1.38042
1.00059
1.08736
1.04763
1.06595
1.00008
1.04193
1.00038
1.00671
1.00034
1.13531
1.00031
1.02142
1.00048
1.04872
1.15009
1.11173
1.13293
1.02507
1.00084
1.00074
1.00043
1.04348
1.00022
1.00042
1.00024
1.06333
1.00019
1.00846
1.00039
1.01892
1.00268
1.00079
1.00058
1.01351
1.11788
1.00065
1.02025
1.05657
1.00041
1.13963
1.00039
1.00056
1.03423
1.00016
1.01835
1.09832
1.00032
1.00075
1.00033
1.00777
1.05018
1.00141
1.11683
1.00264
1.04373
1.00038
1.00065
1.00043
1.03593
1.00037
1.07191
1.00072
1.09615
1.04638
1.0003
1.00123
1.00018
1.17625
1.00057
1.00004
1.00744
1.0579
1.00059
1.00146
1.00022
1.00036
1.00027
1.03723
1.15322
1.00798
1.00038
1.09025
1.00785
1.00217
1.00044
1.00039
1.15183
1.0052
1.04878
1.04529
1.00059
1.03595
1.00226
1.07867
1.00044
1.00035
1.02236
1.00051
1.00049
1.00071
1.00048
1.07058
1.00864
1.06595
1.11139
1.11086
1.00013
1.10296
1.00059
1.0007
1.00049
1.16421
1.00027
1.0382
1.03339
1.00533
1.07125
1.08936
1.00061
1.00036
1.00964
1.00071
1.00041
1.00541
1.02485
1.00031
1.02187
1.0004
1.03033
1.00054
1.00726
1.01017
1.19223
1.01973
1.14911
1.24298
1.00013
1.0004
1.0023
1.06935
1.04663
1.00159
1.01683
1.0049
1.00062
1.0018
1.01377
1.00047
1.00048
1.03687
1.00059
1.16326
1.00048
1.00116
1.01806
1.00114
1.01045
1.00793
1.04978
1.00058
1.0358
1.02537
1.02182
1.00045
1.05826
1.00057
1.14946
1.00495
1.00129
1.08188
1.02464
1.2898
1.00049
1.02335
1.00083
1.00079
1.22717
1.00684
1.00048
1.00174
1.11817
1.00859
1.0003
1.00096
1.17075
1.0107
1.00068
1.00052
1.09403
1.15692
1.00041
1.00051
1.00035
1.00024
1.00246
1.03055
1.02784
1.00099
1.00035
1.03987
1.00025
1.00037
1.14617
1.00046
1.13119
1.00038
1.00028
1.00051
1.0004
1.06299
1.00042
1.0002
1.05486
1.00445
1.15513
1.00073
1.00058
1.00038
1.09123
1.01581
1.10524
1.03358
1.0007
1.00029
1.0004
1.00043
1.02284
1.02941
1.00036
1.00032
1.00044
1.00095
1.00049
1.0111
1.00534
1.00015
1.07188
1.00044
1.00201
1.11434
1.00319
1.04273
1.00027
1.00043
1.25084
1.30762
1.09412
1.00056
1.02149
1.06341
1.04228
1.00061
1.13944
1.00267
1.01391
1.00041
1.00045
1.00038
1.04627
1.00085
1.00162
1.05353
1.01947
1.04978
1.1026
1.00045
1.25227
1.00039
1.00025
1.00051
1.00057
1.0323
1.28477
1.15696
1.00061
1.00037
1.00849
1.00021
1.01018
1.00045
1.00042
1.00038
1.00467
1.00046
1.00795
1.00025
1.0006
1.00069
1.00064
1.0005
1.31724
1.00053
1.00022
1.00042
1.00027
1.08422
1.00066
1.0637
1.00039
1.00027
1.00044
1.00008
1.03858
1.01458
1.00139
1.0005
1.00032
1.0003
1.01895
1.02081
1.05608
1.00057
1.02292
1.0005
1.02053
1.00061
1.00062
1.10553
1.05281
1.00365
1.0137
1.00046
1.00047
1.00042
1.0434
1.00024
1.01825
1.00172
1.00024
1.00042
1.00044
1.00048
1.00158
1.00046
1.00067
1.00073
1.00041
1.18042
1.09438
1.05772
1.14121
1.0545
1.10967
1.12976
1.00075
1.07028
1.01021
1.00026
1.2095
1.00039
1.00023
1.03883
1.01596
1.01675
1.00057
1.00032
1.08334
1.10922
1.00056
1.09825
1.00056
1.00066
1.00464
1.13103
1.00051
1.00061
1.03179
1.06421
1.00452
1.14302
1.00056
1.00041
1.04893
1.0007
1.00263
1.00049
1.00991
1.00062
1.00041
1.00431
1.14183
1.07126
1.07707
1.00047
1.00032
1.01735
1.06959
1.00025
1.00032
1.0006
1.02261
1.00432
1.0434
1.0006
1.00056
1.22979
1.00138
1.16832
1.00031
1.00028
1.00043
1.00045
1.00035
1.00046
1.00035
1.00034
1.00549
1.05244
1.00104
1.00053
1.00036
1.06935
1.00033
1.00022
1.09684
1.13969
1.00075
1.00083
1.00044
1.00137
1.00045
1.09634
1.00024
1.0214
1.00045
1.00143
1.00039
1.00044
1.01232
1.02741
1.00038
1.00487
1.00035
1.00901
1.00048
1.00028
1.00107
1.01537
1.01351
1.0143
1.00058
1.12121
1.04634
1.08055
1.01819
1.00035
1.10014
1.08762
1.0511
1.05874
1.03623
1.28059
1.00859
1.006
1.06746
1.07465
1.0003
1.00019
1.00021
1.0005
1.18206
1.00059
1.02583
1.02866
1.18616
1.00052
1.03521
1.01708
1.00048
1.00659
1.0008
1.02757
1.00035
1.01733
1.04936
1.00035
1.00033
1.00054
1.00055
1.00012
1.00203
1.0421
1.00062
1.00057
1.00036
1.01724
1.00055
1.00041
1.00035
1.00059
1.0004
1.00142
1.08338
1.00064
1.00016
1.00044
1.00024
1.00031
1.00061
1.0226
1.00026
1.00039
1.00065
1.10698
1.13119
1.14242
1.00048
1.08045
1.00089
1.16633
1.00041
1.00031
1.00064
1.02029
1.05532
1.00032
1.08193
1.0061
1.01092
1.00077
1.00076
1.00048
1.00082
1.00064
1.06794
1.00987
1.00079
1.00663
1.01023
1.02036
1.00087
1.0003
1.09001
1.00034
1.00056
1.00058
1.00015
1.00002
1.02008
1.00027
1.00052
1.03863
1.16436
1.00946
1.03045
1.27517
1.03192
1.02565
1.03512
1.1158
1.00049
1.00056
1.03561
1.13066
1.00042
1.00034
1.00023
1.00047
1.01372
1.04307
1.00502
1.00048
1.05749
1.00032
1.00066
1.00758
1.08693
1.00031
1.04746
1.00034
1.00057
1.19133
1.00068
1.16242
1.00036
1.04279
1.00053
1.00652
1.09565
1.00038
1.0004
1.00038
1.00024
1.00025
1.00058
1.00045
1.00052
1.00109
1.01057
1.00058
1.00688
1.00089
1.00021
1.00029
1.00436
1.00029
1.00065
1.00044
1.00041
1.1057
1.09607
1.00048
1.00068
1.00063
1.00086
1.00072
1.08
1.024
1.03997
1.05477
1.04139
1.0006
1.14845
1.00059
1.00158
1.07074
1.02165
1.00919
1.0005
1.00027
1.00036
1.00042
1.00457
1.0002
1.03838
1.00313
1.02911
1.01149
1.00044
1.00066
1.21005
1.01923
1.00035
1.07763
1.03418
1.02213
1.0532
1.00053
1.00036
1.0234
1.00061
1.00038
1.98014
1.84051
1.7822
1.47627
1.52125
1.96905
1.61865
1.31478
1.52425
1.6276
1.55147
1.58873
1.4739
1.46149
1.46341
1.66831
1.53878
1.5524
1.56632
1.7368
2.07525
1.67032
1.59756
1.95421
1.43692
1.67557
1.57942
1.84155
1.79956
1.55685
1.32507
1.73202
1.52297
1.79048
1.4054
1.67579
1.72316
1.46017
1.65679
1.51619
1.64896
1.81399
1.66987
1.41604
1.57303
1.54957
2.03349
1.53792
1.81838
1.47048
1.8365
1.63671
1.98727
1.56046
1.52414
1.43476
2.25962
1.74938
1.28543
1.47451
1.70031
1.96764
1.71179
1.34574
1.69446
1.55513
1.41242
2.02972
1.58619
2.24723
1.70019
1.24272
1.5746
2.03397
1.4305
1.68394
1.70546
1.44513
1.44318
1.58447
1.40122
1.60582
1.39975
1.6001
1.69852
1.53024
2.03533
1.66068
1.54174
1.5905
1.45772
1.75267
1.5995
1.6675
1.37302
1.43164
1.48467
1.62414
1.69852
1.71817
1.37696
1.5316
1.49097
1.30269
1.37063
1.69171
1.31484
1.4818
1.52455
1.49771
1.56233
1.52657
1.69812
1.74138
1.25636
1.28172
1.79109
1.93533
1.81952
2.11436
1.88521
1.6558
1.74386
1.3928
1.35939
1.87627
1.676
1.72193
1.45571
1.56565
1.63748
1.71981
1.85702
1.54192
2.17437
1.58756
1.79919
1.50381
1.43999
1.57657
1.68988
2.10421
1.59498
1.95573
1.75751
1.81138
2.00773
1.85171
1.62001
1.66446
1.57656
1.6556
1.5386
1.47548
1.4731
1.50341
1.68292
1.53253
1.46113
1.46438
1.65932
1.41017
1.66215
1.80626
1.52995
1.71803
1.67733
1.57486
1.6052
1.49866
1.24333
1.62248
1.78345
1.59956
1.79268
1.36922
1.5985
1.53029
1.83601
1.43716
1.90385
1.42033
1.49994
1.50624
1.43247
1.80689
1.72895
1.61709
1.81417
1.59629
1.47495
1.49586
1.46434
1.58411
1.63087
1.38592
1.8063
1.41404
2.05523
1.58184
1.58503
1.77669
1.60967
1.46124
1.4551
1.74077
1.86572
1.60515
1.51918
1.5698
1.65699
1.9598
2.13428
1.62666
1.43028
1.89933
1.65988
1.78573
1.72289
1.53383
1.41884
1.6003
1.67095
1.48314
1.18089
1.67891
1.53677
1.72442
1.62622
2.03085
1.64428
1.66408
1.74254
1.98862
1.44621
1.52589
1.54315
1.62895
1.45207
1.68856
1.47696
1.93206
1.91697
1.42385
1.65393
1.6236
2.03298
1.42141
1.6142
1.54828
2.16047
1.49635
2.03242
1.58344
1.68846
1.81084
1.73082
1.63094
1.56459
1.57658
1.51708
1.90568
1.75426
1.58677
1.68728
1.67195
1.5966
1.50399
1.87689
1.63936
1.63648
1.20148
1.42486
1.73718
2.60684
1.53475
1.46941
1.64498
1.57238
1.60765
1.55083
1.49292
2.02492
1.54955
1.29745
1.59354
1.77774
1.32423
1.54674
1.12517
1.43719
1.62965
1.5165
1.76607
1.82086
2.07786
1.52854
1.52016
1.46232
1.48165
1.78646
1.49719
1.76859
1.61035
1.73866
1.59582
1.74626
1.30171
2.11313
2.0705
1.41494
1.34201
1.80191
1.19909
1.86356
1.92501
1.17349
1.79266
1.42422
1.40774
1.33511
1.64971
1.51895
1.33332
1.65813
1.88524
1.71464
1.39047
1.5846
1.57725
1.54578
1.72665
1.60817
1.60572
1.87059
1.5703
1.63083
1.66697
1.24956
1.60138
1.46882
1.48256
1.92672
1.36568
1.47828
1.30227
1.82995
1.71706
1.64511
1.54106
1.40495
1.55674
1.69295
1.58147
1.73479
1.75022
1.64855
2.01222
1.88854
1.48234
1.60158
1.51813
1.45601
2.07684
1.5912
1.9454
1.40551
2.07522
1.40624
1.58746
1.48706
1.57736
1.49704
1.84295
1.56483
1.73518
2.11481
1.81975
1.43292
2.28695
1.33025
1.5352
1.392
1.47643
1.31681
1.44769
1.41673
1.43307
1.40111
1.67852
1.69882
1.38193
1.71596
1.89449
1.60391
1.54801
1.70944
1.48302
1.45183
1.78855
1.96152
1.2733
2.82877
1.81097
1.55711
1.61802
1.51211
1.63966
1.52894
1.33804
1.99076
1.48571
1.6498
1.58515
1.93094
1.67341
1.59955
1.51784
1.54518
1.6753
1.73023
1.66052
1.52543
2.33318
1.29903
1.33511
1.65621
1.57503
1.89568
1.62899
1.69368
1.60665
1.24094
1.46991
1.38318
1.53109
1.67217
1.69467
1.41017
1.44308
1.57813
1.42388
1.52115
1.4997
1.64104
1.56247
1.5539
1.58011
1.71341
1.52465
1.71058
1.55867
1.58054
1.68127
1.76896
1.49805
1.39577
1.8686
1.4285
1.99522
1.4804
1.67072
1.50775
1.4942
1.213
1.57175
1.61952
1.72929
1.55244
1.43539
1.35313
1.78655
1.80279
1.96132
1.63717
1.88407
1.80809
1.63109
1.55358
1.6661
1.61092
1.9991
1.56955
1.54951
1.50382
1.57849
2.17181
1.69645
1.76977
1.78366
1.3819
2.41427
2.0538
1.40983
1.55266
1.60886
1.885
1.78626
1.78857
1.67538
1.86277
1.57263
1.70587
1.81215
1.54689
1.42095
1.7771
1.57482
1.60313
1.8913
1.63532
1.82843
1.72826
1.84426
1.46821
1.59924
1.93927
1.49854
1.459
1.66328
1.42081
1.71202
1.77216
1.77963
1.62069
1.62567
1.44549
1.56828
1.2927
1.48056
1.41949
1.66056
1.85197
1.86093
1.8405
1.64345
1.65945
1.98145
1.99891
1.58411
1.38239
2.06286
1.54385
1.53369
1.6518
1.64812
1.89555
1.54554
1.47479
1.735
1.4154
1.29293
1.90651
1.73213
1.65722
2.19188
1.40226
1.47156
1.34282
1.49594
1.37781
1.49008
1.70452
1.44671
1.44123
1.6814
1.52494
1.68884
1.4204
1.34912
1.48603
1.92963
1.86747
1.65535
1.49243
1.68876
2.0382
1.56413
1.65054
1.96973
1.67165
1.42031
1.42486
1.58675
1.60692
1.60424
1.61618
1.48646
1.7365
1.91641
1.56613
1.73539
1.40919
1.49178
1.61277
1.51842
2.1091
1.58105
2.48107
1.72687
1.45194
1.62808
1.5205
1.5519
2.33573
1.43433
1.21009
1.76287
1.9088
1.56717
1.83104
1.51306
1.57745
1.51963
1.56405
1.51968
1.59009
1.74855
1.66809
1.54871
1.40062
1.74004
1.6768
1.5743
1.67577
1.53691
1.2839
1.48362
1.77512
1.44533
1.94667
2.17348
1.97956
1.54767
1.59572
1.35842
2.15511
1.51294
1.5013
1.44093
1.80798
1.50257
1.51901
1.42436
1.37853
1.76323
1.62576
1.47543
1.85158
1.62557
1.37591
1.58969
1.46528
1.6953
1.51816
1.64492
1.49286
1.34053
1.46395
1.66397
1.83829
1.45647
1.72942
1.59684
1.5424
1.36377
1.62702
1.34815
2.12798
1.83942
1.69894
1.67332
1.59178
1.72312
1.61518
1.56071
2.25325
1.58254
1.62444
1.64834
1.59842
1.76955
1.62096
1.32235
2.45155
1.83391
1.33308
1.44699
1.47805
1.61017
2.42342
1.4647
1.40803
1.93826
1.52384
1.46392
1.51712
1.89742
1.44582
1.47557
1.86189
1.53408
1.76577
1.92384
1.91856
1.38472
1.54693
1.32764
1.35426
1.52439
1.58935
2.18477
1.73964
1.4387
2.04143
1.5127
1.5201
1.4007
1.68641
1.7861
2.45671
1.5495
1.54135
1.8753
1.76545
1.67638
1.63828
1.63289
1.55774
1.67675
1.49747
1.88578
1.66235
1.71502
1.6399
1.83075
1.72132
1.46965
1.54674
1.56388
2.04513
1.60465
1.46785
1.81713
2.13865
1.28784
1.48531
1.72888
1.33172
1.8858
2.00976
1.69705
1.61564
1.40919
1.5135
1.54029
1.3802
1.33289
1.59798
1.5164
1.58945
1.45569
1.47173
1.40307
1.3525
1.74184
2.24625
1.70083
1.63342
1.88254
1.46862
1.3489
1.52329
2.15433
1.50447
2.08475
1.46079
1.72284
1.74089
1.8385
1.364
2.03391
1.38263
1.42705
1.65225
1.45499
1.99273
1.77726
1.47976
1.56613
1.46188
1.4909
1.75327
1.40152
1.99878
1.9792
1.63061
1.64608
1.58289
1.58345
1.75944
1.79103
1.7568
1.54628
1.90927
1.64655
1.50244
1.9572
1.29606
1.33706
1.64103
1.7747
1.63619
1.96423
1.34413
1.41415
1.41155
1.56965
1.75116
1.59689
1.5464
1.3964
1.4739
1.42773
1.60827
1.25857
1.59687
1.44363
1.80241
1.54776
1.43531
1.35434
1.86586
1.42055
1.58091
1.63839
1.34768
1.42284
1.64985
1.74624
1.55298
1.64759
1.37159
2.13136
1.62724
1.63836
1.49244
1.92912
1.51626
1.87778
1.59265
1.57351
1.46223
1.64669
1.35934
1.4458
1.5044
1.53473
1.48942
1.40287
1.98022
1.33649
1.40458
1.9077
1.67078
1.37484
2.00577
1.68889
1.46103
1.40433
1.52194
1.61087
1.64851
1.23696
1.64273
1.24847
1.5258
1.64828
2.08832
1.42767
1.50948
1.83582
1.41023
1.84937
1.81166
1.58183
1.49441
1.63552
1.9218
1.32901
1.61063
1.50472
1.63913
1.62003
1.20338
1.55763
1.39585
1.36472
1.54757
1.6307
1.78562
2.02578
1.55671
1.35746
1.50824
1.46443
1.35728
1.64924
1.66657
1.82737
1.88305
1.54636
1.53399
1.64904
1.31188
1.47727
1.63203
1.99325
1.57238
1.47495
1.42815
1.42554
1.58275
1.33406
1.88883
1.37384
1.47816
1.59745
1.93024
1.64347
1.54067
1.53351
1.28546
1.5532
1.7482
1.5715
1.43814
1.63084
1.37711
1.36505
1.34939
1.3332
1.4907
1.60205
1.62059
1.74869
1.59188
1.40256
1.58776
1.37641
1.23934
1.34888
2.24407
1.47432
1.75895
1.48625
1.756
2.09077
1.41859
1.6194
2.07204
1.78292
1.61971
1.68378
1.48545
2.08911
1.35445
1.6887
1.66561
1.634
2.06304
1.70261
1.43482
1.42644
1.4751
1.39166
1.64677
1.39025
1.33041
1.51582
2.00369
1.27261
1.94516
2.15577
1.37489
1.50565
1.53103
1.62778
1.63743
1.79792
1.53851
1.39559
1.56308
1.95397
1.59261
1.71757
1.51475
3.43748
1.91781
1.4282
1.19116
1.18393
1.28686
1.09958
1.07571
1.2857
1.14579
1.02634
1.06942
1.30115
1.17544
1.03728
1.04275
1.06092
1.0427
1.11688
1.16863
1.0799
1.0487
1.23461
1.30792
1.02901
1.18239
1.06137
1.16385
1.23412
1.16059
1.14319
1.23642
1.08031
1.07052
1.13721
1.18018
1.2552
1.04617
1.28368
1.03192
1.13703
1.12896
1.05146
1.20778
1.22185
1.1922
1.02316
1.1051
1.18912
1.30056
1.18313
1.21059
1.01167
1.07353
1.24892
1.07395
1.11364
1.04342
1.03417
1.3087
1.18362
1.03615
1.10791
1.34166
1.2276
1.08999
1.15368
1.07377
1.07732
1.10031
1.48312
1.28202
1.48649
1.16567
1.09946
1.23745
1.19827
1.08235
1.17178
1.08623
1.05869
1.08693
1.18678
1.19027
1.101
1.1562
1.1165
1.21301
1.04356
1.33372
1.09385
1.0939
1.12917
1.10454
1.14547
1.08104
1.12169
1.18474
1.14894
1.17092
1.13536
1.1582
1.11552
1.07886
1.09439
1.09552
1.05208
1.12323
1.21935
1.08522
1.02837
1.08395
1.10532
1.22941
1.11763
1.23515
1.08108
1.04083
1.0768
1.16105
1.13451
1.21151
1.14345
1.35416
1.06357
1.25027
1.02272
1.08004
1.12802
1.37726
1.37558
1.17744
1.07457
1.27378
1.11506
1.18613
1.07419
1.48311
1.03454
1.2047
1.1797
1.01711
1.07899
1.16448
1.16509
1.29701
1.24621
1.29988
1.2933
1.51956
1.22548
1.08658
1.07033
1.14779
1.1479
1.1746
1.09925
1.03752
1.22956
1.386
1.06169
1.05486
1.05466
1.05327
1.06063
1.13516
1.10385
1.04345
1.04829
1.24093
1.2645
1.1004
1.09625
1.00159
1.13641
1.35557
1.13665
1.20174
1.09692
1.113
1.02787
1.18153
1.03257
1.25844
1.03835
1.05509
1.07995
1.16526
1.07577
1.11874
1.06712
1.14707
1.18402
1.03979
1.07196
1.14372
1.10671
1.26332
1.071
1.0777
1.20121
1.10544
1.31484
1.03347
1.23571
1.21612
1.04314
1.20414
1.1448
1.28639
1.07526
1.20076
1.271
1.26585
1.19764
1.10205
1.19955
1.16427
1.0912
1.20814
1.14757
1.40487
1.12529
1.07649
1.15027
1.22356
1.03844
1.04765
1.36318
1.12853
1.06536
1.05535
1.07864
1.11329
1.09214
1.1224
1.34988
1.08792
1.05844
1.11573
1.06877
1.18324
1.28474
1.18063
1.16796
1.12964
1.09387
1.20563
1.27885
1.07756
1.01574
1.14911
1.06899
1.46228
1.07162
1.1846
1.08979
1.1633
1.30148
1.0794
1.26791
1.12125
1.19596
1.10235
1.19093
1.08521
1.08149
1.14815
1.19043
1.13797
1.16802
1.28174
1.25328
1.29024
1.03906
1.05787
1.2225
1.40194
1.07202
1.16837
1.07246
1.16922
1.16198
1.13966
1.04374
1.21978
1.11863
1.11152
1.12764
1.22464
1.063
1.02654
1.02564
1.06284
1.16353
1.03837
1.07072
1.18303
1.0656
1.07766
1.19832
1.08089
1.0681
1.0942
1.08309
1.2466
1.07715
1.09282
1.13281
1.16877
1.04721
1.31253
1.35757
1.05963
1.05732
1.1685
1.07446
1.27049
1.13051
1.0734
1.1761
1.03878
1.14929
1.10142
1.05782
1.15276
1.07071
1.11646
1.39929
1.20361
1.11238
1.17367
1.11328
1.21322
1.19462
1.05695
1.22053
1.36489
1.03804
1.16162
1.39007
1.0424
1.1447
1.229
1.03512
1.08336
1.03966
1.04454
1.08327
1.30722
1.32239
1.0981
1.04442
1.09866
1.16268
1.26408
1.05226
1.40381
1.38124
1.2444
1.42071
1.14109
1.25254
1.21032
1.13292
1.15294
1.46888
1.20269
1.36423
1.20239
1.46626
1.22291
1.04167
1.15087
1.06464
1.09265
1.30266
1.20148
1.21778
1.35088
1.11636
1.10562
1.30088
1.0911
1.13363
1.03656
1.008
1.06878
1.08373
1.05157
1.15368
1.08788
1.11393
1.34173
1.0558
1.32991
1.29939
1.21794
1.10083
1.07296
1.21519
1.05787
1.29629
1.2068
1.08342
1.46687
1.16155
1.10923
1.09783
1.11209
1.28863
1.12447
1.03455
1.14191
1.1987
1.08204
1.08387
1.31679
1.1704
1.11028
1.27888
1.09907
1.12066
1.15918
1.36479
1.15599
1.45651
1.08515
1.03741
1.09636
1.31658
1.35383
1.10058
1.27399
1.15362
1.05681
1.21522
1.10019
1.1086
1.25619
1.09599
1.08134
1.08169
1.06167
1.05449
1.06906
1.1886
1.08409
1.08103
1.26078
1.10906
1.31947
1.09391
1.22873
1.00602
1.26915
1.12649
1.17374
1.17125
1.02835
1.19117
1.08895
1.29476
1.18783
1.12213
1.19165
1.1704
1.01369
1.07809
1.14544
1.10841
1.1402
1.08136
1.05838
1.21407
1.09436
1.40311
1.2352
1.08313
1.28432
1.14059
1.12602
1.06518
1.13732
1.16214
1.14919
1.10621
1.11838
1.13554
1.40674
1.37167
1.35594
1.37156
1.08626
1.20031
1.2493
1.04714
1.08311
1.13024
1.28839
1.14607
1.13684
1.16902
1.48342
1.0883
1.11562
1.20818
1.22542
1.04221
1.19649
1.11724
1.07381
1.17843
1.13067
1.08503
1.21096
1.15692
1.04256
1.2514
1.11626
1.14338
1.12743
1.10631
1.19933
1.18035
1.20963
1.34487
1.23565
1.17882
1.19832
1.20489
1.03876
1.15436
1.03198
1.262
1.18322
1.10178
1.33874
1.08277
1.11561
1.13185
1.42834
1.06339
1.12712
1.25074
1.09265
1.15567
1.20672
1.10922
1.26084
1.23389
1.11142
1.20695
1.07054
1.13897
1.15926
1.13217
1.03048
1.68438
1.09756
1.00603
1.07438
1.24017
1.06767
1.05362
1.12013
1.06059
1.14116
1.28527
1.17741
1.28064
1.16653
1.11597
1.24527
1.19523
1.26724
1.13583
1.06022
1.13298
1.25761
1.0371
1.30452
1.22708
1.07618
1.16199
1.05425
1.16183
1.09948
1.16357
1.05695
1.12721
1.14195
1.14076
1.07678
1.3291
1.1573
1.09327
1.11823
1.11522
1.18882
1.29726
1.36078
1.29155
1.07852
1.12216
1.24327
1.20019
1.08146
1.06493
1.02354
1.46757
1.08938
1.05132
1.19512
1.12718
1.15989
1.23217
1.25448
1.19772
1.18679
1.10223
1.19898
1.14956
1.06805
1.09708
1.10186
1.27841
1.30091
1.14371
1.07966
1.05008
1.25565
1.12953
1.26237
1.14297
1.08031
1.15538
1.18278
1.03611
1.60651
1.27315
1.15823
1.06288
1.32167
1.16674
1.08731
1.14537
1.04163
1.39232
1.06175
1.04111
1.3268
1.09301
1.0961
1.23036
1.0595
1.09003
1.13585
1.00264
1.19583
1.16
1.1948
1.1466
1.09584
1.05875
1.17555
1.32502
1.04889
1.057
1.00656
1.01502
1.58279
1.39214
1.28556
1.22812
1.19127
1.12758
1.34242
1.30385
1.11749
1.07285
1.1061
1.16403
1.12443
1.18685
1.11996
1.12764
1.16583
1.19748
1.10572
1.05225
1.11294
1.22876
1.23833
1.13734
1.14477
1.14526
1.26621
1.17991
1.26981
1.19203
1.02492
1.18792
1.08307
1.08545
1.20003
1.2134
1.09824
1.17181
1.24949
1.02791
1.02148
1.17304
1.15378
1.41392
1.12043
1.18142
1.37625
1.11704
1.10801
1.14194
1.31659
1.29143
1.25498
1.22357
1.17328
1.04318
1.09396
1.32689
1.11616
1.12199
1.17544
1.14419
1.12774
1.426
1.10856
1.1076
1.18528
1.32061
1.19032
1.11033
1.08649
1.21143
1.16454
1.2492
1.08971
1.14146
1.28231
1.10151
1.1076
1.37929
1.13756
1.16252
1.14593
1.3361
1.0778
1.16888
1.02442
1.20485
1.14899
1.13318
1.19294
1.15316
1.11033
1.10908
1.21234
1.05551
1.04429
1.23812
1.18352
1.22977
1.1416
1.21748
1.10899
1.03428
1.19659
1.2476
1.07081
1.49087
1.12153
1.09023
1.18727
1.14445
1.12484
1.17508
1.04135
1.16261
1.05786
1.054
1.23122
1.32261
1.16844
1.10482
1.07859
1.20649
1.23042
1.11068
1.23802
1.1298
1.12357
1.26876
1.18658
1.30474
1.34511
1.24991
1.11087
1.08429
1.28365
1.11199
1.12596
1.58521
1.02803
1.01101
1.16125
1.05369
1.29266
1.17488
1.06299
1.08468
1.0574
1.32531
1.05065
1.15501
1.07217
1.17854
1.24536
1.02974
1.2365
1.02227
1.26225
1.15688
1.26711
1.1706
1.24232
1.0284
1.07888
1.13843
1.0864
1.11388
0.999999
1.14929
1.11912
1.41911
1.11669
1.17356
1.08403
1.39427
1.32586
1.19533
1.11868
1.20066
1.08319
1.14704
1.31302
1.05822
1.15924
1.12015
1.05569
1.18104
1.03714
1.09902
1.13082
1.04349
1.1572
1.13154
1.14672
1.32193
1.13553
1.0247
1.12126
1.33553
1.27013
1.07758
1.06752
1.13395
1.17763
1.06948
1.11795
1.01708
1.21019
1.08155
1.28417
1.09569
1.03125
1.13309
1.06378
1.15201
1.18146
1.15942
1.04033
1.21778
1.14978
1.0477
1.20063
1.10042
1.35153
1.07112
1.0744
1.20529
1.04548
1.18573
1.06725
1.2208
1.48786
1.2896
1.26974
1.1798
1.12412
1.1827
1.04272
1.30751
1.1441
1.31121
1.23908
1.1824
1.23199
1.07632
1.1037
1.05208
1.25967
1.12364
1.13219
1.04697
1.06372
1.16996
1.0667
1.11062
1.10779
1.05444
1.21461
1.06793
1.14586
1.282
1.0546
1.19442
1.0428
1.2065
1.14391
1.15075
1.02373
1.19585
1.04226
1.02765
1.13147
1.12436
1.11153
1.14126
1.09117
1.25293
1.08664
1.05501
1.15585
1.10217
1.03338
1.12216
1.54229
1.19016
1.17734
1.23334
1.21276
1.46693
1.24012
1.18143
1.11664
1.24763
1.07995
1.15037
1.24637
1.26614
1.01529
1.1786
1.31138
1.07016
1.07377
1.3661
1.2052
1.02373
1.2641
1.11045
1.06683
1.15798
1.04009
1.22494
1.15508
1.10756
1.35247
1.35727
0.999999
1.07807
1.19876
1.27383
1.15562
1.35441
1.20584
1.17745
1.1317
1.11766
1.09202
1.28879
1.19217
1.56786
1.21716
1.18646
1.98014
1.84051
1.7822
1.47627
1.52125
1.96905
1.61865
1.31478
1.52425
1.6276
1.55147
1.58873
1.4739
1.46149
1.46341
1.66831
1.53878
1.5524
1.56632
1.7368
2.07525
1.67032
1.59756
1.95421
1.43692
1.67557
1.57942
1.84155
1.79956
1.55685
1.32507
1.73202
1.52297
1.79048
1.4054
1.67579
1.72316
1.46017
1.65679
1.51619
1.64896
1.81399
1.66987
1.41604
1.57303
1.54957
2.03349
1.53792
1.81838
1.47048
1.8365
1.63671
1.98727
1.56046
1.52414
1.43476
2.25962
1.74938
1.28543
1.47451
1.70031
1.96764
1.71179
1.34574
1.69446
1.55513
1.41242
2.02972
1.58619
2.24723
1.70019
1.24272
1.5746
2.03397
1.4305
1.68394
1.70546
1.44513
1.44318
1.58447
1.40122
1.60582
1.39975
1.6001
1.69852
1.53024
2.03533
1.66068
1.54174
1.5905
1.45772
1.75267
1.5995
1.6675
1.37302
1.43164
1.48467
1.62414
1.69852
1.71817
1.37696
1.5316
1.49097
1.30269
1.37063
1.69171
1.31484
1.4818
1.52455
1.49771
1.56233
1.52657
1.69812
1.74138
1.25636
1.28172
1.79109
1.93533
1.81952
2.11436
1.88521
1.6558
1.74386
1.3928
1.35939
1.87627
1.676
1.72193
1.45571
1.56565
1.63748
1.71981
1.85702
1.54192
2.17437
1.58756
1.79919
1.50381
1.43999
1.57657
1.68988
2.10421
1.59498
1.95573
1.75751
1.81138
2.00773
1.85171
1.62001
1.66446
1.57656
1.6556
1.5386
1.47548
1.4731
1.50341
1.68292
1.53253
1.46113
1.46438
1.65932
1.41017
1.66215
1.80626
1.52995
1.71803
1.67733
1.57486
1.6052
1.49866
1.24333
1.62248
1.78345
1.59956
1.79268
1.36922
1.5985
1.53029
1.83601
1.43716
1.90385
1.42033
1.49994
1.50624
1.43247
1.80689
1.72895
1.61709
1.81417
1.59629
1.47495
1.49586
1.46434
1.58411
1.63087
1.38592
1.8063
1.41404
2.05523
1.58184
1.58503
1.77669
1.60967
1.46124
1.4551
1.74077
1.86572
1.60515
1.51918
1.5698
1.65699
1.9598
2.13428
1.62666
1.43028
1.89933
1.65988
1.78573
1.72289
1.53383
1.41884
1.6003
1.67095
1.48314
1.18089
1.67891
1.53677
1.72442
1.62622
2.03085
1.64428
1.66408
1.74254
1.98862
1.44621
1.52589
1.54315
1.62895
1.45207
1.68856
1.47696
1.93206
1.91697
1.42385
1.65393
1.6236
2.03298
1.42141
1.6142
1.54828
2.16047
1.49635
2.03242
1.58344
1.68846
1.81084
1.73082
1.63094
1.56459
1.57658
1.51708
1.90568
1.75426
1.58677
1.68728
1.67195
1.5966
1.50399
1.87689
1.63936
1.63648
1.20148
1.42486
1.73718
2.60684
1.53475
1.46941
1.64498
1.57238
1.60765
1.55083
1.49292
2.02492
1.54955
1.29745
1.59354
1.77774
1.32423
1.54674
1.12517
1.43719
1.62965
1.5165
1.76607
1.82086
2.07786
1.52854
1.52016
1.46232
1.48165
1.78646
1.49719
1.76859
1.61035
1.73866
1.59582
1.74626
1.30171
2.11313
2.0705
1.41494
1.34201
1.80191
1.19909
1.86356
1.92501
1.17349
1.79266
1.42422
1.40774
1.33511
1.64971
1.51895
1.33332
1.65813
1.88524
1.71464
1.39047
1.5846
1.57725
1.54578
1.72665
1.60817
1.60572
1.87059
1.5703
1.63083
1.66697
1.24956
1.60138
1.46882
1.48256
1.92672
1.36568
1.47828
1.30227
1.82995
1.71706
1.64511
1.54106
1.40495
1.55674
1.69295
1.58147
1.73479
1.75022
1.64855
2.01222
1.88854
1.48234
1.60158
1.51813
1.45601
2.07684
1.5912
1.9454
1.40551
2.07522
1.40624
1.58746
1.48706
1.57736
1.49704
1.84295
1.56483
1.73518
2.11481
1.81975
1.43292
2.28695
1.33025
1.5352
1.392
1.47643
1.31681
1.44769
1.41673
1.43307
1.40111
1.67852
1.69882
1.38193
1.71596
1.89449
1.60391
1.54801
1.70944
1.48302
1.45183
1.78855
1.96152
1.2733
2.82877
1.81097
1.55711
1.61802
1.51211
1.63966
1.52894
1.33804
1.99076
1.48571
1.6498
1.58515
1.93094
1.67341
1.59955
1.51784
1.54518
1.6753
1.73023
1.66052
1.52543
2.33318
1.29903
1.33511
1.65621
1.57503
1.89568
1.62899
1.69368
1.60665
1.24094
1.46991
1.38318
1.53109
1.67217
1.69467
1.41017
1.44308
1.57813
1.42388
1.52115
1.4997
1.64104
1.56247
1.5539
1.58011
1.71341
1.52465
1.71058
1.55867
1.58054
1.68127
1.76896
1.49805
1.39577
1.8686
1.4285
1.99522
1.4804
1.67072
1.50775
1.4942
1.213
1.57175
1.61952
1.72929
1.55244
1.43539
1.35313
1.78655
1.80279
1.96132
1.63717
1.88407
1.80809
1.63109
1.55358
1.6661
1.61092
1.9991
1.56955
1.54951
1.50382
1.57849
2.17181
1.69645
1.76977
1.78366
1.3819
2.41427
2.0538
1.40983
1.55266
1.60886
1.885
1.78626
1.78857
1.67538
1.86277
1.57263
1.70587
1.81215
1.54689
1.42095
1.7771
1.57482
1.60313
1.8913
1.63532
1.82843
1.72826
1.84426
1.46821
1.59924
1.93927
1.49854
1.459
1.66328
1.42081
1.71202
1.77216
1.77963
1.62069
1.62567
1.44549
1.56828
1.2927
1.48056
1.41949
1.66056
1.85197
1.86093
1.8405
1.64345
1.65945
1.98145
1.99891
1.58411
1.38239
2.06286
1.54385
1.53369
1.6518
1.64812
1.89555
1.54554
1.47479
1.735
1.4154
1.29293
1.90651
1.73213
1.65722
2.19188
1.40226
1.47156
1.34282
1.49594
1.37781
1.49008
1.70452
1.44671
1.44123
1.6814
1.52494
1.68884
1.4204
1.34912
1.48603
1.92963
1.86747
1.65535
1.49243
1.68876
2.0382
1.56413
1.65054
1.96973
1.67165
1.42031
1.42486
1.58675
1.60692
1.60424
1.61618
1.48646
1.7365
1.91641
1.56613
1.73539
1.40919
1.49178
1.61277
1.51842
2.1091
1.58105
2.48107
1.72687
1.45194
1.62808
1.5205
1.5519
2.33573
1.43433
1.21009
1.76287
1.9088
1.56717
1.83104
1.51306
1.57745
1.51963
1.56405
1.51968
1.59009
1.74855
1.66809
1.54871
1.40062
1.74004
1.6768
1.5743
1.67577
1.53691
1.2839
1.48362
1.77512
1.44533
1.94667
2.17348
1.97956
1.54767
1.59572
1.35842
2.15511
1.51294
1.5013
1.44093
1.80798
1.50257
1.51901
1.42436
1.37853
1.76323
1.62576
1.47543
1.85158
1.62557
1.37591
1.58969
1.46528
1.6953
1.51816
1.64492
1.49286
1.34053
1.46395
1.66397
1.83829
1.45647
1.72942
1.59684
1.5424
1.36377
1.62702
1.34815
2.12798
1.83942
1.69894
1.67332
1.59178
1.72312
1.61518
1.56071
2.25325
1.58254
1.62444
1.64834
1.59842
1.76955
1.62096
1.32235
2.45155
1.83391
1.33308
1.44699
1.47805
1.61017
2.42342
1.4647
1.40803
1.93826
1.52384
1.46392
1.51712
1.89742
1.44582
1.47557
1.86189
1.53408
1.76577
1.92384
1.91856
1.38472
1.54693
1.32764
1.35426
1.52439
1.58935
2.18477
1.73964
1.4387
2.04143
1.5127
1.5201
1.4007
1.68641
1.7861
2.45671
1.5495
1.54135
1.8753
1.76545
1.67638
1.63828
1.63289
1.55774
1.67675
1.49747
1.88578
1.66235
1.71502
1.6399
1.83075
1.72132
1.46965
1.54674
1.56388
2.04513
1.60465
1.46785
1.81713
2.13865
1.28784
1.48531
1.72888
1.33172
1.8858
2.00976
1.69705
1.61564
1.40919
1.5135
1.54029
1.3802
1.33289
1.59798
1.5164
1.58945
1.45569
1.47173
1.40307
1.3525
1.74184
2.24625
1.70083
1.63342
1.88254
1.46862
1.3489
1.52329
2.15433
1.50447
2.08475
1.46079
1.72284
1.74089
1.8385
1.364
2.03391
1.38263
1.42705
1.65225
1.45499
1.99273
1.77726
1.47976
1.56613
1.46188
1.4909
1.75327
1.40152
1.99878
1.9792
1.63061
1.64608
1.58289
1.58345
1.75944
1.79103
1.7568
1.54628
1.90927
1.64655
1.50244
1.9572
1.29606
1.33706
1.64103
1.7747
1.63619
1.96423
1.34413
1.41415
1.41155
1.56965
1.75116
1.59689
1.5464
1.3964
1.4739
1.42773
1.60827
1.25857
1.59687
1.44363
1.80241
1.54776
1.43531
1.35434
1.86586
1.42055
1.58091
1.63839
1.34768
1.42284
1.64985
1.74624
1.55298
1.64759
1.37159
2.13136
1.62724
1.63836
1.49244
1.92912
1.51626
1.87778
1.59265
1.57351
1.46223
1.64669
1.35934
1.4458
1.5044
1.53473
1.48942
1.40287
1.98022
1.33649
1.40458
1.9077
1.67078
1.37484
2.00577
1.68889
1.46103
1.40433
1.52194
1.61087
1.64851
1.23696
1.64273
1.24847
1.5258
1.64828
2.08832
1.42767
1.50948
1.83582
1.41023
1.84937
1.81166
1.58183
1.49441
1.63552
1.9218
1.32901
1.61063
1.50472
1.63913
1.62003
1.20338
1.55763
1.39585
1.36472
1.54757
1.6307
1.78562
2.02578
1.55671
1.35746
1.50824
1.46443
1.35728
1.64924
1.66657
1.82737
1.88305
1.54636
1.53399
1.64904
1.31188
1.47727
1.63203
1.99325
1.57238
1.47495
1.42815
1.42554
1.58275
1.33406
1.88883
1.37384
1.47816
1.59745
1.93024
1.64347
1.54067
1.53351
1.28546
1.5532
1.7482
1.5715
1.43814
1.63084
1.37711
1.36505
1.34939
1.3332
1.4907
1.60205
1.62059
1.74869
1.59188
1.40256
1.58776
1.37641
1.23934
1.34888
2.24407
1.47432
1.75895
1.48625
1.756
2.09077
1.41859
1.6194
2.07204
1.78292
1.61971
1.68378
1.48545
2.08911
1.35445
1.6887
1.66561
1.634
2.06304
1.70261
1.43482
1.42644
1.4751
1.39166
1.64677
1.39025
1.33041
1.51582
2.00369
1.27261
1.94516
2.15577
1.37489
1.50565
1.53103
1.62778
1.63743
1.79792
1.53851
1.39559
1.56308
1.95397
1.59261
1.71757
1.51475
3.43748
1.91781
1.4282
1.98014
1.84051
1.7822
1.47627
1.52125
1.96905
1.61865
1.31478
1.52425
1.6276
1.55147
1.58873
1.4739
1.46149
1.46341
1.66831
1.53878
1.5524
1.56632
1.7368
2.07525
1.67032
1.59756
1.95421
1.43692
1.67557
1.57942
1.84155
1.79956
1.55685
1.32507
1.73202
1.52297
1.79048
1.4054
1.67579
1.72316
1.46017
1.65679
1.51619
1.64896
1.81399
1.66987
1.41604
1.57303
1.54957
2.03349
1.53792
1.81838
1.47048
1.8365
1.63671
1.98727
1.56046
1.52414
1.43476
2.25962
1.74938
1.28543
1.47451
1.70031
1.96764
1.71179
1.34574
1.69446
1.55513
1.41242
2.02972
1.58619
2.24723
1.70019
1.24272
1.5746
2.03397
1.4305
1.68394
1.70546
1.44513
1.44318
1.58447
1.40122
1.60582
1.39975
1.6001
1.69852
1.53024
2.03533
1.66068
1.54174
1.5905
1.45772
1.75267
1.5995
1.6675
1.37302
1.43164
1.48467
1.62414
1.69852
1.71817
1.37696
1.5316
1.49097
1.30269
1.37063
1.69171
1.31484
1.4818
1.52455
1.49771
1.56233
1.52657
1.69812
1.74138
1.25636
1.28172
1.79109
1.93533
1.81952
2.11436
1.88521
1.6558
1.74386
1.3928
1.35939
1.87627
1.676
1.72193
1.45571
1.56565
1.63748
1.71981
1.85702
1.54192
2.17437
1.58756
1.79919
1.50381
1.43999
1.57657
1.68988
2.10421
1.59498
1.95573
1.75751
1.81138
2.00773
1.85171
1.62001
1.66446
1.57656
1.6556
1.5386
1.47548
1.4731
1.50341
1.68292
1.53253
1.46113
1.46438
1.65932
1.41017
1.66215
1.80626
1.52995
1.71803
1.67733
1.57486
1.6052
1.49866
1.24333
1.62248
1.78345
1.59956
1.79268
1.36922
1.5985
1.53029
1.83601
1.43716
1.90385
1.42033
1.49994
1.50624
1.43247
1.80689
1.72895
1.61709
1.81417
1.59629
1.47495
1.49586
1.46434
1.58411
1.63087
1.38592
1.8063
1.41404
2.05523
1.58184
1.58503
1.77669
1.60967
1.46124
1.4551
1.74077
1.86572
1.60515
1.51918
1.5698
1.65699
1.9598
2.13428
1.62666
1.43028
1.89933
1.65988
1.78573
1.72289
1.53383
1.41884
1.6003
1.67095
1.48314
1.18089
1.67891
1.53677
1.72442
1.62622
2.03085
1.64428
1.66408
1.74254
1.98862
1.44621
1.52589
1.54315
1.62895
1.45207
1.68856
1.47696
1.93206
1.91697
1.42385
1.65393
1.6236
2.03298
1.42141
1.6142
1.54828
2.16047
1.49635
2.03242
1.58344
1.68846
1.81084
1.73082
1.63094
1.56459
1.57658
1.51708
1.90568
1.75426
1.58677
1.68728
1.67195
1.5966
1.50399
1.87689
1.63936
1.63648
1.20148
1.42486
1.73718
2.60684
1.53475
1.46941
1.64498
1.57238
1.60765
1.55083
1.49292
2.02492
1.54955
1.29745
1.59354
1.77774
1.32423
1.54674
1.12517
1.43719
1.62965
1.5165
1.76607
1.82086
2.07786
1.52854
1.52016
1.46232
1.48165
1.78646
1.49719
1.76859
1.61035
1.73866
1.59582
1.74626
1.30171
2.11313
2.0705
1.41494
1.34201
1.80191
1.19909
1.86356
1.92501
1.17349
1.79266
1.42422
1.40774
1.33511
1.64971
1.51895
1.33332
1.65813
1.88524
1.71464
1.39047
1.5846
1.57725
1.54578
1.72665
1.60817
1.60572
1.87059
1.5703
1.63083
1.66697
1.24956
1.60138
1.46882
1.48256
1.92672
1.36568
1.47828
1.30227
1.82995
1.71706
1.64511
1.54106
1.40495
1.55674
1.69295
1.58147
1.73479
1.75022
1.64855
2.01222
1.88854
1.48234
1.60158
1.51813
1.45601
2.07684
1.5912
1.9454
1.40551
2.07522
1.40624
1.58746
1.48706
1.57736
1.49704
1.84295
1.56483
1.73518
2.11481
1.81975
1.43292
2.28695
1.33025
1.5352
1.392
1.47643
1.31681
1.44769
1.41673
1.43307
1.40111
1.67852
1.69882
1.38193
1.71596
1.89449
1.60391
1.54801
1.70944
1.48302
1.45183
1.78855
1.96152
1.2733
2.82877
1.81097
1.55711
1.61802
1.51211
1.63966
1.52894
1.33804
1.99076
1.48571
1.6498
1.58515
1.93094
1.67341
1.59955
1.51784
1.54518
1.6753
1.73023
1.66052
1.52543
2.33318
1.29903
1.33511
1.65621
1.57503
1.89568
1.62899
1.69368
1.60665
1.24094
1.46991
1.38318
1.53109
1.67217
1.69467
1.41017
1.44308
1.57813
1.42388
1.52115
1.4997
1.64104
1.56247
1.5539
1.58011
1.71341
1.52465
1.71058
1.55867
1.58054
1.68127
1.76896
1.49805
1.39577
1.8686
1.4285
1.99522
1.4804
1.67072
1.50775
1.4942
1.213
1.57175
1.61952
1.72929
1.55244
1.43539
1.35313
1.78655
1.80279
1.96132
1.63717
1.88407
1.80809
1.63109
1.55358
1.6661
1.61092
1.9991
1.56955
1.54951
1.50382
1.57849
2.17181
1.69645
1.76977
1.78366
1.3819
2.41427
2.0538
1.40983
1.55266
1.60886
1.885
1.78626
1.78857
1.67538
1.86277
1.57263
1.70587
1.81215
1.54689
1.42095
1.7771
1.57482
1.60313
1.8913
1.63532
1.82843
1.72826
1.84426
1.46821
1.59924
1.93927
1.49854
1.459
1.66328
1.42081
1.71202
1.77216
1.77963
1.62069
1.62567
1.44549
1.56828
1.2927
1.48056
1.41949
1.66056
1.85197
1.86093
1.8405
1.64345
1.65945
1.98145
1.99891
1.58411
1.38239
2.06286
1.54385
1.53369
1.6518
1.64812
1.89555
1.54554
1.47479
1.735
1.4154
1.29293
1.90651
1.73213
1.65722
2.19188
1.40226
1.47156
1.34282
1.49594
1.37781
1.49008
1.70452
1.44671
1.44123
1.6814
1.52494
1.68884
1.4204
1.34912
1.48603
1.92963
1.86747
1.65535
1.49243
1.68876
2.0382
1.56413
1.65054
1.96973
1.67165
1.42031
1.42486
1.58675
1.60692
1.60424
1.61618
1.48646
1.7365
1.91641
1.56613
1.73539
1.40919
1.49178
1.61277
1.51842
2.1091
1.58105
2.48107
1.72687
1.45194
1.62808
1.5205
1.5519
2.33573
1.43433
1.21009
1.76287
1.9088
1.56717
1.83104
1.51306
1.57745
1.51963
1.56405
1.51968
1.59009
1.74855
1.66809
1.54871
1.40062
1.74004
1.6768
1.5743
1.67577
1.53691
1.2839
1.48362
1.77512
1.44533
1.94667
2.17348
1.97956
1.54767
1.59572
1.35842
2.15511
1.51294
1.5013
1.44093
1.80798
1.50257
1.51901
1.42436
1.37853
1.76323
1.62576
1.47543
1.85158
1.62557
1.37591
1.58969
1.46528
1.6953
1.51816
1.64492
1.49286
1.34053
1.46395
1.66397
1.83829
1.45647
1.72942
1.59684
1.5424
1.36377
1.62702
1.34815
2.12798
1.83942
1.69894
1.67332
1.59178
1.72312
1.61518
1.56071
2.25325
1.58254
1.62444
1.64834
1.59842
1.76955
1.62096
1.32235
2.45155
1.83391
1.33308
1.44699
1.47805
1.61017
2.42342
1.4647
1.40803
1.93826
1.52384
1.46392
1.51712
1.89742
1.44582
1.47557
1.86189
1.53408
1.76577
1.92384
1.91856
1.38472
1.54693
1.32764
1.35426
1.52439
1.58935
2.18477
1.73964
1.4387
2.04143
1.5127
1.5201
1.4007
1.68641
1.7861
2.45671
1.5495
1.54135
1.8753
1.76545
1.67638
1.63828
1.63289
1.55774
1.67675
1.49747
1.88578
1.66235
1.71502
1.6399
1.83075
1.72132
1.46965
1.54674
1.56388
2.04513
1.60465
1.46785
1.81713
2.13865
1.28784
1.48531
1.72888
1.33172
1.8858
2.00976
1.69705
1.61564
1.40919
1.5135
1.54029
1.3802
1.33289
1.59798
1.5164
1.58945
1.45569
1.47173
1.40307
1.3525
1.74184
2.24625
1.70083
1.63342
1.88254
1.46862
1.3489
1.52329
2.15433
1.50447
2.08475
1.46079
1.72284
1.74089
1.8385
1.364
2.03391
1.38263
1.42705
1.65225
1.45499
1.99273
1.77726
1.47976
1.56613
1.46188
1.4909
1.75327
1.40152
1.99878
1.9792
1.63061
1.64608
1.58289
1.58345
1.75944
1.79103
1.7568
1.54628
1.90927
1.64655
1.50244
1.9572
1.29606
1.33706
1.64103
1.7747
1.63619
1.96423
1.34413
1.41415
1.41155
1.56965
1.75116
1.59689
1.5464
1.3964
1.4739
1.42773
1.60827
1.25857
1.59687
1.44363
1.80241
1.54776
1.43531
1.35434
1.86586
1.42055
1.58091
1.63839
1.34768
1.42284
1.64985
1.74624
1.55298
1.64759
1.37159
2.13136
1.62724
1.63836
1.49244
1.92912
1.51626
1.87778
1.59265
1.57351
1.46223
1.64669
1.35934
1.4458
1.5044
1.53473
1.48942
1.40287
1.98022
1.33649
1.40458
1.9077
1.67078
1.37484
2.00577
1.68889
1.46103
1.40433
1.52194
1.61087
1.64851
1.23696
1.64273
1.24847
1.5258
1.64828
2.08832
1.42767
1.50948
1.83582
1.41023
1.84937
1.81166
1.58183
1.49441
1.63552
1.9218
1.32901
1.61063
1.50472
1.63913
1.62003
1.20338
1.55763
1.39585
1.36472
1.54757
1.6307
1.78562
2.02578
1.55671
1.35746
1.50824
1.46443
1.35728
1.64924
1.66657
1.82737
1.88305
1.54636
1.53399
1.64904
1.31188
1.47727
1.63203
1.99325
1.57238
1.47495
1.42815
1.42554
1.58275
1.33406
1.88883
1.37384
1.47816
1.59745
1.93024
1.64347
1.54067
1.53351
1.28546
1.5532
1.7482
1.5715
1.43814
1.63084
1.37711
1.36505
1.34939
1.3332
1.4907
1.60205
1.62059
1.74869
1.59188
1.40256
1.58776
1.37641
1.23934
1.34888
2.24407
1.47432
1.75895
1.48625
1.756
2.09077
1.41859
1.6194
2.07204
1.78292
1.61971
1.68378
1.48545
2.08911
1.35445
1.6887
1.66561
1.634
2.06304
1.70261
1.43482
1.42644
1.4751
1.39166
1.64677
1.39025
1.33041
1.51582
2.00369
1.27261
1.94516
2.15577
1.37489
1.50565
1.53103
1.62778
1.63743
1.79792
1.53851
1.39559
1.56308
1.95397
1.59261
1.71757
1.51475
3.43748
1.91781
1.4282
1.98014
1.84051
1.7822
1.47627
1.52125
1.96905
1.61865
1.31478
1.52425
1.6276
1.55147
1.58873
1.4739
1.46149
1.46341
1.66831
1.53878
1.5524
1.56632
1.7368
2.07525
1.67032
1.59756
1.95421
1.43692
1.67557
1.57942
1.84155
1.79956
1.55685
1.32507
1.73202
1.52297
1.79048
1.4054
1.67579
1.72316
1.46017
1.65679
1.51619
1.64896
1.81399
1.66987
1.41604
1.57303
1.54957
2.03349
1.53792
1.81838
1.47048
1.8365
1.63671
1.98727
1.56046
1.52414
1.43476
2.25962
1.74938
1.28543
1.47451
1.70031
1.96764
1.71179
1.34574
1.69446
1.55513
1.41242
2.02972
1.58619
2.24723
1.70019
1.24272
1.5746
2.03397
1.4305
1.68394
1.70546
1.44513
1.44318
1.58447
1.40122
1.60582
1.39975
1.6001
1.69852
1.53024
2.03533
1.66068
1.54174
1.5905
1.45772
1.75267
1.5995
1.6675
1.37302
1.43164
1.48467
1.62414
1.69852
1.71817
1.37696
1.5316
1.49097
1.30269
1.37063
1.69171
1.31484
1.4818
1.52455
1.49771
1.56233
1.52657
1.69812
1.74138
1.25636
1.28172
1.79109
1.93533
1.81952
2.11436
1.88521
1.6558
1.74386
1.3928
1.35939
1.87627
1.676
1.72193
1.45571
1.56565
1.63748
1.71981
1.85702
1.54192
2.17437
1.58756
1.79919
1.50381
1.43999
1.57657
1.68988
2.10421
1.59498
1.95573
1.75751
1.81138
2.00773
1.85171
1.62001
1.66446
1.57656
1.6556
1.5386
1.47548
1.4731
1.50341
1.68292
1.53253
1.46113
1.46438
1.65932
1.41017
1.66215
1.80626
1.52995
1.71803
1.67733
1.57486
1.6052
1.49866
1.24333
1.62248
1.78345
1.59956
1.79268
1.36922
1.5985
1.53029
1.83601
1.43716
1.90385
1.42033
1.49994
1.50624
1.43247
1.80689
1.72895
1.61709
1.81417
1.59629
1.47495
1.49586
1.46434
1.58411
1.63087
1.38592
1.8063
1.41404
2.05523
1.58184
1.58503
1.77669
1.60967
1.46124
1.4551
1.74077
1.86572
1.60515
1.51918
1.5698
1.65699
1.9598
2.13428
1.62666
1.43028
1.89933
1.65988
1.78573
1.72289
1.53383
1.41884
1.6003
1.67095
1.48314
1.18089
1.67891
1.53677
1.72442
1.62622
2.03085
1.64428
1.66408
1.74254
1.98862
1.44621
1.52589
1.54315
1.62895
1.45207
1.68856
1.47696
1.93206
1.91697
1.42385
1.65393
1.6236
2.03298
1.42141
1.6142
1.54828
2.16047
1.49635
2.03242
1.58344
1.68846
1.81084
1.73082
1.63094
1.56459
1.57658
1.51708
1.90568
1.75426
1.58677
1.68728
1.67195
1.5966
1.50399
1.87689
1.63936
1.63648
1.20148
1.42486
1.73718
2.60684
1.53475
1.46941
1.64498
1.57238
1.60765
1.55083
1.49292
2.02492
1.54955
1.29745
1.59354
1.77774
1.32423
1.54674
1.12517
1.43719
1.62965
1.5165
1.76607
1.82086
2.07786
1.52854
1.52016
1.46232
1.48165
1.78646
1.49719
1.76859
1.61035
1.73866
1.59582
1.74626
1.30171
2.11313
2.0705
1.41494
1.34201
1.80191
1.19909
1.86356
1.92501
1.17349
1.79266
1.42422
1.40774
1.33511
1.64971
1.51895
1.33332
1.65813
1.88524
1.71464
1.39047
1.5846
1.57725
1.54578
1.72665
1.60817
1.60572
1.87059
1.5703
1.63083
1.66697
1.24956
1.60138
1.46882
1.48256
1.92672
1.36568
1.47828
1.30227
1.82995
1.71706
1.64511
1.54106
1.40495
1.55674
1.69295
1.58147
1.73479
1.75022
1.64855
2.01222
1.88854
1.48234
1.60158
1.51813
1.45601
2.07684
1.5912
1.9454
1.40551
2.07522
1.40624
1.58746
1.48706
1.57736
1.49704
1.84295
1.56483
1.73518
2.11481
1.81975
1.43292
2.28695
1.33025
1.5352
1.392
1.47643
1.31681
1.44769
1.41673
1.43307
1.40111
1.67852
1.69882
1.38193
1.71596
1.89449
1.60391
1.54801
1.70944
1.48302
1.45183
1.78855
1.96152
1.2733
2.82877
1.81097
1.55711
1.61802
1.51211
1.63966
1.52894
1.33804
1.99076
1.48571
1.6498
1.58515
1.93094
1.67341
1.59955
1.51784
1.54518
1.6753
1.73023
1.66052
1.52543
2.33318
1.29903
1.33511
1.65621
1.57503
1.89568
1.62899
1.69368
1.60665
1.24094
1.46991
1.38318
1.53109
1.67217
1.69467
1.41017
1.44308
1.57813
1.42388
1.52115
1.4997
1.64104
1.56247
1.5539
1.58011
1.71341
1.52465
1.71058
1.55867
1.58054
1.68127
1.76896
1.49805
1.39577
1.8686
1.4285
1.99522
1.4804
1.67072
1.50775
1.4942
1.213
1.57175
1.61952
1.72929
1.55244
1.43539
1.35313
1.78655
1.80279
1.96132
1.63717
1.88407
1.80809
1.63109
1.55358
1.6661
1.61092
1.9991
1.56955
1.54951
1.50382
1.57849
2.17181
1.69645
1.76977
1.78366
1.3819
2.41427
2.0538
1.40983
1.55266
1.60886
1.885
1.78626
1.78857
1.67538
1.86277
1.57263
1.70587
1.81215
1.54689
1.42095
1.7771
1.57482
1.60313
1.8913
1.63532
1.82843
1.72826
1.84426
1.46821
1.59924
1.93927
1.49854
1.459
1.66328
1.42081
1.71202
1.77216
1.77963
1.62069
1.62567
1.44549
1.56828
1.2927
1.48056
1.41949
1.66056
1.85197
1.86093
1.8405
1.64345
1.65945
1.98145
1.99891
1.58411
1.38239
2.06286
1.54385
1.53369
1.6518
1.64812
1.89555
1.54554
1.47479
1.735
1.4154
1.29293
1.90651
1.73213
1.65722
2.19188
1.40226
1.47156
1.34282
1.49594
1.37781
1.49008
1.70452
1.44671
1.44123
1.6814
1.52494
1.68884
1.4204
1.34912
1.48603
1.92963
1.86747
1.65535
1.49243
1.68876
2.0382
1.56413
1.65054
1.96973
1.67165
1.42031
1.42486
1.58675
1.60692
1.60424
1.61618
1.48646
1.7365
1.91641
1.56613
1.73539
1.40919
1.49178
1.61277
1.51842
2.1091
1.58105
2.48107
1.72687
1.45194
1.62808
1.5205
1.5519
2.33573
1.43433
1.21009
1.76287
1.9088
1.56717
1.83104
1.51306
1.57745
1.51963
1.56405
1.51968
1.59009
1.74855
1.66809
1.54871
1.40062
1.74004
1.6768
1.5743
1.67577
1.53691
1.2839
1.48362
1.77512
1.44533
1.94667
2.17348
1.97956
1.54767
1.59572
1.35842
2.15511
1.51294
1.5013
1.44093
1.80798
1.50257
1.51901
1.42436
1.37853
1.76323
1.62576
1.47543
1.85158
1.62557
1.37591
1.58969
1.46528
1.6953
1.51816
1.64492
1.49286
1.34053
1.46395
1.66397
1.83829
1.45647
1.72942
1.59684
1.5424
1.36377
1.62702
1.34815
2.12798
1.83942
1.69894
1.67332
1.59178
1.72312
1.61518
1.56071
2.25325
1.58254
1.62444
1.64834
1.59842
1.76955
1.62096
1.32235
2.45155
1.83391
1.33308
1.44699
1.47805
1.61017
2.42342
1.4647
1.40803
1.93826
1.52384
1.46392
1.51712
1.89742
1.44582
1.47557
1.86189
1.53408
1.76577
1.92384
1.91856
1.38472
1.54693
1.32764
1.35426
1.52439
1.58935
2.18477
1.73964
1.4387
2.04143
1.5127
1.5201
1.4007
1.68641
1.7861
2.45671
1.5495
1.54135
1.8753
1.76545
1.67638
1.63828
1.63289
1.55774
1.67675
1.49747
1.88578
1.66235
1.71502
1.6399
1.83075
1.72132
1.46965
1.54674
1.56388
2.04513
1.60465
1.46785
1.81713
2.13865
1.28784
1.48531
1.72888
1.33172
1.8858
2.00976
1.69705
1.61564
1.40919
1.5135
1.54029
1.3802
1.33289
1.59798
1.5164
1.58945
1.45569
1.47173
1.40307
1.3525
1.74184
2.24625
1.70083
1.63342
1.88254
1.46862
1.3489
1.52329
2.15433
1.50447
2.08475
1.46079
1.72284
1.74089
1.8385
1.364
2.03391
1.38263
1.42705
1.65225
1.45499
1.99273
1.77726
1.47976
1.56613
1.46188
1.4909
1.75327
1.40152
1.99878
1.9792
1.63061
1.64608
1.58289
1.58345
1.75944
1.79103
1.7568
1.54628
1.90927
1.64655
1.50244
1.9572
1.29606
1.33706
1.64103
1.7747
1.63619
1.96423
1.34413
1.41415
1.41155
1.56965
1.75116
1.59689
1.5464
1.3964
1.4739
1.42773
1.60827
1.25857
1.59687
1.44363
1.80241
1.54776
1.43531
1.35434
1.86586
1.42055
1.58091
1.63839
1.34768
1.42284
1.64985
1.74624
1.55298
1.64759
1.37159
2.13136
1.62724
1.63836
1.49244
1.92912
1.51626
1.87778
1.59265
1.57351
1.46223
1.64669
1.35934
1.4458
1.5044
1.53473
1.48942
1.40287
1.98022
1.33649
1.40458
1.9077
1.67078
1.37484
2.00577
1.68889
1.46103
1.40433
1.52194
1.61087
1.64851
1.23696
1.64273
1.24847
1.5258
1.64828
2.08832
1.42767
1.50948
1.83582
1.41023
1.84937
1.81166
1.58183
1.49441
1.63552
1.9218
1.32901
1.61063
1.50472
1.63913
1.62003
1.20338
1.55763
1.39585
1.36472
1.54757
1.6307
1.78562
2.02578
1.55671
1.35746
1.50824
1.46443
1.35728
1.64924
1.66657
1.82737
1.88305
1.54636
1.53399
1.64904
1.31188
1.47727
1.63203
1.99325
1.57238
1.47495
1.42815
1.42554
1.58275
1.33406
1.88883
1.37384
1.47816
1.59745
1.93024
1.64347
1.54067
1.53351
1.28546
1.5532
1.7482
1.5715
1.43814
1.63084
1.37711
1.36505
1.34939
1.3332
1.4907
1.60205
1.62059
1.74869
1.59188
1.40256
1.58776
1.37641
1.23934
1.34888
2.24407
1.47432
1.75895
1.48625
1.756
2.09077
1.41859
1.6194
2.07204
1.78292
1.61971
1.68378
1.48545
2.08911
1.35445
1.6887
1.66561
1.634
2.06304
1.70261
1.43482
1.42644
1.4751
1.39166
1.64677
1.39025
1.33041
1.51582
2.00369
1.27261
1.94516
2.15577
1.37489
1.50565
1.53103
1.62778
1.63743
1.79792
1.53851
1.39559
1.56308
1.95397
1.59261
1.71757
1.51475
3.43748
1.91781
1.4282
1.98014
1.84051
1.7822
1.47627
1.52125
1.96905
1.61865
1.31478
1.52425
1.6276
1.55147
1.58873
1.4739
1.46149
1.46341
1.66831
1.53878
1.5524
1.56632
1.7368
2.07525
1.67032
1.59756
1.95421
1.43692
1.67557
1.57942
1.84155
1.79956
1.55685
1.32507
1.73202
1.52297
1.79048
1.4054
1.67579
1.72316
1.46017
1.65679
1.51619
1.64896
1.81399
1.66987
1.41604
1.57303
1.54957
2.03349
1.53792
1.81838
1.47048
1.8365
1.63671
1.98727
1.56046
1.52414
1.43476
2.25962
1.74938
1.28543
1.47451
1.70031
1.96764
1.71179
1.34574
1.69446
1.55513
1.41242
2.02972
1.58619
2.24723
1.70019
1.24272
1.5746
2.03397
1.4305
1.68394
1.70546
1.44513
1.44318
1.58447
1.40122
1.60582
1.39975
1.6001
1.69852
1.53024
2.03533
1.66068
1.54174
1.5905
1.45772
1.75267
1.5995
1.6675
1.37302
1.43164
1.48467
1.62414
1.69852
1.71817
1.37696
1.5316
1.49097
1.30269
1.37063
1.69171
1.31484
1.4818
1.52455
1.49771
1.56233
1.52657
1.69812
1.74138
1.25636
1.28172
1.79109
1.93533
1.81952
2.11436
1.88521
1.6558
1.74386
1.3928
1.35939
1.87627
1.676
1.72193
1.45571
1.56565
1.63748
1.71981
1.85702
1.54192
2.17437
1.58756
1.79919
1.50381
1.43999
1.57657
1.68988
2.10421
1.59498
1.95573
1.75751
1.81138
2.00773
1.85171
1.62001
1.66446
1.57656
1.6556
1.5386
1.47548
1.4731
1.50341
1.68292
1.53253
1.46113
1.46438
1.65932
1.41017
1.66215
1.80626
1.52995
1.71803
1.67733
1.57486
1.6052
1.49866
1.24333
1.62248
1.78345
1.59956
1.79268
1.36922
1.5985
1.53029
1.83601
1.43716
1.90385
1.42033
1.49994
1.50624
1.43247
1.80689
1.72895
1.61709
1.81417
1.59629
1.47495
1.49586
1.46434
1.58411
1.63087
1.38592
1.8063
1.41404
2.05523
1.58184
1.58503
1.77669
1.60967
1.46124
1.4551
1.74077
1.86572
1.60515
1.51918
1.5698
1.65699
1.9598
2.13428
1.62666
1.43028
1.89933
1.65988
1.78573
1.72289
1.53383
1.41884
1.6003
1.67095
1.48314
1.18089
1.67891
1.53677
1.72442
1.62622
2.03085
1.64428
1.66408
1.74254
1.98862
1.44621
1.52589
1.54315
1.62895
1.45207
1.68856
1.47696
1.93206
1.91697
1.42385
1.65393
1.6236
2.03298
1.42141
1.6142
1.54828
2.16047
1.49635
2.03242
1.58344
1.68846
1.81084
1.73082
1.63094
1.56459
1.57658
1.51708
1.90568
1.75426
1.58677
1.68728
1.67195
1.5966
1.50399
1.87689
1.63936
1.63648
1.20148
1.42486
1.73718
2.60684
1.53475
1.46941
1.64498
1.57238
1.60765
1.55083
1.49292
2.02492
1.54955
1.29745
1.59354
1.77774
1.32423
1.54674
1.12517
1.43719
1.62965
1.5165
1.76607
1.82086
2.07786
1.52854
1.52016
1.46232
1.48165
1.78646
1.49719
1.76859
1.61035
1.73866
1.59582
1.74626
1.30171
2.11313
2.0705
1.41494
1.34201
1.80191
1.19909
1.86356
1.92501
1.17349
1.79266
1.42422
1.40774
1.33511
1.64971
1.51895
1.33332
1.65813
1.88524
1.71464
1.39047
1.5846
1.57725
1.54578
1.72665
1.60817
1.60572
1.87059
1.5703
1.63083
1.66697
1.24956
1.60138
1.46882
1.48256
1.92672
1.36568
1.47828
1.30227
1.82995
1.71706
1.64511
1.54106
1.40495
1.55674
1.69295
1.58147
1.73479
1.75022
1.64855
2.01222
1.88854
1.48234
1.60158
1.51813
1.45601
2.07684
1.5912
1.9454
1.40551
2.07522
1.40624
1.58746
1.48706
1.57736
1.49704
1.84295
1.56483
1.73518
2.11481
1.81975
1.43292
2.28695
1.33025
1.5352
1.392
1.47643
1.31681
1.44769
1.41673
1.43307
1.40111
1.67852
1.69882
1.38193
1.71596
1.89449
1.60391
1.54801
1.70944
1.48302
1.45183
1.78855
1.96152
1.2733
2.82877
1.81097
1.55711
1.61802
1.51211
1.63966
1.52894
1.33804
1.99076
1.48571
1.6498
1.58515
1.93094
1.67341
1.59955
1.51784
1.54518
1.6753
1.73023
1.66052
1.52543
2.33318
1.29903
1.33511
1.65621
1.57503
1.89568
1.62899
1.69368
1.60665
1.24094
1.46991
1.38318
1.53109
1.67217
1.69467
1.41017
1.44308
1.57813
1.42388
1.52115
1.4997
1.64104
1.56247
1.5539
1.58011
1.71341
1.52465
1.71058
1.55867
1.58054
1.68127
1.76896
1.49805
1.39577
1.8686
1.4285
1.99522
1.4804
1.67072
1.50775
1.4942
1.213
1.57175
1.61952
1.72929
1.55244
1.43539
1.35313
1.78655
1.80279
1.96132
1.63717
1.88407
1.80809
1.63109
1.55358
1.6661
1.61092
1.9991
1.56955
1.54951
1.50382
1.57849
2.17181
1.69645
1.76977
1.78366
1.3819
2.41427
2.0538
1.40983
1.55266
1.60886
1.885
1.78626
1.78857
1.67538
1.86277
1.57263
1.70587
1.81215
1.54689
1.42095
1.7771
1.57482
1.60313
1.8913
1.63532
1.82843
1.72826
1.84426
1.46821
1.59924
1.93927
1.49854
1.459
1.66328
1.42081
1.71202
1.77216
1.77963
1.62069
1.62567
1.44549
1.56828
1.2927
1.48056
1.41949
1.66056
1.85197
1.86093
1.8405
1.64345
1.65945
1.98145
1.99891
1.58411
1.38239
2.06286
1.54385
1.53369
1.6518
1.64812
1.89555
1.54554
1.47479
1.735
1.4154
1.29293
1.90651
1.73213
1.65722
2.19188
1.40226
1.47156
1.34282
1.49594
1.37781
1.49008
1.70452
1.44671
1.44123
1.6814
1.52494
1.68884
1.4204
1.34912
1.48603
1.92963
1.86747
1.65535
1.49243
1.68876
2.0382
1.56413
1.65054
1.96973
1.67165
1.42031
1.42486
1.58675
1.60692
1.60424
1.61618
1.48646
1.7365
1.91641
1.56613
1.73539
1.40919
1.49178
1.61277
1.51842
2.1091
1.58105
2.48107
1.72687
1.45194
1.62808
1.5205
1.5519
2.33573
1.43433
1.21009
1.76287
1.9088
1.56717
1.83104
1.51306
1.57745
1.51963
1.56405
1.51968
1.59009
1.74855
1.66809
1.54871
1.40062
1.74004
1.6768
1.5743
1.67577
1.53691
1.2839
1.48362
1.77512
1.44533
1.94667
2.17348
1.97956
1.54767
1.59572
1.35842
2.15511
1.51294
1.5013
1.44093
1.80798
1.50257
1.51901
1.42436
1.37853
1.76323
1.62576
1.47543
1.85158
1.62557
1.37591
1.58969
1.46528
1.6953
1.51816
1.64492
1.49286
1.34053
1.46395
1.66397
1.83829
1.45647
1.72942
1.59684
1.5424
1.36377
1.62702
1.34815
2.12798
1.83942
1.69894
1.67332
1.59178
1.72312
1.61518
1.56071
2.25325
1.58254
1.62444
1.64834
1.59842
1.76955
1.62096
1.32235
2.45155
1.83391
1.33308
1.44699
1.47805
1.61017
2.42342
1.4647
1.40803
1.93826
1.52384
1.46392
1.51712
1.89742
1.44582
1.47557
1.86189
1.53408
1.76577
1.92384
1.91856
1.38472
1.54693
1.32764
1.35426
1.52439
1.58935
2.18477
1.73964
1.4387
2.04143
1.5127
1.5201
1.4007
1.68641
1.7861
2.45671
1.5495
1.54135
1.8753
1.76545
1.67638
1.63828
1.63289
1.55774
1.67675
1.49747
1.88578
1.66235
1.71502
1.6399
1.83075
1.72132
1.46965
1.54674
1.56388
2.04513
1.60465
1.46785
1.81713
2.13865
1.28784
1.48531
1.72888
1.33172
1.8858
2.00976
1.69705
1.61564
1.40919
1.5135
1.54029
1.3802
1.33289
1.59798
1.5164
1.58945
1.45569
1.47173
1.40307
1.3525
1.74184
2.24625
1.70083
1.63342
1.88254
1.46862
1.3489
1.52329
2.15433
1.50447
2.08475
1.46079
1.72284
1.74089
1.8385
1.364
2.03391
1.38263
1.42705
1.65225
1.45499
1.99273
1.77726
1.47976
1.56613
1.46188
1.4909
1.75327
1.40152
1.99878
1.9792
1.63061
1.64608
1.58289
1.58345
1.75944
1.79103
1.7568
1.54628
1.90927
1.64655
1.50244
1.9572
1.29606
1.33706
1.64103
1.7747
1.63619
1.96423
1.34413
1.41415
1.41155
1.56965
1.75116
1.59689
1.5464
1.3964
1.4739
1.42773
1.60827
1.25857
1.59687
1.44363
1.80241
1.54776
1.43531
1.35434
1.86586
1.42055
1.58091
1.63839
1.34768
1.42284
1.64985
1.74624
1.55298
1.64759
1.37159
2.13136
1.62724
1.63836
1.49244
1.92912
1.51626
1.87778
1.59265
1.57351
1.46223
1.64669
1.35934
1.4458
1.5044
1.53473
1.48942
1.40287
1.98022
1.33649
1.40458
1.9077
1.67078
1.37484
2.00577
1.68889
1.46103
1.40433
1.52194
1.61087
1.64851
1.23696
1.64273
1.24847
1.5258
1.64828
2.08832
1.42767
1.50948
1.83582
1.41023
1.84937
1.81166
1.58183
1.49441
1.63552
1.9218
1.32901
1.61063
1.50472
1.63913
1.62003
1.20338
1.55763
1.39585
1.36472
1.54757
1.6307
1.78562
2.02578
1.55671
1.35746
1.50824
1.46443
1.35728
1.64924
1.66657
1.82737
1.88305
1.54636
1.53399
1.64904
1.31188
1.47727
1.63203
1.99325
1.57238
1.47495
1.42815
1.42554
1.58275
1.33406
1.88883
1.37384
1.47816
1.59745
1.93024
1.64347
1.54067
1.53351
1.28546
1.5532
1.7482
1.5715
1.43814
1.63084
1.37711
1.36505
1.34939
1.3332
1.4907
1.60205
1.62059
1.74869
1.59188
1.40256
1.58776
1.37641
1.23934
1.34888
2.24407
1.47432
1.75895
1.48625
1.756
2.09077
1.41859
1.6194
2.07204
1.78292
1.61971
1.68378
1.48545
2.08911
1.35445
1.6887
1.66561
1.634
2.06304
1.70261
1.43482
1.42644
1.4751
1.39166
1.64677
1.39025
1.33041
1.51582
2.00369
1.27261
1.94516
2.15577
1.37489
1.50565
1.53103
1.62778
1.63743
1.79792
1.53851
1.39559
1.56308
1.95397
1.59261
1.71757
1.51475
3.43748
1.91781
1.4282
1.98014
1.84051
1.7822
1.47627
1.52125
1.96905
1.61865
1.31478
1.52425
1.6276
1.55147
1.58873
1.4739
1.46149
1.46341
1.66831
1.53878
1.5524
1.56632
1.7368
2.07525
1.67032
1.59756
1.95421
1.43692
1.67557
1.57942
1.84155
1.79956
1.55685
1.32507
1.73202
1.52297
1.79048
1.4054
1.67579
1.72316
1.46017
1.65679
1.51619
1.64896
1.81399
1.66987
1.41604
1.57303
1.54957
2.03349
1.53792
1.81838
1.47048
1.8365
1.63671
1.98727
1.56046
1.52414
1.43476
2.25962
1.74938
1.28543
1.47451
1.70031
1.96764
1.71179
1.34574
1.69446
1.55513
1.41242
2.02972
1.58619
2.24723
1.70019
1.24272
1.5746
2.03397
1.4305
1.68394
1.70546
1.44513
1.44318
1.58447
1.40122
1.60582
1.39975
1.6001
1.69852
1.53024
2.03533
1.66068
1.54174
1.5905
1.45772
1.75267
1.5995
1.6675
1.37302
1.43164
1.48467
1.62414
1.69852
1.71817
1.37696
1.5316
1.49097
1.30269
1.37063
1.69171
1.31484
1.4818
1.52455
1.49771
1.56233
1.52657
1.23515
1.74138
1.25636
1.28172
1.79109
1.93533
1.81952
2.11436
1.88521
1.6558
1.74386
1.3928
1.35939
1.87627
1.676
1.72193
1.45571
1.56565
1.63748
1.71981
1.85702
1.54192
2.17437
1.58756
1.79919
1.50381
1.43999
1.57657
1.16448
2.10421
1.59498
1.95573
1.75751
1.81138
2.00773
1.85171
1.62001
1.66446
1.57656
1.6556
1.5386
1.47548
1.4731
1.50341
1.68292
1.53253
1.46113
1.46438
1.65932
1.41017
1.66215
1.80626
1.52995
1.71803
1.67733
1.57486
1.6052
1.49866
1.24333
1.62248
1.78345
1.59956
1.79268
1.36922
1.5985
1.53029
1.83601
1.43716
1.90385
1.42033
1.49994
1.50624
1.43247
1.80689
1.72895
1.61709
1.81417
1.59629
1.47495
1.49586
1.46434
1.58411
1.63087
1.38592
1.8063
1.41404
2.05523
1.58184
1.58503
1.77669
1.60967
1.46124
1.4551
1.74077
1.86572
1.60515
1.51918
1.5698
1.65699
1.9598
2.13428
1.62666
1.43028
1.89933
1.65988
1.78573
1.72289
1.53383
1.41884
1.6003
1.67095
1.48314
1.18089
1.67891
1.53677
1.72442
1.62622
2.03085
1.64428
1.66408
1.74254
1.98862
1.44621
1.52589
1.54315
1.62895
1.45207
1.68856
1.47696
1.93206
1.91697
1.42385
1.65393
1.6236
2.03298
1.42141
1.6142
1.54828
2.16047
1.49635
2.03242
1.58344
1.68846
1.81084
1.73082
1.63094
1.56459
1.57658
1.51708
1.90568
1.75426
1.58677
1.68728
1.67195
1.5966
1.50399
1.87689
1.63936
1.63648
1.20148
1.42486
1.73718
2.60684
1.53475
1.46941
1.64498
1.57238
1.60765
1.55083
1.49292
2.02492
1.54955
1.11152
1.59354
1.77774
1.32423
1.54674
1.12517
1.43719
1.62965
1.5165
1.76607
1.82086
2.07786
1.52854
1.52016
1.46232
1.48165
1.78646
1.49719
1.76859
1.61035
1.73866
1.59582
1.74626
1.30171
2.11313
2.0705
1.41494
1.34201
1.80191
1.19909
1.86356
1.92501
1.17349
1.79266
1.42422
1.40774
1.33511
1.64971
1.51895
1.33332
1.65813
1.88524
1.71464
1.39047
1.5846
1.57725
1.54578
1.72665
1.60817
1.60572
1.87059
1.5703
1.63083
1.66697
1.24956
1.60138
1.46882
1.48256
1.92672
1.36568
1.47828
1.30227
1.82995
1.71706
1.64511
1.54106
1.40495
1.55674
1.69295
1.58147
1.73479
1.75022
1.64855
2.01222
1.88854
1.48234
1.60158
1.51813
1.45601
2.07684
1.5912
1.9454
1.40551
2.07522
1.40624
1.58746
1.48706
1.57736
1.49704
1.84295
1.56483
1.73518
2.11481
1.81975
1.43292
2.28695
1.33025
1.5352
1.392
1.47643
1.31681
1.44769
1.41673
1.43307
1.40111
1.67852
1.69882
1.38193
1.71596
1.89449
1.60391
1.54801
1.70944
1.48302
1.45183
1.78855
1.96152
1.2733
2.82877
1.81097
1.55711
1.61802
1.51211
1.63966
1.52894
1.33804
1.99076
1.48571
1.6498
1.58515
1.93094
1.67341
1.59955
1.51784
1.54518
1.6753
1.73023
1.66052
1.52543
2.33318
1.29903
1.33511
1.65621
1.57503
1.89568
1.62899
1.69368
1.60665
1.24094
1.46991
1.38318
1.53109
1.67217
1.69467
1.41017
1.44308
1.57813
1.42388
1.52115
1.4997
1.64104
1.56247
1.5539
1.58011
1.71341
1.52465
1.22873
1.55867
1.58054
1.68127
1.76896
1.49805
1.39577
1.8686
1.4285
1.99522
1.4804
1.67072
1.50775
1.4942
1.213
1.57175
1.61952
1.72929
1.55244
1.43539
1.35313
1.78655
1.80279
1.96132
1.63717
1.88407
1.80809
1.63109
1.55358
1.6661
1.61092
1.9991
1.56955
1.54951
1.50382
1.57849
2.17181
1.69645
1.76977
1.78366
1.3819
2.41427
2.0538
1.40983
1.55266
1.60886
1.885
1.78626
1.78857
1.67538
1.86277
1.57263
1.70587
1.81215
1.54689
1.42095
1.7771
1.57482
1.60313
1.8913
1.63532
1.82843
1.72826
1.84426
1.46821
1.59924
1.93927
1.49854
1.459
1.66328
1.42081
1.71202
1.77216
1.77963
1.62069
1.62567
1.44549
1.56828
1.2927
1.48056
1.41949
1.66056
1.85197
1.86093
1.8405
1.64345
1.65945
1.98145
1.99891
1.58411
1.38239
2.06286
1.54385
1.53369
1.6518
1.64812
1.89555
1.54554
1.47479
1.735
1.4154
1.29293
1.90651
1.73213
1.65722
2.19188
1.40226
1.47156
1.34282
1.49594
1.37781
1.49008
1.70452
1.44671
1.44123
1.6814
1.52494
1.68884
1.4204
1.34912
1.48603
1.92963
1.86747
1.65535
1.49243
1.68876
2.0382
1.56413
1.65054
1.96973
1.67165
1.42031
1.42486
1.58675
1.60692
1.60424
1.61618
1.48646
1.7365
1.91641
1.56613
1.73539
1.40919
1.49178
1.61277
1.51842
2.1091
1.58105
2.48107
1.72687
1.45194
1.62808
1.5205
1.5519
2.33573
1.43433
1.21009
1.46757
1.9088
1.56717
1.83104
1.51306
1.57745
1.51963
1.56405
1.51968
1.59009
1.74855
1.66809
1.54871
1.40062
1.74004
1.6768
1.5743
1.67577
1.53691
1.2839
1.48362
1.77512
1.44533
1.94667
2.17348
1.97956
1.54767
1.59572
1.35842
2.15511
1.51294
1.5013
1.44093
1.80798
1.50257
1.51901
1.42436
1.37853
1.76323
1.62576
1.47543
1.85158
1.62557
1.37591
1.58969
1.46528
1.6953
1.51816
1.64492
1.49286
1.34053
1.46395
1.66397
1.83829
1.45647
1.72942
1.59684
1.5424
1.36377
1.62702
1.34815
2.12798
1.83942
1.69894
1.67332
1.59178
1.72312
1.61518
1.56071
2.25325
1.58254
1.62444
1.64834
1.59842
1.76955
1.62096
1.32235
2.45155
1.83391
1.33308
1.44699
1.47805
1.61017
2.42342
1.4647
1.40803
1.93826
1.52384
1.46392
1.51712
1.89742
1.44582
1.47557
1.86189
1.53408
1.76577
1.92384
1.91856
1.38472
1.54693
1.32764
1.35426
1.52439
1.58935
2.18477
1.73964
1.4387
2.04143
1.5127
1.5201
1.4007
1.68641
1.7861
2.45671
1.5495
1.54135
1.8753
1.76545
1.67638
1.63828
1.63289
1.55774
1.67675
1.49747
1.88578
1.66235
1.71502
1.6399
1.83075
1.72132
1.46965
1.54674
1.56388
2.04513
1.60465
1.46785
1.81713
2.13865
1.28784
1.48531
1.72888
1.33172
1.8858
2.00976
1.69705
1.61564
1.40919
1.5135
1.54029
1.3802
1.33289
1.59798
1.5164
1.58945
1.45569
1.47173
1.40307
1.3525
1.74184
2.24625
1.70083
1.63342
1.88254
1.46862
1.3489
1.52329
2.15433
1.50447
2.08475
1.46079
1.72284
1.74089
1.8385
1.364
2.03391
1.38263
1.42705
1.65225
1.45499
1.99273
1.77726
1.47976
1.56613
1.46188
1.4909
1.75327
1.40152
1.99878
1.9792
1.63061
1.64608
1.58289
1.58345
1.75944
1.79103
1.7568
1.54628
1.90927
1.64655
1.50244
1.58521
1.29606
1.33706
1.64103
1.7747
1.63619
1.96423
1.34413
1.41415
1.41155
1.56965
1.75116
1.59689
1.5464
1.3964
1.4739
1.42773
1.60827
1.25857
1.59687
1.44363
1.80241
1.54776
1.43531
1.35434
1.86586
1.42055
1.58091
1.63839
1.34768
1.42284
1.64985
1.74624
1.55298
1.64759
1.37159
2.13136
1.62724
1.63836
1.49244
1.92912
1.51626
1.87778
1.59265
1.57351
1.46223
1.64669
1.35934
1.4458
1.5044
1.53473
1.48942
1.40287
1.98022
1.33649
1.40458
1.9077
1.67078
1.37484
2.00577
1.68889
1.46103
1.40433
1.52194
1.61087
1.64851
1.23696
1.64273
1.24847
1.5258
1.64828
2.08832
1.42767
1.50948
1.83582
1.41023
1.84937
1.81166
1.58183
1.49441
1.63552
1.9218
1.32901
1.61063
1.50472
1.63913
1.62003
1.20338
1.55763
1.39585
1.36472
1.54757
1.6307
1.48786
2.02578
1.55671
1.35746
1.50824
1.46443
1.35728
1.64924
1.66657
1.82737
1.88305
1.54636
1.53399
1.64904
1.31188
1.47727
1.63203
1.99325
1.57238
1.47495
1.42815
1.42554
1.58275
1.33406
1.88883
1.37384
1.47816
1.59745
1.93024
1.64347
1.54067
1.53351
1.28546
1.5532
1.7482
1.5715
1.43814
1.63084
1.37711
1.36505
1.34939
1.3332
1.4907
1.60205
1.62059
1.25293
1.59188
1.40256
1.58776
1.37641
1.23934
1.34888
2.24407
1.47432
1.75895
1.48625
1.756
2.09077
1.41859
1.6194
2.07204
1.78292
1.61971
1.68378
1.48545
2.08911
1.35445
1.6887
1.66561
1.634
2.06304
1.70261
1.43482
1.42644
1.4751
1.39166
1.64677
1.39025
1.33041
1.51582
2.00369
1.27261
1.94516
2.15577
1.37489
1.50565
1.53103
1.62778
1.63743
1.79792
1.53851
1.39559
1.56308
1.95397
1.59261
1.71757
1.51475
3.43748
1.91781
1.4282
