1.03121
1.02733
1.03594
1.16718
1.02671
1.02246
1.00072
1.02151
1.02134
1.06301
1.0843
1.04921
1.0751
1.0422
1.01345
1.01372
1.05033
1.02361
1.08583
1.02203
1.01736
1.07698
1.00085
1.00041
1.00053
1.00029
1.00043
1.08832
1.00444
1.00419
1.14577
1.10164
1.0095
1.00022
1.10401
1.04098
1.00039
1.00979
1.0642
1.0004
1.00037
1.00051
1.00309
1.00047
1.00053
1.00093
1.00047
1.0003
1.00057
1.02531
1.00029
1.00047
1.04595
1.02277
1.00075
1.00033
1.0001
1.00809
1.05158
1.01095
1.00036
1.00049
1.00168
1.00034
1.00067
1.00272
1.01142
1.00062
1.01299
1.0315
1.00024
1.00906
1.00033
1.00043
1.00929
1.00059
1.00338
1.00054
1.00039
1.00028
1.00031
1.00024
1.0006
1.00032
1.00523
1.00031
1.04317
1.00503
1.11353
1.00797
1.07993
1.00874
1.06449
1.00036
1.00028
1.00037
1.00027
1.05087
1.12627
1.00037
1.00045
1.00041
1.02931
1.00032
1.00028
1.0055
1.00062
1.00553
1.0004
1.00052
1.0028
1.00492
1.0035
1.00052
1.00102
1.00043
1.00038
1.00363
1.0003
1.09064
1.00049
1.00041
1.00062
1.0777
1.00839
1.00022
1.00029
1.02837
1.00054
1.03005
1.01043
1.11797
1.00038
1.09749
1.03772
1.00025
1.12411
1.00072
1.00198
1.0003
1.00968
1.00056
1.00038
1.00034
1.00053
1.00041
1.00018
1.10382
1.04739
1.00036
1.06775
1.00026
1.1014
1.00034
1.00051
1.00254
1.00045
1.01512
1.00039
1.00042
1.01309
1.00178
1.00033
1.02911
1.00059
1.00025
1.00051
1.0188
1.00034
1.00041
1.02142
1.0003
1.00032
1.00025
1.05233
1.00024
1.0036
1.00189
1.00029
1.00042
1.00038
1.00109
1.00053
1.00048
1.00179
1.0329
1.00068
1.00103
1.00037
1.00006
1.00044
1.00519
1.00026
1.02238
1.0004
1.00028
1.00079
1.00052
1.00044
1.0012
1.00598
1.01241
1.00051
1.00149
1.00064
1.0003
1.03476
1.0156
1.00029
1.0754
1.00035
1.00052
1.00031
1.00052
1.00037
1.02957
1.07867
1.00042
1.00275
1.00027
1.06293
1.00058
1.00312
1.01133
1.00031
1.00053
1.0121
1.00035
1.00025
1.00042
1.00173
1.0177
1.00029
1.00053
1.00033
1.0004
1.01117
1.00012
1.00022
1.00125
1.00038
1.00054
1.0097
1.00028
1.00032
1.0004
1.00083
1.06538
1.03476
1.01768
1.0314
1.01889
1.00033
1.00041
1.01507
1.01584
1.00033
1.00041
1.00507
1.08983
1.00038
1.00021
1.01224
1.00381
1.00047
1.01315
1.03811
1.00113
1.00024
1.07475
1.00043
1.00026
1.01569
1.00037
1.00665
1.00047
1.00026
1.0003
1.00043
1.00256
1.00038
1.04761
1.00045
1.05848
1.00023
1.00073
1.00059
1.00039
1.00851
1.00033
1.00042
1.00038
1.00041
1.00918
1.03887
1.02001
1.00026
1.00022
1.00014
1.01193
1.08355
1.00046
1.00041
1.05626
1.00049
1.00035
1.00041
1.00043
1.00076
1.00031
1.00281
1.05143
1.00056
1.06664
1.01291
1.00066
1.00066
1.00046
1.02589
1.00087
1.00029
1.00036
1.17015
1.00066
1.00087
1.00036
1.0734
1.00028
1.02348
1.0003
1.03061
1.00031
1.00039
1.00032
1.00093
1.00053
1.00012
1.00035
1.07738
1.00042
1.00034
1.06159
1.00035
1.00041
1.03277
1.06658
1.00558
1.00046
1.0004
1.0013
1.00679
1.00025
1.0005
1.00032
1.00041
1.0919
1.00044
1.00064
1.06901
1.03169
1.00019
1.00049
1.00042
1.00064
1.00709
1.00261
1.00039
1.04137
1.00024
1.0003
1.00038
1.00282
1.04743
1.00357
1.00023
1.00045
1.00042
1.00018
1.00025
1.02415
1.00015
1.11454
1.00054
1.02554
1.00002
1.00098
1.0005
1.00058
1.02406
1.00045
1.00062
1.00169
1.00034
1.00051
1.00037
1.00204
1.00979
1.0003
1.01002
1.0006
1.02769
1.00043
1.00025
1.02701
1.10803
1.00025
1.00066
1.00032
1.00048
1.0616
1.01137
1.02172
1.00992
1.00012
1.00051
1.03597
1.00047
1.02033
1.00034
1.01383
1.00046
1.001
1.00043
1.00053
1.05183
1.00037
1.00034
1.00186
1.00028
1.00027
1.05507
1.00053
1.05344
1.00873
1.00036
1.16281
1.00028
1.00015
1.00035
1.0262
1.00047
1.04204
1.00048
1.00035
1.00049
1.05382
1.00038
1.001
1.00023
1.00689
1.03044
1.00019
1.00047
1.08302
1.01014
1.00062
1.0191
1.00048
1.07598
1.00044
1.00054
1.03559
1.00053
1.00027
1.03072
1.00194
1.08362
1.00865
1.0006
1.00047
1.00034
1.00026
1.00029
1.00029
1.00056
1.00035
1.00058
1.00038
1.00722
1.0005
1.00017
1.01296
1.00615
1.0162
1.00462
1.00032
1.00607
1.00516
1.01959
1.00399
1.00026
1.08346
1.00051
1.00027
1.00049
1.02109
1.00049
1.00031
1.0004
1.00043
1.01297
1.00041
1.00034
1.0728
1.02308
1.00055
1.00067
1.03016
1.00045
1.00055
1.00023
1.00019
1.00038
1.00034
1.00024
1.04075
1.00064
1.00037
1.00034
1.07985
1.07886
1.00189
1.1305
1.00042
1.03572
1.00066
1.0003
1.00046
1.03561
1.00889
1.00257
1.00017
1.00037
1.00035
1.00031
1.00037
1.00037
1.00021
1.00054
1.18078
1.00053
1.00032
1.00037
1.00043
1.00036
1.38821
1.0141
1.0005
1.00066
1.00033
1.08021
1.00011
1.00044
1.00043
1.03219
1.00046
1.00026
1.00034
1.02508
1.00035
1.05723
1.00049
1.00034
1.018
1.00037
1.01385
1.00039
1.00045
1.01677
1.00032
1.00025
1.00426
1.08721
1.04139
1.00054
1.01928
1.09346
1.00057
1.00051
1.00221
1.01183
1.00006
1.00038
1.00072
1.0006
1.00053
1.00075
1.01575
1.00024
1.0004
1.00462
1.00032
1.00058
1.00388
1.02583
1.00044
1.18543
1.00717
1.02479
1.00042
1.01406
1.00043
1.08045
1.01814
1.00006
1.00044
1.00034
1.00048
1.00647
1.00057
1.00025
1.00353
1.03503
1.00004
1.00825
1.00039
1.00031
1.00068
1.00912
1.00026
1.02851
1.00146
1.00046
1.01196
1.00034
1.01044
1.00027
1.09955
1.00034
1.02969
1.00034
1.04896
1.00027
1.0003
1.00472
1.00037
1.03674
1.04994
1.06738
1.00064
1.01
1.00039
1.0073
1.00033
1.02113
1.03163
1.00052
1.0005
1.06543
1.01223
1.03464
1.00035
1.00037
1.00031
1.04366
1.00075
1.03591
1.09445
1.00019
1.00043
1.08579
1.08692
1.00033
1.02839
1.00052
1.06919
1.00042
1.00173
1.00062
1.016
1.01654
1.00037
1.00057
1.00029
1.00145
1.00076
1.00036
1.00036
1.00852
1.0133
1.00027
1.02035
1.04646
1.00058
1.00105
1.08137
1.08238
1.00044
1.04609
1.00094
1.00017
1.02563
1.00627
1.00029
1.00031
1.0006
1.00042
1.00042
1.00021
1.07831
1.00049
1.00031
1.0599
1.00038
1.03711
1.01428
1.01201
1.00041
1.00531
1.00183
1.01715
1.00039
1.00078
1.00044
1.02131
1.04193
1.0072
1.00039
1.0005
1.01496
1.00039
1.00248
1.00028
1.05138
1.02807
1.00025
1.00034
1.00035
1.00579
1.00803
1.00035
1.00027
1.00054
1.00027
1.00102
1.00033
1.0005
1.00025
1.00031
1.00021
1.00071
1.00046
1.00326
1.00031
1.00025
1.00105
1.00036
1.00039
1.00094
1.00132
1.00043
1.06271
1.03568
1.00038
1.00072
1.00027
1.17057
1.00057
1.00039
1.00237
1.00031
1.01547
1.00247
1.0077
1.00084
1.00034
1.04447
1.07164
1.00039
1.00026
1.00027
1.00027
1.00038
1.00377
1.0003
1.00262
1.00048
1.0004
1.00036
1.00054
1.00052
1.00037
1.00076
1.00024
1.0003
1.00037
1.00042
1.01308
1.00029
1.13195
1.00041
1.00062
1.04598
1.00082
1.00026
1.01036
1.00024
1.05335
1.00033
1.00083
1.0004
1.00043
1.00057
1.00045
1.00028
1.00034
1.00047
1.00028
1.0005
1.00026
1.00028
1.00078
1.00224
1.00043
1.00675
1.10316
1.00535
1.14371
1.01355
1.00036
1.00027
1.02503
1.06143
1.03201
1.00061
1.01796
1.00034
1.05051
1.00043
1.05147
1.00019
1.00045
1.05865
1.00033
1.00043
1.00035
1.05479
1.00038
1.00039
1.00083
1.00069
1.04545
1.00055
1.00042
1.01854
1.00055
1.00455
1.00034
1.00049
1.03703
1.00022
1.00031
1.00037
1.05216
1.00044
1.00026
1.01733
1.02175
1.00042
1.00036
1.03716
1.00026
1.00051
1.07545
1.00035
1.00041
1.00065
1.00042
1.0005
1.00037
1.00037
1.0011
1.00034
1.00056
1.00029
1.00038
1.00074
1.07425
1.01139
1.00046
1.00657
1.10141
1.00054
1.00071
1.00044
1.04008
1.00041
1.02966
1.00061
1.00062
1.00059
1.00031
1.03343
1.00034
1.00489
1.01419
1.00028
1.0942
1.00026
1.03322
1.05922
1.0006
1.00037
1.00428
1.00035
1.00189
1.01001
1.00044
1.00404
1.00044
1.00053
1.00202
1.00663
1.00058
1.0003
1.00023
1.00021
1.00033
1.00365
1.1781
1.00121
1.0007
1.00007
1.02613
1.0003
1.02665
1.00149
1.00029
1.0004
1.06693
1.00044
1.01849
1.00037
1.00102
1.01866
1.00042
1.00032
1.00064
1.00372
1.00047
1.00034
1.02711
1.00248
1.00114
1.00032
1.00038
1.00049
1.00271
1.00004
1.00479
1.00034
1.00032
1.00049
1.00046
1.04755
1.00035
1.00022
1.00048
1.0004
1.00022
1.00077
1.0003
1.00042
1.01712
1.00154
1.0083
1.00006
1.00031
1.00046
1.00036
1.00026
1.04547
1.0384
1.00043
1.0517
1.00021
1.00046
1.00379
1.04685
1.02864
1.10212
1.00063
1.08784
1.00022
1.00031
1.02347
1.01651
1.00037
1.00032
1.00055
1.00067
1.00218
1.00037
1.0004
1.00027
1.00036
1.01117
1.00023
1.00507
1.08439
1.03121
1.02733
1.03594
1.16718
1.02671
1.02246
1.00072
1.02151
1.02134
1.06301
1.0843
1.04921
1.0751
1.0422
1.01345
1.01372
1.05033
1.02361
1.08583
1.02203
1.01736
1.07698
1.00085
1.00041
1.00053
1.00029
1.00043
1.08832
1.00444
1.00419
1.14577
1.10164
1.0095
1.00022
1.10401
1.04098
1.00039
1.00979
1.0642
1.0004
1.00037
1.00051
1.00309
1.00047
1.00053
1.00093
1.00047
1.0003
1.00057
1.02531
1.00029
1.00047
1.04595
1.02277
1.00075
1.00033
1.0001
1.00809
1.05158
1.01095
1.00036
1.00049
1.00168
1.00034
1.00067
1.00272
1.01142
1.00062
1.01299
1.0315
1.00024
1.00906
1.00033
1.00043
1.00929
1.00059
1.00338
1.00054
1.00039
1.00028
1.00031
1.00024
1.0006
1.00032
1.00523
1.00031
1.04317
1.00503
1.11353
1.00797
1.07993
1.00874
1.06449
1.00036
1.00028
1.00037
1.00027
1.05087
1.12627
1.00037
1.00045
1.00041
1.02931
1.00032
1.00028
1.0055
1.00062
1.00553
1.0004
1.00052
1.0028
1.00492
1.0035
1.00052
1.00102
1.00043
1.00038
1.00363
1.0003
1.09064
1.00049
1.00041
1.00062
1.0777
1.00839
1.00022
1.00029
1.02837
1.00054
1.03005
1.01043
1.11797
1.00038
1.09749
1.03772
1.00025
1.12411
1.00072
1.00198
1.0003
1.00968
1.00056
1.00038
1.00034
1.00053
1.00041
1.00018
1.10382
1.04739
1.00036
1.06775
1.00026
1.1014
1.00034
1.00051
1.00254
1.00045
1.01512
1.00039
1.00042
1.01309
1.00178
1.00033
1.02911
1.00059
1.00025
1.00051
1.0188
1.00034
1.00041
1.02142
1.0003
1.00032
1.00025
1.05233
1.00024
1.0036
1.00189
1.00029
1.00042
1.00038
1.00109
1.00053
1.00048
1.00179
1.0329
1.00068
1.00103
1.00037
1.00006
1.00044
1.00519
1.00026
1.02238
1.0004
1.00028
1.00079
1.00052
1.00044
1.0012
1.00598
1.01241
1.00051
1.00149
1.00064
1.0003
1.03476
1.0156
1.00029
1.0754
1.00035
1.00052
1.00031
1.00052
1.00037
1.02957
1.07867
1.00042
1.00275
1.00027
1.06293
1.00058
1.00312
1.01133
1.00031
1.00053
1.0121
1.00035
1.00025
1.00042
1.00173
1.0177
1.00029
1.00053
1.00033
1.0004
1.01117
1.00012
1.00022
1.00125
1.00038
1.00054
1.0097
1.00028
1.00032
1.0004
1.00083
1.06538
1.03476
1.01768
1.0314
1.01889
1.00033
1.00041
1.01507
1.01584
1.00033
1.00041
1.00507
1.08983
1.00038
1.00021
1.01224
1.00381
1.00047
1.01315
1.03811
1.00113
1.00024
1.07475
1.00043
1.00026
1.01569
1.00037
1.00665
1.00047
1.00026
1.0003
1.00043
1.00256
1.00038
1.04761
1.00045
1.05848
1.00023
1.00073
1.00059
1.00039
1.00851
1.00033
1.00042
1.00038
1.00041
1.00918
1.03887
1.02001
1.00026
1.00022
1.00014
1.01193
1.08355
1.00046
1.00041
1.05626
1.00049
1.00035
1.00041
1.00043
1.00076
1.00031
1.00281
1.05143
1.00056
1.06664
1.01291
1.00066
1.00066
1.00046
1.02589
1.00087
1.00029
1.00036
1.17015
1.00066
1.00087
1.00036
1.0734
1.00028
1.02348
1.0003
1.03061
1.00031
1.00039
1.00032
1.00093
1.00053
1.00012
1.00035
1.07738
1.00042
1.00034
1.06159
1.00035
1.00041
1.03277
1.06658
1.00558
1.00046
1.0004
1.0013
1.00679
1.00025
1.0005
1.00032
1.00041
1.0919
1.00044
1.00064
1.06901
1.03169
1.00019
1.00049
1.00042
1.00064
1.00709
1.00261
1.00039
1.04137
1.00024
1.0003
1.00038
1.00282
1.04743
1.00357
1.00023
1.00045
1.00042
1.00018
1.00025
1.02415
1.00015
1.11454
1.00054
1.02554
1.00002
1.00098
1.0005
1.00058
1.02406
1.00045
1.00062
1.00169
1.00034
1.00051
1.00037
1.00204
1.00979
1.0003
1.01002
1.0006
1.02769
1.00043
1.00025
1.02701
1.10803
1.00025
1.00066
1.00032
1.00048
1.0616
1.01137
1.02172
1.00992
1.00012
1.00051
1.03597
1.00047
1.02033
1.00034
1.01383
1.00046
1.001
1.00043
1.00053
1.05183
1.00037
1.00034
1.00186
1.00028
1.00027
1.05507
1.00053
1.05344
1.00873
1.00036
1.16281
1.00028
1.00015
1.00035
1.0262
1.00047
1.04204
1.00048
1.00035
1.00049
1.05382
1.00038
1.001
1.00023
1.00689
1.03044
1.00019
1.00047
1.08302
1.01014
1.00062
1.0191
1.00048
1.07598
1.00044
1.00054
1.03559
1.00053
1.00027
1.03072
1.00194
1.08362
1.00865
1.0006
1.00047
1.00034
1.00026
1.00029
1.00029
1.00056
1.00035
1.00058
1.00038
1.00722
1.0005
1.00017
1.01296
1.00615
1.0162
1.00462
1.00032
1.00607
1.00516
1.01959
1.00399
1.00026
1.08346
1.00051
1.00027
1.00049
1.02109
1.00049
1.00031
1.0004
1.00043
1.01297
1.00041
1.00034
1.0728
1.02308
1.00055
1.00067
1.03016
1.00045
1.00055
1.00023
1.00019
1.00038
1.00034
1.00024
1.04075
1.00064
1.00037
1.00034
1.07985
1.07886
1.00189
1.1305
1.00042
1.03572
1.00066
1.0003
1.00046
1.03561
1.00889
1.00257
1.00017
1.00037
1.00035
1.00031
1.00037
1.00037
1.00021
1.00054
1.18078
1.00053
1.00032
1.00037
1.00043
1.00036
1.38821
1.0141
1.0005
1.00066
1.00033
1.08021
1.00011
1.00044
1.00043
1.03219
1.00046
1.00026
1.00034
1.02508
1.00035
1.05723
1.00049
1.00034
1.018
1.00037
1.01385
1.00039
1.00045
1.01677
1.00032
1.00025
1.00426
1.08721
1.04139
1.00054
1.01928
1.09346
1.00057
1.00051
1.00221
1.01183
1.00006
1.00038
1.00072
1.0006
1.00053
1.00075
1.01575
1.00024
1.0004
1.00462
1.00032
1.00058
1.00388
1.02583
1.00044
1.18543
1.00717
1.02479
1.00042
1.01406
1.00043
1.08045
1.01814
1.00006
1.00044
1.00034
1.00048
1.00647
1.00057
1.00025
1.00353
1.03503
1.00004
1.00825
1.00039
1.00031
1.00068
1.00912
1.00026
1.02851
1.00146
1.00046
1.01196
1.00034
1.01044
1.00027
1.09955
1.00034
1.02969
1.00034
1.04896
1.00027
1.0003
1.00472
1.00037
1.03674
1.04994
1.06738
1.00064
1.01
1.00039
1.0073
1.00033
1.02113
1.03163
1.00052
1.0005
1.06543
1.01223
1.03464
1.00035
1.00037
1.00031
1.04366
1.00075
1.03591
1.09445
1.00019
1.00043
1.08579
1.08692
1.00033
1.02839
1.00052
1.06919
1.00042
1.00173
1.00062
1.016
1.01654
1.00037
1.00057
1.00029
1.00145
1.00076
1.00036
1.00036
1.00852
1.0133
1.00027
1.02035
1.04646
1.00058
1.00105
1.08137
1.08238
1.00044
1.04609
1.00094
1.00017
1.02563
1.00627
1.00029
1.00031
1.0006
1.00042
1.00042
1.00021
1.07831
1.00049
1.00031
1.0599
1.00038
1.03711
1.01428
1.01201
1.00041
1.00531
1.00183
1.01715
1.00039
1.00078
1.00044
1.02131
1.04193
1.0072
1.00039
1.0005
1.01496
1.00039
1.00248
1.00028
1.05138
1.02807
1.00025
1.00034
1.00035
1.00579
1.00803
1.00035
1.00027
1.00054
1.00027
1.00102
1.00033
1.0005
1.00025
1.00031
1.00021
1.00071
1.00046
1.00326
1.00031
1.00025
1.00105
1.00036
1.00039
1.00094
1.00132
1.00043
1.06271
1.03568
1.00038
1.00072
1.00027
1.17057
1.00057
1.00039
1.00237
1.00031
1.01547
1.00247
1.0077
1.00084
1.00034
1.04447
1.07164
1.00039
1.00026
1.00027
1.00027
1.00038
1.00377
1.0003
1.00262
1.00048
1.0004
1.00036
1.00054
1.00052
1.00037
1.00076
1.00024
1.0003
1.00037
1.00042
1.01308
1.00029
1.13195
1.00041
1.00062
1.04598
1.00082
1.00026
1.01036
1.00024
1.05335
1.00033
1.00083
1.0004
1.00043
1.00057
1.00045
1.00028
1.00034
1.00047
1.00028
1.0005
1.00026
1.00028
1.00078
1.00224
1.00043
1.00675
1.10316
1.00535
1.14371
1.01355
1.00036
1.00027
1.02503
1.06143
1.03201
1.00061
1.01796
1.00034
1.05051
1.00043
1.05147
1.00019
1.00045
1.05865
1.00033
1.00043
1.00035
1.05479
1.00038
1.00039
1.00083
1.00069
1.04545
1.00055
1.00042
1.01854
1.00055
1.00455
1.00034
1.00049
1.03703
1.00022
1.00031
1.00037
1.05216
1.00044
1.00026
1.01733
1.02175
1.00042
1.00036
1.03716
1.00026
1.00051
1.07545
1.00035
1.00041
1.00065
1.00042
1.0005
1.00037
1.00037
1.0011
1.00034
1.00056
1.00029
1.00038
1.00074
1.07425
1.01139
1.00046
1.00657
1.10141
1.00054
1.00071
1.00044
1.04008
1.00041
1.02966
1.00061
1.00062
1.00059
1.00031
1.03343
1.00034
1.00489
1.01419
1.00028
1.0942
1.00026
1.03322
1.05922
1.0006
1.00037
1.00428
1.00035
1.00189
1.01001
1.00044
1.00404
1.00044
1.00053
1.00202
1.00663
1.00058
1.0003
1.00023
1.00021
1.00033
1.00365
1.1781
1.00121
1.0007
1.00007
1.02613
1.0003
1.02665
1.00149
1.00029
1.0004
1.06693
1.00044
1.01849
1.00037
1.00102
1.01866
1.00042
1.00032
1.00064
1.00372
1.00047
1.00034
1.02711
1.00248
1.00114
1.00032
1.00038
1.00049
1.00271
1.00004
1.00479
1.00034
1.00032
1.00049
1.00046
1.04755
1.00035
1.00022
1.00048
1.0004
1.00022
1.00077
1.0003
1.00042
1.01712
1.00154
1.0083
1.00006
1.00031
1.00046
1.00036
1.00026
1.04547
1.0384
1.00043
1.0517
1.00021
1.00046
1.00379
1.04685
1.02864
1.10212
1.00063
1.08784
1.00022
1.00031
1.02347
1.01651
1.00037
1.00032
1.00055
1.00067
1.00218
1.00037
1.0004
1.00027
1.00036
1.01117
1.00023
1.00507
1.08439
1.0669
1.00044
1.0395
1.03275
1.03228
1.00059
1.0005
1.1195
1.03064
1.14288
1.0233
1.0004
1.03285
1.02158
1.00061
1.00032
1.04266
1.00045
1.01287
1.00039
1.00024
1.09831
1.00085
1.02566
1.06771
1.00029
1.09999
1.00063
1.00063
1.0049
1.02494
1.00045
1.01668
1.00022
1.01765
1.03664
1.00039
1.14278
1.00036
1.0004
1.00037
1.00051
1.00309
1.00047
1.00053
1.02347
1.17978
1.0003
1.03004
1.02711
1.00175
1.03516
1.04595
1.02277
1.0004
1.00033
1.0001
1.00809
1.00043
1.01095
1.00036
1.00049
1.16627
1.00034
1.00067
1.0201
1.08209
1.00062
1.00005
1.00029
1.00024
1.00591
1.00033
1.00043
1.00929
1.00059
1.0354
1.00054
1.00039
1.00028
1.00031
1.00024
1.13711
1.00032
1.00523
1.06203
1.01186
1.00503
1.07401
1.0525
1.04498
1.02304
1.00044
1.02249
1.00028
1.00037
1.00027
1.00032
1.02916
1.00037
1.00045
1.00041
1.02931
1.00032
1.00028
1.0055
1.00062
1.00498
1.0004
1.03735
1.00037
1.02177
1.00287
1.00052
1.00046
1.00043
1.00038
1.00438
1.0003
1.00029
1.09475
1.03993
1.07157
1.00038
1.00839
1.07554
1.00029
1.05005
1.06659
1.00185
1.01043
1.08278
1.1403
1.05868
1.03684
1.00025
1.00413
1.01431
1.00198
1.00907
1.0075
1.00056
1.00038
1.00034
1.00053
1.02871
1.00018
1.11657
1.01429
1.00036
1.07042
1.00027
1.00047
1.00138
1.00051
1.01319
1.00045
1.01512
1.00039
1.10871
1.01309
1.08041
1.02827
1.05184
1.00059
1.00025
1.05434
1.08153
1.08587
1.01667
1.05321
1.0003
1.05991
1.02854
1.05032
1.03866
1.04293
1.00189
1.0003
1.00042
1.00038
1.01719
1.00053
1.01101
1.00002
1.0329
1.00069
1.03898
1.02717
1.00006
1.00044
1.00519
1.22901
1.02238
1.0004
1.00028
1.0009
1.00052
1.00044
1.01688
1.00598
1.01241
1.00051
1.00001
1.01852
1.0003
1.05569
1.00653
1.08226
1.00582
1.31224
1.03865
1.00031
1.14982
1.00037
1.04576
1.12328
1.00042
1.03621
1.00027
1.00048
1.17245
1.02277
1.00615
1.00031
1.00053
1.08224
1.04576
1.00025
1.00042
1.00477
1.00063
1.00029
1.00053
1.00033
1.0004
1.01117
1.00012
1.06862
1.00125
1.02473
1.00054
1.04701
1.00028
1.00032
1.0004
1.00083
1.00034
1.00107
1.00057
1.0314
1.04665
1.04727
1.00041
1.01532
1.08095
1.00033
1.00041
1.007
1.00034
1.00038
1.00021
1.01224
1.00381
1.06517
1.01315
1.03811
1.00113
1.01488
1.02854
1.00043
1.00026
1.05039
1.00037
1.05649
1.00047
1.00026
1.0003
1.00043
1.00256
1.00038
1.15286
1.01801
1.00395
1.00129
1.00073
1.09026
1.00039
1.15495
1.00033
1.00042
1.00038
1.05268
1.00918
1.03887
1.03784
1.05534
1.08541
1.00014
1.0004
1.02494
1.02375
1.26029
1.04617
1.03404
1.00035
1.00041
1.0292
1.00076
1.0358
1.00281
1.08973
1.00056
1.05971
1.01291
1.14817
1.03355
1.00046
1.02589
1.02918
1.00029
1.00036
1.42325
1.00066
1.00087
1.00036
1.02195
1.01396
1.11578
1.28882
1.01592
1.00031
1.10744
1.00032
1.11486
1.06768
1.1248
1.00035
1.00039
1.00042
1.00034
1.14567
1.1206
1.00041
1.0002
1.00023
1.00064
1.00046
1.0004
1.0171
1.03641
1.00025
1.0005
1.00032
1.00041
1.26371
1.11639
1.00064
1.01217
1.03169
1.00019
1.00049
1.00042
1.00064
1.04525
1.00261
1.05013
1.02705
1.00025
1.03878
1.00038
1.05099
1.01867
1.08639
1.00023
1.00045
1.06432
1.01934
1.00025
1.00028
1.00015
1.15089
1.00054
1.00107
1.03775
1.06878
1.0005
1.00058
1.03181
1.00045
1.00062
1.1028
1.11565
1.00852
1.03542
1.00143
1.00979
1.00031
1.01002
1.03244
1.23602
1.00043
1.00025
1.01339
1.06294
1.02353
1.14231
1.00032
1.03213
1.0616
1.01701
1.00053
1.00992
1.00012
1.00051
1.0488
1.07804
1.04156
1.02521
1.04296
1.03423
1.00988
1.00043
1.00053
1.05183
1.00037
1.00034
1.00186
1.00028
1.00027
1.00119
1.06701
1.06191
1.00873
1.00036
1.00072
1.00028
1.00015
1.00035
1.0262
1.00047
1.11514
1.00048
1.00035
1.00049
1.06609
1.05014
1.001
1.00024
1.02222
1.03044
1.00019
1.00047
1.00034
1.04686
1.00062
1.02908
1.00048
1.02729
1.00044
1.16055
1.01704
1.00053
1.00027
1.01681
1.00194
1.08362
1.00865
1.0006
1.00047
1.00034
1.00026
1.00029
1.07303
1.00056
1.00035
1.053
1.00038
1.00722
1.0005
1.00017
1.11356
1.07083
1.15663
1.06008
1.0584
1.09695
1.09252
1.04515
1.08562
1.00026
1.06613
1.00051
1.00027
1.35891
1.17503
1.00049
1.03853
1.0004
1.00043
1.04253
1.00041
1.00034
1.0728
1.02795
1.05002
1.00067
1.04446
1.03563
1.00055
1.00023
1.03199
1.04107
1.03747
1.00024
1.0316
1.00064
1.00037
1.05176
1.00042
1.05771
1.00189
1.0148
1.00042
1.03572
1.18209
1.0003
1.00046
1.03405
1.00889
1.04138
1.00017
1.0437
1.00035
1.00031
1.00037
1.03449
1.05628
1.00054
1.03029
1.00053
1.00032
1.00037
1.00043
1.00036
1.01262
1.0141
1.0005
1.00066
1.12649
1.00048
1.00011
1.00044
1.00043
1.1394
1.00046
1.00026
1.00034
1.00305
1.00035
1.05723
1.00049
1.01129
1.07979
1.06105
1.01385
1.00039
1.04128
1.00048
1.00032
1.02568
1.13011
1.01887
1.04139
1.05042
1.03001
1.00042
1.16824
1.00051
1.00008
1.00021
1.03562
1.00038
1.00072
1.04667
1.00053
1.02446
1.01769
1.00024
1.0004
1.00922
1.00032
1.19769
1.03799
1.08802
1.00044
1.03574
1.00478
1.02479
1.08383
1.01406
1.0261
1.00028
1.01721
1.00006
1.00044
1.00034
1.03872
1.00647
1.2392
1.00025
1.00234
1.03503
1.00004
1.0396
1.06346
1.00031
1.00068
1.00912
1.00026
1.09067
1.00146
1.13188
1.17442
1.00034
1.01044
1.00028
1.09955
1.00034
1.02969
1.00034
1.0409
1.00027
1.0003
1.00472
1.00038
1.00219
1.04977
1.00035
1.19787
1.01
1.03272
1.00046
1.00033
1.00945
1.0365
1.0004
1.01803
1.00269
1.01223
1.01872
1.00035
1.00037
1.00031
1.04366
1.00075
1.02929
1.03511
1.00019
1.04904
1.0444
1.00034
1.08224
1.108
1.00052
1.01604
1.0377
1.00413
1.00062
1.016
1.01654
1.00037
1.00057
1.0003
1.00053
1.00076
1.00036
1.00036
1.00852
1.0191
1.00027
1.04184
1.07956
1.00058
1.00039
1.07472
1.03825
1.00044
1.0461
1.07837
1.00017
1.13577
1.00627
1.00029
1.00031
1.08961
1.00042
1.06304
1.00021
1.06033
1.00049
1.08697
1.04076
1.00038
1.06349
1.02532
1.0064
1.00041
1.00531
1.00183
1.00037
1.05925
1.00078
1.00044
1.01261
1.01574
1.00695
1.00039
1.0005
1.00041
1.00039
1.06763
1.00028
1.00092
1.0154
1.06297
1.00034
1.03724
1.00579
1.00535
1.00035
1.00027
1.02508
1.05941
1.00102
1.06085
1.0005
1.00025
1.00031
1.00021
1.00071
1.00046
1.01518
1.00913
1.00025
1.07872
1.15864
1.00039
1.00094
1.00132
1.00043
1.10605
1.06792
1.00038
1.00072
1.00027
1.07013
1.00057
1.11266
1.03637
1.0756
1.04942
1.05209
1.0077
1.00084
1.00034
1.12385
1.00045
1.00039
1.00026
1.00027
1.00027
1.00038
1.00377
1.01947
1.00051
1.00048
1.0004
1.00036
1.00054
1.00052
1.00037
1.3035
1.00024
1.02087
1.00037
1.00042
1.0005
1.00029
1.12509
1.07327
1.00062
1.0071
1.00082
1.00026
1.01036
1.04209
1.01612
1.00033
1.00083
1.01145
1.00043
1.04551
1.00403
1.06492
1.00034
1.00047
1.00028
1.0005
1.00026
1.00028
1.00078
1.03015
1.00043
1.00675
1.08551
1.00985
1.0008
1.01355
1.0797
1.00027
1.01692
1.06173
1.00098
1.00061
1.01796
1.00034
1.05051
1.00043
1.05558
1.00019
1.03203
1.00054
1.00033
1.00043
1.08301
1.11203
1.00038
1.00039
1.00926
1.00069
1.04545
1.01176
1.03172
1.14669
1.00055
1.0004
1.10729
1.12188
1.03703
1.00022
1.07975
1.01287
1.06026
1.00044
1.00026
1.05723
1.03925
1.00042
1.00036
1.07349
1.0425
1.00051
1.00031
1.00035
1.09608
1.00065
1.13038
1.0005
1.12411
1.02769
1.02434
1.00034
1.00056
1.15746
1.00038
1.00074
1.03764
1.01139
1.00046
1.00657
1.12531
1.00054
1.08694
1.00044
1.00026
1.00041
1.02966
1.06733
1.01542
1.00059
1.00031
1.03343
1.00034
1.00489
1.08087
1.00028
1.09936
1.04914
1.09765
1.12235
1.0006
1.00037
1.00428
1.06913
1.00189
1.01001
1.00044
1.03707
1.02357
1.00053
1.00074
1.00663
1.00058
1.0003
1.00023
1.00021
1.00033
1.02549
1.00349
1.00121
1.09806
1.00007
1.06263
1.0003
1.01891
1.00149
1.03753
1.0004
1.06693
1.05151
1.01849
1.00037
1.02645
1.12146
1.00042
1.00032
1.00064
1.23641
1.00047
1.00911
1.02711
1.00248
1.05616
1.28681
1.00038
1.11848
1.00271
1.00004
1.00479
1.0164
1.00032
1.08059
1.00046
1.12983
1.00035
1.00022
1.02836
1.0004
1.04776
1.00077
1.0003
1.00042
1.01712
1.00154
1.02032
1.00006
1.00031
1.00046
1.05837
1.00026
1.02895
1.10234
1.04393
1.00798
1.07855
1.00046
1.00379
1.02148
1.02864
1.15789
1.00063
1.00041
1.00022
1.00031
1.02616
1.01651
1.00037
1.04021
1.00055
1.00067
1.05531
1.00037
1.00765
1.00027
1.00036
1.01117
1.00023
1.00507
1.05064
1.5303
1.45276
1.7326
1.6658
1.56525
1.66258
1.68178
1.46555
1.68162
1.77326
1.75481
1.63585
1.48678
1.43804
1.52968
1.50514
1.73788
1.59592
1.47429
1.40751
1.42184
1.91037
2.54453
1.68853
1.59504
1.48045
1.51631
1.90621
1.38663
1.44777
1.54125
1.6005
1.60871
1.33871
1.58924
1.71614
1.74971
1.88363
1.67719
1.32465
1.51635
1.5567
1.66049
1.55867
1.5449
1.43326
1.57466
1.54926
1.63777
1.52436
1.36136
1.60977
1.82206
2.03189
1.52133
1.54608
1.41276
1.74568
1.55315
1.83968
1.65583
1.65569
1.68959
1.45692
1.85169
1.42888
1.61085
1.81509
1.61636
1.47991
1.40766
1.9411
1.49133
1.47991
2.20693
1.89514
1.75719
1.55482
1.44237
1.48281
1.53731
1.36976
1.94755
1.43276
1.39181
1.48854
1.46332
1.6059
2.10532
1.76786
1.37271
1.51519
1.69061
1.5236
1.48437
1.52028
1.43457
1.53501
1.52535
1.47934
1.62827
1.5772
2.54092
1.48748
1.41261
1.48619
1.90143
1.61104
1.37897
1.5933
1.49264
2.50913
1.60543
1.67866
1.71187
1.61621
1.3061
1.65146
1.38464
1.59301
1.56771
1.58757
1.82671
1.6168
1.97075
1.28723
1.47886
1.48275
1.59495
1.40751
1.55825
1.86358
1.50351
1.86428
1.43159
1.35412
1.6978
1.88924
1.60254
1.38453
1.9938
1.48106
1.69542
1.59764
1.77486
1.52584
1.36371
1.80759
1.54541
1.59728
1.5075
1.48441
1.68706
1.57842
1.59732
1.68399
1.85915
1.75494
1.54122
1.61599
1.63442
1.76763
1.35184
1.39048
1.74817
1.43338
1.65943
1.63426
1.42373
1.60764
1.86944
1.34485
1.71523
1.41198
1.62185
1.28924
1.80576
1.9054
1.38983
1.60699
1.5369
1.98078
1.58104
1.58148
1.59099
2.07544
1.52186
1.38961
1.46549
1.55918
1.66068
1.59261
1.40695
1.45548
1.68529
1.33243
1.83785
1.5595
1.59812
1.47974
2.0997
1.53269
1.43554
1.74498
1.89111
1.55089
1.31984
1.72055
1.55337
1.56999
1.43648
1.82133
1.36489
1.61618
1.58562
2.03947
1.54727
1.59632
1.48995
1.47859
1.64218
1.68442
1.57132
1.88646
1.33988
1.69742
2.0358
1.63774
1.25947
1.56504
1.58763
1.69909
1.45846
1.56206
1.49656
1.4277
1.95815
1.15583
1.44505
1.65365
1.60408
1.79932
1.74934
1.5005
1.47116
1.66781
1.81046
1.43605
1.73119
1.71668
1.7726
1.75485
1.55105
1.50869
1.41216
1.63584
1.5246
1.47109
1.54624
1.41334
1.46109
1.42265
1.85642
1.65997
1.84796
1.64391
2.04153
1.8954
1.38833
1.58036
1.69856
1.55149
1.58442
1.53696
1.72822
1.63851
1.45798
1.57361
1.5743
1.62189
1.614
1.73971
1.61536
1.56982
1.37029
2.05222
1.83993
1.49114
1.81741
1.62356
1.64795
1.63517
1.55745
1.71235
1.64219
1.94903
1.343
1.94251
1.18615
1.54307
1.61442
1.85396
1.54152
1.78432
1.38308
1.50079
1.50617
1.71138
1.87663
1.40127
1.5127
1.51251
1.91629
1.57751
1.60471
1.68813
1.76818
1.76244
1.93044
1.71066
1.52337
1.55444
1.94144
1.84212
1.64532
1.53659
1.58558
1.34957
1.45166
1.38896
1.65859
1.5325
1.4702
1.4863
2.12668
1.80553
1.49089
1.62259
1.59111
1.58751
1.58388
1.4429
1.47575
1.45355
1.34338
1.42162
1.72751
1.89143
1.53191
1.50379
1.42204
1.62614
1.54578
1.47978
1.53422
2.85699
1.67194
1.56689
1.6948
1.59512
1.4554
1.72426
1.57623
1.94819
1.92267
1.53681
1.53319
1.70066
1.27069
1.49387
1.68596
1.68652
1.76752
1.58263
1.30709
1.40341
1.54632
1.28911
1.3395
1.5617
1.28927
2.98876
1.79537
1.91191
1.49615
2.25022
1.50499
1.7548
1.4551
1.666
1.83219
1.71336
1.50125
1.65682
1.34351
1.59185
1.4987
1.53696
1.76667
1.64504
2.19184
1.26866
1.2568
1.60645
1.82915
1.37479
1.68973
1.42929
1.65476
1.74827
1.56318
1.87636
1.83087
1.48445
1.62421
1.52301
1.65188
2.07067
1.58592
1.80115
1.90543
1.39139
1.59673
1.96655
1.52486
1.61377
1.60031
1.87872
1.43273
1.51876
1.78067
1.56268
1.6699
1.75899
1.57363
1.88543
1.54723
1.28281
1.63021
1.6194
1.72488
1.74609
1.35486
1.59279
1.74625
1.43335
1.53421
1.76754
1.45838
1.40408
1.50306
1.34392
1.8542
1.50342
1.66401
1.83436
1.53802
1.51278
1.77665
1.72544
1.84256
1.74833
1.6145
1.52179
1.77755
1.89268
1.75617
1.70186
1.66761
1.68979
1.50529
1.34997
1.45597
1.37986
1.52384
1.50278
1.8599
1.41693
1.71496
1.74689
1.4504
1.75586
1.4065
1.90763
1.52392
1.55589
1.75058
1.68786
2.04303
1.4836
1.47074
1.8536
1.63674
1.36205
1.65979
1.81664
1.66619
1.4674
1.83176
1.67784
1.55402
1.51155
1.49709
1.46737
1.66789
1.74745
1.88367
1.8046
1.6349
1.44353
1.34103
1.29953
1.6252
1.51537
1.36995
1.9299
1.66899
1.56191
1.64119
1.53806
1.94745
1.52658
1.76284
1.52491
1.99904
1.74188
1.52196
1.71964
1.53487
2.20899
1.51579
1.42963
1.45821
1.34473
1.40235
1.60381
1.49403
1.30394
1.48949
1.81188
1.56873
1.54633
1.43512
1.58629
1.5642
2.16673
1.70209
1.52854
1.92519
1.45653
1.68711
1.66586
1.46798
1.63417
1.77507
1.67419
1.40017
1.66811
1.70734
1.4631
1.63811
1.6512
1.61722
1.96161
1.56659
1.43873
1.53784
1.69997
1.67703
1.58291
1.47394
1.69044
1.59565
1.41924
1.49534
1.89661
1.65165
1.84558
1.46399
1.61638
1.32901
1.56357
1.57668
1.73574
1.67625
1.56858
1.63333
1.68149
1.42348
1.49246
1.44778
1.47982
1.62783
1.73753
1.5984
1.74024
1.77392
1.42402
1.52532
1.56251
1.91593
1.64557
1.46058
1.57879
1.56239
1.49674
1.51692
1.59783
1.50863
1.75131
1.4382
1.76511
1.75255
1.53678
1.43754
1.59654
1.35549
1.63802
1.4604
1.37028
1.75844
1.56179
1.73129
1.68368
1.57917
1.63021
1.40776
1.92166
1.57771
1.92652
1.57986
1.83223
1.38686
1.51085
2.01376
1.49477
1.44054
1.82168
1.58527
1.76351
1.53547
1.76639
1.74104
1.61983
1.63165
1.8532
1.80007
1.61929
1.79433
1.62676
1.49402
1.5765
1.6157
1.43883
1.60884
1.4659
1.4898
1.60246
1.28847
1.53114
1.87026
1.56419
1.59338
1.76487
1.91176
1.84164
1.77183
1.71511
1.70548
1.88247
1.67647
1.54451
1.8051
1.54759
1.6206
1.65743
1.51445
1.56642
1.49895
1.55799
1.37689
1.92344
2.16587
1.83245
1.57656
1.89914
1.7846
1.67944
1.67767
1.87164
1.26912
2.28073
1.69249
1.30044
1.35612
1.71412
1.75425
1.65538
1.34901
1.89551
1.62411
1.3973
1.97121
1.52064
1.58723
1.54394
1.62799
1.69749
1.47241
1.76525
1.71051
1.41817
1.60969
1.60319
1.9251
1.57298
1.5085
1.63636
1.77481
1.52003
1.59174
2.08593
1.33606
1.65175
1.56691
1.3996
1.41385
1.65994
2.0901
1.68115
1.3738
1.39533
1.62153
1.42332
2.05689
1.49779
1.50917
1.38353
1.41751
1.38778
1.73572
1.78779
1.39774
1.55873
1.45471
1.91657
1.40769
1.54876
1.60952
1.45605
1.58063
1.82783
1.96005
1.58106
1.79568
1.47451
1.8348
1.54733
1.643
1.42763
1.48282
1.66451
1.57283
1.60968
2.05537
1.50463
1.66748
1.7415
1.62755
1.40682
1.38094
1.4879
1.61335
1.61084
1.49157
1.47271
1.73842
1.7194
1.41855
1.60627
1.64819
1.61583
1.84566
1.36066
1.54566
1.60409
1.64352
1.89605
1.4436
2.08243
1.50043
1.78724
1.55093
1.83608
1.45243
2.22386
1.43924
1.60403
1.61565
1.91465
1.59036
1.54
1.77505
1.35178
1.4792
1.57599
1.67752
1.59795
1.73153
1.45525
1.39741
1.4436
1.45119
1.54641
1.6562
1.61592
1.38855
1.65351
1.73329
1.45007
1.39846
1.86099
1.86585
1.49693
1.59458
2.30188
1.59875
1.745
1.76846
2.03985
1.31404
1.66723
1.57699
1.51254
1.57681
1.62839
1.79213
1.57055
1.70932
1.5708
1.8367
1.76627
1.56797
1.56671
1.93695
1.82778
1.59804
1.59647
1.7621
1.38255
1.30827
1.4703
1.47051
1.83228
1.52843
1.48555
1.60159
1.29943
1.5268
1.52824
1.84752
1.48947
1.72804
1.39931
1.43602
1.73835
1.75248
1.51094
1.48194
1.68334
1.583
1.53006
1.62199
1.68093
1.42688
1.40462
1.72424
1.55517
1.54382
1.68891
1.67746
1.68886
1.70692
1.64155
1.49684
1.53712
1.6127
1.62891
1.87267
1.58624
1.78154
1.61722
1.6348
1.59791
1.70295
1.50118
1.36961
1.61241
1.47677
1.46382
1.63927
1.77275
1.54796
1.90457
1.54618
1.53152
1.78388
1.66708
1.62085
1.61323
1.72251
2.27603
1.51562
1.76007
1.34045
1.40758
1.27705
1.4095
1.78732
1.72783
1.94348
1.62112
1.6887
1.50407
1.46432
1.86505
1.45253
1.5512
1.43955
1.46361
1.71144
1.5221
1.54025
1.46011
1.51445
1.67485
1.51906
1.67097
1.58432
1.77894
1.31133
1.65435
1.62487
1.76722
1.48146
1.5009
1.65678
1.84261
1.49252
1.68607
1.58109
1.54866
1.8357
1.607
2.05455
1.44982
1.38794
1.61131
1.52473
1.36137
1.74246
1.45675
1.77241
1.86167
1.53635
1.65246
1.53301
1.5138
1.79511
1.72943
1.30133
1.90953
1.83647
1.48445
1.65863
1.31522
1.52752
1.51874
1.67835
2.09615
2.7212
1.94227
1.60985
1.44162
1.38519
1.68464
1.77644
1.65412
1.50728
1.59991
1.81504
1.57667
1.47819
1.65244
1.39013
1.59177
1.9373
1.43659
1.59888
1.66208
1.17822
1.04767
1.13118
1.3126
1.10759
1.19205
1.15015
1.18626
1.0394
1.1445
1.37424
1.22951
1.04012
1.10021
1.06357
1.07307
1.21118
1.2568
1.11609
1.09597
1.09106
1.16187
1.26739
1.13052
1.13901
1.13648
1.12747
1.41261
1.10673
1.16716
1.26505
1.21652
1.19013
1.06311
1.06592
1.22915
1.07802
1.17492
1.08261
1.02259
1.26975
1.20259
1.16815
1.12626
1.17924
1.03724
1.30093
1.11158
1.16239
1.14559
1.20335
1.22755
1.09717
1.33781
1.11084
1.18617
1.14016
1.12242
1.16838
1.07365
1.16432
1.28873
1.44623
1.14554
1.26556
1.12194
1.07035
1.13027
1.24756
1.10844
1.03677
1.22591
1.10686
1.09705
1.24071
1.25818
1.30773
1.19496
1.12612
1.04926
1.09705
1.07946
1.29385
1.15358
1.07238
1.08058
1.10499
1.20009
1.34935
1.17346
1.03227
1.05249
1.16727
1.11416
1.12465
1.12264
1.04721
1.09463
1.16661
1.2088
1.15715
1.16674
1.22716
1.06515
1.14511
1.14018
1.28032
1.23318
1.05746
1.31939
1.21484
1.30329
1.1132
1.18114
1.05888
1.20693
1.05575
1.12957
1.14823
1.09369
1.25786
1.11468
1.32719
1.20542
1.20986
1.10914
1.12339
1.05053
1.09715
1.08458
1.1215
1.44314
1.17329
1.34951
1.17518
1.13172
1.1057
1.13289
1.20963
1.15953
1.15972
1.12696
1.15358
1.05244
1.26029
1.0809
1.07513
1.35475
1.1187
1.10002
1.19376
1.04975
1.10301
1.1172
1.08986
1.09707
1.1915
1.0823
1.1834
1.08233
1.16674
1.14397
1.03941
1.04251
1.39055
1.09471
1.30847
1.15881
1.19296
1.28552
1.07882
1.0565
1.22666
1.10911
1.15024
1.04754
1.17754
1.35203
1.05859
1.12184
1.10614
1.28951
1.16329
1.30158
1.23246
1.20746
1.15673
1.0904
1.08999
1.22047
1.14468
1.07035
1.01754
1.09913
1.17862
1.0503
1.30759
1.1358
1.10708
1.07124
1.2846
1.15257
1.0729
1.08813
1.20101
1.09224
1.09898
1.04826
1.07922
1.13061
1.22653
1.20262
1.10409
1.2756
1.05083
1.21397
1.21748
1.17843
1.14517
1.04478
1.21207
1.36092
1.16334
1.14106
1.20821
1.23423
1.30947
1.13709
1.02943
1.09137
1.16465
1.11254
1.1166
1.20156
1.13818
1.11369
1.28914
1.03549
1.10564
1.16251
1.03129
1.1365
1.19463
1.13264
1.1195
1.18384
1.07543
1.13717
1.03443
1.31281
1.11205
1.08305
1.09433
1.18732
1.11715
1.07033
1.14164
1.0781
1.14581
1.1687
1.07463
1.06639
1.25064
1.17835
1.17148
1.0906
1.34344
1.15498
1.0505
1.07887
1.19277
1.13062
1.21967
1.03539
1.15591
1.23027
1.06409
1.05711
1.16691
1.07506
1.24451
1.16251
1.17222
1.22309
1.13744
1.14556
1.29326
1.14457
1.32077
1.09297
1.12558
1.05171
1.30691
1.33849
1.14357
1.45945
1.05441
1.31121
1.03541
1.27866
1.12337
1.14134
1.16925
1.05866
1.05457
1.10389
1.116
1.05647
1.58725
1.08143
1.08183
1.04101
1.23853
1.14182
1.14318
1.17004
1.35607
1.06243
1.19259
1.11018
1.04797
1.1479
1.2907
1.23382
1.04026
1.11204
1.1688
1.13684
1.05222
1.12142
1.19626
1.07321
1.25369
1.14316
1.40682
1.11811
1.20634
1.13891
1.18676
1.17917
1.10879
1.03622
1.1851
1.12045
1.03398
1.13854
1.34056
1.06072
1.11425
1.06642
1.07195
1.18629
1.06468
1.06587
1.26753
1.68346
1.30804
1.1171
1.12347
1.15497
1.0729
1.29333
1.0991
1.0935
1.18778
1.28707
1.13267
1.04048
1.0673
1.14637
1.1307
1.11529
1.23539
1.24114
1.09603
1.07679
1.2399
1.02856
1.17094
1.04411
1.04203
1.21622
1.13622
1.11036
1.22241
1.45567
1.16537
1.31325
1.06281
1.04543
1.28614
1.1583
1.0109
1.08841
1.0648
1.12391
1.21437
1.04643
1.17271
1.16838
1.70627
1.0789
1.02806
1.21996
1.15139
1.08234
1.11624
1.15464
1.16021
1.33677
1.09308
1.22789
1.24617
1.18661
1.08783
1.11026
1.17109
1.35164
1.13418
1.2413
1.18712
1.15647
1.14195
1.16921
1.05856
1.18013
1.121
1.08197
1.13085
1.12969
1.10555
1.13066
1.05877
1.13838
1.14008
1.21173
1.14133
1.03686
1.06383
1.10944
1.0546
1.11827
1.0754
1.04662
1.11006
1.09316
1.09973
1.16852
1.06375
1.0942
1.09962
1.03521
1.09659
1.04492
1.2626
1.1749
1.17457
1.15189
1.20761
1.05244
1.20333
1.09265
1.13864
1.13005
1.09262
1.38403
1.04551
1.32827
1.194
1.1128
1.09947
1.07319
1.04182
1.17851
1.15351
1.0675
1.31253
1.09732
1.1984
1.15022
1.06255
1.08946
1.0299
1.20039
1.0723
1.04907
1.07408
1.38957
1.29802
1.14428
1.15378
1.21906
1.27095
1.07731
1.3062
1.21586
1.13529
1.1141
1.13719
1.10071
1.17372
1.08703
1.13646
1.15847
1.33621
1.19275
1.14187
1.34065
1.14304
1.04701
1.09357
1.02574
1.07306
1.07001
1.09431
1.34365
1.07241
1.08113
1.0868
1.15988
1.3078
1.05247
1.17729
1.31724
1.14255
1.20194
1.13776
1.14569
1.2212
1.17375
1.2061
1.21378
1.17357
1.03108
1.1853
1.07133
1.107
1.08416
1.04211
1.13337
1.07361
1.11306
1.16997
1.2943
1.13539
1.20592
1.13822
1.13199
1.23285
1.15889
1.04036
1.12885
1.10769
1.11981
1.42711
1.16692
1.09535
1.14153
1.14553
1.13496
1.23452
1.23716
1.17535
1.19344
1.1357
1.09645
1.15583
1.11573
1.20903
1.21993
1.10574
1.24937
1.20056
1.08808
1.1486
1.39882
1.12154
1.30474
1.04061
1.12582
1.03182
1.05621
1.04097
1.23355
1.13361
1.13819
1.07658
1.23137
1.10355
1.07997
1.16359
1.12707
1.39034
1.32771
1.19931
1.2144
1.41082
1.0995
1.25659
1.15985
1.2842
1.10087
1.04256
1.06125
1.08015
1.25625
1.08163
1.11835
1.1237
1.24609
1.05433
1.08456
1.24439
1.08446
1.12356
1.0527
1.05934
1.06679
1.06672
1.08961
1.12146
1.06163
1.05657
1.09232
1.06823
1.12752
1.12784
1.28339
1.03919
1.46239
1.05227
1.30017
1.14023
1.0888
1.2524
1.23638
1.04556
1.29657
1.04766
1.38216
1.0726
1.1308
1.21461
1.0712
1.129
1.14253
1.36876
1.17889
1.34715
1.12142
1.05356
1.15635
1.04275
1.08725
1.10315
1.08987
1.10954
1.28968
1.07394
1.25327
1.23568
1.06383
1.12869
1.136
1.21299
1.21349
1.20248
1.07489
1.09135
1.13171
1.20717
1.1558
1.20125
1.13453
1.32924
1.05658
1.08713
1.06666
1.03952
1.06375
1.13666
1.41519
1.10958
1.1652
1.10077
1.21857
1.04299
1.07488
1.23553
1.30893
1.03796
1.17299
1.10422
1.03131
1.18756
1.22604
1.11809
1.17561
1.09625
1.08252
1.20369
1.13852
1.15233
1.16575
1.09021
1.08555
1.18162
1.13271
1.24399
1.11089
1.09233
1.04526
1.07069
1.15173
1.05425
1.07197
1.16167
1.13316
1.12515
1.1183
1.08368
1.17074
1.15186
1.11872
1.10355
1.03835
1.15055
1.18497
1.12074
1.23652
1.1002
1.09387
1.17373
1.07427
1.10781
1.11836
1.11147
1.10252
1.13706
1.13156
1.10158
1.16841
1.13268
1.05251
1.06257
1.1488
1.17651
1.09005
1.11962
1.16032
1.16265
1.18341
1.50866
1.08856
1.14558
1.0425
1.13769
1.0499
1.13999
1.07967
1.09694
1.11989
1.28358
1.18058
1.2793
1.11569
1.24071
1.17365
1.05302
1.09343
1.0797
1.05806
1.08607
1.12661
1.04015
1.05157
1.18572
1.1352
1.05349
1.27599
1.24917
1.07417
1.2045
1.07977
1.0499
1.04561
1.14613
1.18274
1.08815
1.35376
1.23673
1.29924
1.08361
1.23355
1.10725
1.21958
1.07581
1.13256
1.08587
1.51479
1.01165
1.14403
1.14143
1.03245
1.08539
1.08606
1.08655
1.12329
1.13973
1.09853
1.18444
1.05878
1.06577
1.16462
1.04425
1.11746
1.11946
1.15974
1.2488
1.21631
1.08067
1.08797
1.46708
1.12179
1.19828
1.37154
1.10986
1.16887
1.14905
1.56778
1.03203
1.23287
1.09588
1.14767
1.29111
1.06834
1.39435
1.12848
1.09067
1.06777
1.12742
1.04919
1.13955
1.21668
1.10468
1.11136
1.08002
1.12405
1.16795
1.07127
1.10472
1.01476
1.18789
1.416
1.08884
1.06916
1.31668
1.02707
1.24724
1.12174
1.50595
1.13052
1.10293
1.18155
1.1962
1.23674
1.15447
1.23345
1.05521
1.42804
1.1911
1.13145
1.14019
1.1351
1.0882
1.049
1.16407
1.19064
1.13287
1.14489
1.17069
1.12596
1.25928
1.06858
1.0915
1.03246
1.05196
1.09518
1.12261
1.15916
1.12506
1.09311
1.20302
1.14101
1.10349
1.03555
1.11962
1.30395
1.13084
1.1876
1.33842
1.23322
1.1261
1.24051
1.04221
1.10853
1.21215
1.14339
1.15992
1.16302
1.348
1.2357
1.05844
1.26313
1.09528
1.03561
1.07028
1.21235
1.18865
1.39903
1.07541
1.05824
1.19398
1.05232
1.08131
1.31647
1.12364
1.09159
1.09183
1.13281
1.05051
1.19777
1.10127
1.06116
1.06209
1.11551
1.1289
1.0725
1.28424
1.15302
1.0636
1.10817
1.16829
1.14857
1.10879
1.18503
1.22987
1.34427
1.10266
1.26449
1.05341
1.15622
1.16899
1.08884
1.27244
1.18775
1.03872
1.22682
1.17835
1.07757
1.14848
1.03263
1.10579
1.15988
1.10532
1.22264
1.07144
1.08681
1.11978
1.12815
1.04079
1.05073
1.52548
1.07324
1.10562
1.07066
1.06951
1.14431
1.4096
1.54261
1.66983
1.23279
1.08809
1.07996
1.11338
1.16035
1.17022
1.07873
1.0655
1.13967
1.39136
1.05768
1.21847
1.06402
1.18684
1.16869
1.14316
1.13345
1.14294
1.17026
1.5303
1.45276
1.7326
1.6658
1.56525
1.66258
1.68178
1.46555
1.68162
1.77326
1.75481
1.63585
1.48678
1.43804
1.52968
1.50514
1.73788
1.59592
1.47429
1.40751
1.42184
1.91037
2.54453
1.68853
1.59504
1.48045
1.51631
1.90621
1.38663
1.44777
1.54125
1.6005
1.60871
1.33871
1.58924
1.71614
1.74971
1.88363
1.67719
1.32465
1.51635
1.5567
1.66049
1.55867
1.5449
1.43326
1.57466
1.54926
1.63777
1.52436
1.36136
1.60977
1.82206
2.03189
1.52133
1.54608
1.41276
1.74568
1.55315
1.83968
1.65583
1.65569
1.68959
1.45692
1.85169
1.42888
1.61085
1.81509
1.61636
1.47991
1.40766
1.9411
1.49133
1.47991
2.20693
1.89514
1.75719
1.55482
1.44237
1.48281
1.53731
1.36976
1.94755
1.43276
1.39181
1.48854
1.46332
1.6059
2.10532
1.76786
1.37271
1.51519
1.69061
1.5236
1.48437
1.52028
1.43457
1.53501
1.52535
1.47934
1.62827
1.5772
2.54092
1.48748
1.41261
1.48619
1.90143
1.61104
1.37897
1.5933
1.49264
2.50913
1.60543
1.67866
1.71187
1.61621
1.3061
1.65146
1.38464
1.59301
1.56771
1.58757
1.82671
1.6168
1.97075
1.28723
1.47886
1.48275
1.59495
1.40751
1.55825
1.86358
1.50351
1.86428
1.43159
1.35412
1.6978
1.88924
1.60254
1.38453
1.9938
1.48106
1.69542
1.59764
1.77486
1.52584
1.36371
1.80759
1.54541
1.59728
1.5075
1.48441
1.68706
1.57842
1.59732
1.68399
1.85915
1.75494
1.54122
1.61599
1.63442
1.76763
1.35184
1.39048
1.74817
1.43338
1.65943
1.63426
1.42373
1.60764
1.86944
1.34485
1.71523
1.41198
1.62185
1.28924
1.80576
1.9054
1.38983
1.60699
1.5369
1.98078
1.58104
1.58148
1.59099
2.07544
1.52186
1.38961
1.46549
1.55918
1.66068
1.59261
1.40695
1.45548
1.68529
1.33243
1.83785
1.5595
1.59812
1.47974
2.0997
1.53269
1.43554
1.74498
1.89111
1.55089
1.31984
1.72055
1.55337
1.56999
1.43648
1.82133
1.36489
1.61618
1.58562
2.03947
1.54727
1.59632
1.48995
1.47859
1.64218
1.68442
1.57132
1.88646
1.33988
1.69742
2.0358
1.63774
1.25947
1.56504
1.58763
1.69909
1.45846
1.56206
1.49656
1.4277
1.95815
1.15583
1.44505
1.65365
1.60408
1.79932
1.74934
1.5005
1.47116
1.66781
1.81046
1.43605
1.73119
1.71668
1.7726
1.75485
1.55105
1.50869
1.41216
1.63584
1.5246
1.47109
1.54624
1.41334
1.46109
1.42265
1.85642
1.65997
1.84796
1.64391
2.04153
1.8954
1.38833
1.58036
1.69856
1.55149
1.58442
1.53696
1.72822
1.63851
1.45798
1.57361
1.5743
1.62189
1.614
1.73971
1.61536
1.56982
1.37029
2.05222
1.83993
1.49114
1.81741
1.62356
1.64795
1.63517
1.55745
1.71235
1.64219
1.94903
1.343
1.94251
1.18615
1.54307
1.61442
1.85396
1.54152
1.78432
1.38308
1.50079
1.50617
1.71138
1.87663
1.40127
1.5127
1.51251
1.91629
1.57751
1.60471
1.68813
1.76818
1.76244
1.93044
1.71066
1.52337
1.55444
1.94144
1.84212
1.64532
1.53659
1.58558
1.34957
1.45166
1.38896
1.65859
1.5325
1.4702
1.4863
2.12668
1.80553
1.49089
1.62259
1.59111
1.58751
1.58388
1.4429
1.47575
1.45355
1.34338
1.42162
1.72751
1.89143
1.53191
1.50379
1.42204
1.62614
1.54578
1.47978
1.53422
2.85699
1.67194
1.56689
1.6948
1.59512
1.4554
1.72426
1.57623
1.94819
1.92267
1.53681
1.53319
1.70066
1.27069
1.49387
1.68596
1.68652
1.76752
1.58263
1.30709
1.40341
1.54632
1.28911
1.3395
1.5617
1.28927
2.98876
1.79537
1.91191
1.49615
2.25022
1.50499
1.7548
1.4551
1.666
1.83219
1.71336
1.50125
1.65682
1.34351
1.59185
1.4987
1.53696
1.76667
1.64504
2.19184
1.26866
1.2568
1.60645
1.82915
1.37479
1.68973
1.42929
1.65476
1.74827
1.56318
1.87636
1.83087
1.48445
1.62421
1.52301
1.65188
2.07067
1.58592
1.80115
1.90543
1.39139
1.59673
1.96655
1.52486
1.61377
1.60031
1.87872
1.43273
1.51876
1.78067
1.56268
1.6699
1.75899
1.57363
1.88543
1.54723
1.28281
1.63021
1.6194
1.72488
1.74609
1.35486
1.59279
1.74625
1.43335
1.53421
1.76754
1.45838
1.40408
1.50306
1.34392
1.8542
1.50342
1.66401
1.83436
1.53802
1.51278
1.77665
1.72544
1.84256
1.74833
1.6145
1.52179
1.77755
1.89268
1.75617
1.70186
1.66761
1.68979
1.50529
1.34997
1.45597
1.37986
1.52384
1.50278
1.8599
1.41693
1.71496
1.74689
1.4504
1.75586
1.4065
1.90763
1.52392
1.55589
1.75058
1.68786
2.04303
1.4836
1.47074
1.8536
1.63674
1.36205
1.65979
1.81664
1.66619
1.4674
1.83176
1.67784
1.55402
1.51155
1.49709
1.46737
1.66789
1.74745
1.88367
1.8046
1.6349
1.44353
1.34103
1.29953
1.6252
1.51537
1.36995
1.9299
1.66899
1.56191
1.64119
1.53806
1.94745
1.52658
1.76284
1.52491
1.99904
1.74188
1.52196
1.71964
1.53487
2.20899
1.51579
1.42963
1.45821
1.34473
1.40235
1.60381
1.49403
1.30394
1.48949
1.81188
1.56873
1.54633
1.43512
1.58629
1.5642
2.16673
1.70209
1.52854
1.92519
1.45653
1.68711
1.66586
1.46798
1.63417
1.77507
1.67419
1.40017
1.66811
1.70734
1.4631
1.63811
1.6512
1.61722
1.96161
1.56659
1.43873
1.53784
1.69997
1.67703
1.58291
1.47394
1.69044
1.59565
1.41924
1.49534
1.89661
1.65165
1.84558
1.46399
1.61638
1.32901
1.56357
1.57668
1.73574
1.67625
1.56858
1.63333
1.68149
1.42348
1.49246
1.44778
1.47982
1.62783
1.73753
1.5984
1.74024
1.77392
1.42402
1.52532
1.56251
1.91593
1.64557
1.46058
1.57879
1.56239
1.49674
1.51692
1.59783
1.50863
1.75131
1.4382
1.76511
1.75255
1.53678
1.43754
1.59654
1.35549
1.63802
1.4604
1.37028
1.75844
1.56179
1.73129
1.68368
1.57917
1.63021
1.40776
1.92166
1.57771
1.92652
1.57986
1.83223
1.38686
1.51085
2.01376
1.49477
1.44054
1.82168
1.58527
1.76351
1.53547
1.76639
1.74104
1.61983
1.63165
1.8532
1.80007
1.61929
1.79433
1.62676
1.49402
1.5765
1.6157
1.43883
1.60884
1.4659
1.4898
1.60246
1.28847
1.53114
1.87026
1.56419
1.59338
1.76487
1.91176
1.84164
1.77183
1.71511
1.70548
1.88247
1.67647
1.54451
1.8051
1.54759
1.6206
1.65743
1.51445
1.56642
1.49895
1.55799
1.37689
1.92344
2.16587
1.83245
1.57656
1.89914
1.7846
1.67944
1.67767
1.87164
1.26912
2.28073
1.69249
1.30044
1.35612
1.71412
1.75425
1.65538
1.34901
1.89551
1.62411
1.3973
1.97121
1.52064
1.58723
1.54394
1.62799
1.69749
1.47241
1.76525
1.71051
1.41817
1.60969
1.60319
1.9251
1.57298
1.5085
1.63636
1.77481
1.52003
1.59174
2.08593
1.33606
1.65175
1.56691
1.3996
1.41385
1.65994
2.0901
1.68115
1.3738
1.39533
1.62153
1.42332
2.05689
1.49779
1.50917
1.38353
1.41751
1.38778
1.73572
1.78779
1.39774
1.55873
1.45471
1.91657
1.40769
1.54876
1.60952
1.45605
1.58063
1.82783
1.96005
1.58106
1.79568
1.47451
1.8348
1.54733
1.643
1.42763
1.48282
1.66451
1.57283
1.60968
2.05537
1.50463
1.66748
1.7415
1.62755
1.40682
1.38094
1.4879
1.61335
1.61084
1.49157
1.47271
1.73842
1.7194
1.41855
1.60627
1.64819
1.61583
1.84566
1.36066
1.54566
1.60409
1.64352
1.89605
1.4436
2.08243
1.50043
1.78724
1.55093
1.83608
1.45243
2.22386
1.43924
1.60403
1.61565
1.91465
1.59036
1.54
1.77505
1.35178
1.4792
1.57599
1.67752
1.59795
1.73153
1.45525
1.39741
1.4436
1.45119
1.54641
1.6562
1.61592
1.38855
1.65351
1.73329
1.45007
1.39846
1.86099
1.86585
1.49693
1.59458
2.30188
1.59875
1.745
1.76846
2.03985
1.31404
1.66723
1.57699
1.51254
1.57681
1.62839
1.79213
1.57055
1.70932
1.5708
1.8367
1.76627
1.56797
1.56671
1.93695
1.82778
1.59804
1.59647
1.7621
1.38255
1.30827
1.4703
1.47051
1.83228
1.52843
1.48555
1.60159
1.29943
1.5268
1.52824
1.84752
1.48947
1.72804
1.39931
1.43602
1.73835
1.75248
1.51094
1.48194
1.68334
1.583
1.53006
1.62199
1.68093
1.42688
1.40462
1.72424
1.55517
1.54382
1.68891
1.67746
1.68886
1.70692
1.64155
1.49684
1.53712
1.6127
1.62891
1.87267
1.58624
1.78154
1.61722
1.6348
1.59791
1.70295
1.50118
1.36961
1.61241
1.47677
1.46382
1.63927
1.77275
1.54796
1.90457
1.54618
1.53152
1.78388
1.66708
1.62085
1.61323
1.72251
2.27603
1.51562
1.76007
1.34045
1.40758
1.27705
1.4095
1.78732
1.72783
1.94348
1.62112
1.6887
1.50407
1.46432
1.86505
1.45253
1.5512
1.43955
1.46361
1.71144
1.5221
1.54025
1.46011
1.51445
1.67485
1.51906
1.67097
1.58432
1.77894
1.31133
1.65435
1.62487
1.76722
1.48146
1.5009
1.65678
1.84261
1.49252
1.68607
1.58109
1.54866
1.8357
1.607
2.05455
1.44982
1.38794
1.61131
1.52473
1.36137
1.74246
1.45675
1.77241
1.86167
1.53635
1.65246
1.53301
1.5138
1.79511
1.72943
1.30133
1.90953
1.83647
1.48445
1.65863
1.31522
1.52752
1.51874
1.67835
2.09615
2.7212
1.94227
1.60985
1.44162
1.38519
1.68464
1.77644
1.65412
1.50728
1.59991
1.81504
1.57667
1.47819
1.65244
1.39013
1.59177
1.9373
1.43659
1.59888
1.66208
1.5303
1.45276
1.7326
1.6658
1.56525
1.66258
1.68178
1.46555
1.68162
1.77326
1.75481
1.63585
1.48678
1.43804
1.52968
1.50514
1.73788
1.59592
1.47429
1.40751
1.42184
1.91037
2.54453
1.68853
1.59504
1.48045
1.51631
1.90621
1.38663
1.44777
1.54125
1.6005
1.60871
1.33871
1.58924
1.71614
1.74971
1.88363
1.67719
1.32465
1.51635
1.5567
1.66049
1.55867
1.5449
1.43326
1.57466
1.54926
1.63777
1.52436
1.36136
1.60977
1.82206
2.03189
1.52133
1.54608
1.41276
1.74568
1.55315
1.83968
1.65583
1.65569
1.68959
1.45692
1.85169
1.42888
1.61085
1.81509
1.61636
1.47991
1.40766
1.9411
1.49133
1.47991
2.20693
1.89514
1.75719
1.55482
1.44237
1.48281
1.53731
1.36976
1.94755
1.43276
1.39181
1.48854
1.46332
1.6059
2.10532
1.76786
1.37271
1.51519
1.69061
1.5236
1.48437
1.52028
1.43457
1.53501
1.52535
1.47934
1.62827
1.5772
2.54092
1.48748
1.41261
1.48619
1.90143
1.61104
1.37897
1.5933
1.49264
2.50913
1.60543
1.67866
1.71187
1.61621
1.3061
1.65146
1.38464
1.59301
1.56771
1.58757
1.82671
1.6168
1.97075
1.28723
1.47886
1.48275
1.59495
1.40751
1.55825
1.86358
1.50351
1.86428
1.43159
1.35412
1.6978
1.88924
1.60254
1.38453
1.9938
1.48106
1.69542
1.59764
1.77486
1.52584
1.36371
1.80759
1.54541
1.59728
1.5075
1.48441
1.68706
1.57842
1.59732
1.68399
1.85915
1.75494
1.54122
1.61599
1.63442
1.76763
1.35184
1.39048
1.74817
1.43338
1.65943
1.63426
1.42373
1.60764
1.86944
1.34485
1.71523
1.41198
1.62185
1.28924
1.80576
1.9054
1.38983
1.60699
1.5369
1.98078
1.58104
1.58148
1.59099
2.07544
1.52186
1.38961
1.46549
1.55918
1.66068
1.59261
1.40695
1.45548
1.68529
1.33243
1.83785
1.5595
1.59812
1.47974
2.0997
1.53269
1.43554
1.74498
1.89111
1.55089
1.31984
1.72055
1.55337
1.56999
1.43648
1.82133
1.36489
1.61618
1.58562
2.03947
1.54727
1.59632
1.48995
1.47859
1.64218
1.68442
1.57132
1.88646
1.33988
1.69742
2.0358
1.63774
1.25947
1.56504
1.58763
1.69909
1.45846
1.56206
1.49656
1.4277
1.95815
1.15583
1.44505
1.65365
1.60408
1.79932
1.74934
1.5005
1.47116
1.66781
1.81046
1.43605
1.73119
1.71668
1.7726
1.75485
1.55105
1.50869
1.41216
1.63584
1.5246
1.47109
1.54624
1.41334
1.46109
1.42265
1.85642
1.65997
1.84796
1.64391
2.04153
1.8954
1.38833
1.58036
1.69856
1.55149
1.58442
1.53696
1.72822
1.63851
1.45798
1.57361
1.5743
1.62189
1.614
1.73971
1.61536
1.56982
1.37029
2.05222
1.83993
1.49114
1.81741
1.62356
1.64795
1.63517
1.55745
1.71235
1.64219
1.94903
1.343
1.94251
1.18615
1.54307
1.61442
1.85396
1.54152
1.78432
1.38308
1.50079
1.50617
1.71138
1.87663
1.40127
1.5127
1.51251
1.91629
1.57751
1.60471
1.68813
1.76818
1.76244
1.93044
1.71066
1.52337
1.55444
1.94144
1.84212
1.64532
1.53659
1.58558
1.34957
1.45166
1.38896
1.65859
1.5325
1.4702
1.4863
2.12668
1.80553
1.49089
1.62259
1.59111
1.58751
1.58388
1.4429
1.47575
1.45355
1.34338
1.42162
1.72751
1.89143
1.53191
1.50379
1.42204
1.62614
1.54578
1.47978
1.53422
2.85699
1.67194
1.56689
1.6948
1.59512
1.4554
1.72426
1.57623
1.94819
1.92267
1.53681
1.53319
1.70066
1.27069
1.49387
1.68596
1.68652
1.76752
1.58263
1.30709
1.40341
1.54632
1.28911
1.3395
1.5617
1.28927
2.98876
1.79537
1.91191
1.49615
2.25022
1.50499
1.7548
1.4551
1.666
1.83219
1.71336
1.50125
1.65682
1.34351
1.59185
1.4987
1.53696
1.76667
1.64504
2.19184
1.26866
1.2568
1.60645
1.82915
1.37479
1.68973
1.42929
1.65476
1.74827
1.56318
1.87636
1.83087
1.48445
1.62421
1.52301
1.65188
2.07067
1.58592
1.80115
1.90543
1.39139
1.59673
1.96655
1.52486
1.61377
1.60031
1.87872
1.43273
1.51876
1.78067
1.56268
1.6699
1.75899
1.57363
1.88543
1.54723
1.28281
1.63021
1.6194
1.72488
1.74609
1.35486
1.59279
1.74625
1.43335
1.53421
1.76754
1.45838
1.40408
1.50306
1.34392
1.8542
1.50342
1.66401
1.83436
1.53802
1.51278
1.77665
1.72544
1.84256
1.74833
1.6145
1.52179
1.77755
1.89268
1.75617
1.70186
1.66761
1.68979
1.50529
1.34997
1.45597
1.37986
1.52384
1.50278
1.8599
1.41693
1.71496
1.74689
1.4504
1.75586
1.4065
1.90763
1.52392
1.55589
1.75058
1.68786
2.04303
1.4836
1.47074
1.8536
1.63674
1.36205
1.65979
1.81664
1.66619
1.4674
1.83176
1.67784
1.55402
1.51155
1.49709
1.46737
1.66789
1.74745
1.88367
1.8046
1.6349
1.44353
1.34103
1.29953
1.6252
1.51537
1.36995
1.9299
1.66899
1.56191
1.64119
1.53806
1.94745
1.52658
1.76284
1.52491
1.99904
1.74188
1.52196
1.71964
1.53487
2.20899
1.51579
1.42963
1.45821
1.34473
1.40235
1.60381
1.49403
1.30394
1.48949
1.81188
1.56873
1.54633
1.43512
1.58629
1.5642
2.16673
1.70209
1.52854
1.92519
1.45653
1.68711
1.66586
1.46798
1.63417
1.77507
1.67419
1.40017
1.66811
1.70734
1.4631
1.63811
1.6512
1.61722
1.96161
1.56659
1.43873
1.53784
1.69997
1.67703
1.58291
1.47394
1.69044
1.59565
1.41924
1.49534
1.89661
1.65165
1.84558
1.46399
1.61638
1.32901
1.56357
1.57668
1.73574
1.67625
1.56858
1.63333
1.68149
1.42348
1.49246
1.44778
1.47982
1.62783
1.73753
1.5984
1.74024
1.77392
1.42402
1.52532
1.56251
1.91593
1.64557
1.46058
1.57879
1.56239
1.49674
1.51692
1.59783
1.50863
1.75131
1.4382
1.76511
1.75255
1.53678
1.43754
1.59654
1.35549
1.63802
1.4604
1.37028
1.75844
1.56179
1.73129
1.68368
1.57917
1.63021
1.40776
1.92166
1.57771
1.92652
1.57986
1.83223
1.38686
1.51085
2.01376
1.49477
1.44054
1.82168
1.58527
1.76351
1.53547
1.76639
1.74104
1.61983
1.63165
1.8532
1.80007
1.61929
1.79433
1.62676
1.49402
1.5765
1.6157
1.43883
1.60884
1.4659
1.4898
1.60246
1.28847
1.53114
1.87026
1.56419
1.59338
1.76487
1.91176
1.84164
1.77183
1.71511
1.70548
1.88247
1.67647
1.54451
1.8051
1.54759
1.6206
1.65743
1.51445
1.56642
1.49895
1.55799
1.37689
1.92344
2.16587
1.83245
1.57656
1.89914
1.7846
1.67944
1.67767
1.87164
1.26912
2.28073
1.69249
1.30044
1.35612
1.71412
1.75425
1.65538
1.34901
1.89551
1.62411
1.3973
1.97121
1.52064
1.58723
1.54394
1.62799
1.69749
1.47241
1.76525
1.71051
1.41817
1.60969
1.60319
1.9251
1.57298
1.5085
1.63636
1.77481
1.52003
1.59174
2.08593
1.33606
1.65175
1.56691
1.3996
1.41385
1.65994
2.0901
1.68115
1.3738
1.39533
1.62153
1.42332
2.05689
1.49779
1.50917
1.38353
1.41751
1.38778
1.73572
1.78779
1.39774
1.55873
1.45471
1.91657
1.40769
1.54876
1.60952
1.45605
1.58063
1.82783
1.96005
1.58106
1.79568
1.47451
1.8348
1.54733
1.643
1.42763
1.48282
1.66451
1.57283
1.60968
2.05537
1.50463
1.66748
1.7415
1.62755
1.40682
1.38094
1.4879
1.61335
1.61084
1.49157
1.47271
1.73842
1.7194
1.41855
1.60627
1.64819
1.61583
1.84566
1.36066
1.54566
1.60409
1.64352
1.89605
1.4436
2.08243
1.50043
1.78724
1.55093
1.83608
1.45243
2.22386
1.43924
1.60403
1.61565
1.91465
1.59036
1.54
1.77505
1.35178
1.4792
1.57599
1.67752
1.59795
1.73153
1.45525
1.39741
1.4436
1.45119
1.54641
1.6562
1.61592
1.38855
1.65351
1.73329
1.45007
1.39846
1.86099
1.86585
1.49693
1.59458
2.30188
1.59875
1.745
1.76846
2.03985
1.31404
1.66723
1.57699
1.51254
1.57681
1.62839
1.79213
1.57055
1.70932
1.5708
1.8367
1.76627
1.56797
1.56671
1.93695
1.82778
1.59804
1.59647
1.7621
1.38255
1.30827
1.4703
1.47051
1.83228
1.52843
1.48555
1.60159
1.29943
1.5268
1.52824
1.84752
1.48947
1.72804
1.39931
1.43602
1.73835
1.75248
1.51094
1.48194
1.68334
1.583
1.53006
1.62199
1.68093
1.42688
1.40462
1.72424
1.55517
1.54382
1.68891
1.67746
1.68886
1.70692
1.64155
1.49684
1.53712
1.6127
1.62891
1.87267
1.58624
1.78154
1.61722
1.6348
1.59791
1.70295
1.50118
1.36961
1.61241
1.47677
1.46382
1.63927
1.77275
1.54796
1.90457
1.54618
1.53152
1.78388
1.66708
1.62085
1.61323
1.72251
2.27603
1.51562
1.76007
1.34045
1.40758
1.27705
1.4095
1.78732
1.72783
1.94348
1.62112
1.6887
1.50407
1.46432
1.86505
1.45253
1.5512
1.43955
1.46361
1.71144
1.5221
1.54025
1.46011
1.51445
1.67485
1.51906
1.67097
1.58432
1.77894
1.31133
1.65435
1.62487
1.76722
1.48146
1.5009
1.65678
1.84261
1.49252
1.68607
1.58109
1.54866
1.8357
1.607
2.05455
1.44982
1.38794
1.61131
1.52473
1.36137
1.74246
1.45675
1.77241
1.86167
1.53635
1.65246
1.53301
1.5138
1.79511
1.72943
1.30133
1.90953
1.83647
1.48445
1.65863
1.31522
1.52752
1.51874
1.67835
2.09615
2.7212
1.94227
1.60985
1.44162
1.38519
1.68464
1.77644
1.65412
1.50728
1.59991
1.81504
1.57667
1.47819
1.65244
1.39013
1.59177
1.9373
1.43659
1.59888
1.66208
1.5303
1.45276
1.7326
1.6658
1.56525
1.66258
1.68178
1.46555
1.68162
1.77326
1.75481
1.63585
1.48678
1.43804
1.52968
1.50514
1.73788
1.59592
1.47429
1.40751
1.42184
1.91037
2.54453
1.68853
1.59504
1.48045
1.51631
1.90621
1.38663
1.44777
1.54125
1.6005
1.60871
1.33871
1.58924
1.71614
1.74971
1.88363
1.67719
1.32465
1.51635
1.5567
1.66049
1.55867
1.5449
1.43326
1.57466
1.54926
1.63777
1.52436
1.36136
1.60977
1.82206
2.03189
1.52133
1.54608
1.41276
1.74568
1.55315
1.83968
1.65583
1.65569
1.68959
1.45692
1.85169
1.42888
1.61085
1.81509
1.61636
1.47991
1.40766
1.9411
1.49133
1.47991
2.20693
1.89514
1.75719
1.55482
1.44237
1.48281
1.53731
1.36976
1.94755
1.43276
1.39181
1.48854
1.46332
1.6059
2.10532
1.76786
1.37271
1.51519
1.69061
1.5236
1.48437
1.52028
1.43457
1.53501
1.52535
1.47934
1.62827
1.5772
2.54092
1.48748
1.41261
1.48619
1.90143
1.61104
1.37897
1.5933
1.49264
2.50913
1.60543
1.67866
1.71187
1.61621
1.3061
1.65146
1.38464
1.59301
1.56771
1.58757
1.82671
1.6168
1.97075
1.28723
1.47886
1.48275
1.59495
1.40751
1.55825
1.86358
1.50351
1.86428
1.43159
1.35412
1.6978
1.88924
1.60254
1.38453
1.9938
1.48106
1.69542
1.59764
1.77486
1.52584
1.36371
1.80759
1.54541
1.59728
1.5075
1.48441
1.68706
1.57842
1.59732
1.68399
1.85915
1.75494
1.54122
1.61599
1.63442
1.76763
1.35184
1.39048
1.74817
1.43338
1.65943
1.63426
1.42373
1.60764
1.86944
1.34485
1.71523
1.41198
1.62185
1.28924
1.80576
1.9054
1.38983
1.60699
1.5369
1.98078
1.58104
1.58148
1.59099
2.07544
1.52186
1.38961
1.46549
1.55918
1.66068
1.59261
1.40695
1.45548
1.68529
1.33243
1.83785
1.5595
1.59812
1.47974
2.0997
1.53269
1.43554
1.74498
1.89111
1.55089
1.31984
1.72055
1.55337
1.56999
1.43648
1.82133
1.36489
1.61618
1.58562
2.03947
1.54727
1.59632
1.48995
1.47859
1.64218
1.68442
1.57132
1.88646
1.33988
1.69742
2.0358
1.63774
1.25947
1.56504
1.58763
1.69909
1.45846
1.56206
1.49656
1.4277
1.95815
1.15583
1.44505
1.65365
1.60408
1.79932
1.74934
1.5005
1.47116
1.66781
1.81046
1.43605
1.73119
1.71668
1.7726
1.75485
1.55105
1.50869
1.41216
1.63584
1.5246
1.47109
1.54624
1.41334
1.46109
1.42265
1.85642
1.65997
1.84796
1.64391
2.04153
1.8954
1.38833
1.58036
1.69856
1.55149
1.58442
1.53696
1.72822
1.63851
1.45798
1.57361
1.5743
1.62189
1.614
1.73971
1.61536
1.56982
1.37029
2.05222
1.83993
1.49114
1.81741
1.62356
1.64795
1.63517
1.55745
1.71235
1.64219
1.94903
1.343
1.94251
1.18615
1.54307
1.61442
1.85396
1.54152
1.78432
1.38308
1.50079
1.50617
1.71138
1.87663
1.40127
1.5127
1.51251
1.91629
1.57751
1.60471
1.68813
1.76818
1.76244
1.93044
1.71066
1.52337
1.55444
1.94144
1.84212
1.64532
1.53659
1.58558
1.34957
1.45166
1.38896
1.65859
1.5325
1.4702
1.4863
2.12668
1.80553
1.49089
1.62259
1.59111
1.58751
1.58388
1.4429
1.47575
1.45355
1.34338
1.42162
1.72751
1.89143
1.53191
1.50379
1.42204
1.62614
1.54578
1.47978
1.53422
2.85699
1.67194
1.56689
1.6948
1.59512
1.4554
1.72426
1.57623
1.94819
1.92267
1.53681
1.53319
1.70066
1.27069
1.49387
1.68596
1.68652
1.76752
1.58263
1.30709
1.40341
1.54632
1.28911
1.3395
1.5617
1.28927
2.98876
1.79537
1.91191
1.49615
2.25022
1.50499
1.7548
1.4551
1.666
1.83219
1.71336
1.50125
1.65682
1.34351
1.59185
1.4987
1.53696
1.76667
1.64504
2.19184
1.26866
1.2568
1.60645
1.82915
1.37479
1.68973
1.42929
1.65476
1.74827
1.56318
1.87636
1.83087
1.48445
1.62421
1.52301
1.65188
2.07067
1.58592
1.80115
1.90543
1.39139
1.59673
1.96655
1.52486
1.61377
1.60031
1.87872
1.43273
1.51876
1.78067
1.56268
1.6699
1.75899
1.57363
1.88543
1.54723
1.28281
1.63021
1.6194
1.72488
1.74609
1.35486
1.59279
1.74625
1.43335
1.53421
1.76754
1.45838
1.40408
1.50306
1.34392
1.8542
1.50342
1.66401
1.83436
1.53802
1.51278
1.77665
1.72544
1.84256
1.74833
1.6145
1.52179
1.77755
1.89268
1.75617
1.70186
1.66761
1.68979
1.50529
1.34997
1.45597
1.37986
1.52384
1.50278
1.8599
1.41693
1.71496
1.74689
1.4504
1.75586
1.4065
1.90763
1.52392
1.55589
1.75058
1.68786
2.04303
1.4836
1.47074
1.8536
1.63674
1.36205
1.65979
1.81664
1.66619
1.4674
1.83176
1.67784
1.55402
1.51155
1.49709
1.46737
1.66789
1.74745
1.88367
1.8046
1.6349
1.44353
1.34103
1.29953
1.6252
1.51537
1.36995
1.9299
1.66899
1.56191
1.64119
1.53806
1.94745
1.52658
1.76284
1.52491
1.99904
1.74188
1.52196
1.71964
1.53487
2.20899
1.51579
1.42963
1.45821
1.34473
1.40235
1.60381
1.49403
1.30394
1.48949
1.81188
1.56873
1.54633
1.43512
1.58629
1.5642
2.16673
1.70209
1.52854
1.92519
1.45653
1.68711
1.66586
1.46798
1.63417
1.77507
1.67419
1.40017
1.66811
1.70734
1.4631
1.63811
1.6512
1.61722
1.96161
1.56659
1.43873
1.53784
1.69997
1.67703
1.58291
1.47394
1.69044
1.59565
1.41924
1.49534
1.89661
1.65165
1.84558
1.46399
1.61638
1.32901
1.56357
1.57668
1.73574
1.67625
1.56858
1.63333
1.68149
1.42348
1.49246
1.44778
1.47982
1.62783
1.73753
1.5984
1.74024
1.77392
1.42402
1.52532
1.56251
1.91593
1.64557
1.46058
1.57879
1.56239
1.49674
1.51692
1.59783
1.50863
1.75131
1.4382
1.76511
1.75255
1.53678
1.43754
1.59654
1.35549
1.63802
1.4604
1.37028
1.75844
1.56179
1.73129
1.68368
1.57917
1.63021
1.40776
1.92166
1.57771
1.92652
1.57986
1.83223
1.38686
1.51085
2.01376
1.49477
1.44054
1.82168
1.58527
1.76351
1.53547
1.76639
1.74104
1.61983
1.63165
1.8532
1.80007
1.61929
1.79433
1.62676
1.49402
1.5765
1.6157
1.43883
1.60884
1.4659
1.4898
1.60246
1.28847
1.53114
1.87026
1.56419
1.59338
1.76487
1.91176
1.84164
1.77183
1.71511
1.70548
1.88247
1.67647
1.54451
1.8051
1.54759
1.6206
1.65743
1.51445
1.56642
1.49895
1.55799
1.37689
1.92344
2.16587
1.83245
1.57656
1.89914
1.7846
1.67944
1.67767
1.87164
1.26912
2.28073
1.69249
1.30044
1.35612
1.71412
1.75425
1.65538
1.34901
1.89551
1.62411
1.3973
1.97121
1.52064
1.58723
1.54394
1.62799
1.69749
1.47241
1.76525
1.71051
1.41817
1.60969
1.60319
1.9251
1.57298
1.5085
1.63636
1.77481
1.52003
1.59174
2.08593
1.33606
1.65175
1.56691
1.3996
1.41385
1.65994
2.0901
1.68115
1.3738
1.39533
1.62153
1.42332
2.05689
1.49779
1.50917
1.38353
1.41751
1.38778
1.73572
1.78779
1.39774
1.55873
1.45471
1.91657
1.40769
1.54876
1.60952
1.45605
1.58063
1.82783
1.96005
1.58106
1.79568
1.47451
1.8348
1.54733
1.643
1.42763
1.48282
1.66451
1.57283
1.60968
2.05537
1.50463
1.66748
1.7415
1.62755
1.40682
1.38094
1.4879
1.61335
1.61084
1.49157
1.47271
1.73842
1.7194
1.41855
1.60627
1.64819
1.61583
1.84566
1.36066
1.54566
1.60409
1.64352
1.89605
1.4436
2.08243
1.50043
1.78724
1.55093
1.83608
1.45243
2.22386
1.43924
1.60403
1.61565
1.91465
1.59036
1.54
1.77505
1.35178
1.4792
1.57599
1.67752
1.59795
1.73153
1.45525
1.39741
1.4436
1.45119
1.54641
1.6562
1.61592
1.38855
1.65351
1.73329
1.45007
1.39846
1.86099
1.86585
1.49693
1.59458
2.30188
1.59875
1.745
1.76846
2.03985
1.31404
1.66723
1.57699
1.51254
1.57681
1.62839
1.79213
1.57055
1.70932
1.5708
1.8367
1.76627
1.56797
1.56671
1.93695
1.82778
1.59804
1.59647
1.7621
1.38255
1.30827
1.4703
1.47051
1.83228
1.52843
1.48555
1.60159
1.29943
1.5268
1.52824
1.84752
1.48947
1.72804
1.39931
1.43602
1.73835
1.75248
1.51094
1.48194
1.68334
1.583
1.53006
1.62199
1.68093
1.42688
1.40462
1.72424
1.55517
1.54382
1.68891
1.67746
1.68886
1.70692
1.64155
1.49684
1.53712
1.6127
1.62891
1.87267
1.58624
1.78154
1.61722
1.6348
1.59791
1.70295
1.50118
1.36961
1.61241
1.47677
1.46382
1.63927
1.77275
1.54796
1.90457
1.54618
1.53152
1.78388
1.66708
1.62085
1.61323
1.72251
2.27603
1.51562
1.76007
1.34045
1.40758
1.27705
1.4095
1.78732
1.72783
1.94348
1.62112
1.6887
1.50407
1.46432
1.86505
1.45253
1.5512
1.43955
1.46361
1.71144
1.5221
1.54025
1.46011
1.51445
1.67485
1.51906
1.67097
1.58432
1.77894
1.31133
1.65435
1.62487
1.76722
1.48146
1.5009
1.65678
1.84261
1.49252
1.68607
1.58109
1.54866
1.8357
1.607
2.05455
1.44982
1.38794
1.61131
1.52473
1.36137
1.74246
1.45675
1.77241
1.86167
1.53635
1.65246
1.53301
1.5138
1.79511
1.72943
1.30133
1.90953
1.83647
1.48445
1.65863
1.31522
1.52752
1.51874
1.67835
2.09615
2.7212
1.94227
1.60985
1.44162
1.38519
1.68464
1.77644
1.65412
1.50728
1.59991
1.81504
1.57667
1.47819
1.65244
1.39013
1.59177
1.9373
1.43659
1.59888
1.66208
1.5303
1.45276
1.7326
1.6658
1.56525
1.66258
1.68178
1.46555
1.68162
1.77326
1.75481
1.63585
1.48678
1.43804
1.52968
1.50514
1.73788
1.59592
1.47429
1.40751
1.42184
1.91037
2.54453
1.68853
1.59504
1.48045
1.51631
1.90621
1.38663
1.44777
1.54125
1.6005
1.60871
1.33871
1.58924
1.71614
1.74971
1.88363
1.67719
1.32465
1.51635
1.5567
1.66049
1.55867
1.5449
1.43326
1.57466
1.54926
1.63777
1.52436
1.36136
1.60977
1.82206
2.03189
1.52133
1.54608
1.41276
1.74568
1.55315
1.83968
1.65583
1.65569
1.68959
1.45692
1.85169
1.42888
1.61085
1.81509
1.61636
1.47991
1.40766
1.9411
1.49133
1.47991
2.20693
1.89514
1.75719
1.55482
1.44237
1.48281
1.53731
1.36976
1.94755
1.43276
1.39181
1.48854
1.46332
1.6059
2.10532
1.76786
1.37271
1.51519
1.69061
1.5236
1.48437
1.52028
1.43457
1.53501
1.52535
1.47934
1.62827
1.5772
2.54092
1.48748
1.41261
1.48619
1.90143
1.61104
1.37897
1.5933
1.49264
2.50913
1.60543
1.67866
1.71187
1.61621
1.3061
1.65146
1.38464
1.59301
1.56771
1.58757
1.82671
1.6168
1.97075
1.28723
1.47886
1.48275
1.59495
1.40751
1.55825
1.86358
1.50351
1.86428
1.43159
1.35412
1.6978
1.88924
1.60254
1.38453
1.9938
1.48106
1.69542
1.59764
1.77486
1.52584
1.36371
1.80759
1.54541
1.59728
1.5075
1.48441
1.68706
1.57842
1.59732
1.68399
1.85915
1.75494
1.54122
1.61599
1.63442
1.76763
1.35184
1.39048
1.74817
1.43338
1.65943
1.63426
1.42373
1.60764
1.86944
1.34485
1.71523
1.41198
1.62185
1.28924
1.80576
1.9054
1.38983
1.60699
1.5369
1.98078
1.58104
1.58148
1.59099
2.07544
1.52186
1.38961
1.46549
1.55918
1.66068
1.59261
1.40695
1.45548
1.68529
1.33243
1.83785
1.5595
1.59812
1.47974
2.0997
1.53269
1.43554
1.74498
1.89111
1.55089
1.31984
1.72055
1.55337
1.56999
1.43648
1.82133
1.36489
1.61618
1.58562
2.03947
1.54727
1.59632
1.48995
1.47859
1.64218
1.68442
1.57132
1.88646
1.33988
1.69742
2.0358
1.63774
1.25947
1.56504
1.58763
1.69909
1.45846
1.56206
1.49656
1.4277
1.95815
1.15583
1.44505
1.65365
1.60408
1.79932
1.74934
1.5005
1.47116
1.66781
1.81046
1.43605
1.73119
1.71668
1.7726
1.75485
1.55105
1.50869
1.41216
1.63584
1.5246
1.47109
1.54624
1.41334
1.46109
1.42265
1.85642
1.65997
1.84796
1.64391
2.04153
1.8954
1.38833
1.58036
1.69856
1.55149
1.58442
1.53696
1.72822
1.63851
1.45798
1.57361
1.5743
1.62189
1.614
1.73971
1.61536
1.56982
1.37029
2.05222
1.83993
1.49114
1.81741
1.62356
1.64795
1.63517
1.55745
1.71235
1.64219
1.94903
1.343
1.94251
1.18615
1.54307
1.61442
1.85396
1.54152
1.78432
1.38308
1.50079
1.50617
1.71138
1.87663
1.40127
1.5127
1.51251
1.91629
1.57751
1.60471
1.68813
1.76818
1.76244
1.93044
1.71066
1.52337
1.55444
1.94144
1.84212
1.64532
1.53659
1.58558
1.34957
1.45166
1.38896
1.65859
1.5325
1.4702
1.4863
2.12668
1.80553
1.49089
1.62259
1.59111
1.58751
1.58388
1.4429
1.47575
1.45355
1.34338
1.42162
1.72751
1.89143
1.53191
1.50379
1.42204
1.62614
1.54578
1.47978
1.53422
2.85699
1.67194
1.56689
1.6948
1.59512
1.4554
1.72426
1.57623
1.94819
1.92267
1.53681
1.53319
1.70066
1.27069
1.49387
1.68596
1.68652
1.76752
1.58263
1.30709
1.40341
1.54632
1.28911
1.3395
1.5617
1.28927
2.98876
1.79537
1.91191
1.49615
2.25022
1.50499
1.7548
1.4551
1.666
1.83219
1.71336
1.50125
1.65682
1.34351
1.59185
1.4987
1.53696
1.76667
1.64504
2.19184
1.26866
1.2568
1.60645
1.82915
1.37479
1.68973
1.42929
1.65476
1.74827
1.56318
1.87636
1.83087
1.48445
1.62421
1.52301
1.65188
2.07067
1.58592
1.80115
1.90543
1.39139
1.59673
1.96655
1.52486
1.61377
1.60031
1.87872
1.43273
1.51876
1.78067
1.56268
1.6699
1.75899
1.57363
1.88543
1.54723
1.28281
1.63021
1.6194
1.72488
1.74609
1.35486
1.59279
1.74625
1.43335
1.53421
1.76754
1.45838
1.40408
1.50306
1.34392
1.8542
1.50342
1.66401
1.83436
1.53802
1.51278
1.77665
1.72544
1.84256
1.74833
1.6145
1.52179
1.77755
1.89268
1.75617
1.70186
1.66761
1.68979
1.50529
1.34997
1.45597
1.37986
1.52384
1.50278
1.8599
1.41693
1.71496
1.74689
1.4504
1.75586
1.4065
1.90763
1.52392
1.55589
1.75058
1.68786
2.04303
1.4836
1.47074
1.8536
1.63674
1.36205
1.65979
1.81664
1.66619
1.4674
1.83176
1.67784
1.55402
1.51155
1.49709
1.46737
1.66789
1.74745
1.88367
1.8046
1.6349
1.44353
1.34103
1.29953
1.6252
1.51537
1.36995
1.9299
1.66899
1.56191
1.64119
1.53806
1.94745
1.52658
1.76284
1.52491
1.99904
1.74188
1.52196
1.71964
1.53487
2.20899
1.51579
1.42963
1.45821
1.34473
1.40235
1.60381
1.49403
1.30394
1.48949
1.81188
1.56873
1.54633
1.43512
1.58629
1.5642
2.16673
1.70209
1.52854
1.92519
1.45653
1.68711
1.66586
1.46798
1.63417
1.77507
1.67419
1.40017
1.66811
1.70734
1.4631
1.63811
1.6512
1.61722
1.96161
1.56659
1.43873
1.53784
1.69997
1.67703
1.58291
1.47394
1.69044
1.59565
1.41924
1.49534
1.89661
1.65165
1.84558
1.46399
1.61638
1.32901
1.56357
1.57668
1.73574
1.67625
1.56858
1.63333
1.68149
1.42348
1.49246
1.44778
1.47982
1.62783
1.73753
1.5984
1.74024
1.77392
1.42402
1.52532
1.56251
1.91593
1.64557
1.46058
1.57879
1.56239
1.49674
1.51692
1.59783
1.50863
1.75131
1.4382
1.76511
1.75255
1.53678
1.43754
1.59654
1.35549
1.63802
1.4604
1.37028
1.75844
1.56179
1.73129
1.68368
1.57917
1.63021
1.40776
1.92166
1.57771
1.92652
1.57986
1.83223
1.38686
1.51085
2.01376
1.49477
1.44054
1.82168
1.58527
1.76351
1.53547
1.76639
1.74104
1.61983
1.63165
1.8532
1.80007
1.61929
1.79433
1.62676
1.49402
1.5765
1.6157
1.43883
1.60884
1.4659
1.4898
1.60246
1.28847
1.53114
1.87026
1.56419
1.59338
1.76487
1.91176
1.84164
1.77183
1.71511
1.70548
1.88247
1.67647
1.54451
1.8051
1.54759
1.6206
1.65743
1.51445
1.56642
1.49895
1.55799
1.37689
1.92344
2.16587
1.83245
1.57656
1.89914
1.7846
1.67944
1.67767
1.87164
1.26912
2.28073
1.69249
1.30044
1.35612
1.71412
1.75425
1.65538
1.34901
1.89551
1.62411
1.3973
1.97121
1.52064
1.58723
1.54394
1.62799
1.69749
1.47241
1.76525
1.71051
1.41817
1.60969
1.60319
1.9251
1.57298
1.5085
1.63636
1.77481
1.52003
1.59174
2.08593
1.33606
1.65175
1.56691
1.3996
1.41385
1.65994
2.0901
1.68115
1.3738
1.39533
1.62153
1.42332
2.05689
1.49779
1.50917
1.38353
1.41751
1.38778
1.73572
1.78779
1.39774
1.55873
1.45471
1.91657
1.40769
1.54876
1.60952
1.45605
1.58063
1.82783
1.96005
1.58106
1.79568
1.47451
1.8348
1.54733
1.643
1.42763
1.48282
1.66451
1.57283
1.60968
2.05537
1.50463
1.66748
1.7415
1.62755
1.40682
1.38094
1.4879
1.61335
1.61084
1.49157
1.47271
1.73842
1.7194
1.41855
1.60627
1.64819
1.61583
1.84566
1.36066
1.54566
1.60409
1.64352
1.89605
1.4436
2.08243
1.50043
1.78724
1.55093
1.83608
1.45243
2.22386
1.43924
1.60403
1.61565
1.91465
1.59036
1.54
1.77505
1.35178
1.4792
1.57599
1.67752
1.59795
1.73153
1.45525
1.39741
1.4436
1.45119
1.54641
1.6562
1.61592
1.38855
1.65351
1.73329
1.45007
1.39846
1.86099
1.86585
1.49693
1.59458
2.30188
1.59875
1.745
1.76846
2.03985
1.31404
1.66723
1.57699
1.51254
1.57681
1.62839
1.79213
1.57055
1.70932
1.5708
1.8367
1.76627
1.56797
1.56671
1.93695
1.82778
1.59804
1.59647
1.7621
1.38255
1.30827
1.4703
1.47051
1.83228
1.52843
1.48555
1.60159
1.29943
1.5268
1.52824
1.84752
1.48947
1.72804
1.39931
1.43602
1.73835
1.75248
1.51094
1.48194
1.68334
1.583
1.53006
1.62199
1.68093
1.42688
1.40462
1.72424
1.55517
1.54382
1.68891
1.67746
1.68886
1.70692
1.64155
1.49684
1.53712
1.6127
1.62891
1.87267
1.58624
1.78154
1.61722
1.6348
1.59791
1.70295
1.50118
1.36961
1.61241
1.47677
1.46382
1.63927
1.77275
1.54796
1.90457
1.54618
1.53152
1.78388
1.66708
1.62085
1.61323
1.72251
2.27603
1.51562
1.76007
1.34045
1.40758
1.27705
1.4095
1.78732
1.72783
1.94348
1.62112
1.6887
1.50407
1.46432
1.86505
1.45253
1.5512
1.43955
1.46361
1.71144
1.5221
1.54025
1.46011
1.51445
1.67485
1.51906
1.67097
1.58432
1.77894
1.31133
1.65435
1.62487
1.76722
1.48146
1.5009
1.65678
1.84261
1.49252
1.68607
1.58109
1.54866
1.8357
1.607
2.05455
1.44982
1.38794
1.61131
1.52473
1.36137
1.74246
1.45675
1.77241
1.86167
1.53635
1.65246
1.53301
1.5138
1.79511
1.72943
1.30133
1.90953
1.83647
1.48445
1.65863
1.31522
1.52752
1.51874
1.67835
2.09615
2.7212
1.94227
1.60985
1.44162
1.38519
1.68464
1.77644
1.65412
1.50728
1.59991
1.81504
1.57667
1.47819
1.65244
1.39013
1.59177
1.9373
1.43659
1.59888
1.66208
1.5303
1.45276
1.7326
1.6658
1.56525
1.66258
1.68178
1.46555
1.68162
1.77326
1.75481
1.63585
1.48678
1.43804
1.52968
1.50514
1.73788
1.59592
1.47429
1.40751
1.42184
1.91037
2.54453
1.68853
1.59504
1.48045
1.51631
1.90621
1.38663
1.44777
1.54125
1.6005
1.60871
1.33871
1.58924
1.71614
1.74971
1.88363
1.67719
1.32465
1.51635
1.5567
1.66049
1.55867
1.5449
1.43326
1.57466
1.54926
1.63777
1.52436
1.36136
1.60977
1.82206
2.03189
1.52133
1.54608
1.41276
1.74568
1.55315
1.83968
1.65583
1.65569
1.44623
1.45692
1.85169
1.42888
1.61085
1.81509
1.61636
1.47991
1.40766
1.9411
1.49133
1.47991
2.20693
1.89514
1.75719
1.55482
1.44237
1.48281
1.53731
1.36976
1.94755
1.43276
1.39181
1.48854
1.46332
1.6059
2.10532
1.76786
1.37271
1.51519
1.69061
1.5236
1.48437
1.52028
1.43457
1.53501
1.52535
1.47934
1.62827
1.5772
2.54092
1.48748
1.41261
1.48619
1.90143
1.61104
1.37897
1.5933
1.49264
2.50913
1.60543
1.67866
1.71187
1.61621
1.3061
1.65146
1.38464
1.59301
1.56771
1.58757
1.82671
1.6168
1.97075
1.28723
1.47886
1.48275
1.59495
1.40751
1.55825
1.86358
1.50351
1.86428
1.43159
1.35412
1.6978
1.88924
1.60254
1.38453
1.9938
1.48106
1.69542
1.59764
1.77486
1.52584
1.36371
1.80759
1.54541
1.59728
1.5075
1.48441
1.68706
1.57842
1.59732
1.68399
1.85915
1.75494
1.54122
1.61599
1.63442
1.76763
1.35184
1.39048
1.74817
1.43338
1.65943
1.63426
1.42373
1.60764
1.86944
1.34485
1.71523
1.41198
1.62185
1.28924
1.80576
1.9054
1.38983
1.60699
1.5369
1.98078
1.58104
1.58148
1.59099
2.07544
1.52186
1.38961
1.46549
1.55918
1.66068
1.59261
1.40695
1.45548
1.68529
1.33243
1.83785
1.5595
1.59812
1.47974
2.0997
1.53269
1.43554
1.74498
1.89111
1.55089
1.31984
1.72055
1.55337
1.56999
1.43648
1.82133
1.36489
1.61618
1.58562
2.03947
1.54727
1.59632
1.48995
1.47859
1.64218
1.68442
1.57132
1.88646
1.20821
1.69742
2.0358
1.63774
1.25947
1.56504
1.58763
1.69909
1.45846
1.56206
1.49656
1.4277
1.95815
1.15583
1.44505
1.65365
1.60408
1.79932
1.74934
1.5005
1.47116
1.66781
1.81046
1.43605
1.73119
1.71668
1.7726
1.75485
1.55105
1.50869
1.41216
1.63584
1.5246
1.47109
1.54624
1.41334
1.46109
1.42265
1.85642
1.65997
1.84796
1.64391
2.04153
1.8954
1.38833
1.58036
1.69856
1.55149
1.58442
1.53696
1.72822
1.63851
1.45798
1.57361
1.5743
1.62189
1.614
1.73971
1.61536
1.56982
1.37029
2.05222
1.83993
1.49114
1.81741
1.62356
1.64795
1.63517
1.55745
1.71235
1.64219
1.94903
1.343
1.94251
1.18615
1.54307
1.61442
1.85396
1.54152
1.78432
1.38308
1.50079
1.50617
1.71138
1.58725
1.40127
1.5127
1.51251
1.91629
1.57751
1.60471
1.68813
1.76818
1.76244
1.93044
1.71066
1.52337
1.55444
1.94144
1.84212
1.64532
1.53659
1.58558
1.34957
1.45166
1.38896
1.65859
1.5325
1.4702
1.4863
2.12668
1.80553
1.49089
1.62259
1.59111
1.58751
1.58388
1.4429
1.47575
1.45355
1.34338
1.42162
1.72751
1.89143
1.53191
1.50379
1.42204
1.62614
1.54578
1.47978
1.53422
2.85699
1.67194
1.56689
1.6948
1.59512
1.4554
1.72426
1.57623
1.94819
1.92267
1.53681
1.53319
1.70066
1.27069
1.49387
1.68596
1.68652
1.76752
1.58263
1.30709
1.40341
1.54632
1.28911
1.3395
1.5617
1.28927
2.98876
1.79537
1.91191
1.49615
2.25022
1.50499
1.7548
1.4551
1.666
1.83219
1.71336
1.50125
1.65682
1.34351
1.59185
1.4987
1.53696
1.76667
1.64504
2.19184
1.26866
1.2568
1.60645
1.82915
1.37479
1.68973
1.42929
1.65476
1.74827
1.56318
1.87636
1.83087
1.48445
1.62421
1.52301
1.65188
2.07067
1.58592
1.80115
1.90543
1.39139
1.59673
1.96655
1.52486
1.61377
1.60031
1.87872
1.43273
1.51876
1.78067
1.56268
1.6699
1.75899
1.57363
1.88543
1.54723
1.28281
1.63021
1.6194
1.72488
1.74609
1.35486
1.59279
1.74625
1.43335
1.53421
1.76754
1.45838
1.40408
1.50306
1.34392
1.8542
1.50342
1.66401
1.83436
1.53802
1.51278
1.77665
1.72544
1.84256
1.74833
1.6145
1.52179
1.77755
1.89268
1.75617
1.70186
1.66761
1.68979
1.50529
1.34997
1.45597
1.37986
1.52384
1.50278
1.8599
1.41693
1.71496
1.74689
1.4504
1.75586
1.4065
1.90763
1.52392
1.55589
1.75058
1.68786
2.04303
1.4836
1.47074
1.8536
1.63674
1.36205
1.65979
1.81664
1.66619
1.4674
1.83176
1.67784
1.55402
1.51155
1.49709
1.46737
1.66789
1.74745
1.88367
1.8046
1.6349
1.44353
1.34103
1.29953
1.6252
1.51537
1.36995
1.9299
1.66899
1.56191
1.64119
1.53806
1.94745
1.52658
1.76284
1.52491
1.99904
1.74188
1.52196
1.71964
1.53487
2.20899
1.51579
1.42963
1.45821
1.34473
1.40235
1.60381
1.49403
1.30394
1.48949
1.81188
1.56873
1.54633
1.43512
1.58629
1.5642
2.16673
1.70209
1.52854
1.92519
1.45653
1.68711
1.66586
1.46798
1.63417
1.77507
1.67419
1.40017
1.66811
1.70734
1.4631
1.63811
1.6512
1.61722
1.96161
1.56659
1.43873
1.53784
1.69997
1.67703
1.58291
1.47394
1.69044
1.59565
1.41924
1.49534
1.89661
1.65165
1.84558
1.46399
1.61638
1.32901
1.56357
1.57668
1.73574
1.67625
1.56858
1.63333
1.68149
1.42348
1.49246
1.44778
1.47982
1.39034
1.73753
1.5984
1.74024
1.77392
1.42402
1.52532
1.56251
1.91593
1.64557
1.46058
1.57879
1.56239
1.49674
1.51692
1.59783
1.50863
1.75131
1.4382
1.76511
1.75255
1.53678
1.43754
1.59654
1.35549
1.63802
1.4604
1.37028
1.75844
1.56179
1.73129
1.68368
1.57917
1.63021
1.40776
1.92166
1.57771
1.92652
1.57986
1.83223
1.38686
1.51085
2.01376
1.49477
1.44054
1.82168
1.58527
1.76351
1.53547
1.76639
1.74104
1.61983
1.63165
1.8532
1.80007
1.61929
1.79433
1.62676
1.49402
1.5765
1.6157
1.43883
1.60884
1.4659
1.4898
1.60246
1.28847
1.53114
1.87026
1.56419
1.59338
1.76487
1.91176
1.84164
1.77183
1.71511
1.70548
1.88247
1.67647
1.54451
1.8051
1.54759
1.6206
1.65743
1.51445
1.56642
1.49895
1.55799
1.37689
1.92344
2.16587
1.83245
1.57656
1.89914
1.7846
1.67944
1.67767
1.87164
1.26912
2.28073
1.69249
1.30044
1.35612
1.71412
1.75425
1.65538
1.34901
1.89551
1.62411
1.3973
1.97121
1.52064
1.58723
1.54394
1.62799
1.69749
1.47241
1.76525
1.71051
1.41817
1.60969
1.60319
1.9251
1.57298
1.5085
1.63636
1.77481
1.52003
1.59174
2.08593
1.33606
1.65175
1.56691
1.3996
1.41385
1.65994
2.0901
1.68115
1.3738
1.39533
1.62153
1.42332
2.05689
1.49779
1.50917
1.38353
1.41751
1.38778
1.73572
1.78779
1.39774
1.55873
1.45471
1.91657
1.40769
1.54876
1.60952
1.45605
1.58063
1.82783
1.96005
1.58106
1.79568
1.47451
1.8348
1.54733
1.643
1.42763
1.48282
1.66451
1.57283
1.60968
2.05537
1.50463
1.66748
1.7415
1.62755
1.40682
1.38094
1.4879
1.61335
1.61084
1.49157
1.47271
1.73842
1.7194
1.41855
1.60627
1.64819
1.61583
1.84566
1.36066
1.54566
1.60409
1.64352
1.89605
1.4436
2.08243
1.50043
1.78724
1.55093
1.83608
1.45243
2.22386
1.43924
1.60403
1.61565
1.91465
1.59036
1.54
1.77505
1.35178
1.4792
1.57599
1.67752
1.59795
1.73153
1.45525
1.39741
1.4436
1.45119
1.54641
1.6562
1.61592
1.38855
1.65351
1.73329
1.45007
1.39846
1.86099
1.86585
1.49693
1.59458
2.30188
1.59875
1.745
1.76846
2.03985
1.31404
1.66723
1.57699
1.51254
1.57681
1.62839
1.79213
1.57055
1.70932
1.5708
1.8367
1.76627
1.56797
1.56671
1.93695
1.82778
1.59804
1.59647
1.7621
1.38255
1.30827
1.4703
1.47051
1.83228
1.52843
1.48555
1.60159
1.29943
1.5268
1.52824
1.84752
1.48947
1.72804
1.39931
1.43602
1.73835
1.75248
1.51094
1.48194
1.68334
1.583
1.53006
1.62199
1.68093
1.42688
1.40462
1.72424
1.55517
1.54382
1.68891
1.67746
1.68886
1.70692
1.64155
1.49684
1.53712
1.6127
1.62891
1.87267
1.58624
1.78154
1.61722
1.6348
1.59791
1.70295
1.50118
1.36961
1.61241
1.47677
1.46382
1.63927
1.77275
1.54796
1.90457
1.54618
1.53152
1.78388
1.66708
1.62085
1.61323
1.72251
2.27603
1.51562
1.76007
1.34045
1.40758
1.27705
1.4095
1.78732
1.72783
1.94348
1.62112
1.6887
1.50407
1.46432
1.86505
1.45253
1.5512
1.43955
1.46361
1.71144
1.5221
1.54025
1.46011
1.51445
1.67485
1.51906
1.67097
1.58432
1.77894
1.31133
1.65435
1.62487
1.76722
1.48146
1.5009
1.65678
1.84261
1.49252
1.68607
1.58109
1.54866
1.8357
1.607
2.05455
1.44982
1.38794
1.61131
1.52473
1.36137
1.74246
1.45675
1.77241
1.86167
1.53635
1.65246
1.53301
1.5138
1.79511
1.72943
1.30133
1.90953
1.52548
1.48445
1.65863
1.31522
1.52752
1.51874
1.67835
2.09615
2.7212
1.94227
1.60985
1.44162
1.38519
1.68464
1.77644
1.65412
1.50728
1.59991
1.81504
1.57667
1.47819
1.65244
1.39013
1.59177
1.9373
1.43659
1.59888
1.66208
