1.00099
1.16174
1.01941
1.04783
1.01959
1.07288
1.00934
1.06505
1.0038
1.04376
1.07567
1.00058
1.04451
1.01515
1.00027
1.00155
1.0005
1.00887
1.03933
1.00055
1.00039
1.01393
1.00159
1.02179
1.01688
1.00025
1.00026
1.11133
1.00955
1.03292
1.00036
1.00045
1.00024
1.00027
1.00064
1.00058
1.0336
1.02697
1.07126
1.00002
1.03314
1.03994
1.0022
1.00037
1.04721
1.00032
1.00076
1.00177
1.00031
1.02366
1.00091
1.00033
1.00049
1.0062
1.00318
1.05445
1.02693
1.11977
1.00037
1.00031
1.00004
1.02566
1.00038
1.01053
1.00051
1.00068
1.00044
1.00068
1.06012
1.00028
1.00072
1.13366
1.00235
1.00049
1.03131
1.03697
1.00052
1.00032
1.00026
1.00953
1.00044
1.0003
1.00037
1.00723
1.00028
1.02094
1.00524
1.01787
1.0004
1.0005
1.00022
1.00029
1.00021
1.10691
1.00902
1.01803
1.00112
1.04367
1.00028
1.00045
1.00107
1.0377
1.00029
1.01823
1.01882
1.04933
1.00025
1.00048
1.00031
1.00095
1.01879
1.00024
1.00026
1.00097
1.00045
1.04285
1.00028
1.00024
1.00678
1.0003
1.00017
1.00033
1.00772
1.02589
1.0003
1.02999
1.00067
1.09827
1.0724
1.00759
1.00049
1.02297
1.1328
1.03642
1.00034
1.11643
1.00052
1.00028
1.05102
1.00012
1.00033
1.01162
1.03635
1.01183
1.00262
1.07037
1.0004
1.00179
1.00023
1.00046
1.0004
1.00027
1.00199
1.00046
1.0106
1.00029
1.00602
1.00052
1.00033
1.0005
1.00024
1.005
1.00398
1.02093
1.00024
1.00049
1.00178
1.0003
1.0005
1.0538
1.00028
1.06323
1.00023
1.01079
1.00058
1.00045
1.01082
1.01776
1.00036
1.00045
1.00069
1.0005
1.08705
1.0002
1.00035
1.00623
1.00435
1.0004
1.03339
1.01117
1.00944
1.09712
1.00791
1.00044
1.0003
1.00023
1.09822
1.00017
1.00047
1.04244
1.00315
1.00027
1.04534
1.00051
1.00461
1.00034
1.05341
1.05787
1.00223
1.00054
1.00179
1.00032
1.00041
1.09966
1.05596
1.00898
1.00034
1.00344
1.00025
1.00042
1.0003
1.07017
1.00044
1.00068
1.00023
1.00057
1.00024
1.00043
1.07294
1.01195
1.13378
1.08012
1.00565
1.0003
1.00364
1.00702
1.00051
1.01297
1.00119
1.00015
1.06749
1.00054
1.0339
1.00039
1.00034
1.048
1.00033
1.00065
1.00058
1.05078
1.00027
1.08538
1.00031
1.00034
1.00031
1.00017
1.0003
1.00047
1.02929
1.02899
1.00053
1.00028
1.01727
1.11805
1.00051
1.04757
1.00098
1.00021
1.00034
1.03353
1.00034
1.00058
1.06074
1.02205
1.00041
1.00135
1.00342
1.03687
1.0264
1.05422
1.00024
1.03381
1.0819
1.00046
1.00506
1.04921
1.00143
1.00045
1.00042
1.01797
1.08197
1.00038
1.00743
1.01745
1.03978
1.00033
1.07026
1.15221
1.06235
1.00025
1.0214
1.05278
1.00021
1.00178
1.01808
1.00813
1.00921
1.00034
1.00139
1.00829
1.01141
1.00208
1.00253
1.00034
1.00024
1.00027
1.00056
1.00052
1.00023
1.00897
1.09159
1.00016
1.0004
1.0003
1.00027
1.00022
1.0003
1.0004
1.00817
1.10251
1.00022
1.00034
1.03883
1.00865
1.02057
1.04415
1.00031
1.00342
1.04275
1.00036
1.00033
1.0583
1.02184
1.00051
1.0028
1.00192
1.00026
1.0845
1.00021
1.00031
1.00041
1.00339
1.0003
1.0003
1.0112
1.00038
1.01639
1.05744
1.03788
1.11898
1.00607
1.0003
1.00002
1.00344
1.01611
1.00032
1.03942
1.03894
1.00229
1.00051
1.12694
1.00026
1.00047
1.0004
1.01788
1.00886
1.03349
1.00035
1.00066
1.00083
1.00275
1.00065
1.00031
1.00028
1.00173
1.00029
1.00037
1.00029
1.00035
1.05939
1.00026
1.00039
1.03754
1.01038
1.00283
1.00004
1.00028
1.00088
1.00035
1.00676
1.00802
1.00047
1.00009
1.0006
1.00045
1.0006
1.09283
1.0005
1.01347
1.00023
1.0003
1.00021
1.00026
1.00024
1.02323
1.00038
1.00028
1.00034
1.00395
1.00768
1.00585
1.00027
1.00527
1.00044
1.00038
1.00042
1.00036
1.0003
1.03133
1.06828
1.00034
1.00457
1.02392
1.02201
1.07999
1.02037
1.00028
1.0105
1.00039
1.00042
1.00035
1.0002
1.00112
1.00063
1.00549
1.00028
1.00439
1.00413
1.00513
1.02481
1.00031
1.0005
1.15648
1.00024
1.00031
1.00151
1.00049
1.00442
1.0002
1.00054
1.00036
1.00039
1.00045
1.0051
1.00024
1.00035
1.00037
1.0059
1.01251
1.07131
1.00049
1.00133
1.00222
1.00015
1.00049
1.05317
1.00041
1.03588
1.00022
1.03204
1.00089
1.00032
1.02111
1.00485
1.02469
1.00044
1.02071
1.00024
1.00035
1.00024
1.01272
1.00034
1.00048
1.00456
1.00031
1.00042
1.00041
1.00026
1.00641
1.00406
1.0132
1.00608
1.0003
1.00015
1.00049
1.03409
1.00033
1.00017
1.03197
1.00337
1.00035
1.06779
1.00035
1.00091
1.0005
1.08662
1.05561
1.00051
1.0444
1.03721
1.00029
1.03468
1.03131
1.10798
1.00213
1.03826
1.10206
1.05637
1.00035
1.00046
1.00032
1.00043
1.00025
1.00016
1.00214
1.0005
1.00019
1.04286
1.001
1.00035
1.0003
1.01801
1.00476
1.00389
1.00087
1.02497
1.00034
1.00033
1.0007
1.00042
1.07506
1.04879
1.00128
1.00038
1.00027
1.00029
1.00124
1.00069
1.0004
1.00053
1.0004
1.00071
1.00037
1.05295
1.03851
1.00691
1.00028
1.0062
1.01261
1.01977
1.1152
1.07117
1.00063
1.00038
1.00029
1.0003
1.05921
1.00028
1.08138
1.01525
1.0006
1.0006
1.00798
1.05496
1.02343
1.00215
1.00031
1.00028
1.07264
1.00037
1.00036
1.02557
1.01632
1.00012
1.00026
1.00037
1.00038
1.00639
1.10054
1.00038
1.00048
1.00031
1.00039
1.03896
1.00039
1.00093
1.00026
1.00043
1.0005
1.00027
1.01183
1.00036
1.00026
1.00028
1.01558
1.00026
1.00029
1.00042
1.00026
1.02349
1.00087
1.00024
1.00025
1.00359
1.00096
1.00044
1.07925
1.00029
1.0004
1.0211
1.0004
1.00018
1.00555
1.00024
1.00075
1.01791
1.00033
1.05838
1.00685
1.00042
1.00034
1.13253
1.00328
1.00306
1.00022
1.00042
1.00034
1.03583
1.00057
1.02419
1.00027
1.0587
1.09443
1.00033
1.00018
1.00023
1.00051
1.04668
1.0002
1.00037
1.00817
1.03679
1.0187
1.0659
1.00022
1.00031
1.0005
1.00037
1.00036
1.00012
1.04189
1.00873
1.02078
1.03857
1.0004
1.00029
1.00043
1.07407
1.00012
1.00445
1.00052
1.06322
1.00049
1.00042
1.00038
1.00302
1.00773
1.02557
1.00042
1.03069
1.05991
1.00042
1.00029
1.00031
1.00438
1.03906
1.00039
1.00035
1.00029
1.00049
1.00026
1.0003
1.00037
1.00028
1.14157
1.00039
1.01498
1.00039
1.00044
1.00028
1.01392
1.07837
1.03834
1.0241
1.00029
1.00042
1.00011
1.00101
1.00029
1.00031
1.00031
1.05724
1.00039
1.00031
1.00799
1.00022
1.00732
1.00043
1.001
1.145
1.00024
1.00038
1.00032
1.01103
1.07156
1.0003
1.00029
1.01178
1.0849
1.06635
1.01039
1.01662
1.00029
1.00034
1.00039
1.03595
1.0004
1.11923
1.00656
1.00029
1.00028
1.00036
1.00062
1.00294
1.04039
1.00019
1.00046
1.00048
1.0403
1.00032
1.11069
1.02664
1.02575
1.04744
1.0004
1.00033
1.00037
1.00031
1.00045
1.06397
1.08568
1.00044
1.13598
1.02924
1.00033
1.00422
1.04507
1.00065
1.00027
1.05116
1.00047
1.07585
1.00031
1.06322
1.01765
1.00406
1.00028
1.00452
1.12629
1.00037
1.0726
1.00018
1.00035
1.0327
1.00046
1.00038
1.00029
1.09082
1.00366
1.00033
1.04391
1.00018
1.00033
1.03419
1.00033
1.00053
1.00039
1.04643
1.00025
1.05479
1.00042
1.00047
1.01912
1.08409
1.03947
1.0285
1.00044
1.00772
1.00036
1.04427
1.00054
1.03386
1.00531
1.00668
1.00034
1.00031
1.01839
1.00035
1.00039
1.00027
1.0003
1.00655
1.0003
1.0011
1.00065
1.00024
1.00043
1.07857
1.07325
1.00163
1.04235
1.00419
1.05299
1.00017
1.06467
1.00034
1.00046
1.04205
1.00033
1.00037
1.00199
1.00053
1.10618
1.01475
1.02358
1.00039
1.01859
1.01437
1.00023
1.07498
1.02049
1.08936
1.07598
1.00071
1.00359
1.00275
1.00033
1.0139
1.00034
1.00025
1.08619
1.00997
1.00119
1.00028
1.00101
1.00066
1.03798
1.10603
1.00027
1.02158
1.00492
1.0005
1.00053
1.06565
1.00059
1.00033
1.06195
1.0006
1.0003
1.00035
1.00275
1.00039
1.00059
1.04047
1.00814
1.00973
1.00037
1.00046
1.02978
1.04184
1.02181
1.05794
1.04077
1.09591
1.01782
1.00035
1.07303
1.00023
1.00025
1.00032
1.00035
1.03099
1.04007
1.02445
1.00043
1.00058
1.00696
1.08198
1.00024
1.03352
1.00027
1.04168
1.00047
1.0081
1.02353
1.00054
1.00038
1.00058
1.01042
1.00433
1.00378
1.00019
1.00154
1.04669
1.00031
1.0021
1.05464
1.00038
1.00069
1.03847
1.04579
1.00426
1.00031
1.00033
1.03307
1.00018
1.00027
1.00042
1.0008
1.00034
1.00035
1.01443
1.00419
1.00035
1.09735
1.00046
1.00829
1.00028
1.01152
1.00017
1.0333
1.02929
1.00035
1.0028
1.08183
1.00036
1.00057
1.03975
1.00011
1.01021
1.01296
1.00038
1.02634
1.0004
1.00421
1.00025
1.00205
1.00031
1.00079
1.00007
1.04795
1.0411
1.00037
1.00034
1.00034
1.0033
1.01658
1.10219
1.00399
1.07418
1.00582
1.03581
1.00023
1.00043
1.00044
1.0003
1.00067
1.00848
1.00003
1.00034
1.00099
1.16174
1.01941
1.04783
1.01959
1.07288
1.00934
1.06505
1.0038
1.04376
1.07567
1.00058
1.04451
1.01515
1.00027
1.00155
1.0005
1.00887
1.03933
1.00055
1.00039
1.01393
1.00159
1.02179
1.01688
1.00025
1.00026
1.11133
1.00955
1.03292
1.00036
1.00045
1.00024
1.00027
1.00064
1.00058
1.0336
1.02697
1.07126
1.00002
1.03314
1.03994
1.0022
1.00037
1.04721
1.00032
1.00076
1.00177
1.00031
1.02366
1.00091
1.00033
1.00049
1.0062
1.00318
1.05445
1.02693
1.11977
1.00037
1.00031
1.00004
1.02566
1.00038
1.01053
1.00051
1.00068
1.00044
1.00068
1.06012
1.00028
1.00072
1.13366
1.00235
1.00049
1.03131
1.03697
1.00052
1.00032
1.00026
1.00953
1.00044
1.0003
1.00037
1.00723
1.00028
1.02094
1.00524
1.01787
1.0004
1.0005
1.00022
1.00029
1.00021
1.10691
1.00902
1.01803
1.00112
1.04367
1.00028
1.00045
1.00107
1.0377
1.00029
1.01823
1.01882
1.04933
1.00025
1.00048
1.00031
1.00095
1.01879
1.00024
1.00026
1.00097
1.00045
1.04285
1.00028
1.00024
1.00678
1.0003
1.00017
1.00033
1.00772
1.02589
1.0003
1.02999
1.00067
1.09827
1.0724
1.00759
1.00049
1.02297
1.1328
1.03642
1.00034
1.11643
1.00052
1.00028
1.05102
1.00012
1.00033
1.01162
1.03635
1.01183
1.00262
1.07037
1.0004
1.00179
1.00023
1.00046
1.0004
1.00027
1.00199
1.00046
1.0106
1.00029
1.00602
1.00052
1.00033
1.0005
1.00024
1.005
1.00398
1.02093
1.00024
1.00049
1.00178
1.0003
1.0005
1.0538
1.00028
1.06323
1.00023
1.01079
1.00058
1.00045
1.01082
1.01776
1.00036
1.00045
1.00069
1.0005
1.08705
1.0002
1.00035
1.00623
1.00435
1.0004
1.03339
1.01117
1.00944
1.09712
1.00791
1.00044
1.0003
1.00023
1.09822
1.00017
1.00047
1.04244
1.00315
1.00027
1.04534
1.00051
1.00461
1.00034
1.05341
1.05787
1.00223
1.00054
1.00179
1.00032
1.00041
1.09966
1.05596
1.00898
1.00034
1.00344
1.00025
1.00042
1.0003
1.07017
1.00044
1.00068
1.00023
1.00057
1.00024
1.00043
1.07294
1.01195
1.13378
1.08012
1.00565
1.0003
1.00364
1.00702
1.00051
1.01297
1.00119
1.00015
1.06749
1.00054
1.0339
1.00039
1.00034
1.048
1.00033
1.00065
1.00058
1.05078
1.00027
1.08538
1.00031
1.00034
1.00031
1.00017
1.0003
1.00047
1.02929
1.02899
1.00053
1.00028
1.01727
1.11805
1.00051
1.04757
1.00098
1.00021
1.00034
1.03353
1.00034
1.00058
1.06074
1.02205
1.00041
1.00135
1.00342
1.03687
1.0264
1.05422
1.00024
1.03381
1.0819
1.00046
1.00506
1.04921
1.00143
1.00045
1.00042
1.01797
1.08197
1.00038
1.00743
1.01745
1.03978
1.00033
1.07026
1.15221
1.06235
1.00025
1.0214
1.05278
1.00021
1.00178
1.01808
1.00813
1.00921
1.00034
1.00139
1.00829
1.01141
1.00208
1.00253
1.00034
1.00024
1.00027
1.00056
1.00052
1.00023
1.00897
1.09159
1.00016
1.0004
1.0003
1.00027
1.00022
1.0003
1.0004
1.00817
1.10251
1.00022
1.00034
1.03883
1.00865
1.02057
1.04415
1.00031
1.00342
1.04275
1.00036
1.00033
1.0583
1.02184
1.00051
1.0028
1.00192
1.00026
1.0845
1.00021
1.00031
1.00041
1.00339
1.0003
1.0003
1.0112
1.00038
1.01639
1.05744
1.03788
1.11898
1.00607
1.0003
1.00002
1.00344
1.01611
1.00032
1.03942
1.03894
1.00229
1.00051
1.12694
1.00026
1.00047
1.0004
1.01788
1.00886
1.03349
1.00035
1.00066
1.00083
1.00275
1.00065
1.00031
1.00028
1.00173
1.00029
1.00037
1.00029
1.00035
1.05939
1.00026
1.00039
1.03754
1.01038
1.00283
1.00004
1.00028
1.00088
1.00035
1.00676
1.00802
1.00047
1.00009
1.0006
1.00045
1.0006
1.09283
1.0005
1.01347
1.00023
1.0003
1.00021
1.00026
1.00024
1.02323
1.00038
1.00028
1.00034
1.00395
1.00768
1.00585
1.00027
1.00527
1.00044
1.00038
1.00042
1.00036
1.0003
1.03133
1.06828
1.00034
1.00457
1.02392
1.02201
1.07999
1.02037
1.00028
1.0105
1.00039
1.00042
1.00035
1.0002
1.00112
1.00063
1.00549
1.00028
1.00439
1.00413
1.00513
1.02481
1.00031
1.0005
1.15648
1.00024
1.00031
1.00151
1.00049
1.00442
1.0002
1.00054
1.00036
1.00039
1.00045
1.0051
1.00024
1.00035
1.00037
1.0059
1.01251
1.07131
1.00049
1.00133
1.00222
1.00015
1.00049
1.05317
1.00041
1.03588
1.00022
1.03204
1.00089
1.00032
1.02111
1.00485
1.02469
1.00044
1.02071
1.00024
1.00035
1.00024
1.01272
1.00034
1.00048
1.00456
1.00031
1.00042
1.00041
1.00026
1.00641
1.00406
1.0132
1.00608
1.0003
1.00015
1.00049
1.03409
1.00033
1.00017
1.03197
1.00337
1.00035
1.06779
1.00035
1.00091
1.0005
1.08662
1.05561
1.00051
1.0444
1.03721
1.00029
1.03468
1.03131
1.10798
1.00213
1.03826
1.10206
1.05637
1.00035
1.00046
1.00032
1.00043
1.00025
1.00016
1.00214
1.0005
1.00019
1.04286
1.001
1.00035
1.0003
1.01801
1.00476
1.00389
1.00087
1.02497
1.00034
1.00033
1.0007
1.00042
1.07506
1.04879
1.00128
1.00038
1.00027
1.00029
1.00124
1.00069
1.0004
1.00053
1.0004
1.00071
1.00037
1.05295
1.03851
1.00691
1.00028
1.0062
1.01261
1.01977
1.1152
1.07117
1.00063
1.00038
1.00029
1.0003
1.05921
1.00028
1.08138
1.01525
1.0006
1.0006
1.00798
1.05496
1.02343
1.00215
1.00031
1.00028
1.07264
1.00037
1.00036
1.02557
1.01632
1.00012
1.00026
1.00037
1.00038
1.00639
1.10054
1.00038
1.00048
1.00031
1.00039
1.03896
1.00039
1.00093
1.00026
1.00043
1.0005
1.00027
1.01183
1.00036
1.00026
1.00028
1.01558
1.00026
1.00029
1.00042
1.00026
1.02349
1.00087
1.00024
1.00025
1.00359
1.00096
1.00044
1.07925
1.00029
1.0004
1.0211
1.0004
1.00018
1.00555
1.00024
1.00075
1.01791
1.00033
1.05838
1.00685
1.00042
1.00034
1.13253
1.00328
1.00306
1.00022
1.00042
1.00034
1.03583
1.00057
1.02419
1.00027
1.0587
1.09443
1.00033
1.00018
1.00023
1.00051
1.04668
1.0002
1.00037
1.00817
1.03679
1.0187
1.0659
1.00022
1.00031
1.0005
1.00037
1.00036
1.00012
1.04189
1.00873
1.02078
1.03857
1.0004
1.00029
1.00043
1.07407
1.00012
1.00445
1.00052
1.06322
1.00049
1.00042
1.00038
1.00302
1.00773
1.02557
1.00042
1.03069
1.05991
1.00042
1.00029
1.00031
1.00438
1.03906
1.00039
1.00035
1.00029
1.00049
1.00026
1.0003
1.00037
1.00028
1.14157
1.00039
1.01498
1.00039
1.00044
1.00028
1.01392
1.07837
1.03834
1.0241
1.00029
1.00042
1.00011
1.00101
1.00029
1.00031
1.00031
1.05724
1.00039
1.00031
1.00799
1.00022
1.00732
1.00043
1.001
1.145
1.00024
1.00038
1.00032
1.01103
1.07156
1.0003
1.00029
1.01178
1.0849
1.06635
1.01039
1.01662
1.00029
1.00034
1.00039
1.03595
1.0004
1.11923
1.00656
1.00029
1.00028
1.00036
1.00062
1.00294
1.04039
1.00019
1.00046
1.00048
1.0403
1.00032
1.11069
1.02664
1.02575
1.04744
1.0004
1.00033
1.00037
1.00031
1.00045
1.06397
1.08568
1.00044
1.13598
1.02924
1.00033
1.00422
1.04507
1.00065
1.00027
1.05116
1.00047
1.07585
1.00031
1.06322
1.01765
1.00406
1.00028
1.00452
1.12629
1.00037
1.0726
1.00018
1.00035
1.0327
1.00046
1.00038
1.00029
1.09082
1.00366
1.00033
1.04391
1.00018
1.00033
1.03419
1.00033
1.00053
1.00039
1.04643
1.00025
1.05479
1.00042
1.00047
1.01912
1.08409
1.03947
1.0285
1.00044
1.00772
1.00036
1.04427
1.00054
1.03386
1.00531
1.00668
1.00034
1.00031
1.01839
1.00035
1.00039
1.00027
1.0003
1.00655
1.0003
1.0011
1.00065
1.00024
1.00043
1.07857
1.07325
1.00163
1.04235
1.00419
1.05299
1.00017
1.06467
1.00034
1.00046
1.04205
1.00033
1.00037
1.00199
1.00053
1.10618
1.01475
1.02358
1.00039
1.01859
1.01437
1.00023
1.07498
1.02049
1.08936
1.07598
1.00071
1.00359
1.00275
1.00033
1.0139
1.00034
1.00025
1.08619
1.00997
1.00119
1.00028
1.00101
1.00066
1.03798
1.10603
1.00027
1.02158
1.00492
1.0005
1.00053
1.06565
1.00059
1.00033
1.06195
1.0006
1.0003
1.00035
1.00275
1.00039
1.00059
1.04047
1.00814
1.00973
1.00037
1.00046
1.02978
1.04184
1.02181
1.05794
1.04077
1.09591
1.01782
1.00035
1.07303
1.00023
1.00025
1.00032
1.00035
1.03099
1.04007
1.02445
1.00043
1.00058
1.00696
1.08198
1.00024
1.03352
1.00027
1.04168
1.00047
1.0081
1.02353
1.00054
1.00038
1.00058
1.01042
1.00433
1.00378
1.00019
1.00154
1.04669
1.00031
1.0021
1.05464
1.00038
1.00069
1.03847
1.04579
1.00426
1.00031
1.00033
1.03307
1.00018
1.00027
1.00042
1.0008
1.00034
1.00035
1.01443
1.00419
1.00035
1.09735
1.00046
1.00829
1.00028
1.01152
1.00017
1.0333
1.02929
1.00035
1.0028
1.08183
1.00036
1.00057
1.03975
1.00011
1.01021
1.01296
1.00038
1.02634
1.0004
1.00421
1.00025
1.00205
1.00031
1.00079
1.00007
1.04795
1.0411
1.00037
1.00034
1.00034
1.0033
1.01658
1.10219
1.00399
1.07418
1.00582
1.03581
1.00023
1.00043
1.00044
1.0003
1.00067
1.00848
1.00003
1.00034
1.00099
1.00047
1.00087
1.00609
1.00036
1.02017
1.10571
1.00038
1.05941
1.11954
1.07277
1.00058
1.04301
1.04518
1.02224
1.08871
1.0005
1.0267
1.02757
1.00055
1.00039
1.10713
1.05231
1.05519
1.03989
1.00025
1.00026
1.02587
1.00029
1.06027
1.00341
1.00045
1.05717
1.06944
1.01168
1.00058
1.05303
1.01651
1.06767
1.04786
1.02095
1.00025
1.00085
1.00037
1.04255
1.00032
1.03438
1.00184
1.00031
1.03383
1.00091
1.00033
1.01481
1.0062
1.00318
1.05445
1.07547
1.05942
1.00037
1.00031
1.00004
1.02566
1.00038
1.00501
1.00035
1.20631
1.04112
1.00726
1.04244
1.00028
1.08478
1.10968
1.00568
1.0891
1.03131
1.03697
1.0334
1.00032
1.06008
1.04984
1.00044
1.0003
1.00037
1.00723
1.15317
1.02282
1.00524
1.03937
1.0004
1.00059
1.04846
1.00029
1.00021
1.05273
1.00043
1.0005
1.10477
1.00037
1.00028
1.00045
1.00063
1.16851
1.00029
1.03552
1.01865
1.04933
1.00025
1.00048
1.00031
1.00016
1.01879
1.00024
1.11074
1.00097
1.00045
1.00019
1.04862
1.08207
1.03908
1.03596
1.06052
1.09034
1.00362
1.0031
1.0003
1.03029
1.05726
1.14798
1.06306
1.01548
1.00049
1.02174
1.00019
1.12623
1.00034
1.05066
1.17543
1.00028
1.08946
1.00013
1.00033
1.02001
1.0301
1.00029
1.00262
1.00893
1.00041
1.04814
1.00023
1.00046
1.08742
1.00027
1.00199
1.00046
1.03147
1.00029
1.00602
1.05075
1.00033
1.04062
1.00025
1.02878
1.00369
1.01625
1.0177
1.00049
1.06563
1.0003
1.0005
1.00026
1.00028
1.07033
1.00023
1.01079
1.1106
1.04687
1.01082
1.02383
1.00036
1.00045
1.03498
1.0005
1.07873
1.0002
1.02843
1.09731
1.00435
1.0597
1.03339
1.01744
1.00944
1.00037
1.00031
1.00044
1.06504
1.00023
1.09602
1.00017
1.05088
1.09735
1.01563
1.01748
1.00038
1.00051
1.00461
1.08973
1.00033
1.10172
1.00071
1.00054
1.18458
1.0086
1.00041
1.1248
1.06195
1.00898
1.00034
1.00386
1.00025
1.00042
1.0003
1.02116
1.05117
1.04788
1.00023
1.00057
1.00024
1.00043
1.19411
1.09059
1.03449
1.03808
1.00963
1.02493
1.06911
1.06601
1.00051
1.01297
1.00119
1.00021
1.04888
1.00054
1.0339
1.00039
1.00034
1.00023
1.00033
1.00065
1.00058
1.13456
1.04306
1.00017
1.05139
1.00034
1.00031
1.04996
1.05972
1.03298
1.02289
1.00058
1.00053
1.00028
1.04512
1.00541
1.0938
1.16803
1.00098
1.00021
1.00034
1.10882
1.00034
1.03722
1.15586
1.04004
1.00041
1.04946
1.11887
1.13652
1.05283
1.00054
1.00024
1.03381
1.08915
1.00046
1.00506
1.0472
1.0139
1.06392
1.02922
1.0611
1.04982
1.00038
1.0186
1.01631
1.00044
1.08583
1.00174
1.00045
1.07805
1.07819
1.01951
1.06299
1.00021
1.06226
1.17089
1.00045
1.00228
1.00034
1.00139
1.00829
1.01141
1.00208
1.00008
1.00034
1.00024
1.00047
1.04946
1.08369
1.02087
1.03133
1.11767
1.00016
1.0004
1.0003
1.00027
1.00022
1.01687
1.0004
1.08494
1.10251
1.05114
1.05675
1.09249
1.00865
1.06736
1.04072
1.00031
1.07443
1.04275
1.00036
1.20723
1.0583
1.17888
1.00051
1.0028
1.00192
1.00026
1.04631
1.00021
1.00031
1.08059
1.10812
1.0003
1.0003
1.34125
1.00038
1.01639
1.03815
1.07913
1.02417
1.00607
1.0003
1.00002
1.0119
1.01611
1.08205
1.03184
1.03894
1.00234
1.00051
1.00075
1.00026
1.0846
1.0004
1.01789
1.00736
1.03706
1.04734
1.00066
1.02516
1.00275
1.00065
1.0194
1.00028
1.00173
1.00029
1.00037
1.01047
1.00035
1.07743
1.0546
1.01003
1.00024
1.01038
1.05522
1.00004
1.00028
1.00088
1.00035
1.01373
1.04158
1.00047
1.04452
1.0006
1.00045
1.0006
1.05108
1.0005
1.01347
1.00023
1.0003
1.01605
1.00026
1.00024
1.03041
1.034
1.00035
1.01856
1.02889
1.00768
1.03837
1.00027
1.00527
1.00044
1.00038
1.00042
1.02248
1.05629
1.02741
1.06749
1.00034
1.0057
1.31142
1.05796
1.07999
1.01888
1.00028
1.03329
1.06272
1.17194
1.00035
1.02325
1.15561
1.00063
1.00974
1.00028
1.00439
1.07536
1.15065
1.05674
1.00031
1.0005
1.03613
1.03472
1.00031
1.07997
1.00049
1.00442
1.04394
1.09027
1.00036
1.03881
1.02341
1.0051
1.00024
1.13074
1.19755
1.096
1.00879
1.09107
1.00049
1.00133
1.08517
1.00015
1.00049
1.00057
1.07229
1.02223
1.09778
1.00034
1.00089
1.03685
1.02572
1.17444
1.0904
1.00044
1.02071
1.08875
1.00035
1.00024
1.02793
1.00034
1.08587
1.09497
1.04864
1.07893
1.00041
1.00026
1.01474
1.03982
1.01029
1.00608
1.0003
1.00015
1.00049
1.00576
1.00033
1.01103
1.02845
1.00337
1.05241
1.01643
1.00035
1.00091
1.03308
1.00039
1.05561
1.03187
1.04526
1.03721
1.05274
1.0172
1.07703
1.05425
1.00213
1.04009
1.13898
1.00044
1.00035
1.09705
1.1041
1.22728
1.1053
1.00016
1.02471
1.06058
1.14852
1.02352
1.14867
1.00035
1.06118
1.06334
1.02967
1.00389
1.00087
1.06407
1.00034
1.00033
1.0007
1.05344
1.00603
1.00019
1.03097
1.00038
1.03484
1.00029
1.00124
1.00069
1.0004
1.03909
1.01937
1.02825
1.06765
1.1594
1.03469
1.02379
1.00028
1.00951
1.02793
1.01977
1.1152
1.11623
1.00063
1.08707
1.00029
1.05144
1.00036
1.04732
1.0972
1.00028
1.0006
1.24454
1.0363
1.29798
1.01993
1.07836
1.0501
1.04498
1.03708
1.02646
1.04603
1.02557
1.08722
1.00025
1.00026
1.00037
1.00038
1.00639
1.08469
1.05546
1.09145
1.02905
1.27252
1.06238
1.00039
1.00093
1.11713
1.00043
1.0005
1.00027
1.01183
1.00036
1.09321
1.08231
1.01069
1.05807
1.00029
1.00042
1.00026
1.02349
1.00087
1.00024
1.04679
1.00045
1.00096
1.00044
1.01071
1.00029
1.07334
1.0211
1.0411
1.00018
1.00555
1.00024
1.00075
1.06151
1.00033
1.03811
1.00685
1.05788
1.14032
1.00043
1.00328
1.03146
1.03882
1.11033
1.00034
1.04326
1.00057
1.02419
1.00027
1.00016
1.09443
1.00033
1.00018
1.09117
1.00051
1.04668
1.0002
1.06155
1.01788
1.03679
1.0187
1.0659
1.00022
1.00031
1.0005
1.00037
1.00036
1.00012
1.00029
1.00873
1.02078
1.00046
1.00832
1.00029
1.12984
1.00023
1.11998
1.03801
1.00052
1.08226
1.00049
1.09381
1.00038
1.00302
1.00773
1.02557
1.02704
1.01911
1.03358
1.00042
1.00029
1.00031
1.00438
1.11718
1.00039
1.04019
1.00029
1.00049
1.00026
1.0003
1.04993
1.00028
1.00055
1.00115
1.05569
1.05812
1.00044
1.00029
1.04924
1.04726
1.00029
1.05974
1.07626
1.00042
1.00041
1.00101
1.0304
1.00031
1.00031
1.00046
1.06499
1.00031
1.0752
1.00022
1.00732
1.00043
1.10247
1.11491
1.00024
1.10892
1.04614
1.01103
1.0072
1.0003
1.00029
1.0155
1.12927
1.06165
1.01039
1.08173
1.19134
1.00034
1.00039
1.05483
1.0004
1.14646
1.00483
1.00029
1.00028
1.00036
1.00062
1.00113
1.10475
1.00019
1.11666
1.00048
1.00061
1.00032
1.09869
1.02664
1.02358
1.03514
1.0004
1.00033
1.03181
1.03585
1.00045
1.06397
1.0846
1.00044
1.01467
1.03765
1.0273
1.00963
1.04162
1.04631
1.00027
1.00033
1.00047
1.05483
1.00031
1.04133
1.04077
1.06502
1.00028
1.00452
1.00048
1.00037
1.00028
1.00018
1.00035
1.08947
1.00046
1.00038
1.00029
1.29147
1.00366
1.10289
1.04391
1.00018
1.09266
1.03419
1.00033
1.00053
1.00039
1.06602
1.00025
1.00035
1.01183
1.00047
1.03184
1.00048
1.03947
1.039
1.00045
1.14972
1.00036
1.00044
1.06835
1.03386
1.00531
1.0064
1.00034
1.00031
1.04689
1.00035
1.00039
1.02625
1.0003
1.00655
1.17407
1.0011
1.12091
1.00024
1.00043
1.07857
1.14261
1.00256
1.05446
1.02844
1.0751
1.00017
1.06182
1.00034
1.00046
1.00021
1.07424
1.00037
1.00199
1.09696
1.00041
1.03562
1.06254
1.08023
1.01859
1.01437
1.00023
1.06305
1.02049
1.11124
1.08445
1.04169
1.00359
1.00276
1.00033
1.04007
1.06409
1.00025
1.00029
1.00997
1.01465
1.00028
1.02972
1.1245
1.01102
1.06688
1.00027
1.03085
1.00492
1.04268
1.00053
1.0998
1.00059
1.00033
1.06195
1.0006
1.04941
1.07387
1.03605
1.00039
1.00059
1.04048
1.00815
1.00973
1.00037
1.00046
1.03469
1.05846
1.00031
1.08192
1.04077
1.04566
1.01782
1.00035
1.07569
1.18505
1.00025
1.0234
1.00035
1.0567
1.08599
1.10469
1.00043
1.00058
1.00018
1.12961
1.02319
1.05993
1.00027
1.06017
1.07654
1.0081
1.06025
1.00054
1.00038
1.03879
1.04767
1.02454
1.00378
1.00019
1.00154
1.03636
1.00031
1.1265
1.10482
1.08442
1.00069
1.00018
1.05465
1.00426
1.00031
1.18418
1.02368
1.00018
1.10869
1.00042
1.0008
1.05468
1.00035
1.01443
1.04264
1.08092
1.09735
1.00046
1.01067
1.00028
1.07005
1.00017
1.02557
1.28694
1.19558
1.0028
1.06688
1.12901
1.00057
1.00856
1.14455
1.021
1.02924
1.00038
1.01764
1.0004
1.01127
1.00026
1.00205
1.00031
1.00079
1.00007
1.0003
1.0283
1.0695
1.10444
1.08373
1.0033
1.01658
1.00042
1.00399
1.07794
1.04451
1.01192
1.03794
1.00043
1.11299
1.0003
1.13348
1.00848
1.00003
1.00034
2.58155
1.5563
1.64859
1.54543
1.53607
1.47257
1.69162
1.63811
1.64268
1.97382
1.78719
1.786
1.67194
1.55255
1.43178
1.77866
1.67964
1.65256
1.90382
1.63921
1.65916
2.26454
1.58982
1.81504
1.45182
1.46654
1.49702
1.57665
1.56831
1.85856
1.5622
1.60611
1.57841
1.39114
1.53822
1.8039
1.47115
1.5415
1.51116
1.41931
1.50352
1.38794
1.45478
1.94815
1.8357
1.58563
1.58172
1.78843
1.52009
1.54296
1.39549
1.50846
1.52156
1.57155
1.61452
1.48309
1.86909
1.7746
1.55333
1.47318
1.59414
1.75167
1.65
2.0474
1.5388
1.78214
1.78283
1.70048
2.03643
1.41161
1.70664
1.82316
1.73628
1.72987
1.66978
1.79448
1.57344
1.50865
1.5079
1.71464
1.72851
1.58725
1.61896
1.95751
1.69806
1.64316
1.55784
2.1983
1.35442
1.4667
1.50226
1.44231
1.37701
1.87774
1.62782
1.6638
1.62677
1.75826
1.51391
1.84888
1.77203
1.79724
1.5339
1.69456
1.6717
1.60658
1.41057
1.91012
1.44823
1.66342
1.68853
1.45854
1.56923
1.90844
1.71605
1.3454
1.44228
1.44323
1.4544
1.57364
1.41924
1.593
1.79176
1.56995
1.40558
1.94637
2.03198
1.95904
1.85814
1.48831
1.7963
1.60827
1.67113
1.57126
1.49888
1.56411
1.61206
1.38412
1.86355
1.25474
1.60604
1.52922
1.48608
1.39067
1.48262
1.59328
1.54606
1.62639
1.29946
1.64337
1.67759
1.44301
1.79133
1.60086
1.55882
1.58699
1.7142
1.97953
1.60207
1.65556
1.52111
1.92558
1.82442
1.87951
1.54142
1.62045
1.57218
1.52485
1.68213
1.47142
1.64521
1.44655
1.43382
1.54584
1.85495
1.80882
1.34439
1.56898
1.51343
1.53737
1.78184
1.59605
1.61854
1.39149
1.54813
1.42737
1.25535
1.65315
1.8312
1.95917
1.5778
1.59059
1.50656
1.73367
1.54845
1.50169
1.72868
1.30052
1.69632
1.62051
1.54046
1.39076
1.6305
1.56876
1.66529
1.66204
1.59103
1.55017
1.60143
1.74027
1.78585
1.51913
1.68049
2.06326
2.12376
1.80926
1.60518
1.70906
1.44563
1.62361
1.45822
2.08357
1.79657
1.88605
1.48577
1.92952
1.44999
1.62345
1.79182
1.69111
1.74908
1.74687
1.94516
1.52269
1.74811
1.89798
1.77033
1.63468
1.57939
1.46008
1.78685
1.7392
1.88019
1.59207
1.57606
1.45806
1.5636
1.94893
1.72509
1.97925
1.40161
1.28989
1.49674
1.49579
1.46702
1.40414
1.57975
1.67861
1.67796
1.45439
1.78077
1.46378
1.5438
1.83786
1.674
1.39
1.50981
1.46251
1.68739
1.51098
1.62736
1.47369
1.54776
1.96672
1.62353
1.77371
1.53766
1.7141
2.47851
1.98693
1.39691
1.6852
1.78423
1.61598
1.76723
1.44684
1.48106
1.66986
1.63485
1.51643
1.74262
1.68448
1.48429
1.69136
1.54042
1.70457
1.64054
1.69772
1.72119
1.33506
1.57754
1.72031
1.42809
1.81645
1.88395
1.5238
2.35241
1.59598
1.74597
1.92206
1.65573
1.50797
1.77409
1.62209
1.3652
1.42253
1.9009
1.6411
1.42353
1.49903
1.61206
1.36864
1.62441
1.47479
1.54175
1.37273
1.42151
1.48115
1.73091
1.51844
1.44409
1.61651
1.79415
1.60466
1.55022
1.60949
1.49204
1.69403
1.61655
1.77012
1.41581
1.69604
1.80702
1.79315
1.84085
1.44054
1.5202
1.80307
1.46271
1.65848
1.56544
1.53329
1.53262
1.52326
2.02008
1.67747
1.83232
1.80687
1.67965
1.55662
1.805
1.51652
1.68247
2.19056
1.44803
1.46082
2.04887
1.39781
1.57702
1.64409
1.67205
1.53004
1.81275
1.59838
1.76031
1.70019
2.1282
1.66427
1.53968
1.77834
1.63569
1.58904
1.53422
1.44367
1.76348
1.54631
1.51543
1.43756
1.57224
1.53965
1.46013
1.65822
1.47623
1.45569
2.05524
1.77775
1.49607
1.72573
1.61368
1.51591
1.49187
1.8218
1.9157
1.97622
1.50793
2.0598
1.60563
1.75218
1.63801
1.37361
1.46783
1.30938
1.5906
1.46419
1.87031
1.67638
1.55841
1.58651
1.36376
1.57999
1.81385
1.56751
1.36387
1.51005
1.57546
1.68463
1.65537
1.62811
1.69088
1.89059
1.44152
1.33454
1.85424
1.63904
1.68495
1.59709
1.5112
1.62322
1.44559
1.55304
1.43408
1.3421
1.62066
1.68497
1.62519
1.54058
1.61333
1.85778
1.61205
2.10248
1.58633
1.42577
1.73752
1.46801
1.54869
1.49282
1.8231
1.72809
1.33716
1.65739
1.54122
1.88004
1.64887
1.6594
1.5668
1.41809
1.77374
2.16663
1.43681
1.60871
1.65578
2.19551
1.56296
1.26158
1.59153
1.95847
1.84336
1.64713
1.34081
1.49845
1.63412
1.6486
1.47098
1.45106
1.77735
1.73359
1.64038
1.55027
1.53071
1.40101
1.78564
1.54462
1.52823
1.51739
1.55473
1.65204
1.66647
1.50736
1.56625
1.9197
2.10508
1.63793
1.60465
1.27716
1.84829
1.76679
1.83795
1.2361
1.62165
1.60645
1.62115
1.73291
1.50045
1.73485
1.80831
1.60131
1.79267
1.80356
1.90343
1.559
1.39479
1.38789
1.64933
1.97036
1.54674
1.38206
1.69137
1.61284
1.4817
1.50381
1.39148
1.5092
1.48046
1.33456
1.72325
1.76482
1.26346
1.48693
1.85493
1.56835
1.55702
1.45299
1.4506
1.98718
1.7747
1.79567
1.49413
1.52738
1.39041
1.73128
1.98091
1.35668
1.43725
1.51618
1.37375
1.51378
2.0975
1.75162
1.44641
1.86871
1.62307
1.59331
1.64871
1.85861
2.22653
1.51703
1.48834
1.69436
1.54949
1.72593
1.77016
1.86622
1.7735
1.55206
1.54138
1.61817
1.50828
1.50305
1.58293
1.50231
1.73127
1.71688
1.59589
1.71232
1.33112
1.8134
1.5074
1.49347
1.34859
1.57312
1.56089
1.99038
1.50481
1.55023
1.49375
1.62119
1.54926
1.90078
1.81654
1.60567
1.78434
1.4747
1.82509
1.51351
1.60856
1.38204
1.55566
1.90146
1.62086
1.43055
1.66086
1.55119
1.46366
1.60742
1.55111
1.53379
1.48956
1.56729
1.42715
1.93418
1.70878
1.50198
1.31767
1.61176
1.51465
1.78769
1.82429
1.55074
1.69964
1.73827
1.57882
1.45579
1.6221
1.43494
1.91043
1.99408
1.51103
1.64196
1.58962
1.76288
1.67309
1.71988
1.46703
1.99069
1.43693
1.78149
1.69603
1.6556
1.63516
1.5504
1.42509
1.41667
1.63634
1.3725
1.32503
1.37227
1.55734
1.52954
1.3472
1.53178
1.55433
1.90489
1.90122
1.52921
1.35401
1.50194
1.70651
1.72442
1.53163
1.29288
1.53626
1.75967
1.75486
1.80093
1.82228
1.46677
1.81128
1.40283
1.16648
1.73161
1.70469
1.581
1.71905
1.58977
1.55303
1.38412
1.77978
1.31257
1.65163
1.48428
1.5573
1.40812
1.5086
1.60457
1.68882
1.601
1.75173
1.6475
1.55216
1.82991
1.45352
1.43543
1.59229
1.50157
1.95605
1.54045
1.83873
1.62807
1.76924
1.58961
1.67223
1.80235
1.45055
1.86515
1.54656
1.90471
1.53689
1.50138
1.45068
1.45714
1.46905
1.61784
1.74084
1.52714
1.74048
1.4947
1.79023
1.66493
1.4441
1.8982
1.4328
1.55043
1.77836
1.47976
2.07284
1.60866
1.53877
1.70118
1.70605
1.54076
1.59601
1.52128
1.58215
1.49732
1.68747
1.88366
1.50735
1.66729
1.72298
1.50241
1.48062
1.59778
1.65077
1.81003
1.86787
1.36075
1.788
1.45407
1.95836
1.32124
1.73113
2.21094
1.50504
1.72116
1.53156
1.73806
1.56564
1.6118
1.8619
1.79441
1.5875
1.49482
1.82779
1.99942
1.61091
1.37661
1.542
1.64744
1.43673
1.37573
1.64139
1.81374
1.3922
1.46121
1.68928
1.69527
1.49948
1.71248
1.68527
1.45707
1.63419
1.32493
1.71006
2.27721
1.86686
1.56804
1.49693
1.63608
1.80477
1.72718
1.72273
1.40463
1.54714
2.76586
1.5889
1.68497
1.63651
1.3847
1.5169
1.78478
1.54461
1.77387
1.59844
1.71367
1.81138
1.84125
1.67749
2.05197
1.61184
1.87554
1.5685
1.83653
1.48627
1.70407
1.46563
1.43241
1.37779
1.69804
1.79378
1.49733
1.49182
1.68005
1.58953
1.35646
1.69881
1.35462
1.89917
1.45839
1.5779
1.26731
1.58509
1.62987
1.7899
1.28104
1.78099
1.69822
1.52762
1.4529
1.47891
1.57018
1.84873
1.76299
1.64896
1.65083
1.60803
1.77667
1.79939
1.68683
1.41676
1.53006
1.71046
1.9408
1.74202
1.70722
1.58302
1.59737
1.52497
2.77982
1.52239
1.52454
1.52971
1.51606
1.60622
1.53102
1.57216
1.86679
1.62201
1.9172
1.43552
1.64813
1.84669
1.74106
1.84236
1.87969
1.78662
1.64989
1.5003
1.89189
1.50856
1.54749
1.60135
1.56849
1.97871
1.43657
1.61107
1.98197
1.62198
1.71408
1.70495
1.93938
1.48666
1.73113
1.85671
1.62406
1.55787
1.65095
1.8234
1.3567
1.39978
1.59718
1.6219
1.70522
1.63167
1.70277
1.51725
1.68747
1.41597
1.72289
1.49144
1.81112
1.42871
1.70923
1.76233
1.52756
2.01441
1.84923
1.53598
1.74895
1.51573
1.75403
1.65648
1.52836
1.51703
1.79237
1.64286
2.35807
1.48438
1.59799
1.70897
1.29429
1.64243
1.44615
1.54765
1.45243
1.79253
1.28924
1.60782
1.69659
1.84144
1.62118
1.66049
1.95609
1.91699
1.65527
1.4066
1.64048
2.04096
1.56273
1.52354
1.3859
1.69748
2.23666
1.66907
1.42368
1.58923
1.58062
1.77055
1.51245
1.54898
1.41204
1.56368
1.52422
1.28852
1.48409
1.58628
1.43463
1.86519
1.66758
1.61894
1.51029
1.37816
1.65204
1.58662
1.61085
1.52676
1.46915
1.30966
1.81991
1.43028
1.48146
1.55616
1.67211
1.40064
1.60771
1.79884
1.46985
1.71038
1.75967
1.48332
1.42941
1.43839
1.25016
1.19458
1.21975
1.13918
1.10538
1.12424
1.14686
1.12369
1.12541
1.32847
1.16798
1.13098
1.14005
1.09598
1.11684
1.20072
1.15784
1.04445
1.35047
1.17099
1.18824
1.23691
1.24223
1.05734
1.05931
1.05781
1.13422
1.09571
1.11305
1.17524
1.03997
1.10993
1.09638
1.27096
1.21949
1.06032
1.0408
1.07782
1.11563
1.03697
1.02306
1.13324
1.19335
1.20864
1.05018
1.04356
1.16303
1.04739
1.08919
1.0632
1.04637
1.07357
1.12252
1.10279
1.02802
1.1018
1.11466
1.08212
1.07488
1.12468
1.07797
1.1771
1.44614
1.035
1.33602
1.07838
1.22635
1.29961
1.08009
1.17996
1.14957
1.41805
1.15981
1.29856
1.07139
1.31999
1.1857
1.10367
1.21726
1.17752
1.09804
1.10595
1.23787
1.15338
1.15451
1.27802
1.20429
1.06389
1.10748
1.07642
1.07921
1.04682
1.18012
1.26101
1.1778
1.30375
1.10503
1.13679
1.21185
1.39825
1.16619
1.08694
1.10312
1.22476
1.12524
1.03106
1.25264
1.09199
1.07738
1.0762
1.14695
1.15058
1.24105
1.17125
1.05276
1.09258
1.08016
1.07013
1.11539
1.05644
1.06441
1.10644
1.19936
1.13643
1.38494
1.07412
1.16548
1.07945
1.06468
1.16278
1.12061
1.14022
1.22289
1.09106
1.14542
1.34261
1.11576
1.06655
1.0646
1.07151
1.05086
1.08366
1.08022
1.10786
1.08476
1.17609
1.06175
1.08161
1.04043
1.21516
1.11751
1.09778
1.1856
1.16959
1.0787
1.13664
1.17552
1.06777
1.15523
1.08945
1.1238
1.26676
1.16678
1.12328
1.21897
1.07435
1.1506
1.12864
1.09722
1.15995
1.17416
1.14304
1.18846
1.29447
1.22969
1.05948
1.23014
1.0814
1.07152
1.33408
1.36963
1.08117
1.09669
1.14168
1.09916
1.04023
1.17534
1.19121
1.21421
1.11405
1.1454
1.07556
1.12474
1.11862
1.04856
1.03825
1.07304
1.12356
1.12047
1.01545
1.09856
1.14533
1.08898
1.14184
1.07592
1.17559
1.10199
1.13048
1.22291
1.22308
1.1235
1.07877
1.15694
1.33615
1.11657
1.07553
1.16008
1.08884
1.10114
1.15547
1.24109
1.1368
1.27999
1.10149
1.26555
1.08447
1.20774
1.24131
1.11562
1.07802
1.09416
1.09406
1.10173
1.14939
1.20469
1.09141
1.25108
1.14308
1.14523
1.18378
1.12085
1.17224
1.08297
1.13099
1.03702
1.11716
1.18744
1.31581
1.17486
1.05406
1.09522
1.07413
1.06464
1.16835
1.08361
1.15971
1.07405
1.08382
1.03193
1.15946
1.12682
1.10617
1.183
1.22449
1.0925
1.08242
1.03736
1.1036
1.12402
1.09616
1.03463
1.04819
1.22059
1.17972
1.262
1.22415
1.06729
1.1857
1.183
1.1215
1.12153
1.17571
1.11608
1.24595
1.04492
1.05844
1.08713
1.22216
1.0066
1.2294
1.14089
1.01496
1.14172
1.2268
1.0561
1.05117
1.23454
1.03122
1.09625
1.0858
1.17401
1.03435
1.24577
1.09113
1.13153
1.27147
1.15331
1.11926
1.25981
1.06865
1.0892
1.14719
1.10434
1.0861
1.05445
1.28699
1.25183
1.08655
1.1584
1.23342
1.15805
1.04193
1.08798
1.05302
1.06806
1.12479
1.20511
1.11278
1.05468
1.09378
1.15027
1.1113
1.26361
1.10636
1.07263
1.04243
1.12536
1.08483
1.11567
1.13522
1.07125
1.18719
1.17828
1.20626
1.105
1.09022
1.09524
1.03861
1.10529
1.16476
1.19926
1.11
1.11111
1.1603
1.0998
1.13064
1.16332
1.08338
1.33212
1.1988
1.13391
1.2267
1.21978
1.08796
1.07443
1.14717
1.02949
1.09436
1.20099
1.08807
1.16462
1.16846
1.0727
1.12722
1.17524
1.32077
1.07952
1.12401
1.14193
1.14028
1.062
1.14355
1.11634
1.12034
1.08497
1.1052
1.1379
1.07282
1.13473
1.10764
1.15336
1.13826
1.10222
1.26088
1.08592
1.09738
1.17781
1.09858
1.07137
1.09782
1.16232
1.26632
1.2522
1.05953
1.25143
1.20207
1.10067
1.15889
1.03299
1.06921
1.04031
1.0455
1.07245
1.09945
1.10048
1.08444
1.16898
1.05892
1.21575
1.07989
1.11126
1.07458
1.18764
1.0833
1.23725
1.08872
1.08712
1.21403
1.07589
1.09218
1.05446
1.12236
1.14997
1.14644
1.1267
1.04711
1.1357
1.20798
1.15692
1.08851
1.03162
1.0951
1.20585
1.20985
1.06639
1.12482
1.17571
1.10342
1.32342
1.10086
1.19691
1.10408
1.11793
1.13224
1.26813
1.18216
1.17032
1.04106
1.28771
1.1049
1.08072
1.11975
1.13947
1.10527
1.23211
1.13906
1.25005
1.08942
1.06769
1.27224
1.21261
1.08889
1.03609
1.30348
1.07835
1.11509
1.04601
1.04306
1.05185
1.11811
1.05716
1.08967
1.01139
1.39291
1.06379
1.09167
1.07783
1.03614
1.05219
1.11524
1.17964
1.25874
1.15729
1.17602
1.15188
1.22683
1.1365
1.16128
1.30225
1.36852
1.07581
1.08804
1.0936
1.10934
1.17769
1.19218
1.077
1.14123
1.07575
1.09042
1.14657
1.12626
1.15457
1.16261
1.18516
1.09003
1.12766
1.23341
1.14755
1.11874
1.07152
1.30165
1.13488
1.08589
1.08629
1.10603
1.14263
1.08046
1.16421
1.14589
1.26893
1.14656
1.03327
1.06641
1.23489
1.04435
1.13344
1.13142
1.09473
1.06884
1.08834
1.09045
1.15549
1.20439
1.0794
1.09555
1.0663
1.05156
1.13077
1.34626
1.08801
1.09805
1.08855
1.0628
1.13301
1.43462
1.29468
1.14961
1.1633
1.21367
1.24781
1.18222
1.05031
1.22009
1.09657
1.06202
1.10053
1.115
1.17333
1.14215
1.41311
1.28206
1.07359
1.11561
1.04429
1.09484
1.12782
1.02734
1.06164
1.3931
1.26694
1.13529
1.2717
1.06072
1.15549
1.05475
1.09294
1.06075
1.16865
1.18776
1.14753
1.04846
1.05866
1.11248
1.06325
1.14258
1.23088
1.27468
1.12085
1.17624
1.13951
1.13347
1.1692
1.08163
1.05846
1.07367
1.1674
1.31625
1.09658
1.05686
1.11878
1.06055
1.05547
1.05808
1.06736
1.08633
1.19976
1.09524
1.17925
1.11585
1.03733
1.14148
1.17754
1.26526
1.18776
1.13727
1.09175
1.22648
1.22384
1.11169
1.07619
1.19858
1.04935
1.29533
1.14036
1.0377
1.08109
1.16082
1.17814
1.04157
1.13139
1.08874
1.20317
1.08304
1.15312
1.05562
1.13349
1.38211
1.15991
1.07854
1.1627
1.16348
1.05113
1.07415
1.03949
1.08832
1.18908
1.04317
1.11959
1.16173
1.16318
1.21808
1.0652
1.00878
1.04675
1.19156
1.11332
1.08947
1.02303
1.06178
1.311
1.1292
1.20986
1.25157
1.04209
1.17393
1.09331
1.05613
1.29425
1.09589
1.08448
1.10152
1.14737
1.03773
1.0825
1.20568
1.01722
1.19862
1.04327
1.10086
1.12343
1.05224
1.06896
1.14822
1.15334
1.06331
1.09332
1.10677
1.12131
1.09177
1.16689
1.16512
1.09971
1.14269
1.17044
1.37687
1.03078
1.14913
1.09253
1.06289
1.1062
1.05047
1.20945
1.14772
1.16782
1.09356
1.09937
1.09333
1.09166
1.08877
1.13778
1.07309
1.07349
1.29813
1.081
1.15125
1.07155
1.1055
1.14325
1.10323
1.17143
1.1279
1.12327
1.07778
1.17037
1.09848
1.09071
1.05203
1.07875
1.10411
1.1907
1.12713
1.10637
1.10186
1.25455
1.18124
1.12986
1.22814
1.15574
1.09993
1.09676
1.06633
1.19215
1.24954
1.0613
1.08039
1.12865
1.22572
1.05381
1.23244
1.24282
1.01748
1.18237
1.18868
1.10512
1.06423
1.05369
1.16288
1.16475
1.17668
1.05982
1.33437
1.08254
1.06231
1.10048
1.15453
1.10172
1.03524
1.05706
1.19115
1.14944
1.07063
1.05295
1.07067
1.18629
1.04963
1.07003
1.17402
1.18957
1.14315
1.03231
1.15466
1.09778
1.13176
1.19733
1.04456
1.13077
1.16158
1.05097
1.28065
1.04812
1.05304
1.37258
1.10023
1.18783
1.19734
1.02511
1.05172
1.09777
1.22589
1.11774
1.32014
1.11712
1.10076
1.19259
1.14197
1.22887
1.17434
1.20717
1.31201
1.12282
1.08299
1.41989
1.13131
1.08388
1.08711
1.04201
1.18628
1.05133
1.08467
1.08819
1.0462
1.05079
1.09913
1.08472
1.11288
1.09055
1.13599
1.06912
1.03758
1.3111
1.12451
1.05542
1.08026
1.07956
1.26159
1.05003
1.01623
1.08637
1.18983
1.21936
1.19764
1.31419
1.16896
1.10864
1.20787
1.13416
1.10506
1.14647
1.0631
1.24906
1.16758
1.12567
1.04878
1.19942
1.05248
1.71748
1.04809
1.08014
1.06425
1.24343
1.16358
1.07829
1.06353
1.2366
1.13602
1.13567
1.1176
1.15144
1.18973
1.30932
1.35882
1.08865
1.2399
1.17063
1.09203
1.11971
1.13817
1.03176
1.1706
1.24424
1.16438
1.07503
1.13445
1.27294
1.18471
1.06641
1.14444
1.08949
1.07566
1.06588
1.10215
1.0523
1.08332
1.05396
1.10878
1.02121
1.12213
1.08177
1.17599
1.12779
1.31483
1.07456
1.13015
1.35413
1.06123
1.33447
1.06208
1.06916
1.10395
1.30126
1.17741
1.1205
1.10474
1.25333
1.08707
1.20242
1.16349
1.13587
1.11285
1.13377
1.22997
1.12903
1.13575
1.26677
1.05687
1.19239
1.15383
1.0339
1.11107
1.09218
1.10705
1.07635
1.17976
1.02142
1.09205
1.113
1.09885
1.09326
1.13314
1.16073
1.32522
1.09361
1.13664
1.11726
1.24529
1.09266
1.19686
1.08501
1.24338
1.23079
1.05144
1.16149
1.10438
1.16702
1.22512
1.27108
1.21646
1.04146
1.24669
1.17887
1.03133
1.23774
1.08621
1.12946
1.27815
1.11138
1.13945
1.12641
1.17245
1.15611
1.03228
1.08671
1.18625
1.15343
1.12846
1.18709
1.04248
1.03738
1.11843
1.20809
1.08618
1.07888
1.18969
1.08665
1.15886
1.0938
1.08906
1.08823
2.58155
1.5563
1.64859
1.54543
1.53607
1.47257
1.69162
1.63811
1.64268
1.97382
1.78719
1.786
1.67194
1.55255
1.43178
1.77866
1.67964
1.65256
1.90382
1.63921
1.65916
2.26454
1.58982
1.81504
1.45182
1.46654
1.49702
1.57665
1.56831
1.85856
1.5622
1.60611
1.57841
1.39114
1.53822
1.8039
1.47115
1.5415
1.51116
1.41931
1.50352
1.38794
1.45478
1.94815
1.8357
1.58563
1.58172
1.78843
1.52009
1.54296
1.39549
1.50846
1.52156
1.57155
1.61452
1.48309
1.86909
1.7746
1.55333
1.47318
1.59414
1.75167
1.65
2.0474
1.5388
1.78214
1.78283
1.70048
2.03643
1.41161
1.70664
1.82316
1.73628
1.72987
1.66978
1.79448
1.57344
1.50865
1.5079
1.71464
1.72851
1.58725
1.61896
1.95751
1.69806
1.64316
1.55784
2.1983
1.35442
1.4667
1.50226
1.44231
1.37701
1.87774
1.62782
1.6638
1.62677
1.75826
1.51391
1.84888
1.77203
1.79724
1.5339
1.69456
1.6717
1.60658
1.41057
1.91012
1.44823
1.66342
1.68853
1.45854
1.56923
1.90844
1.71605
1.3454
1.44228
1.44323
1.4544
1.57364
1.41924
1.593
1.79176
1.56995
1.40558
1.94637
2.03198
1.95904
1.85814
1.48831
1.7963
1.60827
1.67113
1.57126
1.49888
1.56411
1.61206
1.38412
1.86355
1.25474
1.60604
1.52922
1.48608
1.39067
1.48262
1.59328
1.54606
1.62639
1.29946
1.64337
1.67759
1.44301
1.79133
1.60086
1.55882
1.58699
1.7142
1.97953
1.60207
1.65556
1.52111
1.92558
1.82442
1.87951
1.54142
1.62045
1.57218
1.52485
1.68213
1.47142
1.64521
1.44655
1.43382
1.54584
1.85495
1.80882
1.34439
1.56898
1.51343
1.53737
1.78184
1.59605
1.61854
1.39149
1.54813
1.42737
1.25535
1.65315
1.8312
1.95917
1.5778
1.59059
1.50656
1.73367
1.54845
1.50169
1.72868
1.30052
1.69632
1.62051
1.54046
1.39076
1.6305
1.56876
1.66529
1.66204
1.59103
1.55017
1.60143
1.74027
1.78585
1.51913
1.68049
2.06326
2.12376
1.80926
1.60518
1.70906
1.44563
1.62361
1.45822
2.08357
1.79657
1.88605
1.48577
1.92952
1.44999
1.62345
1.79182
1.69111
1.74908
1.74687
1.94516
1.52269
1.74811
1.89798
1.77033
1.63468
1.57939
1.46008
1.78685
1.7392
1.88019
1.59207
1.57606
1.45806
1.5636
1.94893
1.72509
1.97925
1.40161
1.28989
1.49674
1.49579
1.46702
1.40414
1.57975
1.67861
1.67796
1.45439
1.78077
1.46378
1.5438
1.83786
1.674
1.39
1.50981
1.46251
1.68739
1.51098
1.62736
1.47369
1.54776
1.96672
1.62353
1.77371
1.53766
1.7141
2.47851
1.98693
1.39691
1.6852
1.78423
1.61598
1.76723
1.44684
1.48106
1.66986
1.63485
1.51643
1.74262
1.68448
1.48429
1.69136
1.54042
1.70457
1.64054
1.69772
1.72119
1.33506
1.57754
1.72031
1.42809
1.81645
1.88395
1.5238
2.35241
1.59598
1.74597
1.92206
1.65573
1.50797
1.77409
1.62209
1.3652
1.42253
1.9009
1.6411
1.42353
1.49903
1.61206
1.36864
1.62441
1.47479
1.54175
1.37273
1.42151
1.48115
1.73091
1.51844
1.44409
1.61651
1.79415
1.60466
1.55022
1.60949
1.49204
1.69403
1.61655
1.77012
1.41581
1.69604
1.80702
1.79315
1.84085
1.44054
1.5202
1.80307
1.46271
1.65848
1.56544
1.53329
1.53262
1.52326
2.02008
1.67747
1.83232
1.80687
1.67965
1.55662
1.805
1.51652
1.68247
2.19056
1.44803
1.46082
2.04887
1.39781
1.57702
1.64409
1.67205
1.53004
1.81275
1.59838
1.76031
1.70019
2.1282
1.66427
1.53968
1.77834
1.63569
1.58904
1.53422
1.44367
1.76348
1.54631
1.51543
1.43756
1.57224
1.53965
1.46013
1.65822
1.47623
1.45569
2.05524
1.77775
1.49607
1.72573
1.61368
1.51591
1.49187
1.8218
1.9157
1.97622
1.50793
2.0598
1.60563
1.75218
1.63801
1.37361
1.46783
1.30938
1.5906
1.46419
1.87031
1.67638
1.55841
1.58651
1.36376
1.57999
1.81385
1.56751
1.36387
1.51005
1.57546
1.68463
1.65537
1.62811
1.69088
1.89059
1.44152
1.33454
1.85424
1.63904
1.68495
1.59709
1.5112
1.62322
1.44559
1.55304
1.43408
1.3421
1.62066
1.68497
1.62519
1.54058
1.61333
1.85778
1.61205
2.10248
1.58633
1.42577
1.73752
1.46801
1.54869
1.49282
1.8231
1.72809
1.33716
1.65739
1.54122
1.88004
1.64887
1.6594
1.5668
1.41809
1.77374
2.16663
1.43681
1.60871
1.65578
2.19551
1.56296
1.26158
1.59153
1.95847
1.84336
1.64713
1.34081
1.49845
1.63412
1.6486
1.47098
1.45106
1.77735
1.73359
1.64038
1.55027
1.53071
1.40101
1.78564
1.54462
1.52823
1.51739
1.55473
1.65204
1.66647
1.50736
1.56625
1.9197
2.10508
1.63793
1.60465
1.27716
1.84829
1.76679
1.83795
1.2361
1.62165
1.60645
1.62115
1.73291
1.50045
1.73485
1.80831
1.60131
1.79267
1.80356
1.90343
1.559
1.39479
1.38789
1.64933
1.97036
1.54674
1.38206
1.69137
1.61284
1.4817
1.50381
1.39148
1.5092
1.48046
1.33456
1.72325
1.76482
1.26346
1.48693
1.85493
1.56835
1.55702
1.45299
1.4506
1.98718
1.7747
1.79567
1.49413
1.52738
1.39041
1.73128
1.98091
1.35668
1.43725
1.51618
1.37375
1.51378
2.0975
1.75162
1.44641
1.86871
1.62307
1.59331
1.64871
1.85861
2.22653
1.51703
1.48834
1.69436
1.54949
1.72593
1.77016
1.86622
1.7735
1.55206
1.54138
1.61817
1.50828
1.50305
1.58293
1.50231
1.73127
1.71688
1.59589
1.71232
1.33112
1.8134
1.5074
1.49347
1.34859
1.57312
1.56089
1.99038
1.50481
1.55023
1.49375
1.62119
1.54926
1.90078
1.81654
1.60567
1.78434
1.4747
1.82509
1.51351
1.60856
1.38204
1.55566
1.90146
1.62086
1.43055
1.66086
1.55119
1.46366
1.60742
1.55111
1.53379
1.48956
1.56729
1.42715
1.93418
1.70878
1.50198
1.31767
1.61176
1.51465
1.78769
1.82429
1.55074
1.69964
1.73827
1.57882
1.45579
1.6221
1.43494
1.91043
1.99408
1.51103
1.64196
1.58962
1.76288
1.67309
1.71988
1.46703
1.99069
1.43693
1.78149
1.69603
1.6556
1.63516
1.5504
1.42509
1.41667
1.63634
1.3725
1.32503
1.37227
1.55734
1.52954
1.3472
1.53178
1.55433
1.90489
1.90122
1.52921
1.35401
1.50194
1.70651
1.72442
1.53163
1.29288
1.53626
1.75967
1.75486
1.80093
1.82228
1.46677
1.81128
1.40283
1.16648
1.73161
1.70469
1.581
1.71905
1.58977
1.55303
1.38412
1.77978
1.31257
1.65163
1.48428
1.5573
1.40812
1.5086
1.60457
1.68882
1.601
1.75173
1.6475
1.55216
1.82991
1.45352
1.43543
1.59229
1.50157
1.95605
1.54045
1.83873
1.62807
1.76924
1.58961
1.67223
1.80235
1.45055
1.86515
1.54656
1.90471
1.53689
1.50138
1.45068
1.45714
1.46905
1.61784
1.74084
1.52714
1.74048
1.4947
1.79023
1.66493
1.4441
1.8982
1.4328
1.55043
1.77836
1.47976
2.07284
1.60866
1.53877
1.70118
1.70605
1.54076
1.59601
1.52128
1.58215
1.49732
1.68747
1.88366
1.50735
1.66729
1.72298
1.50241
1.48062
1.59778
1.65077
1.81003
1.86787
1.36075
1.788
1.45407
1.95836
1.32124
1.73113
2.21094
1.50504
1.72116
1.53156
1.73806
1.56564
1.6118
1.8619
1.79441
1.5875
1.49482
1.82779
1.99942
1.61091
1.37661
1.542
1.64744
1.43673
1.37573
1.64139
1.81374
1.3922
1.46121
1.68928
1.69527
1.49948
1.71248
1.68527
1.45707
1.63419
1.32493
1.71006
2.27721
1.86686
1.56804
1.49693
1.63608
1.80477
1.72718
1.72273
1.40463
1.54714
2.76586
1.5889
1.68497
1.63651
1.3847
1.5169
1.78478
1.54461
1.77387
1.59844
1.71367
1.81138
1.84125
1.67749
2.05197
1.61184
1.87554
1.5685
1.83653
1.48627
1.70407
1.46563
1.43241
1.37779
1.69804
1.79378
1.49733
1.49182
1.68005
1.58953
1.35646
1.69881
1.35462
1.89917
1.45839
1.5779
1.26731
1.58509
1.62987
1.7899
1.28104
1.78099
1.69822
1.52762
1.4529
1.47891
1.57018
1.84873
1.76299
1.64896
1.65083
1.60803
1.77667
1.79939
1.68683
1.41676
1.53006
1.71046
1.9408
1.74202
1.70722
1.58302
1.59737
1.52497
2.77982
1.52239
1.52454
1.52971
1.51606
1.60622
1.53102
1.57216
1.86679
1.62201
1.9172
1.43552
1.64813
1.84669
1.74106
1.84236
1.87969
1.78662
1.64989
1.5003
1.89189
1.50856
1.54749
1.60135
1.56849
1.97871
1.43657
1.61107
1.98197
1.62198
1.71408
1.70495
1.93938
1.48666
1.73113
1.85671
1.62406
1.55787
1.65095
1.8234
1.3567
1.39978
1.59718
1.6219
1.70522
1.63167
1.70277
1.51725
1.68747
1.41597
1.72289
1.49144
1.81112
1.42871
1.70923
1.76233
1.52756
2.01441
1.84923
1.53598
1.74895
1.51573
1.75403
1.65648
1.52836
1.51703
1.79237
1.64286
2.35807
1.48438
1.59799
1.70897
1.29429
1.64243
1.44615
1.54765
1.45243
1.79253
1.28924
1.60782
1.69659
1.84144
1.62118
1.66049
1.95609
1.91699
1.65527
1.4066
1.64048
2.04096
1.56273
1.52354
1.3859
1.69748
2.23666
1.66907
1.42368
1.58923
1.58062
1.77055
1.51245
1.54898
1.41204
1.56368
1.52422
1.28852
1.48409
1.58628
1.43463
1.86519
1.66758
1.61894
1.51029
1.37816
1.65204
1.58662
1.61085
1.52676
1.46915
1.30966
1.81991
1.43028
1.48146
1.55616
1.67211
1.40064
1.60771
1.79884
1.46985
1.71038
1.75967
1.48332
1.42941
2.58155
1.5563
1.64859
1.54543
1.53607
1.47257
1.69162
1.63811
1.64268
1.97382
1.78719
1.786
1.67194
1.55255
1.43178
1.77866
1.67964
1.65256
1.90382
1.63921
1.65916
2.26454
1.58982
1.81504
1.45182
1.46654
1.49702
1.57665
1.56831
1.85856
1.5622
1.60611
1.57841
1.39114
1.53822
1.8039
1.47115
1.5415
1.51116
1.41931
1.50352
1.38794
1.45478
1.94815
1.8357
1.58563
1.58172
1.78843
1.52009
1.54296
1.39549
1.50846
1.52156
1.57155
1.61452
1.48309
1.86909
1.7746
1.55333
1.47318
1.59414
1.75167
1.65
2.0474
1.5388
1.78214
1.78283
1.70048
2.03643
1.41161
1.70664
1.82316
1.73628
1.72987
1.66978
1.79448
1.57344
1.50865
1.5079
1.71464
1.72851
1.58725
1.61896
1.95751
1.69806
1.64316
1.55784
2.1983
1.35442
1.4667
1.50226
1.44231
1.37701
1.87774
1.62782
1.6638
1.62677
1.75826
1.51391
1.84888
1.77203
1.79724
1.5339
1.69456
1.6717
1.60658
1.41057
1.91012
1.44823
1.66342
1.68853
1.45854
1.56923
1.90844
1.71605
1.3454
1.44228
1.44323
1.4544
1.57364
1.41924
1.593
1.79176
1.56995
1.40558
1.94637
2.03198
1.95904
1.85814
1.48831
1.7963
1.60827
1.67113
1.57126
1.49888
1.56411
1.61206
1.38412
1.86355
1.25474
1.60604
1.52922
1.48608
1.39067
1.48262
1.59328
1.54606
1.62639
1.29946
1.64337
1.67759
1.44301
1.79133
1.60086
1.55882
1.58699
1.7142
1.97953
1.60207
1.65556
1.52111
1.92558
1.82442
1.87951
1.54142
1.62045
1.57218
1.52485
1.68213
1.47142
1.64521
1.44655
1.43382
1.54584
1.85495
1.80882
1.34439
1.56898
1.51343
1.53737
1.78184
1.59605
1.61854
1.39149
1.54813
1.42737
1.25535
1.65315
1.8312
1.95917
1.5778
1.59059
1.50656
1.73367
1.54845
1.50169
1.72868
1.30052
1.69632
1.62051
1.54046
1.39076
1.6305
1.56876
1.66529
1.66204
1.59103
1.55017
1.60143
1.74027
1.78585
1.51913
1.68049
2.06326
2.12376
1.80926
1.60518
1.70906
1.44563
1.62361
1.45822
2.08357
1.79657
1.88605
1.48577
1.92952
1.44999
1.62345
1.79182
1.69111
1.74908
1.74687
1.94516
1.52269
1.74811
1.89798
1.77033
1.63468
1.57939
1.46008
1.78685
1.7392
1.88019
1.59207
1.57606
1.45806
1.5636
1.94893
1.72509
1.97925
1.40161
1.28989
1.49674
1.49579
1.46702
1.40414
1.57975
1.67861
1.67796
1.45439
1.78077
1.46378
1.5438
1.83786
1.674
1.39
1.50981
1.46251
1.68739
1.51098
1.62736
1.47369
1.54776
1.96672
1.62353
1.77371
1.53766
1.7141
2.47851
1.98693
1.39691
1.6852
1.78423
1.61598
1.76723
1.44684
1.48106
1.66986
1.63485
1.51643
1.74262
1.68448
1.48429
1.69136
1.54042
1.70457
1.64054
1.69772
1.72119
1.33506
1.57754
1.72031
1.42809
1.81645
1.88395
1.5238
2.35241
1.59598
1.74597
1.92206
1.65573
1.50797
1.77409
1.62209
1.3652
1.42253
1.9009
1.6411
1.42353
1.49903
1.61206
1.36864
1.62441
1.47479
1.54175
1.37273
1.42151
1.48115
1.73091
1.51844
1.44409
1.61651
1.79415
1.60466
1.55022
1.60949
1.49204
1.69403
1.61655
1.77012
1.41581
1.69604
1.80702
1.79315
1.84085
1.44054
1.5202
1.80307
1.46271
1.65848
1.56544
1.53329
1.53262
1.52326
2.02008
1.67747
1.83232
1.80687
1.67965
1.55662
1.805
1.51652
1.68247
2.19056
1.44803
1.46082
2.04887
1.39781
1.57702
1.64409
1.67205
1.53004
1.81275
1.59838
1.76031
1.70019
2.1282
1.66427
1.53968
1.77834
1.63569
1.58904
1.53422
1.44367
1.76348
1.54631
1.51543
1.43756
1.57224
1.53965
1.46013
1.65822
1.47623
1.45569
2.05524
1.77775
1.49607
1.72573
1.61368
1.51591
1.49187
1.8218
1.9157
1.97622
1.50793
2.0598
1.60563
1.75218
1.63801
1.37361
1.46783
1.30938
1.5906
1.46419
1.87031
1.67638
1.55841
1.58651
1.36376
1.57999
1.81385
1.56751
1.36387
1.51005
1.57546
1.68463
1.65537
1.62811
1.69088
1.89059
1.44152
1.33454
1.85424
1.63904
1.68495
1.59709
1.5112
1.62322
1.44559
1.55304
1.43408
1.3421
1.62066
1.68497
1.62519
1.54058
1.61333
1.85778
1.61205
2.10248
1.58633
1.42577
1.73752
1.46801
1.54869
1.49282
1.8231
1.72809
1.33716
1.65739
1.54122
1.88004
1.64887
1.6594
1.5668
1.41809
1.77374
2.16663
1.43681
1.60871
1.65578
2.19551
1.56296
1.26158
1.59153
1.95847
1.84336
1.64713
1.34081
1.49845
1.63412
1.6486
1.47098
1.45106
1.77735
1.73359
1.64038
1.55027
1.53071
1.40101
1.78564
1.54462
1.52823
1.51739
1.55473
1.65204
1.66647
1.50736
1.56625
1.9197
2.10508
1.63793
1.60465
1.27716
1.84829
1.76679
1.83795
1.2361
1.62165
1.60645
1.62115
1.73291
1.50045
1.73485
1.80831
1.60131
1.79267
1.80356
1.90343
1.559
1.39479
1.38789
1.64933
1.97036
1.54674
1.38206
1.69137
1.61284
1.4817
1.50381
1.39148
1.5092
1.48046
1.33456
1.72325
1.76482
1.26346
1.48693
1.85493
1.56835
1.55702
1.45299
1.4506
1.98718
1.7747
1.79567
1.49413
1.52738
1.39041
1.73128
1.98091
1.35668
1.43725
1.51618
1.37375
1.51378
2.0975
1.75162
1.44641
1.86871
1.62307
1.59331
1.64871
1.85861
2.22653
1.51703
1.48834
1.69436
1.54949
1.72593
1.77016
1.86622
1.7735
1.55206
1.54138
1.61817
1.50828
1.50305
1.58293
1.50231
1.73127
1.71688
1.59589
1.71232
1.33112
1.8134
1.5074
1.49347
1.34859
1.57312
1.56089
1.99038
1.50481
1.55023
1.49375
1.62119
1.54926
1.90078
1.81654
1.60567
1.78434
1.4747
1.82509
1.51351
1.60856
1.38204
1.55566
1.90146
1.62086
1.43055
1.66086
1.55119
1.46366
1.60742
1.55111
1.53379
1.48956
1.56729
1.42715
1.93418
1.70878
1.50198
1.31767
1.61176
1.51465
1.78769
1.82429
1.55074
1.69964
1.73827
1.57882
1.45579
1.6221
1.43494
1.91043
1.99408
1.51103
1.64196
1.58962
1.76288
1.67309
1.71988
1.46703
1.99069
1.43693
1.78149
1.69603
1.6556
1.63516
1.5504
1.42509
1.41667
1.63634
1.3725
1.32503
1.37227
1.55734
1.52954
1.3472
1.53178
1.55433
1.90489
1.90122
1.52921
1.35401
1.50194
1.70651
1.72442
1.53163
1.29288
1.53626
1.75967
1.75486
1.80093
1.82228
1.46677
1.81128
1.40283
1.16648
1.73161
1.70469
1.581
1.71905
1.58977
1.55303
1.38412
1.77978
1.31257
1.65163
1.48428
1.5573
1.40812
1.5086
1.60457
1.68882
1.601
1.75173
1.6475
1.55216
1.82991
1.45352
1.43543
1.59229
1.50157
1.95605
1.54045
1.83873
1.62807
1.76924
1.58961
1.67223
1.80235
1.45055
1.86515
1.54656
1.90471
1.53689
1.50138
1.45068
1.45714
1.46905
1.61784
1.74084
1.52714
1.74048
1.4947
1.79023
1.66493
1.4441
1.8982
1.4328
1.55043
1.77836
1.47976
2.07284
1.60866
1.53877
1.70118
1.70605
1.54076
1.59601
1.52128
1.58215
1.49732
1.68747
1.88366
1.50735
1.66729
1.72298
1.50241
1.48062
1.59778
1.65077
1.81003
1.86787
1.36075
1.788
1.45407
1.95836
1.32124
1.73113
2.21094
1.50504
1.72116
1.53156
1.73806
1.56564
1.6118
1.8619
1.79441
1.5875
1.49482
1.82779
1.99942
1.61091
1.37661
1.542
1.64744
1.43673
1.37573
1.64139
1.81374
1.3922
1.46121
1.68928
1.69527
1.49948
1.71248
1.68527
1.45707
1.63419
1.32493
1.71006
2.27721
1.86686
1.56804
1.49693
1.63608
1.80477
1.72718
1.72273
1.40463
1.54714
2.76586
1.5889
1.68497
1.63651
1.3847
1.5169
1.78478
1.54461
1.77387
1.59844
1.71367
1.81138
1.84125
1.67749
2.05197
1.61184
1.87554
1.5685
1.83653
1.48627
1.70407
1.46563
1.43241
1.37779
1.69804
1.79378
1.49733
1.49182
1.68005
1.58953
1.35646
1.69881
1.35462
1.89917
1.45839
1.5779
1.26731
1.58509
1.62987
1.7899
1.28104
1.78099
1.69822
1.52762
1.4529
1.47891
1.57018
1.84873
1.76299
1.64896
1.65083
1.60803
1.77667
1.79939
1.68683
1.41676
1.53006
1.71046
1.9408
1.74202
1.70722
1.58302
1.59737
1.52497
2.77982
1.52239
1.52454
1.52971
1.51606
1.60622
1.53102
1.57216
1.86679
1.62201
1.9172
1.43552
1.64813
1.84669
1.74106
1.84236
1.87969
1.78662
1.64989
1.5003
1.89189
1.50856
1.54749
1.60135
1.56849
1.97871
1.43657
1.61107
1.98197
1.62198
1.71408
1.70495
1.93938
1.48666
1.73113
1.85671
1.62406
1.55787
1.65095
1.8234
1.3567
1.39978
1.59718
1.6219
1.70522
1.63167
1.70277
1.51725
1.68747
1.41597
1.72289
1.49144
1.81112
1.42871
1.70923
1.76233
1.52756
2.01441
1.84923
1.53598
1.74895
1.51573
1.75403
1.65648
1.52836
1.51703
1.79237
1.64286
2.35807
1.48438
1.59799
1.70897
1.29429
1.64243
1.44615
1.54765
1.45243
1.79253
1.28924
1.60782
1.69659
1.84144
1.62118
1.66049
1.95609
1.91699
1.65527
1.4066
1.64048
2.04096
1.56273
1.52354
1.3859
1.69748
2.23666
1.66907
1.42368
1.58923
1.58062
1.77055
1.51245
1.54898
1.41204
1.56368
1.52422
1.28852
1.48409
1.58628
1.43463
1.86519
1.66758
1.61894
1.51029
1.37816
1.65204
1.58662
1.61085
1.52676
1.46915
1.30966
1.81991
1.43028
1.48146
1.55616
1.67211
1.40064
1.60771
1.79884
1.46985
1.71038
1.75967
1.48332
1.42941
2.58155
1.5563
1.64859
1.54543
1.53607
1.47257
1.69162
1.63811
1.64268
1.97382
1.78719
1.786
1.67194
1.55255
1.43178
1.77866
1.67964
1.65256
1.90382
1.63921
1.65916
2.26454
1.58982
1.81504
1.45182
1.46654
1.49702
1.57665
1.56831
1.85856
1.5622
1.60611
1.57841
1.39114
1.53822
1.8039
1.47115
1.5415
1.51116
1.41931
1.50352
1.38794
1.45478
1.94815
1.8357
1.58563
1.58172
1.78843
1.52009
1.54296
1.39549
1.50846
1.52156
1.57155
1.61452
1.48309
1.86909
1.7746
1.55333
1.47318
1.59414
1.75167
1.65
2.0474
1.5388
1.78214
1.78283
1.70048
2.03643
1.41161
1.70664
1.82316
1.73628
1.72987
1.66978
1.79448
1.57344
1.50865
1.5079
1.71464
1.72851
1.58725
1.61896
1.95751
1.69806
1.64316
1.55784
2.1983
1.35442
1.4667
1.50226
1.44231
1.37701
1.87774
1.62782
1.6638
1.62677
1.75826
1.51391
1.84888
1.77203
1.79724
1.5339
1.69456
1.6717
1.60658
1.41057
1.91012
1.44823
1.66342
1.68853
1.45854
1.56923
1.90844
1.71605
1.3454
1.44228
1.44323
1.4544
1.57364
1.41924
1.593
1.79176
1.56995
1.40558
1.94637
2.03198
1.95904
1.85814
1.48831
1.7963
1.60827
1.67113
1.57126
1.49888
1.56411
1.61206
1.38412
1.86355
1.25474
1.60604
1.52922
1.48608
1.39067
1.48262
1.59328
1.54606
1.62639
1.29946
1.64337
1.67759
1.44301
1.79133
1.60086
1.55882
1.58699
1.7142
1.97953
1.60207
1.65556
1.52111
1.92558
1.82442
1.87951
1.54142
1.62045
1.57218
1.52485
1.68213
1.47142
1.64521
1.44655
1.43382
1.54584
1.85495
1.80882
1.34439
1.56898
1.51343
1.53737
1.78184
1.59605
1.61854
1.39149
1.54813
1.42737
1.25535
1.65315
1.8312
1.95917
1.5778
1.59059
1.50656
1.73367
1.54845
1.50169
1.72868
1.30052
1.69632
1.62051
1.54046
1.39076
1.6305
1.56876
1.66529
1.66204
1.59103
1.55017
1.60143
1.74027
1.78585
1.51913
1.68049
2.06326
2.12376
1.80926
1.60518
1.70906
1.44563
1.62361
1.45822
2.08357
1.79657
1.88605
1.48577
1.92952
1.44999
1.62345
1.79182
1.69111
1.74908
1.74687
1.94516
1.52269
1.74811
1.89798
1.77033
1.63468
1.57939
1.46008
1.78685
1.7392
1.88019
1.59207
1.57606
1.45806
1.5636
1.94893
1.72509
1.97925
1.40161
1.28989
1.49674
1.49579
1.46702
1.40414
1.57975
1.67861
1.67796
1.45439
1.78077
1.46378
1.5438
1.83786
1.674
1.39
1.50981
1.46251
1.68739
1.51098
1.62736
1.47369
1.54776
1.96672
1.62353
1.77371
1.53766
1.7141
2.47851
1.98693
1.39691
1.6852
1.78423
1.61598
1.76723
1.44684
1.48106
1.66986
1.63485
1.51643
1.74262
1.68448
1.48429
1.69136
1.54042
1.70457
1.64054
1.69772
1.72119
1.33506
1.57754
1.72031
1.42809
1.81645
1.88395
1.5238
2.35241
1.59598
1.74597
1.92206
1.65573
1.50797
1.77409
1.62209
1.3652
1.42253
1.9009
1.6411
1.42353
1.49903
1.61206
1.36864
1.62441
1.47479
1.54175
1.37273
1.42151
1.48115
1.73091
1.51844
1.44409
1.61651
1.79415
1.60466
1.55022
1.60949
1.49204
1.69403
1.61655
1.77012
1.41581
1.69604
1.80702
1.79315
1.84085
1.44054
1.5202
1.80307
1.46271
1.65848
1.56544
1.53329
1.53262
1.52326
2.02008
1.67747
1.83232
1.80687
1.67965
1.55662
1.805
1.51652
1.68247
2.19056
1.44803
1.46082
2.04887
1.39781
1.57702
1.64409
1.67205
1.53004
1.81275
1.59838
1.76031
1.70019
2.1282
1.66427
1.53968
1.77834
1.63569
1.58904
1.53422
1.44367
1.76348
1.54631
1.51543
1.43756
1.57224
1.53965
1.46013
1.65822
1.47623
1.45569
2.05524
1.77775
1.49607
1.72573
1.61368
1.51591
1.49187
1.8218
1.9157
1.97622
1.50793
2.0598
1.60563
1.75218
1.63801
1.37361
1.46783
1.30938
1.5906
1.46419
1.87031
1.67638
1.55841
1.58651
1.36376
1.57999
1.81385
1.56751
1.36387
1.51005
1.57546
1.68463
1.65537
1.62811
1.69088
1.89059
1.44152
1.33454
1.85424
1.63904
1.68495
1.59709
1.5112
1.62322
1.44559
1.55304
1.43408
1.3421
1.62066
1.68497
1.62519
1.54058
1.61333
1.85778
1.61205
2.10248
1.58633
1.42577
1.73752
1.46801
1.54869
1.49282
1.8231
1.72809
1.33716
1.65739
1.54122
1.88004
1.64887
1.6594
1.5668
1.41809
1.77374
2.16663
1.43681
1.60871
1.65578
2.19551
1.56296
1.26158
1.59153
1.95847
1.84336
1.64713
1.34081
1.49845
1.63412
1.6486
1.47098
1.45106
1.77735
1.73359
1.64038
1.55027
1.53071
1.40101
1.78564
1.54462
1.52823
1.51739
1.55473
1.65204
1.66647
1.50736
1.56625
1.9197
2.10508
1.63793
1.60465
1.27716
1.84829
1.76679
1.83795
1.2361
1.62165
1.60645
1.62115
1.73291
1.50045
1.73485
1.80831
1.60131
1.79267
1.80356
1.90343
1.559
1.39479
1.38789
1.64933
1.97036
1.54674
1.38206
1.69137
1.61284
1.4817
1.50381
1.39148
1.5092
1.48046
1.33456
1.72325
1.76482
1.26346
1.48693
1.85493
1.56835
1.55702
1.45299
1.4506
1.98718
1.7747
1.79567
1.49413
1.52738
1.39041
1.73128
1.98091
1.35668
1.43725
1.51618
1.37375
1.51378
2.0975
1.75162
1.44641
1.86871
1.62307
1.59331
1.64871
1.85861
2.22653
1.51703
1.48834
1.69436
1.54949
1.72593
1.77016
1.86622
1.7735
1.55206
1.54138
1.61817
1.50828
1.50305
1.58293
1.50231
1.73127
1.71688
1.59589
1.71232
1.33112
1.8134
1.5074
1.49347
1.34859
1.57312
1.56089
1.99038
1.50481
1.55023
1.49375
1.62119
1.54926
1.90078
1.81654
1.60567
1.78434
1.4747
1.82509
1.51351
1.60856
1.38204
1.55566
1.90146
1.62086
1.43055
1.66086
1.55119
1.46366
1.60742
1.55111
1.53379
1.48956
1.56729
1.42715
1.93418
1.70878
1.50198
1.31767
1.61176
1.51465
1.78769
1.82429
1.55074
1.69964
1.73827
1.57882
1.45579
1.6221
1.43494
1.91043
1.99408
1.51103
1.64196
1.58962
1.76288
1.67309
1.71988
1.46703
1.99069
1.43693
1.78149
1.69603
1.6556
1.63516
1.5504
1.42509
1.41667
1.63634
1.3725
1.32503
1.37227
1.55734
1.52954
1.3472
1.53178
1.55433
1.90489
1.90122
1.52921
1.35401
1.50194
1.70651
1.72442
1.53163
1.29288
1.53626
1.75967
1.75486
1.80093
1.82228
1.46677
1.81128
1.40283
1.16648
1.73161
1.70469
1.581
1.71905
1.58977
1.55303
1.38412
1.77978
1.31257
1.65163
1.48428
1.5573
1.40812
1.5086
1.60457
1.68882
1.601
1.75173
1.6475
1.55216
1.82991
1.45352
1.43543
1.59229
1.50157
1.95605
1.54045
1.83873
1.62807
1.76924
1.58961
1.67223
1.80235
1.45055
1.86515
1.54656
1.90471
1.53689
1.50138
1.45068
1.45714
1.46905
1.61784
1.74084
1.52714
1.74048
1.4947
1.79023
1.66493
1.4441
1.8982
1.4328
1.55043
1.77836
1.47976
2.07284
1.60866
1.53877
1.70118
1.70605
1.54076
1.59601
1.52128
1.58215
1.49732
1.68747
1.88366
1.50735
1.66729
1.72298
1.50241
1.48062
1.59778
1.65077
1.81003
1.86787
1.36075
1.788
1.45407
1.95836
1.32124
1.73113
2.21094
1.50504
1.72116
1.53156
1.73806
1.56564
1.6118
1.8619
1.79441
1.5875
1.49482
1.82779
1.99942
1.61091
1.37661
1.542
1.64744
1.43673
1.37573
1.64139
1.81374
1.3922
1.46121
1.68928
1.69527
1.49948
1.71248
1.68527
1.45707
1.63419
1.32493
1.71006
2.27721
1.86686
1.56804
1.49693
1.63608
1.80477
1.72718
1.72273
1.40463
1.54714
2.76586
1.5889
1.68497
1.63651
1.3847
1.5169
1.78478
1.54461
1.77387
1.59844
1.71367
1.81138
1.84125
1.67749
2.05197
1.61184
1.87554
1.5685
1.83653
1.48627
1.70407
1.46563
1.43241
1.37779
1.69804
1.79378
1.49733
1.49182
1.68005
1.58953
1.35646
1.69881
1.35462
1.89917
1.45839
1.5779
1.26731
1.58509
1.62987
1.7899
1.28104
1.78099
1.69822
1.52762
1.4529
1.47891
1.57018
1.84873
1.76299
1.64896
1.65083
1.60803
1.77667
1.79939
1.68683
1.41676
1.53006
1.71046
1.9408
1.74202
1.70722
1.58302
1.59737
1.52497
2.77982
1.52239
1.52454
1.52971
1.51606
1.60622
1.53102
1.57216
1.86679
1.62201
1.9172
1.43552
1.64813
1.84669
1.74106
1.84236
1.87969
1.78662
1.64989
1.5003
1.89189
1.50856
1.54749
1.60135
1.56849
1.97871
1.43657
1.61107
1.98197
1.62198
1.71408
1.70495
1.93938
1.48666
1.73113
1.85671
1.62406
1.55787
1.65095
1.8234
1.3567
1.39978
1.59718
1.6219
1.70522
1.63167
1.70277
1.51725
1.68747
1.41597
1.72289
1.49144
1.81112
1.42871
1.70923
1.76233
1.52756
2.01441
1.84923
1.53598
1.74895
1.51573
1.75403
1.65648
1.52836
1.51703
1.79237
1.64286
2.35807
1.48438
1.59799
1.70897
1.29429
1.64243
1.44615
1.54765
1.45243
1.79253
1.28924
1.60782
1.69659
1.84144
1.62118
1.66049
1.95609
1.91699
1.65527
1.4066
1.64048
2.04096
1.56273
1.52354
1.3859
1.69748
2.23666
1.66907
1.42368
1.58923
1.58062
1.77055
1.51245
1.54898
1.41204
1.56368
1.52422
1.28852
1.48409
1.58628
1.43463
1.86519
1.66758
1.61894
1.51029
1.37816
1.65204
1.58662
1.61085
1.52676
1.46915
1.30966
1.81991
1.43028
1.48146
1.55616
1.67211
1.40064
1.60771
1.79884
1.46985
1.71038
1.75967
1.48332
1.42941
2.58155
1.5563
1.64859
1.54543
1.53607
1.47257
1.69162
1.63811
1.64268
1.97382
1.78719
1.786
1.67194
1.55255
1.43178
1.77866
1.67964
1.65256
1.90382
1.63921
1.65916
2.26454
1.58982
1.81504
1.45182
1.46654
1.49702
1.57665
1.56831
1.85856
1.5622
1.60611
1.57841
1.39114
1.53822
1.8039
1.47115
1.5415
1.51116
1.41931
1.50352
1.38794
1.45478
1.94815
1.8357
1.58563
1.58172
1.78843
1.52009
1.54296
1.39549
1.50846
1.52156
1.57155
1.61452
1.48309
1.86909
1.7746
1.55333
1.47318
1.59414
1.75167
1.65
2.0474
1.5388
1.78214
1.78283
1.70048
2.03643
1.41161
1.70664
1.82316
1.73628
1.72987
1.66978
1.79448
1.57344
1.50865
1.5079
1.71464
1.72851
1.58725
1.61896
1.95751
1.69806
1.64316
1.55784
2.1983
1.35442
1.4667
1.50226
1.44231
1.37701
1.87774
1.62782
1.6638
1.62677
1.75826
1.51391
1.84888
1.77203
1.79724
1.5339
1.69456
1.6717
1.60658
1.41057
1.91012
1.44823
1.66342
1.68853
1.45854
1.56923
1.90844
1.71605
1.3454
1.44228
1.44323
1.4544
1.57364
1.41924
1.593
1.79176
1.56995
1.40558
1.94637
2.03198
1.95904
1.85814
1.48831
1.7963
1.60827
1.67113
1.57126
1.49888
1.56411
1.61206
1.38412
1.86355
1.25474
1.60604
1.52922
1.48608
1.39067
1.48262
1.59328
1.54606
1.62639
1.29946
1.64337
1.67759
1.44301
1.79133
1.60086
1.55882
1.58699
1.7142
1.97953
1.60207
1.65556
1.52111
1.92558
1.82442
1.87951
1.54142
1.62045
1.57218
1.52485
1.68213
1.47142
1.64521
1.44655
1.43382
1.54584
1.85495
1.80882
1.34439
1.56898
1.51343
1.53737
1.78184
1.59605
1.61854
1.39149
1.54813
1.42737
1.25535
1.65315
1.8312
1.95917
1.5778
1.59059
1.50656
1.73367
1.54845
1.50169
1.72868
1.30052
1.69632
1.62051
1.54046
1.39076
1.6305
1.56876
1.66529
1.66204
1.59103
1.55017
1.60143
1.74027
1.78585
1.51913
1.68049
2.06326
2.12376
1.80926
1.60518
1.70906
1.44563
1.62361
1.45822
2.08357
1.79657
1.88605
1.48577
1.92952
1.44999
1.62345
1.79182
1.69111
1.74908
1.74687
1.94516
1.52269
1.74811
1.89798
1.77033
1.63468
1.57939
1.46008
1.78685
1.7392
1.88019
1.59207
1.57606
1.45806
1.5636
1.94893
1.72509
1.97925
1.40161
1.28989
1.49674
1.49579
1.46702
1.40414
1.57975
1.67861
1.67796
1.45439
1.78077
1.46378
1.5438
1.83786
1.674
1.39
1.50981
1.46251
1.68739
1.51098
1.62736
1.47369
1.54776
1.96672
1.62353
1.77371
1.53766
1.7141
2.47851
1.98693
1.39691
1.6852
1.78423
1.61598
1.76723
1.44684
1.48106
1.66986
1.63485
1.51643
1.74262
1.68448
1.48429
1.69136
1.54042
1.70457
1.64054
1.69772
1.72119
1.33506
1.57754
1.72031
1.42809
1.81645
1.88395
1.5238
2.35241
1.59598
1.74597
1.92206
1.65573
1.50797
1.77409
1.62209
1.3652
1.42253
1.9009
1.6411
1.42353
1.49903
1.61206
1.36864
1.62441
1.47479
1.54175
1.37273
1.42151
1.48115
1.73091
1.51844
1.44409
1.61651
1.79415
1.60466
1.55022
1.60949
1.49204
1.69403
1.61655
1.77012
1.41581
1.69604
1.80702
1.79315
1.84085
1.44054
1.5202
1.80307
1.46271
1.65848
1.56544
1.53329
1.53262
1.52326
2.02008
1.67747
1.83232
1.80687
1.67965
1.55662
1.805
1.51652
1.68247
2.19056
1.44803
1.46082
2.04887
1.39781
1.57702
1.64409
1.67205
1.53004
1.81275
1.59838
1.76031
1.70019
2.1282
1.66427
1.53968
1.77834
1.63569
1.58904
1.53422
1.44367
1.76348
1.54631
1.51543
1.43756
1.57224
1.53965
1.46013
1.65822
1.47623
1.45569
2.05524
1.77775
1.49607
1.72573
1.61368
1.51591
1.49187
1.8218
1.9157
1.97622
1.50793
2.0598
1.60563
1.75218
1.63801
1.37361
1.46783
1.30938
1.5906
1.46419
1.87031
1.67638
1.55841
1.58651
1.36376
1.57999
1.81385
1.56751
1.36387
1.51005
1.57546
1.68463
1.65537
1.62811
1.69088
1.89059
1.44152
1.33454
1.85424
1.63904
1.68495
1.59709
1.5112
1.62322
1.44559
1.55304
1.43408
1.3421
1.62066
1.68497
1.62519
1.54058
1.61333
1.85778
1.61205
2.10248
1.58633
1.42577
1.73752
1.46801
1.54869
1.49282
1.8231
1.72809
1.33716
1.65739
1.54122
1.88004
1.64887
1.6594
1.5668
1.41809
1.77374
2.16663
1.43681
1.60871
1.65578
2.19551
1.56296
1.26158
1.59153
1.95847
1.84336
1.64713
1.34081
1.49845
1.63412
1.6486
1.47098
1.45106
1.77735
1.73359
1.64038
1.55027
1.53071
1.40101
1.78564
1.54462
1.52823
1.51739
1.55473
1.65204
1.66647
1.50736
1.56625
1.9197
2.10508
1.63793
1.60465
1.27716
1.84829
1.76679
1.83795
1.2361
1.62165
1.60645
1.62115
1.73291
1.50045
1.73485
1.80831
1.60131
1.79267
1.80356
1.90343
1.559
1.39479
1.38789
1.64933
1.97036
1.54674
1.38206
1.69137
1.61284
1.4817
1.50381
1.39148
1.5092
1.48046
1.33456
1.72325
1.76482
1.26346
1.48693
1.85493
1.56835
1.55702
1.45299
1.4506
1.98718
1.7747
1.79567
1.49413
1.52738
1.39041
1.73128
1.98091
1.35668
1.43725
1.51618
1.37375
1.51378
2.0975
1.75162
1.44641
1.86871
1.62307
1.59331
1.64871
1.85861
2.22653
1.51703
1.48834
1.69436
1.54949
1.72593
1.77016
1.86622
1.7735
1.55206
1.54138
1.61817
1.50828
1.50305
1.58293
1.50231
1.73127
1.71688
1.59589
1.71232
1.33112
1.8134
1.5074
1.49347
1.34859
1.57312
1.56089
1.99038
1.50481
1.55023
1.49375
1.62119
1.54926
1.90078
1.81654
1.60567
1.78434
1.4747
1.82509
1.51351
1.60856
1.38204
1.55566
1.90146
1.62086
1.43055
1.66086
1.55119
1.46366
1.60742
1.55111
1.53379
1.48956
1.56729
1.42715
1.93418
1.70878
1.50198
1.31767
1.61176
1.51465
1.78769
1.82429
1.55074
1.69964
1.73827
1.57882
1.45579
1.6221
1.43494
1.91043
1.99408
1.51103
1.64196
1.58962
1.76288
1.67309
1.71988
1.46703
1.99069
1.43693
1.78149
1.69603
1.6556
1.63516
1.5504
1.42509
1.41667
1.63634
1.3725
1.32503
1.37227
1.55734
1.52954
1.3472
1.53178
1.55433
1.90489
1.90122
1.52921
1.35401
1.50194
1.70651
1.72442
1.53163
1.29288
1.53626
1.75967
1.75486
1.80093
1.82228
1.46677
1.81128
1.40283
1.16648
1.73161
1.70469
1.581
1.71905
1.58977
1.55303
1.38412
1.77978
1.31257
1.65163
1.48428
1.5573
1.40812
1.5086
1.60457
1.68882
1.601
1.75173
1.6475
1.55216
1.82991
1.45352
1.43543
1.59229
1.50157
1.95605
1.54045
1.83873
1.62807
1.76924
1.58961
1.67223
1.80235
1.45055
1.86515
1.54656
1.90471
1.53689
1.50138
1.45068
1.45714
1.46905
1.61784
1.74084
1.52714
1.74048
1.4947
1.79023
1.66493
1.4441
1.8982
1.4328
1.55043
1.77836
1.47976
2.07284
1.60866
1.53877
1.70118
1.70605
1.54076
1.59601
1.52128
1.58215
1.49732
1.68747
1.88366
1.50735
1.66729
1.72298
1.50241
1.48062
1.59778
1.65077
1.81003
1.86787
1.36075
1.788
1.45407
1.95836
1.32124
1.73113
2.21094
1.50504
1.72116
1.53156
1.73806
1.56564
1.6118
1.8619
1.79441
1.5875
1.49482
1.82779
1.99942
1.61091
1.37661
1.542
1.64744
1.43673
1.37573
1.64139
1.81374
1.3922
1.46121
1.68928
1.69527
1.49948
1.71248
1.68527
1.45707
1.63419
1.32493
1.71006
2.27721
1.86686
1.56804
1.49693
1.63608
1.80477
1.72718
1.72273
1.40463
1.54714
2.76586
1.5889
1.68497
1.63651
1.3847
1.5169
1.78478
1.54461
1.77387
1.59844
1.71367
1.81138
1.84125
1.67749
2.05197
1.61184
1.87554
1.5685
1.83653
1.48627
1.70407
1.46563
1.43241
1.37779
1.69804
1.79378
1.49733
1.49182
1.68005
1.58953
1.35646
1.69881
1.35462
1.89917
1.45839
1.5779
1.26731
1.58509
1.62987
1.7899
1.28104
1.78099
1.69822
1.52762
1.4529
1.47891
1.57018
1.84873
1.76299
1.64896
1.65083
1.60803
1.77667
1.79939
1.68683
1.41676
1.53006
1.71046
1.9408
1.74202
1.70722
1.58302
1.59737
1.52497
2.77982
1.52239
1.52454
1.52971
1.51606
1.60622
1.53102
1.57216
1.86679
1.62201
1.9172
1.43552
1.64813
1.84669
1.74106
1.84236
1.87969
1.78662
1.64989
1.5003
1.89189
1.50856
1.54749
1.60135
1.56849
1.97871
1.43657
1.61107
1.98197
1.62198
1.71408
1.70495
1.93938
1.48666
1.73113
1.85671
1.62406
1.55787
1.65095
1.8234
1.3567
1.39978
1.59718
1.6219
1.70522
1.63167
1.70277
1.51725
1.68747
1.41597
1.72289
1.49144
1.81112
1.42871
1.70923
1.76233
1.52756
2.01441
1.84923
1.53598
1.74895
1.51573
1.75403
1.65648
1.52836
1.51703
1.79237
1.64286
2.35807
1.48438
1.59799
1.70897
1.29429
1.64243
1.44615
1.54765
1.45243
1.79253
1.28924
1.60782
1.69659
1.84144
1.62118
1.66049
1.95609
1.91699
1.65527
1.4066
1.64048
2.04096
1.56273
1.52354
1.3859
1.69748
2.23666
1.66907
1.42368
1.58923
1.58062
1.77055
1.51245
1.54898
1.41204
1.56368
1.52422
1.28852
1.48409
1.58628
1.43463
1.86519
1.66758
1.61894
1.51029
1.37816
1.65204
1.58662
1.61085
1.52676
1.46915
1.30966
1.81991
1.43028
1.48146
1.55616
1.67211
1.40064
1.60771
1.79884
1.46985
1.71038
1.75967
1.48332
1.42941
2.58155
1.5563
1.64859
1.54543
1.53607
1.47257
1.69162
1.63811
1.64268
1.97382
1.78719
1.786
1.67194
1.55255
1.43178
1.77866
1.67964
1.65256
1.90382
1.63921
1.65916
2.26454
1.58982
1.81504
1.45182
1.46654
1.49702
1.57665
1.56831
1.85856
1.5622
1.60611
1.57841
1.39114
1.53822
1.8039
1.47115
1.5415
1.51116
1.41931
1.50352
1.38794
1.45478
1.94815
1.8357
1.58563
1.58172
1.78843
1.52009
1.54296
1.39549
1.50846
1.52156
1.57155
1.61452
1.48309
1.86909
1.7746
1.55333
1.47318
1.59414
1.75167
1.65
2.0474
1.5388
1.78214
1.78283
1.70048
2.03643
1.41161
1.70664
1.82316
1.73628
1.72987
1.66978
1.79448
1.57344
1.50865
1.5079
1.71464
1.72851
1.58725
1.61896
1.95751
1.69806
1.64316
1.55784
2.1983
1.35442
1.4667
1.50226
1.44231
1.37701
1.87774
1.62782
1.6638
1.62677
1.75826
1.51391
1.84888
1.77203
1.79724
1.5339
1.69456
1.6717
1.60658
1.41057
1.91012
1.44823
1.66342
1.68853
1.45854
1.56923
1.90844
1.71605
1.3454
1.44228
1.44323
1.4544
1.57364
1.41924
1.593
1.79176
1.56995
1.40558
1.94637
2.03198
1.95904
1.85814
1.48831
1.7963
1.60827
1.67113
1.57126
1.49888
1.56411
1.61206
1.38412
1.86355
1.25474
1.60604
1.52922
1.48608
1.39067
1.48262
1.59328
1.54606
1.62639
1.29946
1.64337
1.67759
1.44301
1.79133
1.60086
1.55882
1.58699
1.7142
1.97953
1.60207
1.65556
1.52111
1.92558
1.82442
1.87951
1.54142
1.62045
1.57218
1.52485
1.68213
1.47142
1.64521
1.44655
1.43382
1.54584
1.85495
1.80882
1.34439
1.56898
1.51343
1.53737
1.78184
1.59605
1.61854
1.39149
1.54813
1.42737
1.25535
1.65315
1.8312
1.95917
1.5778
1.59059
1.50656
1.73367
1.54845
1.50169
1.72868
1.30052
1.69632
1.62051
1.54046
1.39076
1.6305
1.56876
1.66529
1.66204
1.59103
1.55017
1.60143
1.74027
1.78585
1.51913
1.68049
2.06326
2.12376
1.80926
1.60518
1.70906
1.44563
1.62361
1.45822
2.08357
1.79657
1.88605
1.48577
1.92952
1.44999
1.62345
1.79182
1.69111
1.74908
1.74687
1.94516
1.52269
1.74811
1.89798
1.77033
1.63468
1.57939
1.46008
1.78685
1.7392
1.88019
1.59207
1.57606
1.45806
1.5636
1.94893
1.72509
1.97925
1.40161
1.28989
1.49674
1.49579
1.46702
1.40414
1.57975
1.67861
1.67796
1.45439
1.78077
1.46378
1.5438
1.83786
1.674
1.39
1.50981
1.46251
1.68739
1.51098
1.62736
1.47369
1.54776
1.96672
1.62353
1.77371
1.53766
1.7141
2.47851
1.98693
1.39691
1.6852
1.78423
1.61598
1.76723
1.44684
1.48106
1.66986
1.63485
1.51643
1.74262
1.68448
1.48429
1.69136
1.54042
1.70457
1.64054
1.69772
1.72119
1.33506
1.57754
1.72031
1.42809
1.81645
1.88395
1.5238
2.35241
1.59598
1.74597
1.92206
1.65573
1.50797
1.77409
1.62209
1.3652
1.42253
1.9009
1.6411
1.42353
1.49903
1.61206
1.36864
1.62441
1.47479
1.54175
1.37273
1.42151
1.48115
1.73091
1.51844
1.44409
1.61651
1.79415
1.60466
1.55022
1.60949
1.49204
1.69403
1.61655
1.77012
1.41581
1.69604
1.80702
1.79315
1.84085
1.44054
1.5202
1.80307
1.46271
1.65848
1.56544
1.53329
1.53262
1.52326
2.02008
1.67747
1.83232
1.80687
1.67965
1.55662
1.805
1.51652
1.68247
2.19056
1.44803
1.46082
2.04887
1.39781
1.57702
1.64409
1.67205
1.53004
1.81275
1.59838
1.76031
1.70019
2.1282
1.66427
1.53968
1.77834
1.63569
1.58904
1.53422
1.44367
1.76348
1.54631
1.51543
1.43756
1.57224
1.53965
1.46013
1.65822
1.47623
1.45569
2.05524
1.77775
1.49607
1.72573
1.61368
1.51591
1.49187
1.8218
1.9157
1.97622
1.50793
2.0598
1.60563
1.75218
1.63801
1.37361
1.46783
1.30938
1.5906
1.46419
1.87031
1.67638
1.55841
1.58651
1.36376
1.57999
1.81385
1.56751
1.36387
1.51005
1.57546
1.68463
1.65537
1.62811
1.69088
1.89059
1.44152
1.33454
1.85424
1.63904
1.68495
1.59709
1.5112
1.62322
1.44559
1.55304
1.43408
1.3421
1.62066
1.68497
1.62519
1.54058
1.61333
1.85778
1.61205
2.10248
1.58633
1.42577
1.73752
1.46801
1.54869
1.49282
1.8231
1.72809
1.33716
1.65739
1.54122
1.88004
1.64887
1.6594
1.5668
1.41809
1.77374
2.16663
1.43681
1.60871
1.65578
2.19551
1.56296
1.26158
1.59153
1.95847
1.84336
1.64713
1.34081
1.49845
1.63412
1.6486
1.47098
1.45106
1.77735
1.73359
1.64038
1.55027
1.53071
1.40101
1.78564
1.54462
1.52823
1.51739
1.55473
1.65204
1.66647
1.50736
1.56625
1.9197
2.10508
1.63793
1.60465
1.27716
1.84829
1.76679
1.83795
1.2361
1.62165
1.60645
1.62115
1.73291
1.50045
1.73485
1.80831
1.60131
1.79267
1.80356
1.90343
1.559
1.39479
1.38789
1.64933
1.97036
1.54674
1.38206
1.69137
1.61284
1.4817
1.50381
1.39148
1.5092
1.48046
1.33456
1.72325
1.76482
1.26346
1.48693
1.85493
1.56835
1.55702
1.45299
1.4506
1.98718
1.7747
1.79567
1.49413
1.52738
1.39041
1.73128
1.98091
1.35668
1.43725
1.51618
1.37375
1.51378
2.0975
1.75162
1.44641
1.86871
1.62307
1.59331
1.64871
1.85861
2.22653
1.51703
1.48834
1.69436
1.54949
1.72593
1.77016
1.86622
1.7735
1.55206
1.54138
1.61817
1.50828
1.50305
1.58293
1.50231
1.73127
1.71688
1.59589
1.71232
1.33112
1.8134
1.5074
1.49347
1.34859
1.57312
1.56089
1.99038
1.50481
1.55023
1.49375
1.62119
1.54926
1.90078
1.81654
1.60567
1.78434
1.4747
1.82509
1.51351
1.60856
1.38204
1.55566
1.90146
1.62086
1.43055
1.66086
1.55119
1.46366
1.60742
1.55111
1.53379
1.48956
1.56729
1.42715
1.93418
1.70878
1.50198
1.31767
1.61176
1.51465
1.78769
1.82429
1.55074
1.69964
1.73827
1.57882
1.45579
1.6221
1.43494
1.91043
1.99408
1.51103
1.64196
1.58962
1.76288
1.67309
1.71988
1.46703
1.99069
1.43693
1.78149
1.69603
1.6556
1.63516
1.5504
1.42509
1.41667
1.63634
1.3725
1.32503
1.37227
1.55734
1.52954
1.3472
1.53178
1.55433
1.90489
1.90122
1.52921
1.35401
1.50194
1.70651
1.72442
1.53163
1.29288
1.53626
1.75967
1.75486
1.80093
1.82228
1.46677
1.81128
1.40283
1.16648
1.73161
1.70469
1.581
1.71905
1.58977
1.55303
1.38412
1.77978
1.31257
1.65163
1.48428
1.5573
1.40812
1.5086
1.60457
1.68882
1.601
1.75173
1.6475
1.55216
1.82991
1.45352
1.43543
1.59229
1.50157
1.95605
1.54045
1.83873
1.62807
1.76924
1.58961
1.67223
1.80235
1.45055
1.86515
1.54656
1.90471
1.53689
1.50138
1.45068
1.45714
1.46905
1.61784
1.74084
1.52714
1.74048
1.4947
1.79023
1.66493
1.4441
1.8982
1.4328
1.55043
1.77836
1.47976
2.07284
1.60866
1.53877
1.70118
1.70605
1.54076
1.59601
1.52128
1.58215
1.49732
1.68747
1.88366
1.50735
1.66729
1.72298
1.50241
1.48062
1.59778
1.65077
1.81003
1.86787
1.36075
1.788
1.45407
1.95836
1.32124
1.73113
2.21094
1.50504
1.72116
1.53156
1.73806
1.56564
1.6118
1.8619
1.79441
1.5875
1.49482
1.82779
1.99942
1.61091
1.37661
1.542
1.64744
1.43673
1.37573
1.64139
1.81374
1.3922
1.46121
1.68928
1.69527
1.49948
1.71248
1.68527
1.45707
1.63419
1.32493
1.71006
2.27721
1.86686
1.56804
1.49693
1.63608
1.80477
1.72718
1.72273
1.40463
1.54714
2.76586
1.5889
1.68497
1.63651
1.3847
1.5169
1.78478
1.54461
1.77387
1.59844
1.71367
1.81138
1.84125
1.67749
2.05197
1.61184
1.87554
1.5685
1.83653
1.48627
1.70407
1.46563
1.43241
1.37779
1.69804
1.79378
1.49733
1.49182
1.68005
1.58953
1.35646
1.69881
1.35462
1.89917
1.45839
1.5779
1.26731
1.58509
1.62987
1.7899
1.28104
1.78099
1.69822
1.52762
1.4529
1.47891
1.57018
1.84873
1.76299
1.64896
1.65083
1.60803
1.77667
1.79939
1.68683
1.41676
1.53006
1.71046
1.9408
1.74202
1.70722
1.58302
1.59737
1.52497
2.77982
1.52239
1.52454
1.52971
1.51606
1.60622
1.53102
1.57216
1.86679
1.62201
1.9172
1.43552
1.64813
1.84669
1.74106
1.84236
1.87969
1.78662
1.64989
1.5003
1.89189
1.50856
1.54749
1.60135
1.56849
1.97871
1.43657
1.61107
1.98197
1.62198
1.71408
1.70495
1.93938
1.48666
1.73113
1.85671
1.62406
1.55787
1.65095
1.8234
1.3567
1.39978
1.59718
1.6219
1.70522
1.63167
1.70277
1.51725
1.68747
1.41597
1.72289
1.49144
1.81112
1.42871
1.70923
1.76233
1.52756
2.01441
1.84923
1.53598
1.74895
1.51573
1.75403
1.65648
1.52836
1.51703
1.79237
1.64286
2.35807
1.48438
1.59799
1.70897
1.29429
1.64243
1.44615
1.54765
1.45243
1.79253
1.28924
1.60782
1.69659
1.84144
1.62118
1.66049
1.95609
1.91699
1.65527
1.4066
1.64048
2.04096
1.56273
1.52354
1.3859
1.69748
2.23666
1.66907
1.42368
1.58923
1.58062
1.77055
1.51245
1.54898
1.41204
1.56368
1.52422
1.28852
1.48409
1.58628
1.43463
1.86519
1.66758
1.61894
1.51029
1.37816
1.65204
1.58662
1.61085
1.52676
1.46915
1.30966
1.81991
1.43028
1.48146
1.55616
1.67211
1.40064
1.60771
1.79884
1.46985
1.71038
1.75967
1.48332
1.42941
