1.05792
1.0221
1.01811
1.01633
1.00023
1.00338
1.00562
1.00044
1.07779
1.00033
1.00037
1.00029
1.00371
1.00341
1.00028
1.01461
1.00275
1.0004
1.00028
1.00044
1.03939
1.01064
1.00087
1.00036
1.00032
1.00102
1.09836
1.0003
1.05103
1.00053
1.00027
1.02564
1.08288
1.00033
1.00026
1.01549
1.00032
1.00505
1.0051
1.0031
1.00039
1.00027
1.00817
1.00033
1.0004
1.00283
1.00001
1.00027
1.0004
1.06258
1.00303
1.00036
1.00512
1.00012
1.04833
1.00031
1.00041
1.00638
1.00033
1.01275
1.00031
1.00003
1.00031
1.04658
1.00421
1.00101
1.09204
1.03751
1.00056
1.04113
1.00019
1.00058
1.00038
1.00035
1.00133
1.00021
1.00025
1.1203
1.0002
1.00022
1.00368
1.00045
1.00001
1.01027
1.03942
1.06033
1.07794
1.00036
1.00027
1.00023
1.00019
1.13738
1.00025
1.00028
1.00746
1.03438
1.00465
1.00045
1.00042
1.00013
1.00042
1.00743
1.0003
1.00036
1.00022
1.00051
1.00057
1.00028
1.00031
1.00033
1.00043
1.01968
1.12479
1.0002
1.00021
1.0149
1.00034
1.02842
1.00078
1.00018
1.00838
1.00294
1.0257
1.01685
1.0229
1.00174
1.00044
1.12345
1.0591
1.00977
1.02736
1.00045
1.02506
1.00019
1.0002
1.00585
1.10128
1.00036
1.00021
1.02637
1.01046
1.00264
1.08005
1.00893
1.00031
1.09063
1.03394
1.11513
1.00148
1.00947
1.00035
1.00037
1.01544
1.0408
1.00569
1.00025
1.00031
1.02272
1.00995
1.00064
1.0008
1.00027
1.00352
1.01796
1.00123
1.04309
1.00022
1.03505
1.00048
1.00036
1.00063
1.00028
1.0334
1.00016
1.00024
1.0003
1.00023
1.02246
1.00039
1.05375
1.01937
1.00015
1.03099
1.00355
1.00024
1.00338
1.08998
1.00059
1.00355
1.00022
1.05739
1.00021
1.00019
1.00038
1.04242
1.00022
1.02381
1.04408
1.07093
1.06418
1.00814
1.00154
1.01709
1.00023
1.00035
1.05417
1.03397
1.00041
1.00028
1.0018
1.00026
1.00064
1.01835
1.07119
1.04611
1.00027
1.0018
1.00037
1.00471
1.1608
1.03706
1.05302
1.00271
1.00032
1.0003
1.06639
1.00074
1.00022
1.00002
1.02912
1.00029
1.00038
1.00018
1.08602
1.00034
1.00026
1.00059
1.00017
1.00825
1.00026
1.01946
1.05503
1.00775
1.00041
1.00643
1.0004
1.0003
1.00254
1.00403
1.00891
1.00074
1.00022
1.00297
1.00032
1.06944
1.00783
1.02025
1.07055
1.00154
1.02659
1.00042
1.00052
1.02982
1.00031
1.00021
1.00047
1.00156
1.0447
1.00022
1.00078
1.01259
1.00028
1.0003
1.00317
1.07127
1.00031
1.04383
1.01669
1.0003
1.00022
1.05153
1.00034
1.00562
1.0594
1.0953
1.00026
1.03808
1.00897
1.00055
1.02556
1.00018
1.04287
1.00392
1.04988
1.00496
1.00829
1.05807
1.00042
1.04208
1.00022
1.00063
1.00028
1.00056
1.12083
1.05745
1.0003
1.01868
1.05943
1.00029
1.00022
1.00028
1.0098
1.04929
1.00038
1.00026
1.00022
1.0002
1.00833
1.00041
1.00042
1.00017
1.0002
1.00481
1.01022
1.02975
1.08966
1.00015
1.00028
1.00396
1.00019
1.00041
1.00039
1.00022
1.00029
1.0001
1.00994
1.00168
1.00036
1.04634
1.03255
1.00041
1.00044
1.00024
1.0948
1.00682
1.00298
1.00031
1.00034
1.00028
1.09812
1.0003
1.03696
1.00034
1.00034
1.09153
1.01832
1.00032
1.03005
1.02691
1.00014
1.00006
1.00045
1.00039
1.06555
1.00049
1.03711
1.059
1.06234
1.00122
1.27481
1.01832
1.00054
1.00187
1.00033
1.01575
1.00034
1.0008
1.03977
1.00019
1.09086
1.0004
1.00629
1.0003
1.00026
1.00017
1.00037
1.00034
1.00028
1.00033
1.00215
1.00035
1.00988
1.00026
1.00025
1.0003
1.00032
1.0003
1.00013
1.02883
1.01602
1.03608
1.00377
1.00042
1.04243
1.0074
1.07731
1.00039
1.05078
1.00028
1.05527
1.03632
1.00032
1.02001
1.00031
1.02229
1.00024
1.02902
1.00833
1.00033
1.00708
1.0003
1.04312
1.00156
1.00041
1.00028
1.00035
1.00028
1.00023
1.00025
1.00029
1.00036
1.05513
1.00015
1.03681
1.02348
1.00333
1.00033
1.01659
1.00036
1.00035
1.1128
1.00035
1.00009
1.00076
1.00029
1.00031
1.00034
1.00037
1.01848
1.01066
1.00032
1.00046
1.05658
1.0003
1.0006
1.00012
1.00044
1.00201
1.00025
1.00023
1.00047
1.00029
1.00028
1.00035
1.00031
1.00043
1.0666
1.00027
1.04212
1.00043
1.00035
1.00073
1.00025
1.00023
1.00018
1.0004
1.0866
1.01141
1.00037
1.00065
1.00029
1.00043
1.00937
1.00042
1.00033
1.02462
1.05985
1.0004
1.0002
1.00022
1.00019
1.02023
1.00465
1.00029
1.00056
1.08844
1.00769
1.00042
1.08343
1.00221
1.00026
1.00167
1.0003
1.0004
1.06306
1.01129
1.00023
1.00053
1.00036
1.06872
1.00216
1.00028
1.03573
1.00047
1.01985
1.00064
1.05978
1.01561
1.00037
1.00129
1.0078
1.02514
1.06176
1.00014
1.00621
1.00019
1.00056
1.00054
1.00026
1.01606
1.00238
1.00025
1.00035
1.00016
1.00956
1.00697
1.05419
1.0003
1.00045
1.00031
1.00064
1.00037
1.04154
1.0131
1.00029
1.00037
1.00044
1.00039
1.00404
1.00234
1.03252
1.06766
1.00028
1.00297
1.00472
1.00033
1.06192
1.04204
1.00043
1.00024
1.03488
1.11205
1.00323
1.0033
1.00023
1.00016
1.00017
1.01688
1.02214
1.05795
1.00036
1.03245
1.00021
1.00031
1.00046
1.00572
1.0003
1.00328
1.00343
1.00813
1.00047
1.00266
1.00041
1.00532
1.00124
1.02229
1.01106
1.0002
1.00036
1.00032
1.02847
1.00761
1.0046
1.01893
1.09775
1.00493
1.02521
1.00047
1.01533
1.00757
1.00039
1.00028
1.05977
1.13311
1.05323
1.00039
1.00001
1.01279
1.00117
1.02183
1.00027
1.00304
1.034
1.02091
1.03916
1.00443
1.01721
1.00033
1.00029
1.00053
1.00038
1.01015
1.00796
1.08893
1.00043
1.00028
1.01879
1.00273
1.00032
1.00008
1.01871
1.00109
1.00036
1.00871
1.06862
1.03735
1.02149
1.00551
1.04858
1.00474
1.00035
1.08477
1.00036
1.00032
1.01896
1.00572
1.0002
1.00035
1.01881
1.00021
1.00027
1.0004
1.00499
1.00176
1.00032
1.00053
1.11877
1.00101
1.00046
1.0003
1.05579
1.00038
1.02253
1.00017
1.00561
1.00388
1.00278
1.00049
1.00026
1.00013
1.00023
1.03521
1.01008
1.01034
1.00025
1.00026
1.01567
1.00034
1.00032
1.00036
1.00034
1.01102
1.09005
1.00025
1.0218
1.07493
1.00035
1.00044
1.00055
1.01541
1.01338
1.00035
1.00057
1.00037
1.04757
1.00034
1.03357
1.00043
1.00014
1.01094
1.00053
1.01446
1.00027
1.00024
1.00019
1.0005
1.00036
1.00024
1.0482
1.04867
1.03582
1.00663
1.00026
1.00033
1.01803
1.00025
1.00565
1.00045
1.00024
1.03802
1.00033
1.00038
1.02699
1.00028
1.06983
1.02349
1.00017
1.00502
1.04931
1.00039
1.0625
1.00022
1.0021
1.00036
1.00029
1.00695
1.00066
1.00408
1.00064
1.00057
1.01054
1.00069
1.00031
1.02082
1.00169
1.00418
1.03298
1.06183
1.00046
1.00041
1.00064
1.00032
1.0003
1.00034
1.00032
1.0002
1.00058
1.0003
1.0204
1.05773
1.00032
1.00034
1.0003
1.00041
1.00039
1.00343
1.01549
1.03251
1.00008
1.01251
1.00463
1.00042
1.01709
1.00035
1.00021
1.00031
1.01108
1.06022
1.06388
1.01951
1.00021
1.00185
1.07366
1.0004
1.03817
1.06584
1.00031
1.01087
1.00038
1.0003
1.00044
1.00034
1.06987
1.01092
1.00028
1.01383
1.00086
1.01313
1.10648
1.00061
1.00218
1.00036
1.02092
1.00702
1.0002
1.00015
1.00031
1.00983
1.0036
1.00035
1.01394
1.00033
1.06051
1.07344
1.00052
1.00578
1.00037
1.00949
1.00149
1.01195
1.00016
1.00048
1.00027
1.00039
1.00036
1.00755
1.00051
1.00027
1.09919
1.00071
1.00031
1.00022
1.00035
1.00036
1.00032
1.00396
1.00026
1.00017
1.07609
1.04982
1.0041
1.00035
1.00049
1.00049
1.04323
1.11425
1.02143
1.00046
1.00025
1.071
1.01618
1.07343
1.00029
1.00056
1.00229
1.00033
1.00627
1.00041
1.01261
1.01447
1.0286
1.03593
1.04334
1.00047
1.00022
1.0003
1.00037
1.04353
1.08509
1.00148
1.0043
1.0465
1.01375
1.00061
1.01228
1.00384
1.00536
1.02892
1.00037
1.01544
1.00573
1.0003
1.04201
1.01552
1.00018
1.00022
1.00374
1.09636
1.02806
1.0003
1.00018
1.00027
1.05606
1.00029
1.08431
1.00046
1.0003
1.00029
1.00019
1.00023
1.13984
1.00035
1.00023
1.00037
1.00026
1.0006
1.00018
1.00908
1.00044
1.00023
1.00024
1.00025
1.0013
1.01687
1.06243
1.00039
1.00028
1.00863
1.00033
1.00464
1.00018
1.0003
1.00026
1.00032
1.00018
1.0204
1.04949
1.00027
1.00023
1.05065
1.00724
1.00036
1.01329
1.00026
1.00031
1.00036
1.02104
1.00044
1.03833
1.00885
1.00053
1.00037
1.02621
1.00021
1.05716
1.00045
1.00448
1.0003
1.00085
1.08978
1.00024
1.10984
1.00072
1.00029
1.04904
1.00028
1.00281
1.01067
1.07118
1.01456
1.00002
1.03322
1.00057
1.00915
1.00002
1.08764
1.00047
1.00025
1.02047
1.00222
1.04021
1.00011
1.00096
1.08386
1.00064
1.00033
1.00673
1.00027
1.08302
1.00173
1.05954
1.00028
1.1288
1.00078
1.00022
1.00025
1.00605
1.05659
1.00046
1.00028
1.06623
1.00087
1.00508
1.00996
1.0002
1.00046
1.00033
1.00028
1.04987
1.00028
1.05792
1.0221
1.01811
1.01633
1.00023
1.00338
1.00562
1.00044
1.07779
1.00033
1.00037
1.00029
1.00371
1.00341
1.00028
1.01461
1.00275
1.0004
1.00028
1.00044
1.03939
1.01064
1.00087
1.00036
1.00032
1.00102
1.09836
1.0003
1.05103
1.00053
1.00027
1.02564
1.08288
1.00033
1.00026
1.01549
1.00032
1.00505
1.0051
1.0031
1.00039
1.00027
1.00817
1.00033
1.0004
1.00283
1.00001
1.00027
1.0004
1.06258
1.00303
1.00036
1.00512
1.00012
1.04833
1.00031
1.00041
1.00638
1.00033
1.01275
1.00031
1.00003
1.00031
1.04658
1.00421
1.00101
1.09204
1.03751
1.00056
1.04113
1.00019
1.00058
1.00038
1.00035
1.00133
1.00021
1.00025
1.1203
1.0002
1.00022
1.00368
1.00045
1.00001
1.01027
1.03942
1.06033
1.07794
1.00036
1.00027
1.00023
1.00019
1.13738
1.00025
1.00028
1.00746
1.03438
1.00465
1.00045
1.00042
1.00013
1.00042
1.00743
1.0003
1.00036
1.00022
1.00051
1.00057
1.00028
1.00031
1.00033
1.00043
1.01968
1.12479
1.0002
1.00021
1.0149
1.00034
1.02842
1.00078
1.00018
1.00838
1.00294
1.0257
1.01685
1.0229
1.00174
1.00044
1.12345
1.0591
1.00977
1.02736
1.00045
1.02506
1.00019
1.0002
1.00585
1.10128
1.00036
1.00021
1.02637
1.01046
1.00264
1.08005
1.00893
1.00031
1.09063
1.03394
1.11513
1.00148
1.00947
1.00035
1.00037
1.01544
1.0408
1.00569
1.00025
1.00031
1.02272
1.00995
1.00064
1.0008
1.00027
1.00352
1.01796
1.00123
1.04309
1.00022
1.03505
1.00048
1.00036
1.00063
1.00028
1.0334
1.00016
1.00024
1.0003
1.00023
1.02246
1.00039
1.05375
1.01937
1.00015
1.03099
1.00355
1.00024
1.00338
1.08998
1.00059
1.00355
1.00022
1.05739
1.00021
1.00019
1.00038
1.04242
1.00022
1.02381
1.04408
1.07093
1.06418
1.00814
1.00154
1.01709
1.00023
1.00035
1.05417
1.03397
1.00041
1.00028
1.0018
1.00026
1.00064
1.01835
1.07119
1.04611
1.00027
1.0018
1.00037
1.00471
1.1608
1.03706
1.05302
1.00271
1.00032
1.0003
1.06639
1.00074
1.00022
1.00002
1.02912
1.00029
1.00038
1.00018
1.08602
1.00034
1.00026
1.00059
1.00017
1.00825
1.00026
1.01946
1.05503
1.00775
1.00041
1.00643
1.0004
1.0003
1.00254
1.00403
1.00891
1.00074
1.00022
1.00297
1.00032
1.06944
1.00783
1.02025
1.07055
1.00154
1.02659
1.00042
1.00052
1.02982
1.00031
1.00021
1.00047
1.00156
1.0447
1.00022
1.00078
1.01259
1.00028
1.0003
1.00317
1.07127
1.00031
1.04383
1.01669
1.0003
1.00022
1.05153
1.00034
1.00562
1.0594
1.0953
1.00026
1.03808
1.00897
1.00055
1.02556
1.00018
1.04287
1.00392
1.04988
1.00496
1.00829
1.05807
1.00042
1.04208
1.00022
1.00063
1.00028
1.00056
1.12083
1.05745
1.0003
1.01868
1.05943
1.00029
1.00022
1.00028
1.0098
1.04929
1.00038
1.00026
1.00022
1.0002
1.00833
1.00041
1.00042
1.00017
1.0002
1.00481
1.01022
1.02975
1.08966
1.00015
1.00028
1.00396
1.00019
1.00041
1.00039
1.00022
1.00029
1.0001
1.00994
1.00168
1.00036
1.04634
1.03255
1.00041
1.00044
1.00024
1.0948
1.00682
1.00298
1.00031
1.00034
1.00028
1.09812
1.0003
1.03696
1.00034
1.00034
1.09153
1.01832
1.00032
1.03005
1.02691
1.00014
1.00006
1.00045
1.00039
1.06555
1.00049
1.03711
1.059
1.06234
1.00122
1.27481
1.01832
1.00054
1.00187
1.00033
1.01575
1.00034
1.0008
1.03977
1.00019
1.09086
1.0004
1.00629
1.0003
1.00026
1.00017
1.00037
1.00034
1.00028
1.00033
1.00215
1.00035
1.00988
1.00026
1.00025
1.0003
1.00032
1.0003
1.00013
1.02883
1.01602
1.03608
1.00377
1.00042
1.04243
1.0074
1.07731
1.00039
1.05078
1.00028
1.05527
1.03632
1.00032
1.02001
1.00031
1.02229
1.00024
1.02902
1.00833
1.00033
1.00708
1.0003
1.04312
1.00156
1.00041
1.00028
1.00035
1.00028
1.00023
1.00025
1.00029
1.00036
1.05513
1.00015
1.03681
1.02348
1.00333
1.00033
1.01659
1.00036
1.00035
1.1128
1.00035
1.00009
1.00076
1.00029
1.00031
1.00034
1.00037
1.01848
1.01066
1.00032
1.00046
1.05658
1.0003
1.0006
1.00012
1.00044
1.00201
1.00025
1.00023
1.00047
1.00029
1.00028
1.00035
1.00031
1.00043
1.0666
1.00027
1.04212
1.00043
1.00035
1.00073
1.00025
1.00023
1.00018
1.0004
1.0866
1.01141
1.00037
1.00065
1.00029
1.00043
1.00937
1.00042
1.00033
1.02462
1.05985
1.0004
1.0002
1.00022
1.00019
1.02023
1.00465
1.00029
1.00056
1.08844
1.00769
1.00042
1.08343
1.00221
1.00026
1.00167
1.0003
1.0004
1.06306
1.01129
1.00023
1.00053
1.00036
1.06872
1.00216
1.00028
1.03573
1.00047
1.01985
1.00064
1.05978
1.01561
1.00037
1.00129
1.0078
1.02514
1.06176
1.00014
1.00621
1.00019
1.00056
1.00054
1.00026
1.01606
1.00238
1.00025
1.00035
1.00016
1.00956
1.00697
1.05419
1.0003
1.00045
1.00031
1.00064
1.00037
1.04154
1.0131
1.00029
1.00037
1.00044
1.00039
1.00404
1.00234
1.03252
1.06766
1.00028
1.00297
1.00472
1.00033
1.06192
1.04204
1.00043
1.00024
1.03488
1.11205
1.00323
1.0033
1.00023
1.00016
1.00017
1.01688
1.02214
1.05795
1.00036
1.03245
1.00021
1.00031
1.00046
1.00572
1.0003
1.00328
1.00343
1.00813
1.00047
1.00266
1.00041
1.00532
1.00124
1.02229
1.01106
1.0002
1.00036
1.00032
1.02847
1.00761
1.0046
1.01893
1.09775
1.00493
1.02521
1.00047
1.01533
1.00757
1.00039
1.00028
1.05977
1.13311
1.05323
1.00039
1.00001
1.01279
1.00117
1.02183
1.00027
1.00304
1.034
1.02091
1.03916
1.00443
1.01721
1.00033
1.00029
1.00053
1.00038
1.01015
1.00796
1.08893
1.00043
1.00028
1.01879
1.00273
1.00032
1.00008
1.01871
1.00109
1.00036
1.00871
1.06862
1.03735
1.02149
1.00551
1.04858
1.00474
1.00035
1.08477
1.00036
1.00032
1.01896
1.00572
1.0002
1.00035
1.01881
1.00021
1.00027
1.0004
1.00499
1.00176
1.00032
1.00053
1.11877
1.00101
1.00046
1.0003
1.05579
1.00038
1.02253
1.00017
1.00561
1.00388
1.00278
1.00049
1.00026
1.00013
1.00023
1.03521
1.01008
1.01034
1.00025
1.00026
1.01567
1.00034
1.00032
1.00036
1.00034
1.01102
1.09005
1.00025
1.0218
1.07493
1.00035
1.00044
1.00055
1.01541
1.01338
1.00035
1.00057
1.00037
1.04757
1.00034
1.03357
1.00043
1.00014
1.01094
1.00053
1.01446
1.00027
1.00024
1.00019
1.0005
1.00036
1.00024
1.0482
1.04867
1.03582
1.00663
1.00026
1.00033
1.01803
1.00025
1.00565
1.00045
1.00024
1.03802
1.00033
1.00038
1.02699
1.00028
1.06983
1.02349
1.00017
1.00502
1.04931
1.00039
1.0625
1.00022
1.0021
1.00036
1.00029
1.00695
1.00066
1.00408
1.00064
1.00057
1.01054
1.00069
1.00031
1.02082
1.00169
1.00418
1.03298
1.06183
1.00046
1.00041
1.00064
1.00032
1.0003
1.00034
1.00032
1.0002
1.00058
1.0003
1.0204
1.05773
1.00032
1.00034
1.0003
1.00041
1.00039
1.00343
1.01549
1.03251
1.00008
1.01251
1.00463
1.00042
1.01709
1.00035
1.00021
1.00031
1.01108
1.06022
1.06388
1.01951
1.00021
1.00185
1.07366
1.0004
1.03817
1.06584
1.00031
1.01087
1.00038
1.0003
1.00044
1.00034
1.06987
1.01092
1.00028
1.01383
1.00086
1.01313
1.10648
1.00061
1.00218
1.00036
1.02092
1.00702
1.0002
1.00015
1.00031
1.00983
1.0036
1.00035
1.01394
1.00033
1.06051
1.07344
1.00052
1.00578
1.00037
1.00949
1.00149
1.01195
1.00016
1.00048
1.00027
1.00039
1.00036
1.00755
1.00051
1.00027
1.09919
1.00071
1.00031
1.00022
1.00035
1.00036
1.00032
1.00396
1.00026
1.00017
1.07609
1.04982
1.0041
1.00035
1.00049
1.00049
1.04323
1.11425
1.02143
1.00046
1.00025
1.071
1.01618
1.07343
1.00029
1.00056
1.00229
1.00033
1.00627
1.00041
1.01261
1.01447
1.0286
1.03593
1.04334
1.00047
1.00022
1.0003
1.00037
1.04353
1.08509
1.00148
1.0043
1.0465
1.01375
1.00061
1.01228
1.00384
1.00536
1.02892
1.00037
1.01544
1.00573
1.0003
1.04201
1.01552
1.00018
1.00022
1.00374
1.09636
1.02806
1.0003
1.00018
1.00027
1.05606
1.00029
1.08431
1.00046
1.0003
1.00029
1.00019
1.00023
1.13984
1.00035
1.00023
1.00037
1.00026
1.0006
1.00018
1.00908
1.00044
1.00023
1.00024
1.00025
1.0013
1.01687
1.06243
1.00039
1.00028
1.00863
1.00033
1.00464
1.00018
1.0003
1.00026
1.00032
1.00018
1.0204
1.04949
1.00027
1.00023
1.05065
1.00724
1.00036
1.01329
1.00026
1.00031
1.00036
1.02104
1.00044
1.03833
1.00885
1.00053
1.00037
1.02621
1.00021
1.05716
1.00045
1.00448
1.0003
1.00085
1.08978
1.00024
1.10984
1.00072
1.00029
1.04904
1.00028
1.00281
1.01067
1.07118
1.01456
1.00002
1.03322
1.00057
1.00915
1.00002
1.08764
1.00047
1.00025
1.02047
1.00222
1.04021
1.00011
1.00096
1.08386
1.00064
1.00033
1.00673
1.00027
1.08302
1.00173
1.05954
1.00028
1.1288
1.00078
1.00022
1.00025
1.00605
1.05659
1.00046
1.00028
1.06623
1.00087
1.00508
1.00996
1.0002
1.00046
1.00033
1.00028
1.04987
1.00028
1.03304
1.00042
1.09641
1.00357
1.10493
1.00167
1.00562
1.00044
1.07597
1.00033
1.00037
1.02298
1.00951
1.00038
1.00029
1.01472
1.00275
1.0004
1.00028
1.01814
1.04337
1.01064
1.00024
1.00036
1.00032
1.00086
1.09836
1.0003
1.06227
1.00026
1.06979
1.02564
1.05947
1.00033
1.00026
1.18763
1.00032
1.00007
1.0051
1.03025
1.07156
1.00027
1.00817
1.00034
1.07341
1.04702
1.00001
1.00027
1.0004
1.04559
1.00022
1.00036
1.00512
1.00012
1.04245
1.00031
1.02532
1.15474
1.00033
1.00032
1.00031
1.00003
1.00031
1.00032
1.05808
1.0011
1.11669
1.04423
1.00056
1.05602
1.00019
1.00058
1.00038
1.03176
1.00133
1.08252
1.00025
1.08798
1.0002
1.00022
1.04173
1.00045
1.00001
1.01027
1.00035
1.13685
1.07794
1.08249
1.00027
1.00023
1.00019
1.00696
1.00025
1.00028
1.00746
1.07596
1.00465
1.00045
1.00042
1.00013
1.09092
1.00743
1.00034
1.09716
1.00022
1.00051
1.00057
1.06262
1.00031
1.00033
1.00043
1.04503
1.09994
1.0002
1.0234
1.0149
1.00034
1.02842
1.00078
1.08007
1.12242
1.00294
1.0595
1.01172
1.0002
1.00174
1.03535
1.00039
1.01652
1.0195
1.04484
1.08477
1.03214
1.12129
1.0002
1.00535
1.13099
1.00036
1.00021
1.04101
1.01314
1.00264
1.0623
1.09337
1.00031
1.09313
1.05656
1.0882
1.00148
1.05566
1.00035
1.06978
1.01544
1.01793
1.00569
1.03299
1.3589
1.06535
1.00958
1.02468
1.0008
1.19472
1.00352
1.07451
1.07556
1.02274
1.00022
1.04357
1.00048
1.00036
1.14426
1.03009
1.02594
1.07263
1.04157
1.0589
1.03541
1.05315
1.00039
1.02177
1.04493
1.0388
1.02149
1.04191
1.01647
1.08303
1.03815
1.06729
1.00192
1.08014
1.03344
1.02428
1.00019
1.22904
1.02589
1.00022
1.04329
1.0286
1.00034
1.01354
1.00814
1.04127
1.0373
1.00023
1.00035
1.00042
1.00017
1.00041
1.00028
1.19566
1.00026
1.00064
1.03424
1.04423
1.01621
1.0495
1.05868
1.1074
1.04705
1.08044
1.06327
1.25713
1.00271
1.00032
1.0003
1.00166
1.07044
1.13176
1.02725
1.02912
1.03593
1.00038
1.00018
1.13079
1.08453
1.00026
1.00059
1.00017
1.05736
1.00026
1.01946
1.02617
1.08421
1.06973
1.08282
1.0004
1.0003
1.00036
1.0209
1.02861
1.05082
1.03608
1.00297
1.00032
1.01234
1.03648
1.03041
1.07055
1.00154
1.0737
1.00042
1.00052
1.02982
1.00031
1.00021
1.00937
1.00552
1.08253
1.00022
1.16761
1.02657
1.03452
1.0003
1.0198
1.07127
1.00031
1.01444
1.0124
1.0003
1.17095
1.05201
1.00034
1.00358
1.0161
1.00034
1.00026
1.05943
1.12995
1.00055
1.02207
1.00019
1.04287
1.00392
1.00025
1.00496
1.00005
1.12335
1.00043
1.07192
1.00022
1.04383
1.00028
1.00056
1.00376
1.04095
1.01731
1.02692
1.19032
1.00029
1.00022
1.00028
1.02216
1.1396
1.03406
1.13371
1.08243
1.1099
1.11499
1.00041
1.00042
1.01538
1.0002
1.03884
1.01022
1.00049
1.05511
1.03068
1.00028
1.00396
1.00019
1.00041
1.00643
1.00022
1.00029
1.0001
1.02319
1.14763
1.03309
1.04572
1.03773
1.00041
1.0141
1.00024
1.04804
1.0326
1.01012
1.06205
1.00034
1.00028
1.07536
1.02763
1.03952
1.01918
1.08122
1.29204
1.00048
1.00032
1.00023
1.05414
1.1095
1.02316
1.00045
1.05761
1.04718
1.00049
1.02879
1.12581
1.06687
1.00122
1.21143
1.01832
1.00054
1.07478
1.00034
1.02757
1.00034
1.0008
1.08699
1.00019
1.07807
1.06118
1.00629
1.0003
1.05554
1.00017
1.00037
1.00034
1.06741
1.00033
1.00031
1.00035
1.00988
1.02852
1.01697
1.0003
1.07
1.0003
1.06732
1.06533
1.02337
1.07524
1.01449
1.08112
1.04226
1.0074
1.07731
1.00039
1.06094
1.00028
1.0578
1.20396
1.10187
1.03057
1.00031
1.08978
1.00024
1.07542
1.00607
1.00033
1.00708
1.0003
1.0422
1.00156
1.00041
1.03873
1.13835
1.00029
1.00023
1.00025
1.09924
1.00036
1.00026
1.10856
1.03681
1.07131
1.0008
1.00033
1.01659
1.00036
1.04835
1.06246
1.0115
1.00009
1.00076
1.04049
1.00031
1.00034
1.00037
1.05463
1.06486
1.04186
1.0827
1.20041
1.19857
1.0006
1.00012
1.03381
1.00201
1.00025
1.00023
1.10399
1.00029
1.02981
1.00035
1.04386
1.04807
1.07048
1.07457
1.04271
1.02977
1.03391
1.05047
1.00025
1.00024
1.00018
1.00041
1.0003
1.01141
1.00037
1.00038
1.00029
1.00043
1.03232
1.00042
1.00033
1.02462
1.11662
1.02219
1.05656
1.00022
1.00019
1.06572
1.16495
1.00029
1.00056
1.0232
1.04081
1.00042
1.00036
1.00221
1.00026
1.03271
1.02041
1.0004
1.06306
1.05468
1.00023
1.00053
1.02734
1.06872
1.00216
1.00028
1.09847
1.00047
1.06673
1.07102
1.05978
1.00036
1.00038
1.04191
1.0207
1.00026
1.04234
1.00014
1.00621
1.05689
1.00056
1.10166
1.00026
1.01717
1.00238
1.00025
1.01654
1.00017
1.02279
1.0004
1.36889
1.02241
1.00045
1.00031
1.00064
1.00037
1.05267
1.0131
1.00013
1.04909
1.00568
1.03237
1.09773
1.00235
1.04619
1.12054
1.00029
1.00297
1.03203
1.00033
1.12996
1.10243
1.04968
1.00024
1.06158
1.1481
1.00323
1.00039
1.04076
1.00016
1.00017
1.02332
1.12799
1.22059
1.00036
1.03245
1.04955
1.00031
1.00046
1.01777
1.0003
1.00328
1.00343
1.01816
1.04263
1.00039
1.10693
1.00411
1.04272
1.01998
1.03035
1.04741
1.00036
1.00032
1.02847
1.00761
1.02286
1.04341
1.00137
1.0654
1.10222
1.04655
1.00696
1.01513
1.0004
1.00029
1.00024
1.00039
1.00382
1.00039
1.00001
1.03308
1.06123
1.09885
1.15965
1.02957
1.03433
1.02091
1.0398
1.00443
1.02693
1.0377
1.00029
1.07545
1.05515
1.01015
1.10855
1.00122
1.18149
1.00028
1.01879
1.00273
1.00032
1.00008
1.0539
1.00109
1.11898
1.06626
1.00991
1.07593
1.02149
1.05046
1.05088
1.00474
1.00035
1.00097
1.00036
1.00032
1.02057
1.01797
1.2249
1.00035
1.01881
1.00021
1.03903
1.0004
1.00499
1.00176
1.00032
1.00053
1.11877
1.00101
1.00046
1.0003
1.00041
1.07741
1.019
1.02411
1.09988
1.06564
1.00278
1.08568
1.00026
1.00013
1.00023
1.05604
1.0004
1.03011
1.00025
1.08145
1.01567
1.03121
1.00032
1.00036
1.00034
1.01102
1.00028
1.04109
1.05083
1.20434
1.00035
1.00044
1.00055
1.03306
1.03959
1.12465
1.03965
1.00037
1.01164
1.00034
1.06808
1.01454
1.00014
1.08061
1.00053
1.07538
1.00027
1.09737
1.02632
1.09925
1.00036
1.00024
1.00188
1.04805
1.03582
1.00663
1.00026
1.00033
1.13686
1.02376
1.13365
1.00045
1.00024
1.04123
1.00033
1.00038
1.04652
1.00028
1.26768
1.02349
1.00017
1.10817
1.18427
1.00039
1.087
1.00022
1.04271
1.08843
1.00029
1.00695
1.02147
1.05624
1.00064
1.00057
1.11159
1.00069
1.00031
1.02284
1.00169
1.0632
1.04143
1.06789
1.03745
1.00041
1.00064
1.03467
1.0003
1.07108
1.00032
1.07993
1.08713
1.0003
1.12924
1.00229
1.08752
1.00034
1.0003
1.03777
1.04755
1.00298
1.01549
1.06332
1.05775
1.01251
1.00469
1.00042
1.01961
1.12091
1.00021
1.00031
1.03064
1.0605
1.00046
1.0626
1.11699
1.17503
1.00031
1.0004
1.0002
1.06584
1.00031
1.03169
1.00038
1.0003
1.1114
1.00034
1.10575
1.03487
1.03736
1.00049
1.01407
1.00319
1.00035
1.08008
1.0777
1.00036
1.05389
1.00702
1.00021
1.00015
1.00134
1.00983
1.06593
1.00035
1.00383
1.00472
1.0605
1.16317
1.00052
1.00578
1.05222
1.0144
1.05791
1.11374
1.07531
1.12515
1.00027
1.00039
1.11015
1.01601
1.06797
1.00027
1.05968
1.00976
1.00031
1.00022
1.03772
1.04353
1.11197
1.09281
1.00026
1.00017
1.00291
1.09326
1.03216
1.00035
1.04078
1.00049
1.10448
1.04554
1.02143
1.00046
1.00025
1.03718
1.01618
1.06354
1.00029
1.04696
1.00229
1.00033
1.0397
1.00041
1.16754
1.02315
1.1262
1.03593
1.04334
1.00047
1.00022
1.16669
1.08666
1.06274
1.00026
1.00154
1.18487
1.13299
1.01375
1.00061
1.01228
1.00384
1.00536
1.04616
1.02331
1.01371
1.00574
1.0003
1.05537
1.03583
1.00018
1.09909
1.00374
1.08997
1.02806
1.0003
1.00018
1.34157
1.12734
1.00029
1.04834
1.00046
1.0003
1.07834
1.00019
1.06164
1.00019
1.00035
1.00023
1.05643
1.00026
1.0409
1.00989
1.00908
1.00044
1.00023
1.00024
1.00876
1.0013
1.00054
1.06243
1.01068
1.00028
1.01432
1.00033
1.00464
1.00018
1.16186
1.00026
1.00032
1.0097
1.0395
1.04542
1.06157
1.00023
1.04482
1.00724
1.02074
1.09482
1.00026
1.20507
1.00036
1.02104
1.00044
1.03833
1.00532
1.00053
1.00037
1.02621
1.00021
1.03334
1.00045
1.00448
1.0003
1.06555
1.08699
1.00024
1.02841
1.00616
1.03129
1.05678
1.07103
1.05455
1.00672
1.29473
1.02258
1.28271
1.00026
1.01573
1.01491
1.00002
1.09238
1.00047
1.00025
1.049
1.00222
1.13506
1.00074
1.00096
1.09626
1.00046
1.00033
1.02164
1.00027
1.09032
1.06889
1.05891
1.01155
1.10506
1.08132
1.01782
1.00025
1.00605
1.0666
1.00046
1.00028
1.06623
1.00087
1.0452
1.00996
1.00021
1.00137
1.00033
1.00028
1.00028
1.00028
1.69888
1.56637
1.56911
1.75312
1.48667
1.50406
1.63
1.69805
1.5531
1.68829
1.94851
1.36179
1.74733
1.60712
1.63403
1.57068
1.70775
1.4981
1.44301
1.59674
1.65916
1.6314
1.53315
1.61649
1.59937
1.546
1.74904
1.60121
1.79934
1.50844
1.38562
1.69002
1.59328
1.57034
1.53164
1.43369
1.79921
1.9691
1.7008
1.61972
1.46896
1.66999
1.85986
1.58768
1.78369
1.68256
1.81506
1.64127
1.67959
1.92091
1.55261
1.72747
1.64381
1.58476
2.08334
1.56193
1.82821
1.9727
1.48752
1.55051
1.51827
1.51801
1.63969
1.7814
1.68312
1.62712
1.5657
1.64364
1.84708
1.69985
1.33347
1.5263
1.72665
1.48319
1.57309
1.5551
1.48536
1.70126
1.37972
1.42781
1.92954
1.64443
1.66845
1.50535
1.72657
1.5147
1.6428
1.51331
1.44478
1.38094
1.36236
1.94951
1.43516
1.55513
1.71546
2.01436
1.93447
1.69971
1.80026
1.6423
1.5128
1.91901
1.58127
1.72416
1.38654
1.61915
1.49988
1.50361
1.52736
1.6729
1.74051
1.66015
1.85671
1.40184
1.42044
1.41346
1.54024
1.63719
1.4899
1.44565
1.91432
1.59581
1.48695
1.90384
1.36059
1.57966
1.63582
1.64169
1.63798
1.45114
1.59662
1.63878
1.84005
1.44303
1.29817
1.51795
1.63742
1.59994
1.55426
1.68627
1.76146
1.60571
1.6706
1.72906
1.47792
1.93594
1.76033
1.74935
1.56121
1.7758
1.70111
1.66966
1.73679
1.54182
1.55054
1.49668
1.63715
1.6848
1.5358
1.9335
1.83767
1.57366
1.81182
1.80545
1.66662
1.50677
1.36485
1.57857
1.79015
1.75428
1.63021
1.49603
1.94109
1.3587
1.55212
1.46848
1.579
1.82788
1.81785
1.53259
1.42845
1.39676
1.55084
1.65442
1.45367
1.5973
1.61048
1.88645
1.54706
1.48516
1.7632
1.3954
1.27691
1.69742
1.725
1.52411
1.92686
1.48912
1.50328
2.18018
1.58959
1.37392
1.75121
1.43414
1.6512
1.6632
1.34923
1.88257
1.52134
1.59782
1.53734
1.79902
1.9174
1.71641
1.49274
1.62484
1.67865
1.60227
1.59226
1.71925
1.55827
1.58089
1.86146
1.59513
1.61193
1.7267
1.59387
1.51249
1.72487
1.81176
1.6752
1.64059
1.36759
1.76152
1.66072
1.52799
1.65174
1.36767
1.81947
1.64128
1.67168
2.05677
1.56187
1.73684
1.80634
1.62937
1.47881
1.58189
1.52597
1.6732
1.44377
1.52681
1.48724
1.45988
1.68178
1.65333
1.72534
1.86777
1.74963
1.66408
1.68823
1.61001
1.59255
1.56162
1.45052
1.62039
1.88638
2.08711
1.43215
2.18131
1.54685
1.6447
1.4719
1.55831
1.7948
1.32302
1.42547
2.47448
1.54622
1.4589
1.51996
1.49246
1.53199
1.7128
1.55199
1.40366
1.53397
1.73182
1.77943
1.48332
1.47013
2.10381
1.62784
1.38428
1.37497
1.35995
1.71484
1.61213
1.91154
1.47043
2.15506
1.52588
1.74734
1.68182
1.46326
1.53421
1.66581
1.51127
1.54961
1.42699
1.68965
1.63592
1.82731
1.55407
1.50353
1.4993
1.36681
1.73218
1.48002
1.79661
1.41247
1.30807
1.48013
1.75577
1.54098
2.03292
1.26363
1.54505
1.86464
1.35182
1.6
1.7017
1.43655
1.54923
1.75501
1.36036
1.48276
1.5174
1.634
1.49495
1.58848
1.6006
1.48578
1.66868
1.61098
1.47624
1.44172
1.69331
1.44426
2.17095
1.59015
1.78434
1.74186
1.77973
1.91685
1.75256
1.41279
1.44415
1.53997
1.57374
1.53971
1.62076
1.70072
1.6117
1.81809
1.39374
1.96777
1.48585
1.36524
2.15174
1.90847
1.39186
1.44834
1.65116
1.84061
1.86789
1.7898
1.71728
1.3696
1.76447
1.73153
1.89492
1.52446
1.55801
1.3972
1.40326
1.57277
1.49711
1.64013
1.56228
1.54504
1.93256
1.53874
1.57978
1.40859
1.67331
1.69102
1.67888
1.53175
1.59675
2.11934
1.48032
1.56044
1.77155
1.75312
1.63379
1.66892
1.766
1.57144
2.11754
1.85657
1.71168
1.82351
1.6174
1.63311
1.45871
1.6201
1.39304
1.64898
1.81391
1.74623
1.4699
1.46005
1.62832
1.58649
1.70203
1.49435
1.43652
1.58938
1.49107
1.55901
1.52432
1.48842
1.68631
1.62202
1.77564
1.6056
1.52815
1.53319
1.44664
1.62024
1.63461
1.5315
1.38345
1.48063
1.52001
1.66942
1.68679
2.09992
1.49686
1.56938
1.79175
1.51078
1.58992
1.90199
1.25775
1.89487
1.95987
1.56506
1.44013
1.83136
1.49038
1.68817
1.51938
1.70902
1.65571
1.95396
1.54702
1.71479
1.8082
1.51968
1.35308
1.34321
1.40748
1.34086
1.77775
1.49473
1.67638
1.63849
1.38281
1.45077
1.58901
1.80577
1.61742
1.65229
1.48476
1.59605
1.55812
1.43229
1.46398
1.41697
1.76446
1.39967
1.51654
1.82997
1.565
1.66103
1.69598
1.56712
1.71018
1.51381
1.52755
1.54066
1.64223
1.97954
1.48742
1.43946
1.96701
1.6316
1.62284
1.80825
1.58217
1.91993
1.7172
1.86225
1.4174
1.69067
1.65231
1.77202
1.50792
1.50933
1.56269
1.92161
1.75756
1.62497
1.45316
1.74092
1.67891
1.59364
1.72146
1.72792
1.35105
1.74101
1.35196
1.49605
1.68253
1.52628
1.5805
1.72417
1.43549
1.73953
1.62406
1.42204
1.66561
1.57682
1.53108
1.62079
1.72694
1.73193
1.6656
1.65572
1.9642
1.50046
1.81566
1.71667
1.52911
1.58593
1.73569
1.92539
1.61212
1.68196
1.69376
1.51972
1.85675
1.50987
1.3242
1.35407
1.62565
1.41419
1.86372
1.66232
1.51487
1.52417
1.57701
1.85362
1.44841
1.38341
1.57395
1.90382
1.59117
1.95028
1.53257
1.93012
1.72649
1.60042
1.70931
1.45006
1.4178
1.69093
1.48805
1.44577
1.60899
1.62912
1.49361
1.70096
1.46513
1.48725
1.75215
1.3822
1.61511
1.67933
1.49673
1.43552
1.58841
1.35462
1.67394
1.78098
1.65372
1.50341
1.84498
1.65535
1.52454
1.84134
1.75081
1.51569
1.66682
1.71053
1.64129
1.51933
1.66978
1.54008
2.13995
1.8072
1.50603
1.80768
1.53581
1.39361
1.77399
1.67024
1.43254
2.02984
1.77293
1.59921
1.44061
1.97885
1.9237
1.59961
1.67041
1.53584
1.64477
1.7969
1.61023
1.46296
1.56097
1.91821
1.52891
1.48802
1.55284
1.79752
1.5704
1.57269
1.6739
1.72566
1.94728
1.75326
1.87449
1.8528
1.7524
1.50224
1.58878
1.55244
1.7031
1.6135
1.36912
1.503
1.40515
1.63913
1.88699
1.5025
1.22137
1.40043
1.48074
1.72109
1.58347
1.56744
1.61331
2.10419
1.63217
1.5729
1.66754
1.59276
1.60786
1.57423
1.57279
1.76015
1.8161
1.55643
1.84996
1.69895
1.67529
1.47259
1.68039
1.80826
1.44237
1.46106
1.60667
1.71758
1.68967
1.32064
1.68391
1.70161
1.96279
1.42347
1.56077
1.42875
1.79535
1.47458
1.41056
1.64659
1.73443
1.74393
1.77542
1.6938
1.68345
1.31828
1.51678
1.85295
1.76748
1.40165
1.50204
1.71842
1.66322
1.51728
1.68875
1.94555
1.73515
1.48702
1.85205
1.57093
1.7753
1.77974
1.48602
1.57175
1.49718
1.45545
1.58144
1.59154
1.73068
1.71917
1.64766
1.94358
1.74725
1.68316
1.68769
1.55901
1.61623
2.00997
1.56076
1.70689
1.54636
1.56935
1.66452
1.65898
1.58513
1.64554
1.45981
2.11724
1.58277
1.63184
1.62595
1.57933
1.48096
1.60333
1.73109
1.58997
1.57737
1.67817
1.8315
1.80459
1.67571
1.90255
1.52296
1.67613
1.66455
1.38988
1.70205
1.97991
1.74383
1.81338
1.7083
1.43718
1.61701
1.64375
1.61366
1.37078
1.32533
1.59993
1.40082
1.55249
1.34993
1.83535
1.67186
1.99917
1.61396
1.47147
1.67654
1.52115
1.52908
1.74978
1.59074
1.61021
1.5669
1.63985
1.69675
1.39155
1.41593
1.57742
1.8843
1.68155
1.47162
1.42718
1.60651
1.6889
1.59921
1.45853
1.64529
1.67687
1.51955
1.57056
1.58669
1.3403
1.71748
1.57778
1.63688
1.59238
1.63
1.84521
1.58048
1.91015
1.58353
1.68564
1.46628
1.59972
1.51463
1.74196
1.55863
1.50829
1.34863
1.87002
1.6985
1.73804
1.63615
1.92664
1.75253
1.59983
1.72475
1.58321
2.00741
1.50665
1.59768
1.66053
2.28877
1.51729
1.70023
1.87789
1.56605
1.69506
1.59781
1.81823
1.53456
1.628
1.91899
1.90933
1.68519
1.44457
1.5565
1.52775
1.74549
1.57015
1.74177
1.64498
1.44659
1.72745
1.61559
1.54775
1.32024
1.8454
1.64751
1.59676
1.56658
1.40018
1.6355
1.85029
1.61052
1.48765
1.46767
1.68779
1.6578
1.57421
1.57062
1.71208
1.63973
1.59284
1.66634
1.7191
1.73698
1.5503
1.45217
1.35421
1.45744
1.29868
1.74649
1.44656
1.57133
1.52637
1.89194
1.42556
1.70275
1.70339
1.43261
1.58214
1.46644
1.8573
1.65735
1.46998
1.46818
1.32361
1.53608
1.83221
1.9188
1.33716
1.65064
1.50235
1.67445
1.37493
1.71341
2.18502
1.55984
1.39342
1.62881
1.70706
1.51736
1.75544
1.37253
1.69155
1.70356
1.74352
1.67907
1.86639
1.48781
1.53867
1.46879
1.58675
1.3976
1.52082
1.74498
1.64497
1.44771
1.83087
1.85885
1.44921
1.7648
1.7187
1.66008
1.89643
1.56176
1.90893
2.06701
1.96238
1.65126
1.84921
1.40485
1.72128
1.62803
1.47958
1.53961
1.95364
1.52419
1.77589
1.67734
1.68669
1.52341
1.4116
1.6506
1.84995
1.55822
1.96383
1.57316
1.53906
1.76116
1.82516
1.36582
1.91466
1.7965
1.44563
1.55754
1.97305
1.79787
1.69254
1.55025
1.7588
1.55733
1.54718
1.38909
1.36529
1.83757
1.59087
1.50425
1.5259
1.55347
1.08043
1.12937
1.1383
1.10944
1.10202
1.13455
1.19621
1.20731
1.08698
1.07852
1.13274
1.12785
1.1678
1.10994
1.1132
1.28574
1.14893
1.0475
1.07905
1.1837
1.08837
1.28024
1.05171
1.15577
1.08875
1.05624
1.15704
1.04126
1.14739
1.08303
1.1602
1.16179
1.08765
1.10603
1.10697
1.01959
1.08455
1.29507
1.11607
1.15739
1.26195
1.11881
1.18462
1.05871
1.10191
1.05211
1.08672
1.11003
1.118
1.08256
1.07256
1.07611
1.15752
1.1476
1.25468
1.16105
1.07972
1.14578
1.07058
1.1087
1.10054
1.04094
1.073
1.12164
1.14973
1.14785
1.06155
1.07727
1.21364
1.07317
1.06928
1.12951
1.16024
1.16164
1.08038
1.1047
1.10905
1.23613
1.05877
1.07413
1.27107
1.18417
1.1015
1.12181
1.16122
1.05908
1.11976
1.14315
1.07929
1.02643
1.08241
1.09119
1.05401
1.09662
1.16801
1.16558
1.14545
1.18598
1.15874
1.18998
1.16419
1.38906
1.15755
1.10584
1.10292
1.25293
1.04258
1.11194
1.17719
1.14512
1.14524
1.10293
1.2222
1.06781
1.07374
1.09559
1.15827
1.18196
1.12404
1.04202
1.25933
1.07483
1.08075
1.41155
1.03948
1.32761
1.18779
1.11252
1.07682
1.11667
1.08996
1.11245
1.14491
1.03729
1.10698
1.15352
1.15627
1.21555
1.06845
1.35544
1.13393
1.13618
1.19797
1.18205
1.10947
1.29896
1.33769
1.14961
1.0563
1.289
1.20092
1.17377
1.0809
1.03579
1.05107
1.03631
1.10378
1.21613
1.22045
1.23042
1.2011
1.08148
1.05729
1.17747
1.10393
1.06857
1.03459
1.16191
1.2687
1.06988
1.12041
1.15582
1.17327
1.03145
1.07574
1.10594
1.07213
1.08971
1.13234
1.04105
1.10785
1.07037
1.11168
1.27701
1.031
1.09974
1.3178
1.16117
1.10788
1.08709
1.12049
1.04124
1.11104
1.05192
1.09722
1.08163
1.14588
1.05873
1.04916
1.28733
1.11586
1.07824
1.26648
1.12661
1.18358
1.08002
1.05852
1.20481
1.02625
1.06659
1.12444
1.30537
1.26494
1.14214
1.10444
1.13803
1.13857
1.25196
1.15506
1.19255
1.17548
1.01733
1.21537
1.07449
1.1358
1.17636
1.17922
1.03862
1.12577
1.17335
1.10818
1.17615
1.06886
1.20114
1.0712
1.05656
1.33392
1.09968
1.20487
1.15526
1.14291
1.16402
1.09032
1.10424
1.16345
1.05641
1.05213
1.19834
1.05175
1.11414
1.02408
1.07073
1.0648
1.20572
1.02622
1.18886
1.07413
1.04552
1.20602
1.06728
1.20151
1.24234
1.04045
1.07994
1.03122
1.15913
1.22516
1.15491
1.06564
1.31332
1.0595
1.07632
1.03944
1.11168
1.12537
1.09777
1.06225
1.25434
1.06046
1.04285
1.11622
1.05933
1.03998
1.2171
1.10577
1.08009
1.07838
1.08625
1.13688
1.12028
1.07439
1.24507
1.08772
1.10308
1.05926
1.069
1.23814
1.11813
1.13958
1.05356
1.08876
1.14515
1.2225
1.16622
1.02885
1.10966
1.21471
1.03642
1.13616
1.08633
1.0733
1.11884
1.11142
1.12827
1.10933
1.01981
1.15169
1.15691
1.20511
1.23503
1.04937
1.07129
1.04626
1.10116
1.30829
1.17791
1.0222
1.12005
1.09716
1.08295
1.16117
1.13065
1.07592
1.12429
1.26884
1.05184
1.05916
1.21075
1.08445
1.13224
1.1689
1.13719
1.05505
1.13422
1.21108
1.14516
1.02116
1.18162
1.0359
1.20872
1.18131
1.12435
1.16431
1.15811
1.22128
1.27113
1.07049
1.09578
1.03215
1.2086
1.15919
1.17203
1.21405
1.16236
1.22597
1.03438
1.3615
1.08521
1.15632
1.14492
1.26323
1.07098
1.07818
1.17723
1.29163
1.11954
1.23701
1.04978
1.09972
1.19036
1.06776
1.13861
1.05199
1.10434
1.07192
1.07206
1.13859
1.11291
1.17634
1.09088
1.06295
1.19871
1.1099
1.03742
1.10544
1.12944
1.10795
1.0699
1.03998
1.11472
1.29864
1.07045
1.146
1.24707
1.07255
1.35811
1.10033
1.06472
1.06902
1.21269
1.10857
1.16101
1.18498
1.17853
1.14153
1.09143
1.08533
1.1011
1.13633
1.16412
1.1174
1.04831
1.05515
1.04127
1.048
1.2186
1.05711
1.03401
1.09755
1.06322
1.19904
1.12023
1.02802
1.14366
1.1372
1.11973
1.15571
1.11917
1.20771
1.03452
1.16579
1.17049
1.11572
1.07861
1.11495
1.09754
1.03978
1.04441
1.21908
1.06767
1.16475
1.09403
1.09051
1.08253
1.19789
1.09818
1.05395
1.34946
1.12558
1.11412
1.13109
1.21908
1.11152
1.14116
1.11573
1.14141
1.2027
1.04698
1.08243
1.15396
1.07738
1.1278
1.04555
1.05696
1.03924
1.16918
1.0752
1.19739
1.18148
1.1019
1.04963
1.09244
1.26023
1.17736
1.13718
1.0742
1.0975
1.14349
1.04045
1.09964
1.03398
1.10161
1.05144
1.10611
1.23926
1.15808
1.16105
1.12161
1.15562
1.24977
1.07875
1.16761
1.1451
1.15704
1.07089
1.14472
1.10714
1.12996
1.18429
1.13069
1.22751
1.10512
1.06843
1.2777
1.17401
1.05978
1.07756
1.13573
1.07156
1.09699
1.13217
1.11577
1.14302
1.04409
1.20363
1.06907
1.20511
1.0341
1.04701
1.10132
1.07481
1.10318
1.07606
1.10458
1.1244
1.14135
1.16367
1.11812
1.1682
1.12254
1.10094
1.07237
1.05388
1.05122
1.09236
1.3158
1.17137
1.14992
1.1989
1.11533
1.1133
1.09639
1.11187
1.31309
1.08903
1.06477
1.09228
1.07267
1.11517
1.07019
1.25329
1.07198
1.05133
1.15175
1.08613
1.07394
1.08763
1.11056
1.01749
1.10593
1.19262
1.0576
1.11922
1.16495
1.05773
1.12392
1.11295
1.06653
1.49613
1.06103
1.20151
1.14392
1.12763
1.06321
1.07983
1.21796
1.06404
1.09932
1.16201
1.07557
1.11719
1.14165
1.15728
1.0852
1.13608
1.07548
1.10773
1.05207
1.02463
1.16469
1.16074
1.09325
1.04772
1.19499
1.07573
1.11661
1.17211
1.09581
1.06766
1.36727
1.03747
1.09633
1.12096
1.129
1.21936
1.10371
1.15261
1.14891
1.15033
1.27303
1.08347
1.57577
1.15952
1.14641
1.24809
1.16823
1.05428
1.23671
1.07394
1.08531
1.41423
1.21279
1.15495
1.1284
1.14049
1.1881
1.07769
1.17934
1.07862
1.22789
1.11931
1.16231
1.13188
1.06488
1.12792
1.11954
1.0683
1.16729
1.13763
1.12038
1.11403
1.13489
1.11219
1.26032
1.09146
1.20553
1.08101
1.14307
1.05696
1.09966
1.08954
1.08219
1.11896
1.08447
1.12915
1.09527
1.06588
1.0963
1.14346
1.02403
1.08511
1.07344
1.15479
1.05029
1.11379
1.111
1.33008
1.11461
1.05985
1.19772
1.09039
1.06672
1.08689
1.06334
1.17443
1.09688
1.04656
1.12053
1.09315
1.06913
1.0677
1.08964
1.14982
1.23698
1.03199
1.1502
1.08604
1.10164
1.06889
1.04956
1.15055
1.17959
1.08281
1.04583
1.04634
1.19335
1.12249
1.12858
1.22716
1.09157
1.08292
1.23324
1.10686
1.11881
1.03025
1.06289
1.1784
1.14828
1.10963
1.08831
1.1004
1.19687
1.14001
1.14759
1.06266
1.05002
1.05838
1.15216
1.08272
1.19066
1.13252
1.03878
1.0761
1.07782
1.02723
1.15583
1.12318
1.13398
1.14633
1.08294
1.08241
1.45023
1.10257
1.34405
1.11067
1.05321
1.25488
1.05547
1.22312
1.10114
1.18433
1.13346
1.12266
1.08476
1.07904
1.10305
1.29563
1.06613
1.08716
1.14031
1.06374
1.17626
1.05981
1.15544
1.09786
1.17404
1.16492
1.05858
1.24733
1.15522
1.16577
1.24439
1.14589
1.13431
1.08971
1.11107
1.17692
1.11731
1.17964
1.08489
1.05434
1.07931
1.05265
1.21186
1.0377
1.05613
1.13841
1.09894
1.09861
1.10118
1.06563
1.0929
1.08144
1.15706
1.09187
1.18788
1.10396
1.10065
1.09453
1.08813
1.21027
1.12817
1.14504
1.12727
1.10152
1.04455
1.14319
1.2644
1.104
1.12698
1.06252
1.14867
1.16921
1.08166
1.05658
1.18827
1.12945
1.14801
1.11194
1.09209
1.04001
1.21309
1.0845
1.21749
1.08229
1.09914
1.2335
1.09851
1.08152
1.27285
1.052
1.03161
1.14303
1.14245
1.10249
1.11846
1.13127
1.04887
1.16151
1.14758
1.20411
1.12337
1.26185
1.11207
1.03406
1.12853
1.13392
1.25643
1.07474
1.19515
1.13338
1.31892
1.09591
1.18433
1.07398
1.11503
1.07391
1.14788
1.24357
1.0973
1.0907
1.19515
1.21044
1.27834
1.09353
1.06935
1.07877
1.23161
1.0626
1.18135
1.14082
1.09361
1.10599
1.13627
1.02701
1.03088
1.08607
1.14234
1.18607
1.15154
1.07727
1.04255
1.1882
1.09177
1.06065
1.01401
1.33356
1.24683
1.1062
1.1109
1.12897
1.06402
1.05896
1.0816
1.11324
1.09066
1.08362
1.04479
1.0653
1.10065
1.05813
1.06715
1.04502
1.03195
1.03481
1.15865
1.14572
1.13222
1.10733
1.08699
1.07243
1.14695
1.26963
1.22228
1.09456
1.19583
1.07747
1.10184
1.188
1.13955
1.03888
1.08601
1.10283
1.10802
1.06707
1.09394
1.1771
1.11815
1.09808
1.07249
1.17236
1.19189
1.08893
1.11673
1.08105
1.05693
1.21636
1.10874
1.25558
1.05422
1.04967
1.19163
1.03194
1.07142
1.03876
1.31469
1.11187
1.07159
1.10028
1.39211
1.04676
1.17912
1.1653
1.15447
1.13187
1.05574
1.13243
1.10289
1.18552
1.05326
1.07999
1.0324
1.32377
1.05271
1.09597
1.09053
1.16996
1.0285
1.14041
1.05009
1.11121
1.25675
1.0852
1.21604
1.09659
1.09426
1.10495
1.04072
1.03303
1.05975
1.17384
1.10692
1.13874
1.21039
1.10628
1.03657
1.31397
1.19106
1.06191
1.11994
1.13831
1.10545
1.07644
1.08334
1.07619
1.10873
1.15233
1.12015
1.11428
1.13478
1.69888
1.56637
1.56911
1.75312
1.48667
1.50406
1.63
1.69805
1.5531
1.68829
1.94851
1.36179
1.74733
1.60712
1.63403
1.57068
1.70775
1.4981
1.44301
1.59674
1.65916
1.6314
1.53315
1.61649
1.59937
1.546
1.74904
1.60121
1.79934
1.50844
1.38562
1.69002
1.59328
1.57034
1.53164
1.43369
1.79921
1.9691
1.7008
1.61972
1.46896
1.66999
1.85986
1.58768
1.78369
1.68256
1.81506
1.64127
1.67959
1.92091
1.55261
1.72747
1.64381
1.58476
2.08334
1.56193
1.82821
1.9727
1.48752
1.55051
1.51827
1.51801
1.63969
1.7814
1.68312
1.62712
1.5657
1.64364
1.84708
1.69985
1.33347
1.5263
1.72665
1.48319
1.57309
1.5551
1.48536
1.70126
1.37972
1.42781
1.92954
1.64443
1.66845
1.50535
1.72657
1.5147
1.6428
1.51331
1.44478
1.38094
1.36236
1.94951
1.43516
1.55513
1.71546
2.01436
1.93447
1.69971
1.80026
1.6423
1.5128
1.91901
1.58127
1.72416
1.38654
1.61915
1.49988
1.50361
1.52736
1.6729
1.74051
1.66015
1.85671
1.40184
1.42044
1.41346
1.54024
1.63719
1.4899
1.44565
1.91432
1.59581
1.48695
1.90384
1.36059
1.57966
1.63582
1.64169
1.63798
1.45114
1.59662
1.63878
1.84005
1.44303
1.29817
1.51795
1.63742
1.59994
1.55426
1.68627
1.76146
1.60571
1.6706
1.72906
1.47792
1.93594
1.76033
1.74935
1.56121
1.7758
1.70111
1.66966
1.73679
1.54182
1.55054
1.49668
1.63715
1.6848
1.5358
1.9335
1.83767
1.57366
1.81182
1.80545
1.66662
1.50677
1.36485
1.57857
1.79015
1.75428
1.63021
1.49603
1.94109
1.3587
1.55212
1.46848
1.579
1.82788
1.81785
1.53259
1.42845
1.39676
1.55084
1.65442
1.45367
1.5973
1.61048
1.88645
1.54706
1.48516
1.7632
1.3954
1.27691
1.69742
1.725
1.52411
1.92686
1.48912
1.50328
2.18018
1.58959
1.37392
1.75121
1.43414
1.6512
1.6632
1.34923
1.88257
1.52134
1.59782
1.53734
1.79902
1.9174
1.71641
1.49274
1.62484
1.67865
1.60227
1.59226
1.71925
1.55827
1.58089
1.86146
1.59513
1.61193
1.7267
1.59387
1.51249
1.72487
1.81176
1.6752
1.64059
1.36759
1.76152
1.66072
1.52799
1.65174
1.36767
1.81947
1.64128
1.67168
2.05677
1.56187
1.73684
1.80634
1.62937
1.47881
1.58189
1.52597
1.6732
1.44377
1.52681
1.48724
1.45988
1.68178
1.65333
1.72534
1.86777
1.74963
1.66408
1.68823
1.61001
1.59255
1.56162
1.45052
1.62039
1.88638
2.08711
1.43215
2.18131
1.54685
1.6447
1.4719
1.55831
1.7948
1.32302
1.42547
2.47448
1.54622
1.4589
1.51996
1.49246
1.53199
1.7128
1.55199
1.40366
1.53397
1.73182
1.77943
1.48332
1.47013
2.10381
1.62784
1.38428
1.37497
1.35995
1.71484
1.61213
1.91154
1.47043
2.15506
1.52588
1.74734
1.68182
1.46326
1.53421
1.66581
1.51127
1.54961
1.42699
1.68965
1.63592
1.82731
1.55407
1.50353
1.4993
1.36681
1.73218
1.48002
1.79661
1.41247
1.30807
1.48013
1.75577
1.54098
2.03292
1.26363
1.54505
1.86464
1.35182
1.6
1.7017
1.43655
1.54923
1.75501
1.36036
1.48276
1.5174
1.634
1.49495
1.58848
1.6006
1.48578
1.66868
1.61098
1.47624
1.44172
1.69331
1.44426
2.17095
1.59015
1.78434
1.74186
1.77973
1.91685
1.75256
1.41279
1.44415
1.53997
1.57374
1.53971
1.62076
1.70072
1.6117
1.81809
1.39374
1.96777
1.48585
1.36524
2.15174
1.90847
1.39186
1.44834
1.65116
1.84061
1.86789
1.7898
1.71728
1.3696
1.76447
1.73153
1.89492
1.52446
1.55801
1.3972
1.40326
1.57277
1.49711
1.64013
1.56228
1.54504
1.93256
1.53874
1.57978
1.40859
1.67331
1.69102
1.67888
1.53175
1.59675
2.11934
1.48032
1.56044
1.77155
1.75312
1.63379
1.66892
1.766
1.57144
2.11754
1.85657
1.71168
1.82351
1.6174
1.63311
1.45871
1.6201
1.39304
1.64898
1.81391
1.74623
1.4699
1.46005
1.62832
1.58649
1.70203
1.49435
1.43652
1.58938
1.49107
1.55901
1.52432
1.48842
1.68631
1.62202
1.77564
1.6056
1.52815
1.53319
1.44664
1.62024
1.63461
1.5315
1.38345
1.48063
1.52001
1.66942
1.68679
2.09992
1.49686
1.56938
1.79175
1.51078
1.58992
1.90199
1.25775
1.89487
1.95987
1.56506
1.44013
1.83136
1.49038
1.68817
1.51938
1.70902
1.65571
1.95396
1.54702
1.71479
1.8082
1.51968
1.35308
1.34321
1.40748
1.34086
1.77775
1.49473
1.67638
1.63849
1.38281
1.45077
1.58901
1.80577
1.61742
1.65229
1.48476
1.59605
1.55812
1.43229
1.46398
1.41697
1.76446
1.39967
1.51654
1.82997
1.565
1.66103
1.69598
1.56712
1.71018
1.51381
1.52755
1.54066
1.64223
1.97954
1.48742
1.43946
1.96701
1.6316
1.62284
1.80825
1.58217
1.91993
1.7172
1.86225
1.4174
1.69067
1.65231
1.77202
1.50792
1.50933
1.56269
1.92161
1.75756
1.62497
1.45316
1.74092
1.67891
1.59364
1.72146
1.72792
1.35105
1.74101
1.35196
1.49605
1.68253
1.52628
1.5805
1.72417
1.43549
1.73953
1.62406
1.42204
1.66561
1.57682
1.53108
1.62079
1.72694
1.73193
1.6656
1.65572
1.9642
1.50046
1.81566
1.71667
1.52911
1.58593
1.73569
1.92539
1.61212
1.68196
1.69376
1.51972
1.85675
1.50987
1.3242
1.35407
1.62565
1.41419
1.86372
1.66232
1.51487
1.52417
1.57701
1.85362
1.44841
1.38341
1.57395
1.90382
1.59117
1.95028
1.53257
1.93012
1.72649
1.60042
1.70931
1.45006
1.4178
1.69093
1.48805
1.44577
1.60899
1.62912
1.49361
1.70096
1.46513
1.48725
1.75215
1.3822
1.61511
1.67933
1.49673
1.43552
1.58841
1.35462
1.67394
1.78098
1.65372
1.50341
1.84498
1.65535
1.52454
1.84134
1.75081
1.51569
1.66682
1.71053
1.64129
1.51933
1.66978
1.54008
2.13995
1.8072
1.50603
1.80768
1.53581
1.39361
1.77399
1.67024
1.43254
2.02984
1.77293
1.59921
1.44061
1.97885
1.9237
1.59961
1.67041
1.53584
1.64477
1.7969
1.61023
1.46296
1.56097
1.91821
1.52891
1.48802
1.55284
1.79752
1.5704
1.57269
1.6739
1.72566
1.94728
1.75326
1.87449
1.8528
1.7524
1.50224
1.58878
1.55244
1.7031
1.6135
1.36912
1.503
1.40515
1.63913
1.88699
1.5025
1.22137
1.40043
1.48074
1.72109
1.58347
1.56744
1.61331
2.10419
1.63217
1.5729
1.66754
1.59276
1.60786
1.57423
1.57279
1.76015
1.8161
1.55643
1.84996
1.69895
1.67529
1.47259
1.68039
1.80826
1.44237
1.46106
1.60667
1.71758
1.68967
1.32064
1.68391
1.70161
1.96279
1.42347
1.56077
1.42875
1.79535
1.47458
1.41056
1.64659
1.73443
1.74393
1.77542
1.6938
1.68345
1.31828
1.51678
1.85295
1.76748
1.40165
1.50204
1.71842
1.66322
1.51728
1.68875
1.94555
1.73515
1.48702
1.85205
1.57093
1.7753
1.77974
1.48602
1.57175
1.49718
1.45545
1.58144
1.59154
1.73068
1.71917
1.64766
1.94358
1.74725
1.68316
1.68769
1.55901
1.61623
2.00997
1.56076
1.70689
1.54636
1.56935
1.66452
1.65898
1.58513
1.64554
1.45981
2.11724
1.58277
1.63184
1.62595
1.57933
1.48096
1.60333
1.73109
1.58997
1.57737
1.67817
1.8315
1.80459
1.67571
1.90255
1.52296
1.67613
1.66455
1.38988
1.70205
1.97991
1.74383
1.81338
1.7083
1.43718
1.61701
1.64375
1.61366
1.37078
1.32533
1.59993
1.40082
1.55249
1.34993
1.83535
1.67186
1.99917
1.61396
1.47147
1.67654
1.52115
1.52908
1.74978
1.59074
1.61021
1.5669
1.63985
1.69675
1.39155
1.41593
1.57742
1.8843
1.68155
1.47162
1.42718
1.60651
1.6889
1.59921
1.45853
1.64529
1.67687
1.51955
1.57056
1.58669
1.3403
1.71748
1.57778
1.63688
1.59238
1.63
1.84521
1.58048
1.91015
1.58353
1.68564
1.46628
1.59972
1.51463
1.74196
1.55863
1.50829
1.34863
1.87002
1.6985
1.73804
1.63615
1.92664
1.75253
1.59983
1.72475
1.58321
2.00741
1.50665
1.59768
1.66053
2.28877
1.51729
1.70023
1.87789
1.56605
1.69506
1.59781
1.81823
1.53456
1.628
1.91899
1.90933
1.68519
1.44457
1.5565
1.52775
1.74549
1.57015
1.74177
1.64498
1.44659
1.72745
1.61559
1.54775
1.32024
1.8454
1.64751
1.59676
1.56658
1.40018
1.6355
1.85029
1.61052
1.48765
1.46767
1.68779
1.6578
1.57421
1.57062
1.71208
1.63973
1.59284
1.66634
1.7191
1.73698
1.5503
1.45217
1.35421
1.45744
1.29868
1.74649
1.44656
1.57133
1.52637
1.89194
1.42556
1.70275
1.70339
1.43261
1.58214
1.46644
1.8573
1.65735
1.46998
1.46818
1.32361
1.53608
1.83221
1.9188
1.33716
1.65064
1.50235
1.67445
1.37493
1.71341
2.18502
1.55984
1.39342
1.62881
1.70706
1.51736
1.75544
1.37253
1.69155
1.70356
1.74352
1.67907
1.86639
1.48781
1.53867
1.46879
1.58675
1.3976
1.52082
1.74498
1.64497
1.44771
1.83087
1.85885
1.44921
1.7648
1.7187
1.66008
1.89643
1.56176
1.90893
2.06701
1.96238
1.65126
1.84921
1.40485
1.72128
1.62803
1.47958
1.53961
1.95364
1.52419
1.77589
1.67734
1.68669
1.52341
1.4116
1.6506
1.84995
1.55822
1.96383
1.57316
1.53906
1.76116
1.82516
1.36582
1.91466
1.7965
1.44563
1.55754
1.97305
1.79787
1.69254
1.55025
1.7588
1.55733
1.54718
1.38909
1.36529
1.83757
1.59087
1.50425
1.5259
1.55347
1.69888
1.56637
1.56911
1.75312
1.48667
1.50406
1.63
1.69805
1.5531
1.68829
1.94851
1.36179
1.74733
1.60712
1.63403
1.57068
1.70775
1.4981
1.44301
1.59674
1.65916
1.6314
1.53315
1.61649
1.59937
1.546
1.74904
1.60121
1.79934
1.50844
1.38562
1.69002
1.59328
1.57034
1.53164
1.43369
1.79921
1.9691
1.7008
1.61972
1.46896
1.66999
1.85986
1.58768
1.78369
1.68256
1.81506
1.64127
1.67959
1.92091
1.55261
1.72747
1.64381
1.58476
2.08334
1.56193
1.82821
1.9727
1.48752
1.55051
1.51827
1.51801
1.63969
1.7814
1.68312
1.62712
1.5657
1.64364
1.84708
1.69985
1.33347
1.5263
1.72665
1.48319
1.57309
1.5551
1.48536
1.70126
1.37972
1.42781
1.92954
1.64443
1.66845
1.50535
1.72657
1.5147
1.6428
1.51331
1.44478
1.38094
1.36236
1.94951
1.43516
1.55513
1.71546
2.01436
1.93447
1.69971
1.80026
1.6423
1.5128
1.91901
1.58127
1.72416
1.38654
1.61915
1.49988
1.50361
1.52736
1.6729
1.74051
1.66015
1.85671
1.40184
1.42044
1.41346
1.54024
1.63719
1.4899
1.44565
1.91432
1.59581
1.48695
1.90384
1.36059
1.57966
1.63582
1.64169
1.63798
1.45114
1.59662
1.63878
1.84005
1.44303
1.29817
1.51795
1.63742
1.59994
1.55426
1.68627
1.76146
1.60571
1.6706
1.72906
1.47792
1.93594
1.76033
1.74935
1.56121
1.7758
1.70111
1.66966
1.73679
1.54182
1.55054
1.49668
1.63715
1.6848
1.5358
1.9335
1.83767
1.57366
1.81182
1.80545
1.66662
1.50677
1.36485
1.57857
1.79015
1.75428
1.63021
1.49603
1.94109
1.3587
1.55212
1.46848
1.579
1.82788
1.81785
1.53259
1.42845
1.39676
1.55084
1.65442
1.45367
1.5973
1.61048
1.88645
1.54706
1.48516
1.7632
1.3954
1.27691
1.69742
1.725
1.52411
1.92686
1.48912
1.50328
2.18018
1.58959
1.37392
1.75121
1.43414
1.6512
1.6632
1.34923
1.88257
1.52134
1.59782
1.53734
1.79902
1.9174
1.71641
1.49274
1.62484
1.67865
1.60227
1.59226
1.71925
1.55827
1.58089
1.86146
1.59513
1.61193
1.7267
1.59387
1.51249
1.72487
1.81176
1.6752
1.64059
1.36759
1.76152
1.66072
1.52799
1.65174
1.36767
1.81947
1.64128
1.67168
2.05677
1.56187
1.73684
1.80634
1.62937
1.47881
1.58189
1.52597
1.6732
1.44377
1.52681
1.48724
1.45988
1.68178
1.65333
1.72534
1.86777
1.74963
1.66408
1.68823
1.61001
1.59255
1.56162
1.45052
1.62039
1.88638
2.08711
1.43215
2.18131
1.54685
1.6447
1.4719
1.55831
1.7948
1.32302
1.42547
2.47448
1.54622
1.4589
1.51996
1.49246
1.53199
1.7128
1.55199
1.40366
1.53397
1.73182
1.77943
1.48332
1.47013
2.10381
1.62784
1.38428
1.37497
1.35995
1.71484
1.61213
1.91154
1.47043
2.15506
1.52588
1.74734
1.68182
1.46326
1.53421
1.66581
1.51127
1.54961
1.42699
1.68965
1.63592
1.82731
1.55407
1.50353
1.4993
1.36681
1.73218
1.48002
1.79661
1.41247
1.30807
1.48013
1.75577
1.54098
2.03292
1.26363
1.54505
1.86464
1.35182
1.6
1.7017
1.43655
1.54923
1.75501
1.36036
1.48276
1.5174
1.634
1.49495
1.58848
1.6006
1.48578
1.66868
1.61098
1.47624
1.44172
1.69331
1.44426
2.17095
1.59015
1.78434
1.74186
1.77973
1.91685
1.75256
1.41279
1.44415
1.53997
1.57374
1.53971
1.62076
1.70072
1.6117
1.81809
1.39374
1.96777
1.48585
1.36524
2.15174
1.90847
1.39186
1.44834
1.65116
1.84061
1.86789
1.7898
1.71728
1.3696
1.76447
1.73153
1.89492
1.52446
1.55801
1.3972
1.40326
1.57277
1.49711
1.64013
1.56228
1.54504
1.93256
1.53874
1.57978
1.40859
1.67331
1.69102
1.67888
1.53175
1.59675
2.11934
1.48032
1.56044
1.77155
1.75312
1.63379
1.66892
1.766
1.57144
2.11754
1.85657
1.71168
1.82351
1.6174
1.63311
1.45871
1.6201
1.39304
1.64898
1.81391
1.74623
1.4699
1.46005
1.62832
1.58649
1.70203
1.49435
1.43652
1.58938
1.49107
1.55901
1.52432
1.48842
1.68631
1.62202
1.77564
1.6056
1.52815
1.53319
1.44664
1.62024
1.63461
1.5315
1.38345
1.48063
1.52001
1.66942
1.68679
2.09992
1.49686
1.56938
1.79175
1.51078
1.58992
1.90199
1.25775
1.89487
1.95987
1.56506
1.44013
1.83136
1.49038
1.68817
1.51938
1.70902
1.65571
1.95396
1.54702
1.71479
1.8082
1.51968
1.35308
1.34321
1.40748
1.34086
1.77775
1.49473
1.67638
1.63849
1.38281
1.45077
1.58901
1.80577
1.61742
1.65229
1.48476
1.59605
1.55812
1.43229
1.46398
1.41697
1.76446
1.39967
1.51654
1.82997
1.565
1.66103
1.69598
1.56712
1.71018
1.51381
1.52755
1.54066
1.64223
1.97954
1.48742
1.43946
1.96701
1.6316
1.62284
1.80825
1.58217
1.91993
1.7172
1.86225
1.4174
1.69067
1.65231
1.77202
1.50792
1.50933
1.56269
1.92161
1.75756
1.62497
1.45316
1.74092
1.67891
1.59364
1.72146
1.72792
1.35105
1.74101
1.35196
1.49605
1.68253
1.52628
1.5805
1.72417
1.43549
1.73953
1.62406
1.42204
1.66561
1.57682
1.53108
1.62079
1.72694
1.73193
1.6656
1.65572
1.9642
1.50046
1.81566
1.71667
1.52911
1.58593
1.73569
1.92539
1.61212
1.68196
1.69376
1.51972
1.85675
1.50987
1.3242
1.35407
1.62565
1.41419
1.86372
1.66232
1.51487
1.52417
1.57701
1.85362
1.44841
1.38341
1.57395
1.90382
1.59117
1.95028
1.53257
1.93012
1.72649
1.60042
1.70931
1.45006
1.4178
1.69093
1.48805
1.44577
1.60899
1.62912
1.49361
1.70096
1.46513
1.48725
1.75215
1.3822
1.61511
1.67933
1.49673
1.43552
1.58841
1.35462
1.67394
1.78098
1.65372
1.50341
1.84498
1.65535
1.52454
1.84134
1.75081
1.51569
1.66682
1.71053
1.64129
1.51933
1.66978
1.54008
2.13995
1.8072
1.50603
1.80768
1.53581
1.39361
1.77399
1.67024
1.43254
2.02984
1.77293
1.59921
1.44061
1.97885
1.9237
1.59961
1.67041
1.53584
1.64477
1.7969
1.61023
1.46296
1.56097
1.91821
1.52891
1.48802
1.55284
1.79752
1.5704
1.57269
1.6739
1.72566
1.94728
1.75326
1.87449
1.8528
1.7524
1.50224
1.58878
1.55244
1.7031
1.6135
1.36912
1.503
1.40515
1.63913
1.88699
1.5025
1.22137
1.40043
1.48074
1.72109
1.58347
1.56744
1.61331
2.10419
1.63217
1.5729
1.66754
1.59276
1.60786
1.57423
1.57279
1.76015
1.8161
1.55643
1.84996
1.69895
1.67529
1.47259
1.68039
1.80826
1.44237
1.46106
1.60667
1.71758
1.68967
1.32064
1.68391
1.70161
1.96279
1.42347
1.56077
1.42875
1.79535
1.47458
1.41056
1.64659
1.73443
1.74393
1.77542
1.6938
1.68345
1.31828
1.51678
1.85295
1.76748
1.40165
1.50204
1.71842
1.66322
1.51728
1.68875
1.94555
1.73515
1.48702
1.85205
1.57093
1.7753
1.77974
1.48602
1.57175
1.49718
1.45545
1.58144
1.59154
1.73068
1.71917
1.64766
1.94358
1.74725
1.68316
1.68769
1.55901
1.61623
2.00997
1.56076
1.70689
1.54636
1.56935
1.66452
1.65898
1.58513
1.64554
1.45981
2.11724
1.58277
1.63184
1.62595
1.57933
1.48096
1.60333
1.73109
1.58997
1.57737
1.67817
1.8315
1.80459
1.67571
1.90255
1.52296
1.67613
1.66455
1.38988
1.70205
1.97991
1.74383
1.81338
1.7083
1.43718
1.61701
1.64375
1.61366
1.37078
1.32533
1.59993
1.40082
1.55249
1.34993
1.83535
1.67186
1.99917
1.61396
1.47147
1.67654
1.52115
1.52908
1.74978
1.59074
1.61021
1.5669
1.63985
1.69675
1.39155
1.41593
1.57742
1.8843
1.68155
1.47162
1.42718
1.60651
1.6889
1.59921
1.45853
1.64529
1.67687
1.51955
1.57056
1.58669
1.3403
1.71748
1.57778
1.63688
1.59238
1.63
1.84521
1.58048
1.91015
1.58353
1.68564
1.46628
1.59972
1.51463
1.74196
1.55863
1.50829
1.34863
1.87002
1.6985
1.73804
1.63615
1.92664
1.75253
1.59983
1.72475
1.58321
2.00741
1.50665
1.59768
1.66053
2.28877
1.51729
1.70023
1.87789
1.56605
1.69506
1.59781
1.81823
1.53456
1.628
1.91899
1.90933
1.68519
1.44457
1.5565
1.52775
1.74549
1.57015
1.74177
1.64498
1.44659
1.72745
1.61559
1.54775
1.32024
1.8454
1.64751
1.59676
1.56658
1.40018
1.6355
1.85029
1.61052
1.48765
1.46767
1.68779
1.6578
1.57421
1.57062
1.71208
1.63973
1.59284
1.66634
1.7191
1.73698
1.5503
1.45217
1.35421
1.45744
1.29868
1.74649
1.44656
1.57133
1.52637
1.89194
1.42556
1.70275
1.70339
1.43261
1.58214
1.46644
1.8573
1.65735
1.46998
1.46818
1.32361
1.53608
1.83221
1.9188
1.33716
1.65064
1.50235
1.67445
1.37493
1.71341
2.18502
1.55984
1.39342
1.62881
1.70706
1.51736
1.75544
1.37253
1.69155
1.70356
1.74352
1.67907
1.86639
1.48781
1.53867
1.46879
1.58675
1.3976
1.52082
1.74498
1.64497
1.44771
1.83087
1.85885
1.44921
1.7648
1.7187
1.66008
1.89643
1.56176
1.90893
2.06701
1.96238
1.65126
1.84921
1.40485
1.72128
1.62803
1.47958
1.53961
1.95364
1.52419
1.77589
1.67734
1.68669
1.52341
1.4116
1.6506
1.84995
1.55822
1.96383
1.57316
1.53906
1.76116
1.82516
1.36582
1.91466
1.7965
1.44563
1.55754
1.97305
1.79787
1.69254
1.55025
1.7588
1.55733
1.54718
1.38909
1.36529
1.83757
1.59087
1.50425
1.5259
1.55347
1.69888
1.56637
1.56911
1.75312
1.48667
1.50406
1.63
1.69805
1.5531
1.68829
1.94851
1.36179
1.74733
1.60712
1.63403
1.57068
1.70775
1.4981
1.44301
1.59674
1.65916
1.6314
1.53315
1.61649
1.59937
1.546
1.74904
1.60121
1.79934
1.50844
1.38562
1.69002
1.59328
1.57034
1.53164
1.43369
1.79921
1.9691
1.7008
1.61972
1.46896
1.66999
1.85986
1.58768
1.78369
1.68256
1.81506
1.64127
1.67959
1.92091
1.55261
1.72747
1.64381
1.58476
2.08334
1.56193
1.82821
1.9727
1.48752
1.55051
1.51827
1.51801
1.63969
1.7814
1.68312
1.62712
1.5657
1.64364
1.84708
1.69985
1.33347
1.5263
1.72665
1.48319
1.57309
1.5551
1.48536
1.70126
1.37972
1.42781
1.92954
1.64443
1.66845
1.50535
1.72657
1.5147
1.6428
1.51331
1.44478
1.38094
1.36236
1.94951
1.43516
1.55513
1.71546
2.01436
1.93447
1.69971
1.80026
1.6423
1.5128
1.91901
1.58127
1.72416
1.38654
1.61915
1.49988
1.50361
1.52736
1.6729
1.74051
1.66015
1.85671
1.40184
1.42044
1.41346
1.54024
1.63719
1.4899
1.44565
1.91432
1.59581
1.48695
1.90384
1.36059
1.57966
1.63582
1.64169
1.63798
1.45114
1.59662
1.63878
1.84005
1.44303
1.29817
1.51795
1.63742
1.59994
1.55426
1.68627
1.76146
1.60571
1.6706
1.72906
1.47792
1.93594
1.76033
1.74935
1.56121
1.7758
1.70111
1.66966
1.73679
1.54182
1.55054
1.49668
1.63715
1.6848
1.5358
1.9335
1.83767
1.57366
1.81182
1.80545
1.66662
1.50677
1.36485
1.57857
1.79015
1.75428
1.63021
1.49603
1.94109
1.3587
1.55212
1.46848
1.579
1.82788
1.81785
1.53259
1.42845
1.39676
1.55084
1.65442
1.45367
1.5973
1.61048
1.88645
1.54706
1.48516
1.7632
1.3954
1.27691
1.69742
1.725
1.52411
1.92686
1.48912
1.50328
2.18018
1.58959
1.37392
1.75121
1.43414
1.6512
1.6632
1.34923
1.88257
1.52134
1.59782
1.53734
1.79902
1.9174
1.71641
1.49274
1.62484
1.67865
1.60227
1.59226
1.71925
1.55827
1.58089
1.86146
1.59513
1.61193
1.7267
1.59387
1.51249
1.72487
1.81176
1.6752
1.64059
1.36759
1.76152
1.66072
1.52799
1.65174
1.36767
1.81947
1.64128
1.67168
2.05677
1.56187
1.73684
1.80634
1.62937
1.47881
1.58189
1.52597
1.6732
1.44377
1.52681
1.48724
1.45988
1.68178
1.65333
1.72534
1.86777
1.74963
1.66408
1.68823
1.61001
1.59255
1.56162
1.45052
1.62039
1.88638
2.08711
1.43215
2.18131
1.54685
1.6447
1.4719
1.55831
1.7948
1.32302
1.42547
2.47448
1.54622
1.4589
1.51996
1.49246
1.53199
1.7128
1.55199
1.40366
1.53397
1.73182
1.77943
1.48332
1.47013
2.10381
1.62784
1.38428
1.37497
1.35995
1.71484
1.61213
1.91154
1.47043
2.15506
1.52588
1.74734
1.68182
1.46326
1.53421
1.66581
1.51127
1.54961
1.42699
1.68965
1.63592
1.82731
1.55407
1.50353
1.4993
1.36681
1.73218
1.48002
1.79661
1.41247
1.30807
1.48013
1.75577
1.54098
2.03292
1.26363
1.54505
1.86464
1.35182
1.6
1.7017
1.43655
1.54923
1.75501
1.36036
1.48276
1.5174
1.634
1.49495
1.58848
1.6006
1.48578
1.66868
1.61098
1.47624
1.44172
1.69331
1.44426
2.17095
1.59015
1.78434
1.74186
1.77973
1.91685
1.75256
1.41279
1.44415
1.53997
1.57374
1.53971
1.62076
1.70072
1.6117
1.81809
1.39374
1.96777
1.48585
1.36524
2.15174
1.90847
1.39186
1.44834
1.65116
1.84061
1.86789
1.7898
1.71728
1.3696
1.76447
1.73153
1.89492
1.52446
1.55801
1.3972
1.40326
1.57277
1.49711
1.64013
1.56228
1.54504
1.93256
1.53874
1.57978
1.40859
1.67331
1.69102
1.67888
1.53175
1.59675
2.11934
1.48032
1.56044
1.77155
1.75312
1.63379
1.66892
1.766
1.57144
2.11754
1.85657
1.71168
1.82351
1.6174
1.63311
1.45871
1.6201
1.39304
1.64898
1.81391
1.74623
1.4699
1.46005
1.62832
1.58649
1.70203
1.49435
1.43652
1.58938
1.49107
1.55901
1.52432
1.48842
1.68631
1.62202
1.77564
1.6056
1.52815
1.53319
1.44664
1.62024
1.63461
1.5315
1.38345
1.48063
1.52001
1.66942
1.68679
2.09992
1.49686
1.56938
1.79175
1.51078
1.58992
1.90199
1.25775
1.89487
1.95987
1.56506
1.44013
1.83136
1.49038
1.68817
1.51938
1.70902
1.65571
1.95396
1.54702
1.71479
1.8082
1.51968
1.35308
1.34321
1.40748
1.34086
1.77775
1.49473
1.67638
1.63849
1.38281
1.45077
1.58901
1.80577
1.61742
1.65229
1.48476
1.59605
1.55812
1.43229
1.46398
1.41697
1.76446
1.39967
1.51654
1.82997
1.565
1.66103
1.69598
1.56712
1.71018
1.51381
1.52755
1.54066
1.64223
1.97954
1.48742
1.43946
1.96701
1.6316
1.62284
1.80825
1.58217
1.91993
1.7172
1.86225
1.4174
1.69067
1.65231
1.77202
1.50792
1.50933
1.56269
1.92161
1.75756
1.62497
1.45316
1.74092
1.67891
1.59364
1.72146
1.72792
1.35105
1.74101
1.35196
1.49605
1.68253
1.52628
1.5805
1.72417
1.43549
1.73953
1.62406
1.42204
1.66561
1.57682
1.53108
1.62079
1.72694
1.73193
1.6656
1.65572
1.9642
1.50046
1.81566
1.71667
1.52911
1.58593
1.73569
1.92539
1.61212
1.68196
1.69376
1.51972
1.85675
1.50987
1.3242
1.35407
1.62565
1.41419
1.86372
1.66232
1.51487
1.52417
1.57701
1.85362
1.44841
1.38341
1.57395
1.90382
1.59117
1.95028
1.53257
1.93012
1.72649
1.60042
1.70931
1.45006
1.4178
1.69093
1.48805
1.44577
1.60899
1.62912
1.49361
1.70096
1.46513
1.48725
1.75215
1.3822
1.61511
1.67933
1.49673
1.43552
1.58841
1.35462
1.67394
1.78098
1.65372
1.50341
1.84498
1.65535
1.52454
1.84134
1.75081
1.51569
1.66682
1.71053
1.64129
1.51933
1.66978
1.54008
2.13995
1.8072
1.50603
1.80768
1.53581
1.39361
1.77399
1.67024
1.43254
2.02984
1.77293
1.59921
1.44061
1.97885
1.9237
1.59961
1.67041
1.53584
1.64477
1.7969
1.61023
1.46296
1.56097
1.91821
1.52891
1.48802
1.55284
1.79752
1.5704
1.57269
1.6739
1.72566
1.94728
1.75326
1.87449
1.8528
1.7524
1.50224
1.58878
1.55244
1.7031
1.6135
1.36912
1.503
1.40515
1.63913
1.88699
1.5025
1.22137
1.40043
1.48074
1.72109
1.58347
1.56744
1.61331
2.10419
1.63217
1.5729
1.66754
1.59276
1.60786
1.57423
1.57279
1.76015
1.8161
1.55643
1.84996
1.69895
1.67529
1.47259
1.68039
1.80826
1.44237
1.46106
1.60667
1.71758
1.68967
1.32064
1.68391
1.70161
1.96279
1.42347
1.56077
1.42875
1.79535
1.47458
1.41056
1.64659
1.73443
1.74393
1.77542
1.6938
1.68345
1.31828
1.51678
1.85295
1.76748
1.40165
1.50204
1.71842
1.66322
1.51728
1.68875
1.94555
1.73515
1.48702
1.85205
1.57093
1.7753
1.77974
1.48602
1.57175
1.49718
1.45545
1.58144
1.59154
1.73068
1.71917
1.64766
1.94358
1.74725
1.68316
1.68769
1.55901
1.61623
2.00997
1.56076
1.70689
1.54636
1.56935
1.66452
1.65898
1.58513
1.64554
1.45981
2.11724
1.58277
1.63184
1.62595
1.57933
1.48096
1.60333
1.73109
1.58997
1.57737
1.67817
1.8315
1.80459
1.67571
1.90255
1.52296
1.67613
1.66455
1.38988
1.70205
1.97991
1.74383
1.81338
1.7083
1.43718
1.61701
1.64375
1.61366
1.37078
1.32533
1.59993
1.40082
1.55249
1.34993
1.83535
1.67186
1.99917
1.61396
1.47147
1.67654
1.52115
1.52908
1.74978
1.59074
1.61021
1.5669
1.63985
1.69675
1.39155
1.41593
1.57742
1.8843
1.68155
1.47162
1.42718
1.60651
1.6889
1.59921
1.45853
1.64529
1.67687
1.51955
1.57056
1.58669
1.3403
1.71748
1.57778
1.63688
1.59238
1.63
1.84521
1.58048
1.91015
1.58353
1.68564
1.46628
1.59972
1.51463
1.74196
1.55863
1.50829
1.34863
1.87002
1.6985
1.73804
1.63615
1.92664
1.75253
1.59983
1.72475
1.58321
2.00741
1.50665
1.59768
1.66053
2.28877
1.51729
1.70023
1.87789
1.56605
1.69506
1.59781
1.81823
1.53456
1.628
1.91899
1.90933
1.68519
1.44457
1.5565
1.52775
1.74549
1.57015
1.74177
1.64498
1.44659
1.72745
1.61559
1.54775
1.32024
1.8454
1.64751
1.59676
1.56658
1.40018
1.6355
1.85029
1.61052
1.48765
1.46767
1.68779
1.6578
1.57421
1.57062
1.71208
1.63973
1.59284
1.66634
1.7191
1.73698
1.5503
1.45217
1.35421
1.45744
1.29868
1.74649
1.44656
1.57133
1.52637
1.89194
1.42556
1.70275
1.70339
1.43261
1.58214
1.46644
1.8573
1.65735
1.46998
1.46818
1.32361
1.53608
1.83221
1.9188
1.33716
1.65064
1.50235
1.67445
1.37493
1.71341
2.18502
1.55984
1.39342
1.62881
1.70706
1.51736
1.75544
1.37253
1.69155
1.70356
1.74352
1.67907
1.86639
1.48781
1.53867
1.46879
1.58675
1.3976
1.52082
1.74498
1.64497
1.44771
1.83087
1.85885
1.44921
1.7648
1.7187
1.66008
1.89643
1.56176
1.90893
2.06701
1.96238
1.65126
1.84921
1.40485
1.72128
1.62803
1.47958
1.53961
1.95364
1.52419
1.77589
1.67734
1.68669
1.52341
1.4116
1.6506
1.84995
1.55822
1.96383
1.57316
1.53906
1.76116
1.82516
1.36582
1.91466
1.7965
1.44563
1.55754
1.97305
1.79787
1.69254
1.55025
1.7588
1.55733
1.54718
1.38909
1.36529
1.83757
1.59087
1.50425
1.5259
1.55347
1.69888
1.56637
1.56911
1.75312
1.48667
1.50406
1.63
1.69805
1.5531
1.68829
1.94851
1.36179
1.74733
1.60712
1.63403
1.57068
1.70775
1.4981
1.44301
1.59674
1.65916
1.6314
1.53315
1.61649
1.59937
1.546
1.74904
1.60121
1.79934
1.50844
1.38562
1.69002
1.59328
1.57034
1.53164
1.43369
1.79921
1.9691
1.7008
1.61972
1.46896
1.66999
1.85986
1.58768
1.78369
1.68256
1.81506
1.64127
1.67959
1.92091
1.55261
1.72747
1.64381
1.58476
2.08334
1.56193
1.82821
1.9727
1.48752
1.55051
1.51827
1.51801
1.63969
1.7814
1.68312
1.62712
1.5657
1.64364
1.84708
1.69985
1.33347
1.5263
1.72665
1.48319
1.57309
1.5551
1.48536
1.70126
1.37972
1.42781
1.92954
1.64443
1.66845
1.50535
1.72657
1.5147
1.6428
1.51331
1.44478
1.38094
1.36236
1.94951
1.43516
1.55513
1.71546
2.01436
1.93447
1.69971
1.80026
1.6423
1.5128
1.91901
1.58127
1.72416
1.38654
1.61915
1.49988
1.50361
1.52736
1.6729
1.74051
1.66015
1.85671
1.40184
1.42044
1.41346
1.54024
1.63719
1.4899
1.44565
1.91432
1.59581
1.48695
1.90384
1.36059
1.57966
1.63582
1.64169
1.63798
1.45114
1.59662
1.63878
1.84005
1.44303
1.29817
1.51795
1.63742
1.59994
1.55426
1.68627
1.76146
1.60571
1.6706
1.72906
1.47792
1.93594
1.76033
1.74935
1.56121
1.7758
1.70111
1.66966
1.73679
1.54182
1.55054
1.49668
1.63715
1.6848
1.5358
1.9335
1.83767
1.57366
1.81182
1.80545
1.66662
1.50677
1.36485
1.57857
1.79015
1.75428
1.63021
1.49603
1.94109
1.3587
1.55212
1.46848
1.579
1.82788
1.81785
1.53259
1.42845
1.39676
1.55084
1.65442
1.45367
1.5973
1.61048
1.88645
1.54706
1.48516
1.7632
1.3954
1.27691
1.69742
1.725
1.52411
1.92686
1.48912
1.50328
2.18018
1.58959
1.37392
1.75121
1.43414
1.6512
1.6632
1.34923
1.88257
1.52134
1.59782
1.53734
1.79902
1.9174
1.71641
1.49274
1.62484
1.67865
1.60227
1.59226
1.71925
1.55827
1.58089
1.86146
1.59513
1.61193
1.7267
1.59387
1.51249
1.72487
1.81176
1.6752
1.64059
1.36759
1.76152
1.66072
1.52799
1.65174
1.36767
1.81947
1.64128
1.67168
2.05677
1.56187
1.73684
1.80634
1.62937
1.47881
1.58189
1.52597
1.6732
1.44377
1.52681
1.48724
1.45988
1.68178
1.65333
1.72534
1.86777
1.74963
1.66408
1.68823
1.61001
1.59255
1.56162
1.45052
1.62039
1.88638
2.08711
1.43215
2.18131
1.54685
1.6447
1.4719
1.55831
1.7948
1.32302
1.42547
2.47448
1.54622
1.4589
1.51996
1.49246
1.53199
1.7128
1.55199
1.40366
1.53397
1.73182
1.77943
1.48332
1.47013
2.10381
1.62784
1.38428
1.37497
1.35995
1.71484
1.61213
1.91154
1.47043
2.15506
1.52588
1.74734
1.68182
1.46326
1.53421
1.66581
1.51127
1.54961
1.42699
1.68965
1.63592
1.82731
1.55407
1.50353
1.4993
1.36681
1.73218
1.48002
1.79661
1.41247
1.30807
1.48013
1.75577
1.54098
2.03292
1.26363
1.54505
1.86464
1.35182
1.6
1.7017
1.43655
1.54923
1.75501
1.36036
1.48276
1.5174
1.634
1.49495
1.58848
1.6006
1.48578
1.66868
1.61098
1.47624
1.44172
1.69331
1.44426
2.17095
1.59015
1.78434
1.74186
1.77973
1.91685
1.75256
1.41279
1.44415
1.53997
1.57374
1.53971
1.62076
1.70072
1.6117
1.81809
1.39374
1.96777
1.48585
1.36524
2.15174
1.90847
1.39186
1.44834
1.65116
1.84061
1.86789
1.7898
1.71728
1.3696
1.76447
1.73153
1.89492
1.52446
1.55801
1.3972
1.40326
1.57277
1.49711
1.64013
1.56228
1.54504
1.93256
1.53874
1.57978
1.40859
1.67331
1.69102
1.67888
1.53175
1.59675
2.11934
1.48032
1.56044
1.77155
1.75312
1.63379
1.66892
1.766
1.57144
2.11754
1.85657
1.71168
1.82351
1.6174
1.63311
1.45871
1.6201
1.39304
1.64898
1.81391
1.74623
1.4699
1.46005
1.62832
1.58649
1.70203
1.49435
1.43652
1.58938
1.49107
1.55901
1.52432
1.48842
1.68631
1.62202
1.77564
1.6056
1.52815
1.53319
1.44664
1.62024
1.63461
1.5315
1.38345
1.48063
1.52001
1.66942
1.68679
2.09992
1.49686
1.56938
1.79175
1.51078
1.58992
1.90199
1.25775
1.89487
1.95987
1.56506
1.44013
1.83136
1.49038
1.68817
1.51938
1.70902
1.65571
1.95396
1.54702
1.71479
1.8082
1.51968
1.35308
1.34321
1.40748
1.34086
1.77775
1.49473
1.67638
1.63849
1.38281
1.45077
1.58901
1.80577
1.61742
1.65229
1.48476
1.59605
1.55812
1.43229
1.46398
1.41697
1.76446
1.39967
1.51654
1.82997
1.565
1.66103
1.69598
1.56712
1.71018
1.51381
1.52755
1.54066
1.64223
1.97954
1.48742
1.43946
1.96701
1.6316
1.62284
1.80825
1.58217
1.91993
1.7172
1.86225
1.4174
1.69067
1.65231
1.77202
1.50792
1.50933
1.56269
1.92161
1.75756
1.62497
1.45316
1.74092
1.67891
1.59364
1.72146
1.72792
1.35105
1.74101
1.35196
1.49605
1.68253
1.52628
1.5805
1.72417
1.43549
1.73953
1.62406
1.42204
1.66561
1.57682
1.53108
1.62079
1.72694
1.73193
1.6656
1.65572
1.9642
1.50046
1.81566
1.71667
1.52911
1.58593
1.73569
1.92539
1.61212
1.68196
1.69376
1.51972
1.85675
1.50987
1.3242
1.35407
1.62565
1.41419
1.86372
1.66232
1.51487
1.52417
1.57701
1.85362
1.44841
1.38341
1.57395
1.90382
1.59117
1.95028
1.53257
1.93012
1.72649
1.60042
1.70931
1.45006
1.4178
1.69093
1.48805
1.44577
1.60899
1.62912
1.49361
1.70096
1.46513
1.48725
1.75215
1.3822
1.61511
1.67933
1.49673
1.43552
1.58841
1.35462
1.67394
1.78098
1.65372
1.50341
1.84498
1.65535
1.52454
1.84134
1.75081
1.51569
1.66682
1.71053
1.64129
1.51933
1.66978
1.54008
2.13995
1.8072
1.50603
1.80768
1.53581
1.39361
1.77399
1.67024
1.43254
2.02984
1.77293
1.59921
1.44061
1.97885
1.9237
1.59961
1.67041
1.53584
1.64477
1.7969
1.61023
1.46296
1.56097
1.91821
1.52891
1.48802
1.55284
1.79752
1.5704
1.57269
1.6739
1.72566
1.94728
1.75326
1.87449
1.8528
1.7524
1.50224
1.58878
1.55244
1.7031
1.6135
1.36912
1.503
1.40515
1.63913
1.88699
1.5025
1.22137
1.40043
1.48074
1.72109
1.58347
1.56744
1.61331
2.10419
1.63217
1.5729
1.66754
1.59276
1.60786
1.57423
1.57279
1.76015
1.8161
1.55643
1.84996
1.69895
1.67529
1.47259
1.68039
1.80826
1.44237
1.46106
1.60667
1.71758
1.68967
1.32064
1.68391
1.70161
1.96279
1.42347
1.56077
1.42875
1.79535
1.47458
1.41056
1.64659
1.73443
1.74393
1.77542
1.6938
1.68345
1.31828
1.51678
1.85295
1.76748
1.40165
1.50204
1.71842
1.66322
1.51728
1.68875
1.94555
1.73515
1.48702
1.85205
1.57093
1.7753
1.77974
1.48602
1.57175
1.49718
1.45545
1.58144
1.59154
1.73068
1.71917
1.64766
1.94358
1.74725
1.68316
1.68769
1.55901
1.61623
2.00997
1.56076
1.70689
1.54636
1.56935
1.66452
1.65898
1.58513
1.64554
1.45981
2.11724
1.58277
1.63184
1.62595
1.57933
1.48096
1.60333
1.73109
1.58997
1.57737
1.67817
1.8315
1.80459
1.67571
1.90255
1.52296
1.67613
1.66455
1.38988
1.70205
1.97991
1.74383
1.81338
1.7083
1.43718
1.61701
1.64375
1.61366
1.37078
1.32533
1.59993
1.40082
1.55249
1.34993
1.83535
1.67186
1.99917
1.61396
1.47147
1.67654
1.52115
1.52908
1.74978
1.59074
1.61021
1.5669
1.63985
1.69675
1.39155
1.41593
1.57742
1.8843
1.68155
1.47162
1.42718
1.60651
1.6889
1.59921
1.45853
1.64529
1.67687
1.51955
1.57056
1.58669
1.3403
1.71748
1.57778
1.63688
1.59238
1.63
1.84521
1.58048
1.91015
1.58353
1.68564
1.46628
1.59972
1.51463
1.74196
1.55863
1.50829
1.34863
1.87002
1.6985
1.73804
1.63615
1.92664
1.75253
1.59983
1.72475
1.58321
2.00741
1.50665
1.59768
1.66053
2.28877
1.51729
1.70023
1.87789
1.56605
1.69506
1.59781
1.81823
1.53456
1.628
1.91899
1.90933
1.68519
1.44457
1.5565
1.52775
1.74549
1.57015
1.74177
1.64498
1.44659
1.72745
1.61559
1.54775
1.32024
1.8454
1.64751
1.59676
1.56658
1.40018
1.6355
1.85029
1.61052
1.48765
1.46767
1.68779
1.6578
1.57421
1.57062
1.71208
1.63973
1.59284
1.66634
1.7191
1.73698
1.5503
1.45217
1.35421
1.45744
1.29868
1.74649
1.44656
1.57133
1.52637
1.89194
1.42556
1.70275
1.70339
1.43261
1.58214
1.46644
1.8573
1.65735
1.46998
1.46818
1.32361
1.53608
1.83221
1.9188
1.33716
1.65064
1.50235
1.67445
1.37493
1.71341
2.18502
1.55984
1.39342
1.62881
1.70706
1.51736
1.75544
1.37253
1.69155
1.70356
1.74352
1.67907
1.86639
1.48781
1.53867
1.46879
1.58675
1.3976
1.52082
1.74498
1.64497
1.44771
1.83087
1.85885
1.44921
1.7648
1.7187
1.66008
1.89643
1.56176
1.90893
2.06701
1.96238
1.65126
1.84921
1.40485
1.72128
1.62803
1.47958
1.53961
1.95364
1.52419
1.77589
1.67734
1.68669
1.52341
1.4116
1.6506
1.84995
1.55822
1.96383
1.57316
1.53906
1.76116
1.82516
1.36582
1.91466
1.7965
1.44563
1.55754
1.97305
1.79787
1.69254
1.55025
1.7588
1.55733
1.54718
1.38909
1.36529
1.83757
1.59087
1.50425
1.5259
1.55347
1.69888
1.56637
1.56911
1.75312
1.48667
1.50406
1.63
1.69805
1.5531
1.68829
1.94851
1.36179
1.74733
1.60712
1.63403
1.57068
1.70775
1.4981
1.44301
1.59674
1.65916
1.6314
1.53315
1.61649
1.59937
1.546
1.74904
1.60121
1.79934
1.50844
1.38562
1.69002
1.59328
1.57034
1.53164
1.43369
1.79921
1.9691
1.7008
1.61972
1.46896
1.66999
1.85986
1.58768
1.78369
1.68256
1.81506
1.64127
1.67959
1.92091
1.55261
1.72747
1.64381
1.58476
2.08334
1.56193
1.82821
1.9727
1.48752
1.55051
1.51827
1.51801
1.63969
1.7814
1.68312
1.62712
1.5657
1.64364
1.84708
1.69985
1.33347
1.5263
1.72665
1.48319
1.57309
1.5551
1.48536
1.70126
1.37972
1.42781
1.92954
1.64443
1.66845
1.50535
1.72657
1.5147
1.6428
1.51331
1.44478
1.38094
1.36236
1.94951
1.43516
1.55513
1.71546
2.01436
1.93447
1.69971
1.80026
1.6423
1.5128
1.91901
1.58127
1.72416
1.38654
1.61915
1.49988
1.50361
1.52736
1.6729
1.74051
1.66015
1.85671
1.40184
1.42044
1.41346
1.54024
1.63719
1.4899
1.44565
1.91432
1.59581
1.48695
1.90384
1.36059
1.57966
1.63582
1.64169
1.63798
1.45114
1.59662
1.63878
1.84005
1.44303
1.29817
1.51795
1.63742
1.59994
1.55426
1.68627
1.76146
1.60571
1.6706
1.72906
1.47792
1.93594
1.76033
1.74935
1.56121
1.7758
1.70111
1.66966
1.73679
1.54182
1.55054
1.49668
1.63715
1.6848
1.5358
1.9335
1.83767
1.57366
1.81182
1.80545
1.66662
1.50677
1.36485
1.57857
1.79015
1.75428
1.63021
1.49603
1.94109
1.3587
1.55212
1.46848
1.579
1.82788
1.81785
1.53259
1.42845
1.39676
1.55084
1.65442
1.45367
1.5973
1.61048
1.88645
1.54706
1.48516
1.7632
1.3954
1.27691
1.69742
1.725
1.52411
1.92686
1.48912
1.50328
2.18018
1.58959
1.37392
1.75121
1.43414
1.6512
1.6632
1.34923
1.88257
1.52134
1.59782
1.53734
1.79902
1.9174
1.71641
1.49274
1.62484
1.67865
1.60227
1.59226
1.71925
1.55827
1.58089
1.86146
1.59513
1.61193
1.7267
1.59387
1.51249
1.72487
1.81176
1.6752
1.64059
1.36759
1.76152
1.66072
1.52799
1.65174
1.36767
1.81947
1.64128
1.67168
2.05677
1.56187
1.73684
1.80634
1.62937
1.47881
1.58189
1.52597
1.6732
1.44377
1.52681
1.48724
1.45988
1.68178
1.65333
1.72534
1.86777
1.74963
1.66408
1.68823
1.61001
1.59255
1.56162
1.45052
1.62039
1.88638
2.08711
1.43215
2.18131
1.54685
1.6447
1.4719
1.55831
1.7948
1.32302
1.42547
2.47448
1.54622
1.4589
1.51996
1.49246
1.53199
1.7128
1.55199
1.40366
1.53397
1.73182
1.77943
1.48332
1.47013
2.10381
1.62784
1.38428
1.37497
1.35995
1.71484
1.61213
1.91154
1.47043
2.15506
1.52588
1.74734
1.68182
1.46326
1.53421
1.66581
1.51127
1.54961
1.42699
1.68965
1.63592
1.82731
1.55407
1.50353
1.4993
1.36681
1.73218
1.48002
1.79661
1.41247
1.30807
1.48013
1.75577
1.54098
2.03292
1.26363
1.54505
1.86464
1.35182
1.6
1.7017
1.43655
1.54923
1.75501
1.36036
1.48276
1.5174
1.634
1.49495
1.58848
1.6006
1.48578
1.66868
1.61098
1.47624
1.44172
1.69331
1.44426
2.17095
1.59015
1.78434
1.74186
1.77973
1.91685
1.75256
1.41279
1.44415
1.53997
1.57374
1.53971
1.62076
1.70072
1.6117
1.81809
1.39374
1.96777
1.48585
1.36524
2.15174
1.90847
1.39186
1.44834
1.65116
1.84061
1.86789
1.7898
1.71728
1.3696
1.76447
1.73153
1.89492
1.52446
1.55801
1.3972
1.40326
1.57277
1.49711
1.64013
1.56228
1.54504
1.93256
1.53874
1.57978
1.40859
1.67331
1.69102
1.67888
1.53175
1.59675
2.11934
1.48032
1.56044
1.77155
1.75312
1.63379
1.66892
1.766
1.57144
2.11754
1.85657
1.71168
1.82351
1.6174
1.63311
1.45871
1.6201
1.39304
1.64898
1.81391
1.74623
1.4699
1.46005
1.62832
1.58649
1.70203
1.49435
1.43652
1.58938
1.49107
1.55901
1.52432
1.48842
1.68631
1.62202
1.77564
1.6056
1.52815
1.53319
1.44664
1.62024
1.63461
1.5315
1.38345
1.48063
1.52001
1.66942
1.68679
2.09992
1.49686
1.56938
1.79175
1.51078
1.58992
1.90199
1.25775
1.89487
1.95987
1.56506
1.44013
1.83136
1.49038
1.68817
1.51938
1.70902
1.65571
1.95396
1.54702
1.71479
1.8082
1.51968
1.35308
1.34321
1.40748
1.34086
1.77775
1.49473
1.67638
1.63849
1.38281
1.45077
1.58901
1.80577
1.61742
1.65229
1.48476
1.59605
1.55812
1.43229
1.46398
1.41697
1.76446
1.39967
1.51654
1.82997
1.565
1.66103
1.69598
1.56712
1.71018
1.51381
1.52755
1.54066
1.64223
1.97954
1.48742
1.43946
1.96701
1.6316
1.62284
1.80825
1.58217
1.91993
1.7172
1.86225
1.4174
1.69067
1.65231
1.77202
1.50792
1.50933
1.56269
1.92161
1.75756
1.62497
1.45316
1.74092
1.67891
1.59364
1.72146
1.72792
1.35105
1.74101
1.35196
1.49605
1.68253
1.52628
1.5805
1.72417
1.43549
1.73953
1.62406
1.42204
1.66561
1.57682
1.53108
1.62079
1.72694
1.73193
1.6656
1.65572
1.9642
1.50046
1.81566
1.71667
1.52911
1.58593
1.73569
1.92539
1.61212
1.68196
1.69376
1.51972
1.85675
1.50987
1.3242
1.35407
1.62565
1.41419
1.86372
1.66232
1.51487
1.52417
1.57701
1.85362
1.44841
1.38341
1.57395
1.90382
1.59117
1.95028
1.53257
1.93012
1.72649
1.60042
1.70931
1.45006
1.4178
1.69093
1.48805
1.44577
1.60899
1.62912
1.49361
1.70096
1.46513
1.48725
1.75215
1.3822
1.61511
1.67933
1.49673
1.43552
1.58841
1.35462
1.67394
1.78098
1.65372
1.50341
1.84498
1.65535
1.52454
1.84134
1.75081
1.51569
1.66682
1.71053
1.64129
1.51933
1.66978
1.54008
2.13995
1.8072
1.50603
1.80768
1.53581
1.39361
1.77399
1.67024
1.43254
2.02984
1.77293
1.59921
1.44061
1.97885
1.9237
1.59961
1.67041
1.53584
1.64477
1.7969
1.61023
1.46296
1.56097
1.91821
1.52891
1.48802
1.55284
1.79752
1.5704
1.57269
1.6739
1.72566
1.94728
1.75326
1.87449
1.8528
1.7524
1.50224
1.58878
1.55244
1.7031
1.6135
1.36912
1.503
1.40515
1.63913
1.88699
1.5025
1.22137
1.40043
1.48074
1.72109
1.58347
1.56744
1.61331
2.10419
1.63217
1.5729
1.66754
1.59276
1.60786
1.57423
1.57279
1.76015
1.8161
1.55643
1.84996
1.69895
1.67529
1.47259
1.68039
1.80826
1.44237
1.46106
1.60667
1.71758
1.68967
1.32064
1.68391
1.70161
1.96279
1.42347
1.56077
1.42875
1.79535
1.47458
1.41056
1.64659
1.73443
1.74393
1.77542
1.6938
1.68345
1.31828
1.51678
1.85295
1.76748
1.40165
1.50204
1.71842
1.66322
1.51728
1.68875
1.94555
1.73515
1.48702
1.85205
1.57093
1.7753
1.77974
1.48602
1.57175
1.49718
1.45545
1.58144
1.59154
1.73068
1.71917
1.64766
1.94358
1.74725
1.68316
1.68769
1.55901
1.61623
2.00997
1.56076
1.70689
1.54636
1.56935
1.66452
1.65898
1.58513
1.64554
1.45981
2.11724
1.58277
1.63184
1.62595
1.57933
1.48096
1.60333
1.73109
1.58997
1.57737
1.67817
1.8315
1.80459
1.67571
1.90255
1.52296
1.67613
1.66455
1.38988
1.70205
1.97991
1.74383
1.81338
1.7083
1.43718
1.61701
1.64375
1.61366
1.37078
1.32533
1.59993
1.40082
1.55249
1.34993
1.83535
1.67186
1.99917
1.61396
1.47147
1.67654
1.52115
1.52908
1.74978
1.59074
1.61021
1.5669
1.63985
1.69675
1.39155
1.41593
1.57742
1.8843
1.68155
1.47162
1.42718
1.60651
1.6889
1.59921
1.45853
1.64529
1.67687
1.51955
1.57056
1.58669
1.3403
1.71748
1.57778
1.63688
1.59238
1.63
1.84521
1.58048
1.91015
1.58353
1.68564
1.46628
1.59972
1.51463
1.74196
1.55863
1.50829
1.34863
1.87002
1.6985
1.73804
1.63615
1.92664
1.75253
1.59983
1.72475
1.58321
2.00741
1.50665
1.59768
1.66053
2.28877
1.51729
1.70023
1.87789
1.56605
1.69506
1.59781
1.81823
1.53456
1.628
1.91899
1.90933
1.68519
1.44457
1.5565
1.52775
1.74549
1.57015
1.74177
1.64498
1.44659
1.72745
1.61559
1.54775
1.32024
1.8454
1.64751
1.59676
1.56658
1.40018
1.6355
1.85029
1.61052
1.48765
1.46767
1.68779
1.6578
1.57421
1.57062
1.71208
1.63973
1.59284
1.66634
1.7191
1.73698
1.5503
1.45217
1.35421
1.45744
1.29868
1.74649
1.44656
1.57133
1.52637
1.89194
1.42556
1.70275
1.70339
1.43261
1.58214
1.46644
1.8573
1.65735
1.46998
1.46818
1.32361
1.53608
1.83221
1.9188
1.33716
1.65064
1.50235
1.67445
1.37493
1.71341
2.18502
1.55984
1.39342
1.62881
1.70706
1.51736
1.75544
1.37253
1.69155
1.70356
1.74352
1.67907
1.86639
1.48781
1.53867
1.46879
1.58675
1.3976
1.52082
1.74498
1.64497
1.44771
1.83087
1.85885
1.44921
1.7648
1.7187
1.66008
1.89643
1.56176
1.90893
2.06701
1.96238
1.65126
1.84921
1.40485
1.72128
1.62803
1.47958
1.53961
1.95364
1.52419
1.77589
1.67734
1.68669
1.52341
1.4116
1.6506
1.84995
1.55822
1.96383
1.57316
1.53906
1.76116
1.82516
1.36582
1.91466
1.7965
1.44563
1.55754
1.97305
1.79787
1.69254
1.55025
1.7588
1.55733
1.54718
1.38909
1.36529
1.83757
1.59087
1.50425
1.5259
1.55347
