0.324597
0.3438
0.359546
0.362377
0.379726
0.378695
0.389137
0.396436
0.401411
0.402237
0.405636
0.415366
0.41358
0.416992
0.4155
0.422185
0.427316
0.430907
0.430907
0.430907
0.429629
0.397187
0.398169
0.415355
0.415128
0.700478
0.70797
0.707347
0.714926
0.707347
0.707347
0.707347
0.707706
1.27478
1.27478
1.27328
1.27328
1.27346
1.27346
1.10417
1.10417
1.0612
1.0612
1.0612
1.06526
1.05674
1.05674
1.06597
1.05674
1.05674
1.03316
1.02895
1.02895
1.02895
1.02895
1.02895
1.02895
1.02883
1.0288
1.05661
1.05674
1.03055
1.03097
1.03105
1.03105
1.05754
1.03055
1.03055
1.03055
1.03055
1.03055
1.03055
1.03055
1.03055
1.03055
1.03055
1.03396
1.0358
1.03785
1.03693
1.0387
1.0391
1.03944
1.04171
1.04198
1.04028
1.04307
1.04168
1.04132
1.04214
1.04269
1.03055
1.03396
1.0358
