0.00086503
0.00100926
0.0012771
0.00147213
0.0018666
0.00204353
0.00237817
0.00278643
0.0032041
0.00340704
0.00392271
0.00424511
0.00485216
0.00544347
0.00628214
0.00678678
0.00741303
0.00829856
0.00883731
0.00887
0.00993657
0.00872975
0.00802274
0.00989881
0.0111241
0.010807
0.00916837
0.00922338
0.00678271
0.00894289
0.0205955
0.00901438
0.00164067
0.092656
0.0867125
0.0905274
0.090079
0.100612
0.104871
0.132605
0.13101
0.149565
0.150759
0.149324
0.141719
0.149688
0.146095
0.137669
0.145735
0.186632
0.261229
0.272009
0.277742
0.289322
0.298961
0.313045
0.271827
0.267106
0.273764
0.150396
0.147294
0.146592
0.169708
0.17927
0.168907
0.172763
0.139772
0.137714
0.156112
0.13815
0.137763
0.140115
0.141574
0.142212
0.140169
0.147532
0.141317
0.0351154
0.0254079
0.0357434
0.0260296
0.00547747
0.00426467
0.00752865
0.00487493
0.00257962
0.000228946
0.00359434
0.000736918
0.000326411
0.000750147
0.150124
0.148839
0.0379413
