1.00029
1.0124
1.05769
1.00028
1.00035
1.01656
1.00027
1.0003
1.00022
1.00022
1.00557
1.00047
1.00036
1.00029
1.00027
1.03138
1.06049
1.00599
1.00241
1.00172
1.00027
1.07513
1.00793
1.07018
1.00023
1.00031
1.00041
1.00031
1.00039
1.01428
1.00031
1.09602
1.00044
1.00035
1.00032
1.02169
1.0002
1.0003
1.02663
1.00024
1.0002
1.01755
1.05709
1.00021
1.00211
1.00058
1.00194
1.00324
1.06312
1.0003
1.00614
1.0003
1.09488
1.00037
1.02724
1.06045
1.00375
1.02751
1.09425
1.12806
1.00028
1.03066
1.04799
1.00039
1.00026
1.00372
1.00022
1.00054
1.00021
1.05866
1.0004
1.03221
1.04135
1.00519
1.10411
1.08862
1.00021
1.00786
1.09206
1.00013
1.00538
1.00034
1.00027
1.00037
1.00023
1.0053
1.00025
1.00015
1.03891
1.00499
1.00029
1.15773
1.00218
1.05022
1.07211
1.00038
1.02275
1.01103
1.00028
1.00209
1.00024
1.02049
1.08224
1.00025
1.00108
1.00211
1.03694
1.00029
1.0003
1.02794
1.00163
1.01063
1.00032
1.00017
1.03867
1.00982
1.0004
1.00017
1.00033
1.00233
1.00035
1.06834
1.03322
1.05999
1.00024
1.08435
1.00029
1.07597
1.00191
1.00022
1.18072
1.00027
1.00028
1.01793
1.00032
1.00031
1.00017
1.00032
1.02774
1.001
1.00036
1.00025
1.08156
1.00023
1.00029
1.00049
1.0002
1.00244
1.0003
1.00179
1.00032
1.00033
1.06646
1.00033
1.00028
1.00033
1.00182
1.06115
1.31158
1.00216
1.00022
1.00014
1.10336
1.10959
1.0002
1.0045
1.00547
1.00046
1.00036
1.00035
1.04066
1.00032
1.00029
1.00016
1.02822
1.0018
1.0002
1.09387
1.00962
1.08432
1.07613
1.00124
1.03301
1.03912
1.0004
1.00783
1.0002
1.00037
1.00042
1.00393
1.00031
1.00022
1.00041
1.0004
1.05659
1.00357
1.03371
1.00023
1.00028
1.00646
1.09055
1.00015
1.00679
1.00039
1.00038
1.00249
1.00021
1.13755
1.03094
1.00049
1.00015
1.00022
1.0002
1.03173
1.00781
1.1003
1.00017
1.00017
1.00021
1.00035
1.00023
1.00307
1.00037
1.00375
1.00025
1.00562
1.00023
1.00034
1.00311
1.09353
1.00036
1.03876
1.00032
1.00066
1.00796
1.10704
1.06413
1.00042
1.00438
1.00036
1.00037
1.05984
1.00026
1.00028
1.00027
1.00022
1.00026
1.07418
1.00022
1.00046
1.02224
1.07164
1.00029
1.00175
1.00032
1.07563
1.00029
1.02742
1.00507
1.00025
1.00042
1.09619
1.00017
1.00052
1.0004
1.12713
1.07507
1.00029
1.03031
1.05734
1.00155
1.00333
1.00023
1.05643
1.00634
1.04992
1.09311
1.05928
1.00151
1.0457
1.00028
1.00038
1.05605
1.00029
1.03421
1.00532
1.00019
1.00047
1.00065
1.04882
1.00032
1.04004
1.00085
1.00028
1.10813
1.00029
1.05527
1.07352
1.01067
1.00032
1.0003
1.00034
1.00023
1.00016
1.00018
1.00023
1.00027
1.06898
1.00017
1.0089
1.00036
1.00033
1.00029
1.0003
1.00032
1.09989
1.00092
1.00016
1.00438
1.00328
1.00866
1.00108
1.13945
1.06542
1.00023
1.00209
1.01405
1.00026
1.00026
1.0002
1.0003
1.0003
1.00022
1.07537
1.00425
1.05726
1.08421
1.00026
1.02713
1.04578
1.03851
1.07252
1.00042
1.00031
1.00859
1.06253
1.00037
1.00032
1.00025
1.00423
1.00218
1.0003
1.00017
1.09284
1.00036
1.00026
1.00332
1.00258
1.00031
1.05275
1.03018
1.05405
1.0003
1.00023
1.06231
1.00034
1.0277
1.00028
1.05827
1.00066
1.00032
1.00446
1.00875
1.00321
1.00024
1.07695
1.0284
1.0007
1.00032
1.00025
1.00016
1.00024
1.00027
1.0002
1.00269
1.00132
1.07876
1.07421
1.02219
1.00025
1.05576
1.00416
1.0003
1.00032
1.00796
1.00729
1.00029
1.00023
1.05038
1.0056
1.06859
1.00026
1.00031
1.0206
1.00023
1.0037
1.00025
1.04711
1.00028
1.09999
1.06577
1.0953
1.0376
1.00022
1.00023
1.00015
1.00024
1.00767
1.00948
1.00124
1.0526
1.00032
1.11644
1.00245
1.00043
1.00024
1.0217
1.00024
1.09682
1.00023
1.00018
1.04004
1.06836
1.00878
1.00033
1.00029
1.00015
1.00017
1.03898
1.0299
1.00035
1.01576
1.00083
1.05151
1.00028
1.00015
1.02108
1.0004
1.00046
1.05554
1.00024
1.00086
1.06785
1.00022
1.00036
1.02788
1.05389
1.00028
1.04149
1.05751
1.00042
1.01498
1.00561
1.0006
1.00023
1.00046
1.00022
1.02466
1.09642
1.00018
1.00029
1.00034
1.00026
1.0023
1.00027
1.00047
1.06772
1.0003
1.11267
1.00024
1.05396
1.00026
1.0003
1.07623
1.00031
1.00023
1.00262
1.00027
1.00033
1.00046
1.00018
1.00016
1.00081
1.0002
1.0081
1.00027
1.04421
1.00968
1.00329
1.00933
1.00098
1.03548
1.08104
1.00018
1.00031
1.00426
1.00249
1.03364
1.00038
1.00028
1.00022
1.02723
1.34845
1.0003
1.00031
1.03711
1.00024
1.00029
1.0002
1.05131
1.00349
1.0517
1.00528
1.05425
1.00149
1.0003
1.00029
1.00714
1.07877
1.06371
1.00044
1.00023
1.00046
1.00372
1.03055
1.00378
1.06489
1.00023
1.00034
1.00156
1.00029
1.02329
1.00032
1.0043
1.00017
1.00168
1.00027
1.00024
1.04316
1.00019
1.00049
1.00247
1.00135
1.00252
1.00022
1.00022
1.00471
1.06563
1.00022
1.03958
1.00149
1.03291
1.00018
1.00028
1.00027
1.00025
1.07791
1.00031
1.00032
1.00048
1.05596
1.00059
1.07898
1.04669
1.00024
1.00039
1.02703
1.00138
1.00019
1.02898
1.00159
1.0003
1.00145
1.07205
1.00023
1.00506
1.00012
1.00029
1.00018
1.00033
1.0005
1.00023
1.00019
1.00882
1.00022
1.0005
1.00037
1.005
1.00457
1.10041
1.00029
1.00041
1.00041
1.0054
1.0002
1.00074
1.00028
1.00027
1.01564
1.00787
1.04276
1.00024
1.2409
1.00055
1.0853
1.00023
1.00036
1.00281
1.00023
1.00019
1.10608
1.00034
1.00125
1.03983
1.0002
1.00203
1.0021
1.00018
1.00029
1.00024
1.00025
1.1101
1.00034
1.00023
1.00243
1.00022
1.05539
1.00024
1.00863
1.00028
1.00023
1.06161
1.00025
1.00046
1.00234
1.05709
1.01179
1.0002
1.06073
1.0776
1.00224
1.00027
1.00037
1.00019
1.00021
1.00024
1.11794
1.00022
1.0004
1.0001
1.00046
1.04033
1.00029
1.00025
1.02964
1.0006
1.00617
1.04798
1.00031
1.03153
1.06237
1.00029
1.03249
1.08446
1.00039
1.0003
1.07739
1.00051
1.00144
1.00568
1.00065
1.00034
1.00016
1.00026
1.06735
1.00044
1.00038
1.00046
1.00026
1.04603
1.00036
1.02709
1.00027
1.00031
1.00036
1.00405
1.00289
1.03314
1.00136
1.00033
1.00026
1.00498
1.00898
1.00028
1.0003
1.00039
1.03492
1.00288
1.00245
1.00035
1.11539
1.00021
1.0079
1.00044
1.00032
1.00038
1.00023
1.0003
1.14361
1.00097
1.0004
1.00025
1.00027
1.00031
1.00024
1.00023
1.00033
1.00031
1.06909
1.00154
1.00242
1.01484
1.0002
1.00094
1.00546
1.03699
1.00359
1.00026
1.00038
1.03675
1.0003
1.09402
1.00016
1.02455
1.00905
1.00023
1.05811
1.00021
1.0004
1.00037
1.00702
1.00024
1.00017
1.00036
1.00033
1.00016
1.0267
1.00039
1.00529
1.00035
1.06998
1.07828
1.00019
1.0559
1.00036
1.00024
1.00028
1.00404
1.00387
1.17185
1.02584
1.00024
1.02202
1.00029
1.00062
1.00023
1.00137
1.12951
1.00341
1.00109
1.07808
1.09566
1.00021
1.00045
1.00022
1.00036
1.05623
1.00038
1.00032
1.01559
1.00038
1.00033
1.10266
1.00013
1.0002
1.00021
1.04883
1.04575
1.00033
1.00195
1.04978
1.00039
1.00763
1.00031
1.00024
1.00046
1.11127
1.00033
1.01414
1.00025
1.00038
1.00795
1.00018
1.00829
1.00035
1.01205
1.00028
1.00042
1.00042
1.00027
1.00023
1.00031
1.00024
1.00024
1.00028
1.00023
1.00034
1.01142
1.00021
1.00023
1.03859
1.02649
1.09739
1.00021
1.00093
1.016
1.00033
1.03692
1.00091
1.04798
1.10183
1.0002
1.00026
1.00021
1.00855
1.00036
1.08027
1.00021
1.00566
1.07934
1.00645
1.11014
1.00021
1.00035
1.06298
1.00045
1.00032
1.00031
1.00018
1.07529
1.04734
1.01162
1.00513
1.00028
1.00032
1.07351
1.15066
1.04094
1.0003
1.00027
1.03232
1.00037
1.00016
1.02628
1.03852
1.0385
1.00023
1.00019
1.00024
1.0003
1.00037
1.00288
1.00281
1.03214
1.0043
1.00033
1.03209
1.01921
1.00027
1.04689
1.09133
1.05501
1.00129
1.00032
1.00043
1.00148
1.0001
1.07532
1.00131
1.00024
1.00028
1.00018
1.07072
1.00031
1.07913
1.00637
1.00035
1.00049
1.00502
1.00595
1.00025
1.00525
1.031
1.00021
1.00023
1.00029
1.0035
1.05499
1.00027
1.00023
1.09598
1.06071
1.0577
1.00027
1.03688
1.08297
1.03559
1.0936
1.00023
1.00031
1.00012
1.00023
1.08962
1.10855
1.00068
1.00021
1.00048
1.00015
1.00687
1.0002
1.02069
1.0003
1.00029
1.00019
1.001
1.00714
1.02081
1.0004
1.04734
1.00026
1.0003
1.00017
1.00023
1.00036
1.00038
1.00664
1.00045
1.07537
1.00024
1.02614
1.01048
1.00029
1.00251
1.00034
1.00812
1.00044
1.10908
1.00324
1.0002
1.08377
1.0003
1.07802
1.06282
1.00024
1.13966
1.02919
1.11684
1.0183
1.00035
1.00035
1.00036
1.05332
1.04293
1.04878
1.00594
1.00023
1.0003
1.00241
1.00036
1.00131
1.02167
1.00019
1.00026
1.00469
1.00148
1.00321
1.00118
1.00039
1.0003
1.00039
1.46706
1.63256
1.67939
1.58991
1.70945
1.76479
1.43841
1.68877
1.5122
1.46454
1.56485
1.75805
1.60031
1.71566
1.40788
1.79271
1.69983
1.36046
1.60856
1.70607
1.59119
1.67204
1.63034
1.71293
1.55874
1.58622
1.64172
1.58261
1.63519
1.78921
1.61063
1.76073
1.51196
1.78974
1.54127
1.62962
1.49261
1.70318
1.55181
1.44636
1.81007
1.54497
1.54142
1.31864
1.59095
2.20076
1.54114
1.70044
1.51135
1.79222
1.70215
1.56488
1.58638
1.55625
1.65323
1.56756
1.45345
1.64591
1.72046
2.35606
1.6118
1.62487
1.63491
1.5646
1.45675
2.0927
1.57143
1.69342
1.47577
1.51078
1.57722
1.88532
2.12847
1.55923
1.62812
1.64198
1.51625
1.79466
1.80964
1.50805
1.9289
1.81722
1.57106
1.73782
1.48526
1.493
1.49711
1.35123
1.49655
1.69784
1.41107
2.07765
1.49652
1.45877
1.55307
1.74782
1.7989
1.58387
1.45359
1.39519
1.47684
1.46855
1.54857
1.4021
1.77417
1.85461
1.6018
1.63354
1.66748
1.78927
1.56962
1.65177
1.74579
1.35882
1.64537
1.68341
1.50959
1.42103
1.69851
1.58412
1.69557
1.65525
1.57022
1.84097
1.492
1.7788
1.42301
1.68601
1.58935
1.60098
1.59156
1.67597
1.42483
1.64604
1.54377
1.68323
1.32974
1.58405
1.55066
1.71634
1.62262
1.66514
1.72952
1.52778
1.39099
1.81969
1.38832
1.60658
1.61304
1.53358
1.53259
1.69027
1.90508
1.62068
1.48648
1.33557
1.42199
1.91678
2.17655
1.45532
1.3254
1.34637
1.52
1.84097
1.53258
1.78118
2.32431
1.80122
1.44142
1.57825
1.7277
1.59852
1.66397
1.40363
1.51674
1.5405
1.39248
1.58135
1.54339
1.62827
1.4889
1.54704
1.68199
1.63106
1.85
1.7665
1.50581
1.57496
1.80437
2.10162
1.70026
1.42557
1.37906
1.52083
2.66465
1.79872
1.83427
1.42375
1.53507
1.66212
1.79054
1.36031
1.60392
1.75462
1.45858
1.63889
1.45136
1.49809
1.5053
1.9143
1.37427
1.53289
1.44073
1.60016
1.43731
1.78225
1.33706
1.32645
1.47879
1.68438
1.42069
1.63753
1.73215
1.69566
1.48935
1.75065
1.39725
1.8893
1.6076
1.92664
1.69641
1.65412
1.61985
1.62306
1.50088
1.77786
1.61425
1.80042
1.71544
1.51823
1.73208
1.87315
1.53413
1.62506
1.44044
1.51157
1.58824
1.68819
1.50741
1.84844
1.74659
1.49241
1.61831
1.57172
1.54987
1.74624
1.48998
1.59792
1.67315
1.48354
1.90039
1.86431
1.76343
1.7307
1.70298
1.7888
1.73589
1.67048
1.50541
1.88935
1.57518
1.89912
1.45922
1.68374
1.58421
1.69515
1.74014
1.39901
1.55833
1.53164
1.4899
1.66454
1.51491
1.53694
1.45783
1.71809
1.3501
1.65504
1.43039
1.94445
1.6664
1.57496
1.49894
1.7204
1.87525
1.65946
1.91368
2.42872
1.72068
1.51164
1.75447
1.70993
1.49324
1.36374
1.44875
1.46703
1.60393
1.63543
1.41275
1.80931
1.69494
1.63783
1.6272
1.63771
1.59985
1.86679
1.71099
1.72782
1.69089
1.54788
1.77828
1.72855
1.92862
1.74403
1.57336
1.72505
1.88209
1.52919
1.49
1.50429
1.59413
1.67932
1.42407
1.73132
1.68822
1.67152
1.83438
1.47293
1.5323
1.69338
1.70325
1.7785
1.61034
1.51444
1.9351
1.64323
1.68389
1.49247
1.51204
1.88339
1.75319
1.58741
1.32387
1.62654
1.63877
1.51258
1.58207
1.67445
1.65944
1.79315
1.57901
1.67909
1.47201
1.57543
1.69622
1.7686
1.76795
1.53233
1.73541
1.64273
1.82519
1.50854
1.74613
1.85723
1.48159
1.60509
1.64927
1.61287
1.60643
1.54076
1.38241
1.38814
1.56262
1.456
1.47865
1.58744
1.82911
1.8094
1.43528
1.62838
1.52533
1.81595
1.60428
1.61083
1.65837
1.74381
1.54446
1.47193
1.68583
1.49637
1.90856
1.72126
1.59423
1.69833
1.51748
1.54275
1.48484
1.80574
1.48934
1.83618
1.75179
1.93473
1.89171
1.52957
1.57993
1.3591
1.45844
1.66953
1.43845
1.55942
1.62992
1.71893
1.59096
1.6064
1.84783
1.42302
1.94494
1.57267
1.89146
1.50129
1.40809
1.76565
1.84614
1.62593
1.58474
1.57098
1.43219
1.40528
1.63372
1.7506
1.60933
1.88218
1.4983
1.62257
1.5424
1.34124
1.74725
1.74197
1.76116
1.6893
1.48419
1.5936
1.56864
1.48965
1.72266
1.50939
1.61827
1.56662
1.58421
1.60483
1.51477
1.7212
1.57667
1.37625
1.45207
1.58155
1.47394
1.50054
1.82252
1.41177
1.58065
1.48246
1.5467
1.53038
1.55985
1.7835
1.68073
1.55307
2.00014
1.50906
1.55015
1.52188
1.60604
1.92599
1.70921
1.41406
1.71831
1.63029
1.60179
1.69824
1.35909
1.39729
1.35728
1.48785
1.67841
1.36069
1.67797
1.63739
1.60571
1.81716
1.55467
1.62397
1.62817
1.38483
1.68428
1.51568
1.62451
1.57967
1.75837
1.46645
1.59213
1.51371
2.01464
1.69772
1.52753
1.57509
1.61377
1.44703
1.36233
1.64765
1.60572
1.4917
1.48208
1.61578
1.68056
1.60605
1.52546
1.79331
2.14748
1.66285
1.71929
1.49855
1.67101
1.79709
1.60557
1.67644
1.89602
1.41082
1.63521
1.75387
1.60701
1.31963
1.80061
1.84982
1.42063
1.57882
1.62434
1.41821
1.96703
1.49289
1.368
1.5678
1.5875
1.64956
1.51613
1.4511
1.74148
1.90887
1.52994
1.8267
1.57423
1.57097
1.50427
1.47159
1.57523
1.51101
1.90085
1.52629
1.61007
1.74973
1.93207
1.77351
1.4623
1.88674
1.47788
1.85113
1.72326
1.42301
1.34147
1.53753
1.95499
1.68514
1.59341
2.00928
1.53227
1.41702
1.45629
1.69613
1.40869
1.72882
1.57602
1.50103
1.42833
1.49592
1.52097
1.86554
1.73158
1.55652
1.70144
1.78706
1.43941
1.76123
1.72611
1.5494
1.50068
1.63548
1.65733
1.46082
1.66779
1.68207
1.99628
1.57964
1.66745
1.82071
1.82485
1.58222
1.55066
1.77512
1.4976
1.54313
1.69026
1.68384
1.33504
1.46199
1.37748
1.69038
1.65305
1.46225
1.58838
1.54605
1.64442
1.66199
1.6329
1.43386
1.86444
1.46479
1.81249
1.66107
1.63275
1.50285
1.52149
1.52219
1.61756
1.97751
1.50733
1.56343
1.69583
1.39729
1.74773
1.4608
1.4403
1.47783
1.87203
1.40447
1.47882
1.46964
1.61184
1.59929
1.53698
1.52442
1.69869
1.6344
1.55916
1.56069
1.69545
1.5856
1.72098
1.64222
1.53147
1.52175
1.84294
1.52159
1.48083
1.52551
1.55571
1.69708
1.68599
1.70437
1.57845
1.79975
1.64006
1.84416
1.40077
1.5674
1.71179
1.78796
1.54433
1.803
1.56437
1.59141
1.58052
1.4604
1.50226
1.68543
1.76254
1.38628
1.49131
1.77171
1.5267
1.81572
1.51374
1.44454
1.7492
1.37941
1.65291
1.58151
1.85375
1.72323
1.72334
1.56603
1.78714
1.53074
2.04015
1.98578
1.58973
1.8975
1.3401
1.49535
1.97451
1.59539
1.90796
1.50634
1.49666
1.46552
1.3697
1.49778
1.48576
1.65588
2.35149
1.43865
1.66111
1.43823
1.5538
1.34861
1.66348
1.60621
1.71278
1.42406
1.64694
1.48992
1.64553
1.88208
1.35745
1.45249
1.6886
1.45975
1.88307
1.4395
1.69067
1.63493
1.61575
1.4835
1.2559
1.38319
1.5928
1.40549
1.57782
1.75823
1.67488
1.70607
1.58777
1.54961
1.4173
1.6508
1.5922
1.38819
1.62545
1.89029
2.11356
2.27828
1.42198
1.49077
1.6934
1.58732
1.72418
1.43972
1.35347
1.94724
1.72223
1.58646
1.80802
1.53947
1.47926
1.7772
1.3622
1.75959
1.87491
1.63898
1.62285
2.04327
1.64525
1.77834
1.98844
1.70659
1.39348
1.55356
1.58715
1.91884
1.56986
1.46412
1.90913
1.80282
1.86167
1.64862
1.57084
1.64149
1.77623
1.76556
1.55262
1.55915
1.77049
1.62983
1.46928
1.67625
1.78869
1.73666
1.57746
1.88292
1.7738
1.53511
1.56916
1.75235
1.43772
1.58415
1.61443
1.42656
1.57612
1.87442
1.57564
1.63617
1.68805
1.6742
1.68778
1.41246
1.72535
2.06471
1.68851
1.43977
1.29501
1.40312
1.97567
1.41266
1.45715
1.4218
1.83334
1.65505
1.88141
1.44862
1.4891
1.78007
1.47379
1.96165
1.4809
1.75816
1.49862
1.65291
1.68138
1.62752
1.43772
1.70734
1.7347
1.66219
1.74863
1.71178
1.69693
1.61052
1.60217
1.569
1.65556
1.63994
1.79218
1.3358
1.35954
1.49922
1.81148
1.49831
1.67722
1.36372
1.43819
1.666
1.4802
1.46738
1.7542
1.50452
1.86931
1.565
1.52505
1.68098
1.58353
1.62228
1.81457
1.5433
1.75023
1.66778
1.70044
1.45655
1.4695
2.37964
1.54319
1.37929
1.68445
1.42357
1.66159
1.61711
1.50439
1.54225
1.49672
1.61029
2.1213
1.63878
1.488
1.58129
1.68252
1.55597
1.48276
1.57479
1.68228
1.51099
1.8005
1.50715
1.89447
1.92692
1.65501
1.61195
1.60937
1.99581
1.68631
1.82047
1.50008
1.74677
1.39791
1.4239
2.20386
1.50766
1.37558
1.44334
1.87005
1.23687
1.78954
1.46989
1.877
1.71888
1.62573
1.431
1.61563
1.67454
1.99884
1.8783
1.57752
1.3994
1.64456
1.36284
1.39972
1.68765
1.80056
1.72953
2.11155
1.90649
1.37712
1.54916
1.5928
1.69051
1.67993
1.52111
2.29153
1.76623
1.78944
1.41902
1.47846
1.83339
1.53964
1.63398
1.76465
1.5422
1.56457
1.61562
1.88488
1.53473
1.77122
1.76988
1.5874
1.57902
1.64825
1.99497
1.62582
1.43776
1.59907
1.78939
1.62536
1.73848
1.61953
1.5511
1.49014
1.66028
1.56469
1.64925
1.58415
1.85618
1.84655
1.76899
1.46706
1.63256
1.08846
1.15484
1.70945
1.15002
1.27733
1.15398
1.25742
1.46454
1.56485
1.17446
1.60031
1.30126
1.05833
1.79271
1.69983
1.36046
1.60856
1.70607
1.59119
1.24339
1.25253
1.19619
1.55874
1.1051
1.21471
1.22293
1.36343
1.78921
1.18483
1.76073
1.08649
1.78974
1.54127
1.20837
1.08495
1.21521
1.08632
1.44636
1.81007
1.18655
1.54142
1.17356
1.59095
2.20076
1.18416
1.26938
1.51135
1.23027
1.16249
1.56488
1.58638
1.06398
1.65323
1.01687
1.45345
1.64591
1.09709
2.35606
1.6118
1.20885
1.63491
1.5646
1.45675
1.10337
1.24923
1.69342
1.47577
1.08533
1.28467
1.19347
2.12847
1.07202
1.14557
1.2281
1.51625
1.18412
1.17218
1.15561
1.9289
1.14651
1.57106
1.73782
1.11238
1.10724
1.01723
1.35123
1.27615
1.06463
1.41107
2.07765
1.19304
1.1224
1.15209
1.2819
1.7989
1.58387
1.04373
1.39519
1.15261
1.02329
1.54857
1.09286
1.15553
1.20417
1.6018
1.24489
1.66748
1.78927
1.56962
1.65177
1.20164
1.06713
1.25406
1.26167
1.50959
1.12282
1.69851
1.23396
1.69557
1.65525
1.15841
1.0821
1.0689
1.29204
1.10659
1.04052
1.02881
1.60098
1.20457
1.13252
1.42483
1.64604
1.17961
1.28255
1.05029
1.58405
1.18834
1.71634
1.62262
1.66514
1.72952
1.52778
1.10776
1.81969
1.38832
1.60658
1.04648
1.53358
1.53259
1.05292
1.90508
1.62068
1.18734
1.33557
1.42199
1.29045
1.12187
1.45532
1.3254
1.10966
1.27265
1.84097
1.09273
1.78118
1.10905
1.22584
1.44142
1.05319
1.7277
1.59852
1.20396
1.19309
1.10905
1.04389
1.39248
1.58135
1.0803
1.62827
1.17214
1.05661
1.68199
1.22363
1.25014
1.7665
1.50581
1.57496
1.39992
1.27865
1.12458
1.42557
1.20097
1.52083
1.21665
1.24539
1.83427
1.42375
1.29552
1.66212
1.79054
1.36031
1.60392
1.75462
1.08689
1.63889
1.11018
1.49809
1.05916
1.08505
1.07177
1.10945
1.13987
1.0945
1.04172
1.78225
1.05093
1.09704
1.26874
1.26443
1.42069
1.63753
1.73215
1.69566
1.48935
1.15171
1.39725
1.8893
1.6076
1.92664
1.69641
1.65412
1.61985
1.24553
1.07854
1.33787
1.15598
1.80042
1.37959
1.51823
1.73208
1.87315
1.07393
1.62506
1.44044
1.11106
1.32019
1.11981
1.2449
1.27778
1.197
1.49241
1.61831
1.57172
1.07711
1.25224
1.32545
1.10699
1.20834
1.17215
1.90039
1.86431
1.13836
1.7307
1.10219
1.19331
1.73589
1.67048
1.06182
1.88935
1.57518
1.89912
1.11487
1.68374
1.07927
1.69515
1.17957
1.15064
1.55833
1.53164
1.4899
1.66454
1.51491
1.53694
1.45783
1.71809
1.3501
1.21535
1.19881
1.94445
1.12256
1.57496
1.49894
1.31942
1.87525
1.36129
1.91368
1.40673
1.05289
1.51164
1.75447
1.70993
1.22016
1.36374
1.1366
1.46703
1.60393
1.63543
1.21549
1.80931
1.35151
1.18327
1.15915
1.63771
1.36732
1.86679
1.71099
1.72782
1.69089
1.16051
1.77828
1.72855
1.16187
1.11942
1.1356
1.1928
1.13432
1.52919
1.49
1.16773
1.10858
1.67932
1.42407
1.73132
1.28527
1.05838
1.83438
1.47293
1.09396
1.15971
1.32585
1.10887
1.61034
1.05128
1.9351
1.64323
1.68389
1.0825
1.14939
1.88339
1.75319
1.58741
1.32387
1.62654
1.63877
1.51258
1.14371
1.67445
1.65944
1.79315
1.18221
1.67909
1.47201
1.57543
1.21934
1.7686
1.76795
1.53233
1.30675
1.64273
1.82519
1.50854
1.14279
1.17019
1.48159
1.16863
1.64927
1.61287
1.60643
1.07204
1.38241
1.08831
1.16752
1.456
1.23555
1.1444
1.23165
1.03574
1.43528
1.24817
1.1861
1.81595
1.60428
1.61083
1.1399
1.15901
1.54446
1.47193
1.68583
1.49637
1.90856
1.06019
1.19829
1.28853
1.07532
1.54275
1.03843
1.3644
1.19024
1.83618
1.13502
1.93473
1.11321
1.52957
1.19689
1.10606
1.45844
1.66953
1.11905
1.55942
1.06903
1.71893
1.59096
1.11928
1.84783
1.19224
1.94494
1.13794
1.19965
1.50129
1.40809
1.0789
1.10469
1.62593
1.58474
1.57098
1.43219
1.40528
1.14121
1.27063
1.60933
1.25209
1.4983
1.06316
1.16313
1.34124
1.74725
1.36012
1.76116
1.6893
1.06124
1.5936
1.28687
1.19013
1.18486
1.24912
1.11885
1.56662
1.09818
1.06023
1.10341
1.7212
1.57667
1.04493
1.45207
1.58155
1.47394
1.28651
1.35139
1.41177
1.58065
1.15633
1.07059
1.53038
1.0294
1.07934
1.05083
1.55307
2.00014
1.50906
1.20946
1.17077
1.0524
1.22726
1.70921
1.41406
1.32728
1.35385
1.60179
1.18924
1.06452
1.39729
1.35728
1.13013
1.33055
1.11285
1.67797
1.13018
1.2621
1.81716
1.32144
1.18387
1.06532
1.38483
1.19219
1.51568
1.23209
1.13478
1.09614
1.46645
1.59213
1.10359
1.2157
1.69772
1.52753
1.06998
1.61377
1.44703
1.36233
1.25185
1.14608
1.09357
1.13372
1.08938
1.16673
1.60605
1.52546
1.79331
2.14748
1.11175
1.12696
1.49855
1.0944
1.18038
1.60557
1.1685
1.89602
1.16654
1.63521
1.75387
1.38462
1.03977
1.23939
1.29499
1.42063
1.57882
1.62434
1.41821
1.25168
1.49289
1.18842
1.5678
1.23775
1.64956
1.51613
1.4511
1.74148
1.90887
1.52994
1.8267
1.57423
1.18052
1.13266
1.47159
1.11024
1.22759
1.90085
1.52629
1.0562
1.13355
1.93207
1.77351
1.05968
1.88674
1.06427
1.28121
1.72326
1.13087
1.34147
1.15188
1.1107
1.68514
1.19346
2.00928
1.17244
1.41702
1.11079
1.69613
1.40869
1.72882
1.57602
1.50103
1.42833
1.49592
1.52097
1.35441
1.73158
1.55652
1.11875
1.78706
1.43941
1.17217
1.72611
1.16237
1.08694
1.63548
1.65733
1.46082
1.24502
1.19705
1.99628
1.1886
1.1304
1.2125
1.82485
1.58222
1.55066
1.04622
1.4976
1.10554
1.69026
1.68384
1.06957
1.46199
1.37748
1.69038
1.65305
1.46225
1.1063
1.0874
1.26418
1.66199
1.6329
1.04166
1.29331
1.15677
1.81249
1.66107
1.12786
1.50285
1.52149
1.16295
1.19005
1.97751
1.50733
1.10144
1.69583
1.05932
1.30666
1.14113
1.06905
1.06314
1.39822
1.08022
1.47882
1.11475
1.61184
1.06015
1.08558
1.52442
1.0814
1.6344
1.1888
1.04499
1.17114
1.27037
1.72098
1.64222
1.53147
1.52175
1.18112
1.21045
1.20734
1.16949
1.55571
1.14423
1.68599
1.05309
1.57845
1.29998
1.64006
1.21662
1.40077
1.5674
1.20773
1.78796
1.15365
1.0489
1.2286
1.59141
1.58052
1.01362
1.50226
1.24983
1.76254
1.38628
1.14061
1.30817
1.32951
1.81572
1.51374
1.44454
1.23112
1.13009
1.2078
1.58151
1.25051
1.10378
1.72334
1.03025
1.3917
1.53074
2.04015
1.4531
1.15194
1.8975
1.3401
1.49535
1.21691
1.1088
1.3125
1.50634
1.49666
1.13941
1.06093
1.49778
1.48576
1.65588
2.35149
1.43865
1.66111
1.1954
1.13639
1.34861
1.66348
1.60621
1.19069
1.42406
1.31266
1.48992
1.21054
1.88208
1.35745
1.45249
1.19964
1.45975
1.88307
1.11785
1.42428
1.63493
1.61575
1.14489
1.2559
1.38319
1.23877
1.17803
1.18996
1.75823
1.67488
1.08947
1.58777
1.19963
1.4173
1.6508
1.20216
1.38819
1.19491
1.15342
1.56394
2.27828
1.42198
1.10391
1.6934
1.58732
1.18074
1.16738
1.16646
1.94724
1.12751
1.58646
1.1161
1.20923
1.1802
1.16028
1.3622
1.2834
1.87491
1.24799
1.62285
1.29205
1.64525
1.77834
1.98844
1.12015
1.39348
1.10137
1.58715
1.91884
1.09699
1.46412
1.90913
1.08123
1.11989
1.64862
1.57084
1.09886
1.0696
1.76556
1.07017
1.55915
1.77049
1.62983
1.21351
1.67625
1.78869
1.73666
1.15784
1.05131
1.38893
1.08668
1.56916
1.75235
1.15391
1.58415
1.30671
1.03551
1.0892
1.35439
1.23497
1.2751
1.22407
1.05892
1.68778
1.21951
1.21595
2.06471
1.19321
1.1055
1.29501
1.07294
1.41744
1.10214
1.45715
1.4218
1.83334
1.31709
1.1064
1.44862
1.16233
1.25559
1.13537
1.24816
1.1976
1.75816
1.49862
1.1885
1.30113
1.15854
1.24118
1.70734
1.28939
1.22935
1.21856
1.21918
1.08963
1.61052
1.26287
1.569
1.19922
1.63994
1.79218
1.07851
1.02582
1.19301
1.27745
1.18988
1.67722
1.08096
1.43819
1.16496
1.24367
1.46738
1.7542
1.50452
1.13345
1.08818
1.52505
1.18974
1.176
1.62228
1.04721
1.14357
1.20564
1.66778
1.13009
1.45655
1.4695
2.37964
1.54319
1.20978
1.68445
1.42357
1.18114
1.61711
1.14704
1.54225
1.49672
1.10933
2.1213
1.10702
1.21799
1.14221
1.07892
1.26399
1.21557
1.02832
1.68228
1.15016
1.18405
1.50715
1.16088
1.92692
1.13917
1.61195
1.0554
1.99581
1.20797
1.19978
1.50008
1.74677
1.09611
1.4239
1.21642
1.08209
1.11447
1.14927
1.44189
1.06194
1.78954
1.20113
1.877
1.30976
1.06409
1.431
1.05242
1.04511
1.42739
1.24714
1.11826
1.05445
1.64456
1.1695
1.39972
1.22814
1.29284
1.72953
1.24196
1.90649
1.37712
1.54916
1.19389
1.19164
1.22
1.52111
2.29153
1.76623
1.78944
1.41902
1.47846
1.07385
1.53964
1.63398
1.23857
1.5422
1.05207
1.21846
1.22596
1.53473
1.09787
1.19768
1.17937
1.17682
1.64825
1.18118
1.01063
1.43776
1.15016
1.78939
1.09229
1.73848
1.166
1.22689
1.18683
1.05187
1.56469
1.13911
1.58415
1.57106
1.84655
1.76899
14155900.0
16788400.0
14655500.0
18344800.0
13222400.0
11628800.0
14309600.0
19093400.0
24614500.0
18599900.0
12562700.0
10307000.0
16566700.0
20792300.0
11813400.0
16165000.0
10857000.0
17000100.0
13997700.0
11698800.0
14836800.0
18242100.0
19307200.0
14797300.0
25980200.0
17969700.0
10074700.0
14658400.0
12566400.0
12887600.0
17057700.0
16761000.0
10938100.0
16981300.0
13692700.0
12746900.0
16905400.0
22909600.0
19425600.0
19781600.0
16493700.0
17784000.0
21174500.0
22410800.0
16559900.0
8701020.0
20710500.0
12027700.0
14187100.0
17854600.0
9423140.0
15903200.0
14626500.0
10474200.0
10074600.0
6886060.0
17011300.0
19438600.0
21947600.0
6729250.0
18644400.0
15537600.0
17099700.0
12515400.0
20605500.0
8490190.0
28775400.0
9004140.0
33410100.0
21818600.0
12350900.0
12099900.0
10507800.0
23565200.0
14892500.0
14480500.0
24257900.0
10179600.0
11347300.0
16082200.0
8158940.0
23280300.0
15502100.0
13607600.0
17691200.0
19599400.0
19248900.0
29117000.0
14706100.0
12549400.0
19380800.0
9605930.0
19148600.0
21447700.0
15828500.0
15191500.0
9999800.0
13413300.0
13000700.0
15306100.0
21954900.0
21711100.0
15861600.0
18286300.0
8800910.0
14126000.0
22578800.0
19802900.0
18705100.0
11149800.0
13040800.0
17082100.0
17416900.0
14835000.0
12420300.0
10684300.0
11608400.0
19373800.0
15459600.0
11598100.0
16054000.0
14574800.0
16021600.0
12452000.0
19646300.0
11690400.0
19040700.0
19887900.0
11675500.0
19542400.0
13831400.0
21545400.0
15652800.0
19456800.0
17441700.0
19271800.0
14806000.0
17541600.0
14779600.0
6831980.0
17426500.0
19336700.0
10866800.0
22034300.0
18406000.0
12068600.0
21569800.0
19345300.0
18684900.0
22285800.0
11440100.0
16574100.0
19636100.0
15487300.0
17285700.0
18000700.0
18772900.0
16910900.0
5959790.0
19329000.0
13927200.0
18243800.0
15108600.0
18060600.0
23401400.0
12746000.0
8580200.0
9844640.0
14437300.0
11204500.0
17796100.0
18624400.0
17808500.0
25266900.0
23318100.0
12968000.0
26144500.0
13682300.0
20225400.0
18069600.0
17735800.0
19853200.0
12945000.0
12815200.0
14324000.0
17947300.0
29577700.0
12641400.0
11207800.0
10739700.0
16866500.0
21911100.0
23859800.0
8664440.0
7008220.0
14535900.0
10666900.0
19996300.0
14582300.0
15793500.0
9432190.0
20463200.0
13156000.0
14161700.0
14699200.0
21529100.0
21251500.0
17963400.0
8909030.0
12158400.0
23918700.0
21043500.0
22199400.0
12262700.0
12703300.0
16554900.0
20601700.0
21535400.0
20694600.0
11407800.0
22128700.0
17614900.0
14860100.0
11005600.0
20248600.0
19813300.0
18676500.0
19314200.0
20469800.0
9205070.0
18566900.0
17886700.0
15254500.0
8436790.0
12961900.0
10778800.0
17789500.0
12378900.0
15998000.0
16682900.0
13528600.0
10618800.0
17612200.0
13919200.0
11224000.0
26467800.0
21475800.0
16678100.0
17633400.0
11419000.0
19163100.0
13643800.0
20755900.0
17450800.0
14778800.0
18687700.0
10538400.0
10359600.0
18354500.0
20290700.0
18266800.0
12065500.0
7712670.0
8161660.0
13522100.0
11644800.0
17903100.0
16806600.0
15697100.0
12946000.0
21792800.0
10193800.0
21730900.0
16509400.0
15320200.0
23269900.0
19068400.0
27333500.0
12534300.0
16876500.0
19704500.0
13590700.0
20840200.0
16491600.0
19209700.0
14142000.0
19162100.0
12720000.0
15648400.0
14681800.0
14372300.0
17806900.0
13731600.0
15711300.0
9031300.0
23776700.0
6898500.0
5939800.0
19094800.0
13605800.0
14503500.0
15207200.0
21326400.0
23480500.0
21880200.0
18756800.0
18866500.0
16424600.0
18662100.0
16696800.0
19049100.0
17761300.0
15629500.0
15293600.0
17016600.0
13591400.0
14808200.0
12962900.0
16300600.0
15720400.0
11790600.0
12103200.0
10790500.0
12450200.0
18249100.0
10444200.0
8613680.0
21997800.0
16164100.0
26429100.0
22775100.0
17476000.0
16214200.0
19506300.0
11878600.0
13374200.0
12036700.0
14835700.0
16155900.0
15992500.0
14354400.0
14128400.0
16140700.0
16439100.0
7525220.0
17252800.0
14359100.0
15523200.0
15360800.0
10724600.0
15665200.0
19832100.0
28414500.0
11896500.0
15154200.0
18751700.0
19980000.0
11303100.0
15825700.0
12910100.0
12687500.0
20130200.0
20040700.0
22243000.0
12998500.0
20034200.0
10056500.0
16873000.0
15174900.0
11787700.0
11517100.0
19963100.0
10758400.0
14051300.0
19348200.0
10640800.0
16614600.0
11544400.0
16648500.0
22221300.0
27723200.0
16253900.0
17080500.0
15226300.0
24726200.0
14453100.0
15410700.0
13430600.0
12242300.0
20455800.0
12876200.0
12450600.0
15932500.0
13293500.0
26828400.0
16802100.0
15561000.0
24278400.0
20916500.0
15551200.0
12464900.0
25537300.0
20228100.0
11458700.0
18567900.0
16418300.0
19187100.0
24699200.0
17236400.0
16191100.0
15192800.0
12241100.0
12385600.0
26479000.0
18063500.0
21387600.0
17938000.0
11780200.0
14608700.0
19114200.0
15411600.0
14533100.0
13862700.0
16161300.0
17876400.0
16615700.0
11392900.0
22092800.0
8684940.0
20543100.0
23706800.0
15991200.0
17530900.0
14917400.0
17847400.0
19472300.0
25959500.0
24081200.0
13026100.0
12578500.0
13022600.0
13793000.0
19606200.0
14418300.0
22198000.0
22700800.0
12592800.0
17434900.0
12766900.0
10329200.0
20893300.0
17859300.0
12614000.0
20115500.0
16125400.0
21278800.0
15613500.0
14327600.0
15948600.0
18791300.0
11263300.0
11632900.0
17476100.0
13653000.0
26752000.0
11708700.0
25715700.0
23264200.0
14617300.0
26177700.0
20404300.0
11750400.0
19188100.0
16085700.0
24906500.0
13381600.0
11643400.0
20748300.0
12274100.0
17670200.0
19978600.0
19048100.0
20118700.0
13327600.0
19544200.0
15583500.0
15170300.0
15115200.0
15454300.0
12811300.0
19862800.0
23540800.0
26162500.0
17152200.0
11992800.0
18624300.0
11937200.0
18788500.0
16669800.0
12452800.0
17527400.0
12366300.0
20344200.0
26337800.0
21616500.0
14964000.0
19106400.0
13307700.0
14740200.0
20181100.0
22297600.0
17666200.0
12266700.0
19994900.0
14814000.0
15854400.0
22787500.0
13476100.0
18843500.0
21045200.0
21440900.0
10915700.0
21603500.0
25595700.0
11282500.0
13913400.0
14359100.0
14321200.0
10727400.0
20588600.0
13475900.0
11832700.0
10324200.0
11568900.0
15434900.0
14554800.0
9838450.0
15576600.0
19475700.0
12275600.0
16627700.0
22888400.0
17046200.0
13700200.0
25165500.0
19302500.0
18032400.0
13869700.0
14877400.0
22720000.0
20721900.0
15782900.0
9183770.0
25683100.0
17056400.0
17089200.0
13584700.0
12889200.0
18457600.0
16692100.0
10543800.0
20465000.0
24035400.0
17915200.0
17141700.0
18794900.0
13250300.0
20771500.0
16287800.0
16089800.0
12413200.0
8892900.0
17815000.0
10584500.0
19334700.0
14369200.0
22214800.0
22598400.0
24594900.0
17936400.0
10768100.0
12548400.0
22507900.0
12933100.0
18927100.0
16952000.0
18536500.0
23323100.0
27680300.0
14335800.0
9464630.0
19777600.0
24253300.0
17771700.0
23339700.0
12056700.0
18860100.0
17491300.0
16251700.0
14657200.0
20770800.0
13611300.0
14683900.0
17625800.0
24988700.0
19173100.0
19526400.0
14476800.0
22007900.0
16892600.0
14011800.0
22087000.0
10323400.0
11870100.0
10705700.0
18153800.0
12199200.0
11803700.0
19520900.0
12234600.0
16050300.0
16696600.0
27469400.0
15649700.0
20659900.0
11318500.0
21870900.0
22944400.0
17629200.0
16561500.0
20798100.0
12271100.0
17149200.0
20629000.0
12406100.0
18386100.0
9413430.0
17833400.0
16635800.0
16658800.0
17622900.0
14522400.0
20809300.0
11511800.0
21422200.0
11449600.0
10490300.0
21559600.0
12324900.0
16168600.0
21801600.0
15829000.0
18689200.0
19994600.0
17589600.0
14382200.0
13860800.0
20980200.0
11603100.0
20168800.0
11571800.0
16994100.0
17452200.0
13775600.0
11615200.0
15173000.0
14404200.0
12883600.0
14091500.0
24187300.0
6034040.0
19711000.0
10223000.0
18344200.0
12311400.0
18456100.0
8647040.0
11308100.0
9656860.0
10875400.0
14484500.0
9860690.0
21178900.0
13485900.0
19298400.0
12144300.0
14373900.0
9752290.0
18729900.0
11509700.0
16127900.0
11544900.0
18240700.0
15507600.0
15785300.0
15768400.0
16146200.0
17738900.0
17690900.0
19077200.0
14400800.0
17666300.0
11869700.0
13093900.0
17831500.0
12891400.0
11328200.0
15380600.0
14707100.0
17458500.0
11001500.0
23848400.0
8881360.0
13493000.0
14739100.0
14954300.0
14778400.0
11052000.0
9665800.0
19793600.0
16896000.0
17284300.0
24462700.0
16375300.0
11523500.0
19162300.0
16627200.0
15624900.0
7633410.0
13441900.0
18707900.0
20884000.0
17867300.0
18378200.0
17468100.0
20768300.0
12357500.0
17402000.0
11209100.0
25582600.0
20776600.0
16353000.0
27961800.0
21382300.0
7975020.0
15199200.0
10159000.0
17521400.0
14616700.0
17028500.0
18938000.0
16678300.0
20989400.0
9750050.0
12560300.0
24684200.0
25307300.0
15076800.0
12171500.0
14273500.0
21774100.0
16961800.0
26377100.0
14725600.0
15779900.0
20677800.0
20178300.0
12152300.0
10825600.0
7459830.0
16137600.0
16432200.0
15326500.0
15722100.0
12063200.0
20053100.0
20097600.0
6772550.0
13869600.0
8028200.0
11924200.0
17264500.0
21505800.0
14197700.0
15622300.0
17233700.0
13225900.0
16669000.0
17476000.0
10492900.0
12192800.0
24442300.0
11873500.0
13315700.0
24628100.0
20069800.0
15879200.0
7457280.0
14555300.0
19617400.0
18739900.0
15660400.0
14164200.0
15055900.0
19817000.0
13586000.0
12857600.0
20840400.0
16686900.0
20419900.0
13885700.0
16737800.0
22269200.0
17553100.0
18310600.0
12088600.0
18841400.0
15523300.0
12162800.0
17614300.0
21821700.0
19815500.0
20953500.0
28462700.0
18431600.0
18618600.0
15301200.0
10374600.0
21820700.0
24887200.0
15839600.0
10903000.0
14025100.0
20952000.0
14506800.0
6942390.0
17523700.0
18882800.0
17726900.0
10661800.0
15985900.0
20489800.0
17089600.0
21558800.0
13152700.0
14034000.0
13361200.0
22071200.0
17409800.0
16171400.0
15483400.0
12384800.0
14428000.0
12406600.0
11914200.0
11074800.0
17437200.0
17947700.0
24489400.0
19421500.0
16861900.0
17663800.0
17221700.0
14668200.0
17003900.0
22921700.0
14152900.0
13502800.0
11553700.0
21324800.0
11709200.0
21811800.0
19011300.0
21837200.0
19306400.0
21547700.0
20492900.0
17767600.0
19500900.0
18634100.0
9321030.0
18364800.0
22160900.0
15445100.0
13936500.0
13195700.0
14157800.0
10288200.0
21027200.0
14950500.0
20532700.0
12433400.0
9317460.0
21302800.0
11455900.0
16856900.0
15829300.0
5264280.0
15489500.0
15537700.0
20983300.0
22614200.0
20670400.0
19425200.0
17247800.0
14982000.0
11511100.0
11142700.0
11422900.0
12125900.0
19042800.0
17037900.0
16906200.0
22350100.0
18994300.0
19071000.0
15901100.0
10425200.0
17474800.0
13598800.0
14926600.0
14461300.0
10376300.0
24122100.0
15986200.0
17489400.0
17144900.0
18141100.0
26019900.0
19112000.0
14871400.0
17534300.0
10618200.0
14969900.0
23634700.0
22764700.0
13098800.0
21456400.0
16985900.0
18610100.0
16012300.0
15171600.0
17312500.0
20468200.0
20887400.0
16957800.0
10004600.0
13889700.0
15565400.0
19424700.0
17563700.0
23585000.0
17871800.0
16451600.0
14144100.0
14666600.0
12925700.0
17190600.0
19176900.0
26792200.0
16999700.0
18675000.0
8773100.0
15798600.0
10830700.0
11659000.0
14232900.0
20246400.0
26407500.0
11965000.0
15248900.0
11839200.0
15968200.0
22926900.0
17901300.0
14749600.0
13823200.0
10644500.0
14786600.0
16215400.0
18089400.0
17660100.0
17392900.0
15788300.0
11307600.0
14650100.0
18264400.0
9794050.0
18128100.0
16880700.0
17760600.0
23466500.0
15994900.0
13640300.0
21480200.0
11085400.0
23911500.0
16029500.0
21253000.0
15800100.0
14155908.030077
16788390.043945
14655459.035281
18344795.042777
13222372.033757
11628767.025641
14309619.033084
19093404.043824
24614542.059489
18599894.044337
12562190.026025
10306976.026885
16566702.041722
20792321.044529
11813395.023796
16165010.038951
10856985.023221
17000055.042074
13997716.030249
11698805.028158
14836779.038522
18242052.037931
19307191.040735
14797316.0312
25980175.049355
17969705.040864
10074749.026322
14658440.036029
12566407.025762
12887155.531859
17057715.03722
16760997.036912
10938056.023875
16981298.047019
13692690.031419
12746937.030338
16905389.038799
22909631.054639
19425628.044809
19781588.044206
16493734.041723
17784040.038404
21174525.048845
22410836.044602
16559921.037723
8701024.019851
20710452.051383
12027727.028778
14187133.036832
17854582.04738
9423141.019269
15903229.036289
14626507.032477
10474188.025036
10074621.022102
6886055.016582
17011304.036323
19438609.041499
21947550.056519
6729251.01511
18644418.042836
15537627.035994
17099688.04582
12515354.02661
20605468.049726
8490194.019804
28775426.080613
9004140.021246
33410079.084085
21818579.04635
12350928.025398
12099871.028953
10507771.021547
23564784.049492
14892472.030119
14480508.029294
24257935.053472
10179582.025003
11347291.025961
16082153.032006
8158937.017934
23280335.057446
15502056.033163
13607578.031355
17691167.039586
19599407.038983
19248864.037678
29116989.057408
14706110.034048
12549392.026332
19380816.036888
9605932.02444
19148638.039137
21447679.048994
15828541.038886
15191509.036686
9999803.029529
13413279.028584
13000656.025703
15306057.033098
21954892.051136
21711098.052088
15861557.034684
18286333.038606
8800909.018526
14126008.034915
22578842.049089
19802930.050817
18705057.054108
11149814.025516
13040814.028877
17082074.034158
17416933.041699
14834972.032793
12420298.033941
10684293.020947
11608402.025007
19373757.04218
15459621.039263
11598067.023122
16054047.038437
14574833.030621
16021635.036524
12452042.031772
19646258.049177
11690407.027955
19040670.037204
19887880.046933
11675523.023571
19542382.045426
13831397.028477
21545418.064048
15652850.035084
19456783.041623
17441736.038032
19271798.042283
14805976.036266
17541609.036198
14779563.036427
6831978.013375
17428167.042266
19336689.05067
10866767.022965
22034325.044597
18405995.038868
12068592.027106
21569777.049431
19345316.048128
18684948.043452
22285791.045995
11440105.026101
16574111.038786
19636131.0403
15487306.030785
17285714.036439
18000675.035665
18772879.037856
16910934.04899
5959788.010351
19328954.040491
13927245.029735
18243821.040224
15108556.03346
18060640.036345
23401401.053353
12746012.030079
8580028.774255
9845313.022885
14437287.031667
11204490.033094
17796111.040505
18624396.035288
17808513.042711
25266909.057304
23318096.049307
12968023.02999
26144523.050091
13682266.027052
20225401.05197
18069551.037029
17735754.040966
19852916.043508
12945034.028863
12815247.030404
14323977.032804
17947292.048493
29577674.066773
12641373.026637
11207844.025164
10739670.023007
16866527.034905
21911083.044338
23859836.057624
8664445.017044
7006739.352441
14535887.030334
10666912.027823
19996314.042946
14582284.032808
15793172.035062
9432193.023008
20463165.050982
13156024.030189
14161709.034451
14699163.030651
21529148.041805
21251547.055812
17963429.043457
8908829.019691
12158357.032039
23918745.052268
21043517.059498
22199368.053544
12262705.02717
12702959.527266
16554902.035309
20601657.045907
21535351.04967
20694556.048359
11407802.026497
22128659.056534
17614887.043302
14860108.034619
11005582.026463
20248640.040406
19813338.038789
18676473.04472
19314213.048668
20469841.043559
9205069.019733
18566939.042763
17886666.043042
15254469.03839
8436788.017237
12961785.69749
10778832.028846
17789453.039035
12378860.031902
15997961.041791
16682862.03348
13528640.027641
10618788.025713
17612192.033089
13919218.036611
11224040.025109
26467814.048732
21475845.048393
16678114.043744
17633417.047991
11418950.030089
19163069.042261
13643791.025846
20755877.048379
17450835.035904
14778792.03281
18687685.047312
10538395.02481
10359614.023299
18354481.045968
20290744.038839
18266801.042117
12065537.021897
7712673.018727
8161657.017761
13522108.03131
11644593.02273
17903084.050522
16806589.042833
15697064.036901
12946028.02505
21792830.047395
10193750.025291
21730862.040917
16509423.042867
15319670.032372
23269949.054195
19068429.046426
27333503.05554
12534339.028724
16876533.038668
19704525.04559
13590709.033188
20840187.055994
16491609.035658
19209659.04275
14141989.026611
19162108.037564
12719950.028589
15648435.036423
14681824.040632
14372334.030695
17806927.034577
13731552.030583
15711288.031364
9031304.020193
23776680.060009
6898503.016125
5939479.013941
19094800.037906
13605758.034881
14503530.043137
15207164.038663
21326350.04672
23480480.055409
21880150.044717
18756817.042031
18866505.040538
16424632.039139
18662069.045989
16696764.034231
19049102.046576
17761320.032792
15629451.038126
15293580.032558
17016612.037758
13591381.028633
14808170.031305
12962898.038534
16300293.705835
15720436.032161
11790580.027818
12103248.030296
10790456.023292
12450229.03056
18249110.047516
10444237.021255
8614257.351386
21997850.044078
16164084.041062
26429120.057424
22775084.052634
17476033.038601
16214153.032635
19506256.040112
11878623.024917
13374182.02912
12036661.027626
14835744.029189
16155920.030481
15992459.032497
14354363.031304
14128395.036417
16140694.03282
16439082.035427
7524765.017325
17252763.03996
14359102.036092
15523194.03555
15360781.034185
10724610.031819
15665187.029275
19832074.047837
28414505.052798
11896509.024127
15154158.035838
18751677.049532
19979956.042491
11303106.023849
15825710.033966
12910095.025712
12687534.030706
20130159.039405
20040718.038284
22243035.048641
12998475.030273
20034246.044835
10056549.021573
16873018.035197
15174944.03402
11787674.027435
11517083.023978
19963055.037726
10758440.024366
14051259.03585
19348174.047519
10640776.024671
16614635.039904
11544374.024631
16648473.040727
22221333.054327
27723229.0672
16253910.035803
17080541.041013
15226342.029984
24726208.054641
14453112.030308
15410267.031669
13430585.027261
12242296.028896
20455820.053555
12876170.033213
12450302.529323
15932531.03986
13293486.031606
26828378.059918
16802112.039911
15561026.032284
24278449.047434
20916481.051914
15551193.034701
12464873.025621
25537283.060487
20228146.045641
11458510.026161
18567928.043798
16418171.36711
19187087.043625
24699214.059247
17236420.03717
16191109.036858
15192803.032949
12241088.023857
12385641.030352
26479011.065356
18063548.044617
21387630.049653
17937987.040793
11780168.024826
14608729.03013
19114234.03763
15411621.032812
14533081.030429
13862679.030002
16161334.035543
17876432.039206
16615661.03533
11392949.027587
22092848.048885
8684941.018988
20543083.041827
23706766.04409
15991236.03914
17530930.037468
14917012.529958
17847422.036879
19472253.048285
25959467.063516
24081188.05323
13026120.027845
12578548.03275
13022568.030702
13792995.039573
19606200.036995
14418340.03388
22197971.047498
22700806.051185
12592826.032234
17434900.033658
12766927.027865
10329166.022068
20893310.04976
17859319.041422
12613988.030635
20115529.039713
16125420.039025
21278784.049462
15613513.034409
14327596.03314
15948622.035915
18791275.040468
11263277.023744
11632920.02693
17476097.039845
13653030.033488
26751953.057424
11708700.023223
25715707.055353
23264249.04464
14617263.032721
26177667.060759
20404347.039371
11750404.023684
19188080.046407
16083563.536079
24906469.061763
13381590.02966
11643396.028612
20748348.046661
12274137.03343
17670221.037595
19978608.049793
19048094.040533
20118712.043379
13327632.030046
19544228.049772
15583451.043786
15170273.036773
15115208.033687
15454280.031092
12811327.031335
19862805.041177
23540840.058477
26162484.058735
17152213.038598
11992767.02475
18624306.03786
11937215.025495
18788503.04173
16669845.044481
12452812.028746
17527366.043755
12366259.026111
20344173.043257
26337787.065035
21616482.057879
14963517.534293
19106416.036543
13307699.031976
14740151.031905
20181117.043774
22297571.047486
17666207.037976
12266725.024964
19994860.047524
14814010.034427
15854393.032763
22787458.052994
13476136.028912
18843476.042884
21045221.049291
21440849.047769
10915730.022159
21603470.054292
25595736.056817
11282502.024029
13913192.534679
14359123.028027
14321183.032927
10726808.023207
20588601.04709
13475908.027415
11832686.02959
10324234.022109
11568921.030242
15434916.03343
14554763.035529
9836531.023654
15576558.036717
19475734.038921
12275074.029781
16627718.041679
22888357.047012
17046230.046358
13700204.034592
25165501.049885
19302470.045519
18032419.046774
13869742.029361
14877437.039956
22720033.057193
20721928.043089
15782901.034366
9183773.01805
25682644.068534
17056406.042547
17089169.03856
13584270.035277
12889242.03014
18457560.047847
16683322.039731
10543833.028117
20465050.04396
24035374.058692
17915188.035151
17141695.034892
18794884.043155
13250309.034869
20771546.044793
16287763.038351
16089775.031553
12413181.031129
8892900.018224
17814953.039549
10584509.022358
19334704.044954
14369232.035853
22214785.04304
22598448.043578
24594896.048193
17936364.039233
10768121.027073
12548407.035821
22508676.717712
12933098.029703
18927141.039514
16951977.036254
18536495.039742
23323084.055682
27680330.057895
14335817.033808
9464626.019791
19777559.039159
24253278.057218
17771694.037103
23339730.046889
12056739.028345
18860051.042201
17491315.042438
16251746.032377
14657202.032928
20770774.039638
13611253.027685
14683870.038203
17625820.037225
24988732.050748
19173113.045931
19526374.0444
14476808.037548
22007890.054836
16892598.035617
14011761.03966
22086969.052031
10323364.024887
11870090.027821
10705276.52608
18153798.041368
12199248.026768
11803748.026554
19520915.052705
12234603.028812
16050332.038584
16696590.037611
27469448.05181
15649741.031275
20659938.045973
11319983.022407
21870881.048864
22944403.056336
17629158.037734
16561509.03716
20798070.05155
12271116.028533
17149189.042583
20629016.041497
12406136.031709
18386126.037547
9413430.023425
17833387.048811
16635836.03414
16658844.031528
17622905.037401
14522409.035167
20809284.056908
11511784.031942
21422210.047184
11449589.025559
10490320.026943
21559617.051539
12325483.026976
16168572.036018
21801592.044074
15829016.03305
18689238.052827
19994616.044851
17589568.044064
14382160.037231
13860796.027212
20980173.046908
11603107.027963
20168806.03953
11573063.025437
16994072.038891
17452205.043887
13775641.036031
11615190.024202
15173027.030079
14403491.028497
12883607.028889
14091454.02875
24187313.047439
6034036.016978
19711006.043765
10222953.022297
18344223.039139
12311384.025488
18456068.041517
8647035.023496
11308121.025188
9656861.020731
10875356.02374
14484492.033
9860690.024933
21178903.043613
13485884.028036
19298362.040736
12144280.024698
14373898.031559
9752294.02532
18729946.041306
11509730.025131
16127862.031458
11544927.023126
18240686.039535
15507562.039473
15785306.039183
15768421.032111
16146193.031702
17738871.040972
17690929.035557
19077207.050124
14400802.030675
17666263.036364
11869702.024727
13093944.030422
17831485.042777
12891394.028421
11328206.028934
15380642.033172
14707143.030749
17458526.040527
11001464.02456
23848399.060392
8881356.0209
13493024.032052
14739099.030597
14954297.037177
14778436.029662
11052033.024979
9665802.023723
19793600.047524
16895962.042925
17284268.040279
24462663.046276
16375334.038471
11523510.027657
19162342.040664
16627206.035585
15624909.036113
7633414.016818
13441897.027022
18707925.049219
20883985.049702
17867321.03709
18378150.040618
17468084.045233
20768328.043671
12357250.030805
17402012.041535
11209140.026331
25582631.059775
20776616.05034
16353034.040968
27961834.054461
21382251.042184
7975022.018681
15199226.030942
10159035.021717
17521414.042626
14616746.039015
17028537.039498
18937987.038658
16678318.03546
20989397.044168
9750051.020627
12560300.026775
24684152.052646
25307254.053133
15076792.039246
12171507.030161
14273528.033629
21774124.054848
16961809.03152
26377101.057211
14725550.028281
15779901.039721
20677792.044335
20178321.046472
12152318.029154
10825312.527592
7459828.016745
16137650.035477
16432200.036499
15326499.03608
15722070.032202
12065348.0249
20053082.040819
20097642.049264
6773059.016866
13869650.029199
8028196.017432
11924176.02642
17264504.036185
21505769.04843
14197669.032044
15622314.02964
17233683.041746
13225927.028908
16669046.03696
17475998.043873
10492904.02628
12192808.028073
24442303.047925
11873465.027689
13316178.034491
24628093.051036
20069795.049046
15879183.032693
7457280.015275
14555316.03287
19617419.042108
18739920.043928
15660441.038742
14163730.529332
15055897.033579
19817050.049841
13586009.026787
12857555.034282
20840378.040943
16686935.038383
20419861.054341
13885653.032769
16737836.036103
22269183.046581
17553067.036902
18310620.053061
12089888.025351
18841408.038934
15523319.039816
12162762.023051
17614297.038365
21821720.044595
19815530.045363
20953537.050485
28462670.07102
18432358.038167
18618635.037696
15301222.032471
10374590.0246
21820674.047486
24887236.061978
15839606.045202
10903008.023946
14025097.033308
20951992.041789
14506771.030479
6942025.517559
17523736.042982
18882829.042166
17726926.039927
10661758.024043
15985876.033363
20489819.040363
17089556.036812
21558830.045159
13152719.029488
14033961.031772
13361178.034406
22071214.049231
17409840.034366
16171355.044568
15483174.034913
12384801.030464
14427962.041898
12406609.028628
11913898.358706
11074846.027009
17437169.040793
17947671.042996
24489445.064116
19421480.041612
16861871.042595
17663764.033489
17221678.036657
14668172.036715
17003859.036609
22921718.058229
14152900.03159
13502773.028196
11553656.032254
21324785.040575
11708701.032234
21811756.049586
19011333.045504
21837198.04763
19306383.035622
21547685.047246
20492898.050954
17767596.040639
19500908.039914
18634111.039185
9321029.027806
18364794.045236
22160892.044458
15445127.03019
13936456.036334
13195698.029477
14157789.029264
10288210.022951
21027211.045899
14950537.037066
20532733.046768
12433381.026087
9317465.023822
21302827.041547
11455914.026728
16856927.034955
15829321.037555
5264275.011556
15489545.031103
15537695.031212
20983252.050933
22614181.045223
20670352.051973
19425172.057394
17247840.03861
14981983.033646
11511084.026178
11142656.024134
11422665.026578
12125912.027525
19042805.040982
17037867.045658
16906230.033237
22350076.054877
18994311.042661
19071021.042823
15901083.036127
10425157.022611
17474762.046585
13598792.027123
14926583.04188
14461265.032996
10376322.026843
24122118.045505
15986238.030449
17489174.049696
17144864.04206
18141107.044719
26019900.056566
19111991.04087
14871362.030908
17534344.036775
10618238.023415
14969867.034978
23634740.046981
22764697.052492
13098790.032628
21456394.047541
16985907.038259
18610087.040409
16012310.039196
15171632.04282
17312477.035535
20468216.04849
20887394.052051
16957791.032341
10004649.024667
13889652.038893
15565377.035417
19424664.040524
17563694.0492
23585029.053434
17871795.036081
16451577.041059
14144106.033732
14666635.038847
12925655.036254
17190555.051452
19176923.044316
26792224.048986
16999705.033103
18675048.049578
8773096.017681
15798640.03429
10829811.520186
11658974.028474
14232932.028318
20245896.042098
26407472.067748
11965010.023449
15248941.042555
11839160.026472
15968228.036961
22926917.045874
17901341.044229
14749647.034691
13823173.03647
10644470.020056
14786550.035699
16215444.043367
18089371.036998
17660116.034594
17392920.036678
15788341.030299
11307627.022902
14650075.028981
18264371.038485
9794051.024611
18128064.038925
16880708.039992
17760575.047157
23466452.052821
15994854.034536
13640281.027601
21480184.046859
11085450.02259
23911221.568963
16029455.043199
21252992.054151
15801517.037229
