1.00033
1.00027
1.0904
1.00021
1.03807
1.00429
1.00137
1.00025
1.00127
1.00028
1.01577
1.00017
1.08005
1.00017
1.02253
1.05937
1.05858
1.01224
1.00018
1.00022
1.02275
1.10057
1.08173
1.00035
1.00046
1.07543
1.00651
1.02035
1.00912
1.00042
1.00023
1.09507
1.00111
1.00037
1.00021
1.09475
1.00025
1.0575
1.00022
1.00025
1.0003
1.00031
1.00015
1.0003
1.00361
1.00027
1.00043
1.04741
1.00233
1.07489
1.02837
1.0003
1.03619
1.00118
1.03198
1.00194
1.00025
1.00013
1.06571
1.01215
1.00063
1.00033
1.05005
1.00052
1.04495
1.00697
1.00508
1.00025
1.00785
1.00367
1.00164
1.00051
1.00026
1.00024
1.00037
1.07168
1.06742
1.0419
1.00498
1.00015
1.01892
1.08054
1.08067
1.00028
1.00018
1.01635
1.06025
1.00023
1.00031
1.00013
1.00023
1.01747
1.04453
1.00025
1.00111
1.00027
1.00043
1.00022
1.12434
1.06708
1.02594
1.00023
1.00026
1.03132
1.00348
1.01151
1.0228
1.0067
1.01538
1.02734
1.0003
1.12461
1.00047
1.00695
1.00032
1.00013
1.0053
1.00298
1.00026
1.00027
1.06937
1.00559
1.07387
1.00031
1.01109
1.00416
1.00037
1.04222
1.1244
1.00019
1.00025
1.00015
1.00022
1.00038
1.03951
1.04564
1.00018
1.03533
1.02478
1.00026
1.00032
1.06765
1.00025
1.0003
1.04801
1.09554
1.00025
1.00875
1.09053
1.0044
1.0003
1.00024
1.09482
1.00036
1.00023
1.00868
1.00027
1.04539
1.00037
1.00031
1.04957
1.00043
1.04139
1.04831
1.08425
1.00027
1.00026
1.02077
1.00069
1.00027
1.00246
1.03201
1.02413
1.00038
1.04436
1.00022
1.00025
1.00303
1.00253
1.00018
1.00021
1.00028
1.00017
1.08943
1.00023
1.04309
1.00049
1.00557
1.00222
1.00065
1.05223
1.05855
1.00022
1.00189
1.00032
1.06974
1.00246
1.00025
1.00026
1.00017
1.01079
1.00041
1.00388
1.00023
1.0001
1.01131
1.00026
1.00024
1.02939
1.01157
1.00025
1.0003
1.00026
1.00028
1.00023
1.00031
1.00404
1.00045
1.08685
1.00094
1.00029
1.08896
1.01868
1.10569
1.00034
1.06596
1.16752
1.00026
1.0002
1.00367
1.00021
1.07898
1.00035
1.00366
1.00025
1.04002
1.00938
1.00032
1.00964
1.00032
1.04046
1.00019
1.29733
1.00043
1.1048
1.05777
1.2986
1.03497
1.00049
1.06946
1.02228
1.00031
1.0002
1.00022
1.00021
1.00022
1.00031
1.00021
1.05641
1.0021
1.0054
1.00035
1.00022
1.0002
1.06078
1.00939
1.09159
1.05848
1.00031
1.00026
1.00023
1.00387
1.0002
1.00548
1.0002
1.0002
1.02965
1.00021
1.00043
1.03515
1.0048
1.04045
1.00027
1.03918
1.0034
1.00017
1.0002
1.07242
1.00229
1.08581
1.00055
1.11593
1.00037
1.00047
1.00023
1.04055
1.00018
1.00022
1.00129
1.06224
1.03674
1.00026
1.00019
1.00028
1.00226
1.00037
1.0003
1.00029
1.00031
1.00015
1.23363
1.01121
1.08867
1.00032
1.04523
1.00034
1.00798
1.00028
1.00064
1.00024
1.07838
1.01195
1.00861
1.04267
1.00688
1.00303
1.15235
1.08555
1.0068
1.05884
1.0002
1.0002
1.06738
1.00026
1.00029
1.00159
1.00075
1.01872
1.12096
1.00016
1.00009
1.00041
1.08206
1.06236
1.00026
1.03008
1.00026
1.0089
1.05583
1.00835
1.00024
1.00015
1.00184
1.00019
1.02303
1.05261
1.00428
1.00024
1.00022
1.00999
1.00024
1.10646
1.00028
1.00024
1.0002
1.00018
1.04701
1.00026
1.00129
1.0003
1.0003
1.02991
1.00174
1.00033
1.00022
1.00035
1.00018
1.00192
1.0003
1.01456
1.00033
1.00035
1.00018
1.00019
1.00033
1.00094
1.00026
1.08566
1.04357
1.08274
1.00523
1.00873
1.00027
1.00026
1.00026
1.00024
1.0002
1.00025
1.00047
1.1062
1.00021
1.00053
1.00206
1.00541
1.06668
1.0003
1.0005
1.00026
1.03627
1.00034
1.00032
1.00025
1.00029
1.08047
1.01462
1.00021
1.00019
1.07135
1.00017
1.00115
1.00035
1.00266
1.06517
1.0323
1.0435
1.00028
1.04288
1.0002
1.04961
1.05897
1.00027
1.00028
1.02596
1.06783
1.00029
1.06707
1.05234
1.0146
1.00033
1.00037
1.00123
1.00022
1.00023
1.00034
1.00019
1.00019
1.05737
1.00017
1.00522
1.06299
1.04164
1.08597
1.00954
1.00016
1.03466
1.00784
1.00348
1.00027
1.00019
1.01061
1.00271
1.10418
1.00069
1.00021
1.0122
1.00284
1.00025
1.00026
1.08024
1.00025
1.00898
1.00014
1.00329
1.00028
1.04815
1.0005
1.0002
1.00845
1.03242
1.00036
1.01604
1.01299
1.00023
1.00282
1.00539
1.00046
1.03347
1.04707
1.00033
1.00019
1.00052
1.14935
1.00039
1.09936
1.00026
1.05043
1.00024
1.09206
1.00257
1.0032
1.00032
1.10218
1.05102
1.00019
1.00015
1.06922
1.00008
1.00031
1.0023
1.00041
1.07022
1.05838
1.00034
1.00157
1.00028
1.0022
1.00132
1.00045
1.00144
1.00064
1.00356
1.00024
1.02721
1.006
1.00023
1.00024
1.0166
1.00031
1.05277
1.00025
1.00424
1.05551
1.00018
1.00024
1.00024
1.00392
1.00022
1.10596
1.00028
1.00034
1.02076
1.00019
1.00026
1.00568
1.00027
1.00642
1.08252
1.05108
1.00133
1.00623
1.00089
1.04501
1.01959
1.00029
1.00024
1.00332
1.00035
1.00046
1.00023
1.0013
1.03671
1.0095
1.0092
1.0526
1.00043
1.0032
1.05743
1.00102
1.00003
1.00382
1.00022
1.00408
1.00094
1.03257
1.0843
1.0002
1.00004
1.00029
1.00019
1.00021
1.00252
1.05167
1.00021
1.00025
1.00756
1.00023
1.05041
1.14973
1.01086
1.00034
1.05855
1.03075
1.04938
1.0003
1.01049
1.00019
1.00138
1.00028
1.00024
1.00041
1.11368
1.06443
1.06195
1.06522
1.02779
1.00254
1.00029
1.00703
1.00025
1.10475
1.0002
1.00648
1.00376
1.00191
1.00026
1.00031
1.00028
1.0003
1.0055
1.00209
1.01181
1.00029
1.00028
1.0044
1.04276
1.03121
1.02569
1.02584
1.04365
1.02451
1.01504
1.00111
1.00552
1.00457
1.00665
1.0003
1.00533
1.00024
1.00057
1.00032
1.00531
1.07744
1.00018
1.04636
1.01456
1.0501
1.00023
1.06277
1.00022
1.00032
1.00021
1.03991
1.00332
1.00042
1.05393
1.09301
1.00027
1.00234
1.06317
1.01565
1.00021
1.05279
1.00026
1.00309
1.02212
1.00037
1.00032
1.00021
1.00021
1.07404
1.00047
1.05795
1.00026
1.0002
1.0609
1.09057
1.00467
1.00983
1.00028
1.00038
1.00237
1.00396
1.0002
1.00683
1.00922
1.00498
1.02292
1.00409
1.00017
1.00031
1.08931
1.00029
1.00612
1.00032
1.00019
1.00595
1.00023
1.00019
1.00036
1.05676
1.00027
1.00026
1.00083
1.00602
1.00026
1.00016
1.00022
1.00024
1.00119
1.00356
1.00002
1.12887
1.00026
1.22593
1.00037
1.00026
1.0288
1.00166
1.0003
1.01207
1.0893
1.00017
1.00212
1.00027
1.05168
1.00086
1.00023
1.00016
1.0003
1.00026
1.03583
1.00031
1.00822
1.00031
1.05139
1.00022
1.0003
1.00394
1.00026
1.01956
1.00026
1.00014
1.02443
1.0002
1.00031
1.00006
1.06503
1.08264
1.00049
1.00007
1.00118
1.0027
1.00028
1.02623
1.00626
1.00274
1.0002
1.00024
1.00017
1.00032
1.00037
1.06147
1.00285
1.00049
1.00023
1.00033
1.026
1.00153
1.02405
1.00019
1.11335
1.05559
1.00028
1.00598
1.02286
1.00238
1.12989
1.06841
1.00086
1.08467
1.00775
1.00612
1.08468
1.00033
1.00025
1.00024
1.05552
1.00488
1.00228
1.04477
1.00026
1.00034
1.00019
1.00026
1.00977
1.0508
1.04127
1.0004
1.00049
1.00021
1.00041
1.03423
1.04686
1.00021
1.00026
1.02086
1.11028
1.05344
1.0002
1.04929
1.00023
1.0002
1.00022
1.00127
1.00021
1.00021
1.00025
1.00028
1.00017
1.0579
1.00032
1.00039
1.00031
1.00028
1.00569
1.03114
1.01024
1.00029
1.12706
1.00023
1.00024
1.00034
1.00021
1.11642
1.06458
1.0003
1.08213
1.00015
1.00035
1.00056
1.34422
1.00011
1.01662
1.07802
1.00172
1.00018
1.00098
1.17573
1.00135
1.07177
1.00025
1.00232
1.0726
1.04125
1.04337
1.0079
1.00036
1.10192
1.07246
1.00042
1.00025
1.00031
1.00544
1.00028
1.00111
1.0003
1.12401
1.00363
1.09984
1.0002
1.06235
1.00066
1.0544
1.00026
1.00024
1.00034
1.00021
1.003
1.00022
1.00031
1.07242
1.00243
1.00019
1.00025
1.00024
1.00761
1.00029
1.00024
1.00039
1.00046
1.03057
1.00031
1.0003
1.0326
1.00025
1.00027
1.0002
1.00036
1.07942
1.01291
1.0569
1.0058
1.11372
1.00197
1.00034
1.00054
1.00033
1.0006
1.0328
1.00023
1.02782
1.04712
1.02673
1.00048
1.00013
1.00024
1.00023
1.07739
1.06278
1.00021
1.00023
1.02459
1.06172
1.0003
1.00029
1.00247
1.04361
1.06687
1.00032
1.00107
1.01479
1.05125
1.07431
1.00056
1.0034
1.00069
1.01904
1.00004
1.05724
1.09425
1.05746
1.00033
1.00023
1.00027
1.00021
1.00143
1.06666
1.06272
1.08655
1.07125
1.00022
1.00761
1.01699
1.00021
1.00019
1.08091
1.00074
1.00022
1.00032
1.00435
1.00046
1.00152
1.0096
1.00022
1.08707
1.04561
1.00072
1.00225
1.0009
1.00247
1.04632
1.00025
1.06299
1.01187
1.06197
1.00316
1.02419
1.00588
1.00025
1.00254
1.02044
1.00628
1.07091
1.00159
1.04128
1.10955
1.0208
1.00529
1.00026
1.00809
1.05759
1.00048
1.08702
1.00479
1.00026
1.01496
1.00023
1.00035
1.00035
1.0269
1.63885
1.63527
1.55484
1.49336
1.61857
1.69355
1.46553
1.59771
1.3818
1.6769
1.62597
1.4077
2.04854
1.46129
1.46336
1.50217
1.58827
1.61207
1.44218
1.49456
1.86627
1.67117
1.68856
1.62178
1.85162
1.66341
1.61459
1.50353
1.66048
1.83733
1.67633
1.8157
1.56614
1.63102
1.46172
1.92553
1.55994
1.47134
1.50745
1.52594
1.46279
1.5768
1.33747
1.67898
1.65105
1.54281
1.49849
1.6145
1.52928
1.67933
1.4091
1.75209
1.64518
1.53761
1.59734
1.58248
1.52826
1.37199
1.66803
1.64969
1.57928
1.77903
1.7072
1.92291
1.65914
1.90248
1.69844
1.50374
1.69582
1.53639
1.62439
1.80821
1.66825
1.54743
1.84355
1.55528
1.82323
1.41777
1.54798
1.38594
1.62617
1.61555
1.84499
1.47694
1.52545
1.96964
2.04394
1.58841
1.48508
1.57085
1.52123
1.60434
1.40106
1.70959
1.54546
1.58746
1.51362
1.45185
1.92781
1.50557
1.76389
1.60355
1.59289
1.44232
1.56189
1.68926
1.46385
1.83157
1.8228
1.50027
1.56117
1.94919
1.47622
1.73842
1.57165
1.36042
1.61817
1.7642
1.60907
1.65142
1.83291
1.38855
1.97094
1.84969
1.63514
1.86629
1.527
1.8172
1.60271
1.54166
1.46188
1.47876
1.48828
1.75462
1.63539
1.7203
1.51637
1.66494
1.37317
1.59216
1.71601
1.58133
1.52521
1.6391
1.55436
1.72733
1.42081
1.72183
1.70554
1.58139
1.6576
1.59348
1.75192
1.67177
1.54586
1.52758
1.63033
1.84114
1.88303
1.64017
1.73562
1.57141
1.83096
1.84046
1.76418
1.57479
1.66658
1.76395
1.63658
1.66054
1.8696
1.62998
1.62124
1.75675
1.77683
1.45713
1.8528
1.73555
1.67212
1.38885
1.53396
1.55627
1.48128
1.78208
1.56431
2.1039
2.03858
1.71447
1.62084
1.52778
1.6625
2.04317
1.45999
1.69434
1.68405
1.56089
1.76184
1.74437
1.56238
1.57664
1.55383
1.74009
1.62954
1.42476
1.42414
1.79907
1.57204
1.56169
1.52436
1.59624
1.53283
1.82506
1.5977
1.48652
1.47372
1.63709
1.6954
1.94674
1.71841
1.78617
1.6223
1.61626
1.59451
1.7898
1.82095
1.95412
2.03754
1.51755
1.52344
1.72796
1.456
1.62259
1.62571
1.54303
1.57114
1.9568
1.52288
1.86792
1.57052
1.70233
1.7842
1.37667
2.07451
1.58193
1.81309
1.75158
1.6359
1.86759
1.53542
1.67712
1.41944
1.61451
1.46547
1.51054
1.47052
1.48354
1.75446
1.50446
1.5498
1.72428
1.48386
1.77861
1.49524
1.47618
1.63574
1.49308
2.00032
1.70595
1.77604
1.43128
1.62288
1.98982
1.50213
1.81647
1.4331
1.49646
1.58326
1.50571
1.80278
1.50323
1.52155
1.79461
1.54192
1.50087
1.65274
1.4286
1.47197
1.60449
1.75107
1.6283
1.95328
1.70852
1.68885
1.54683
1.54147
1.7411
1.40728
1.48691
1.47997
1.64234
1.58464
1.63219
1.47439
1.65803
1.74577
1.80124
1.49318
1.68798
1.57784
1.28897
1.69502
1.7498
1.6449
1.52401
1.61472
1.73911
1.80059
1.64459
1.4983
1.70279
1.6902
1.83893
1.63046
1.82356
1.52581
1.5803
2.08108
1.83635
1.62864
1.75926
1.48208
1.42022
1.67088
1.52538
1.59328
1.45529
1.48414
1.83756
1.74159
1.47083
1.67817
1.69383
2.03318
1.86988
1.63272
1.78864
1.52507
1.70529
1.81957
1.79539
1.54767
1.44416
1.57006
1.42342
1.55556
1.67745
1.75958
1.70369
1.5552
1.74301
1.46085
1.74238
1.70851
1.41925
1.4809
1.43595
1.60592
1.65116
1.61989
1.48253
1.57753
1.79802
1.67327
1.75045
1.59287
1.75333
1.34468
1.71762
1.74873
1.86266
1.79607
1.96381
1.45898
1.47078
1.78884
1.6963
1.50164
1.58774
1.97549
1.87546
1.74367
2.10286
1.51788
1.64652
1.57486
1.58669
1.4561
1.52229
1.693
1.96264
1.45479
1.51035
1.45675
1.57549
1.75314
1.78947
1.64477
1.57594
1.64294
1.61701
1.68788
1.55073
1.65994
1.50709
1.7098
1.44095
1.40298
1.61537
1.42831
1.52341
1.70958
1.58822
1.7644
1.67904
1.45913
1.7977
1.71695
1.65253
1.80397
1.55387
1.51891
1.69172
1.57596
1.68195
1.63524
1.81865
1.62418
1.5421
1.64817
1.6831
1.62651
1.65681
1.5203
1.63659
1.36124
1.50897
1.65854
1.46761
1.62574
1.6546
1.55236
1.91295
1.51867
1.74404
1.71231
1.49696
1.75554
1.56565
1.40111
1.39158
1.50216
1.79297
1.57523
1.53715
1.50997
1.55692
1.61636
1.59439
1.88115
1.6198
1.71043
1.34157
1.68464
1.48476
1.64473
1.69481
1.56897
1.5921
1.47115
1.60781
1.41754
2.32695
1.73708
1.47383
1.60909
1.89601
1.62103
1.80752
1.79316
1.46315
1.90837
1.67917
1.60574
1.63542
1.74404
1.87288
1.44495
1.85567
1.64408
1.72383
1.8366
1.67472
1.62845
1.55315
1.37269
1.72651
1.49807
1.70134
1.63602
1.74026
1.79473
1.62335
1.47738
1.43557
1.52682
1.46432
1.66115
2.14897
1.58094
2.09973
1.84847
1.46768
1.75415
1.58658
1.58069
1.65213
1.5709
1.63692
1.56266
1.73074
1.77891
1.62657
1.38193
1.53897
1.50162
1.50315
1.568
1.82369
1.64533
1.72137
1.71691
1.59919
1.56664
1.47363
1.49773
1.84042
1.68102
1.60127
1.73747
1.83107
1.73428
1.53465
1.64618
1.47173
1.51696
1.67378
1.63564
1.66882
1.50191
1.84063
1.53919
1.76256
1.66002
1.73773
1.60702
1.57965
1.94619
1.77159
1.56483
1.65018
1.53718
1.65061
1.67084
1.72319
1.62251
1.494
1.69772
1.49447
1.53622
1.58391
1.77284
1.64611
1.44767
1.5086
1.71415
1.49723
1.75463
1.5117
1.67057
1.54795
1.86419
1.70286
1.62486
1.7078
1.63925
1.42175
1.41529
1.62765
1.63666
1.54669
1.70489
1.72978
1.69008
1.89278
1.81025
1.74414
1.58743
1.68873
1.49453
1.77103
1.32455
1.61743
1.56465
1.66002
1.58083
1.74791
1.5414
1.64956
2.01367
1.65471
1.81096
1.55675
1.56405
1.58674
1.9998
1.7019
1.72522
1.7018
1.60211
1.57786
1.5102
1.49513
1.89451
1.70438
1.77105
1.62784
1.44918
1.57236
1.54914
1.79151
1.46862
1.84269
1.46025
1.60288
1.64942
1.92304
1.56204
1.61766
1.60886
1.54829
1.44156
2.06214
1.85797
1.93737
1.73477
1.75202
1.58676
1.62995
1.58393
2.07671
1.45405
1.8666
1.61804
1.53628
1.87631
1.7036
1.69941
1.57508
1.41946
1.74531
1.87012
1.76316
1.57543
1.46222
1.6198
1.60175
1.64394
1.76712
1.74693
1.77213
1.53907
1.94606
1.43393
1.65216
1.48141
1.66801
1.37465
1.60161
1.37728
1.7204
1.80821
1.69427
1.56659
1.71213
1.82872
1.68702
1.70576
1.51152
1.4699
2.0406
1.59474
1.39103
1.81195
1.58834
1.58801
1.45417
1.51775
1.50457
1.56296
1.35393
1.70908
1.93386
1.4947
2.26903
1.71279
1.51228
1.42225
1.50343
1.68716
1.95845
1.85228
1.33151
1.93432
1.53729
1.56367
1.30159
1.60177
1.37379
1.58557
1.59749
1.66575
1.62391
1.6756
1.66174
1.52496
1.56806
1.64678
1.78826
1.53719
1.67678
1.49211
1.28507
1.73013
1.55401
1.76276
1.90397
1.56408
1.74986
2.09375
1.57135
1.61638
1.66417
1.61738
1.72739
1.8892
1.60667
1.49348
1.70762
1.58858
1.64882
1.76805
1.71331
1.70844
1.97297
1.5988
1.63128
1.50605
1.4926
1.76332
1.37501
1.87079
1.64893
1.61942
1.68408
2.01622
1.31708
1.82613
1.56709
1.8753
1.58405
1.69118
1.52187
2.04379
1.65912
1.6292
1.62536
1.6085
1.64484
1.78108
1.79261
1.59041
1.77807
1.442
1.68386
1.84798
1.8092
1.87397
1.73701
1.9879
1.49131
1.80224
1.88391
1.44782
1.482
1.55946
1.81973
1.70507
1.84659
1.41112
1.76315
1.62412
1.52661
1.70469
1.54233
1.66101
1.36293
1.60147
1.71449
1.46558
1.75375
1.74367
1.57072
1.60175
1.59139
1.44782
1.88619
1.81579
1.57675
1.55656
1.52369
1.48884
1.78738
1.49095
1.80263
1.66588
1.56661
1.80066
1.41717
1.59449
1.4159
1.81015
1.6477
1.60191
1.74223
1.59549
1.357
1.50492
1.90359
1.85082
1.54525
1.52655
1.64323
1.79593
1.75059
1.54459
1.79186
1.80376
1.60553
1.75965
1.69147
1.45851
1.53625
1.88376
1.42777
1.55285
1.62625
1.73817
1.55247
1.83844
1.42971
1.50336
1.98147
2.12187
1.5545
1.43378
1.76924
1.59996
1.42176
1.50155
1.89458
1.92841
1.66422
1.42819
1.45128
1.54279
1.74537
1.65258
1.50531
1.68903
1.43218
1.55422
1.64261
1.67455
1.43669
1.54165
1.65448
1.40357
1.67791
1.6993
1.64714
1.80431
1.63729
2.44516
1.79141
1.66293
1.57451
1.837
1.77234
1.68367
1.5527
1.4874
1.65133
1.51809
1.98931
1.35587
1.54114
1.60182
1.69089
2.29693
1.56091
1.5047
1.66243
1.8472
1.6791
1.57845
1.89538
1.53274
1.70775
1.56296
1.70769
1.63244
1.90704
2.00517
1.97461
1.57391
1.49082
1.81338
1.9392
1.97307
1.72964
1.75028
1.77482
1.54443
1.57492
1.57608
1.76414
1.87928
1.6636
1.45292
1.71434
1.46092
1.54644
1.55681
1.40029
1.44221
2.06553
1.3792
1.65508
1.72282
1.64862
1.93279
1.72682
1.67536
1.52804
1.73437
1.64444
1.56787
1.69675
1.47061
1.41379
1.64504
1.60474
1.59579
1.70255
1.71762
1.70558
1.6218
1.40628
1.62222
1.55008
1.47114
1.85242
1.54528
1.74109
1.81121
1.48876
1.39974
1.73791
1.60726
1.60419
1.54382
1.76572
1.74202
1.63147
1.5503
1.55787
1.65191
1.57305
1.74907
1.56871
1.63885
1.04727
1.08969
1.11129
1.27399
1.37028
1.46553
1.59771
1.1103
1.6769
1.1398
1.4077
1.318
1.10561
1.46336
1.09526
1.16379
1.21558
1.44218
1.49456
1.86627
1.07471
1.68856
1.62178
1.29923
1.31406
1.20834
1.50353
1.11103
1.83733
1.2583
1.31974
1.16664
1.22191
1.46172
1.3997
1.28344
1.47134
1.23882
1.06935
1.12005
1.10303
1.33747
1.10408
1.65105
1.095
1.49849
1.08849
1.52928
1.04653
1.4091
1.75209
1.64518
1.53761
1.59734
1.58248
1.52826
1.37199
1.66803
1.13344
1.11213
1.30322
1.14629
1.16044
1.65914
1.90248
1.69844
1.50374
1.1484
1.53639
1.13921
1.80821
1.66825
1.54743
1.84355
1.55528
1.82323
1.41777
1.11272
1.38594
1.14159
1.61555
1.27649
1.06195
1.19312
1.96964
2.04394
1.26677
1.13271
1.57085
1.52123
1.60434
1.07498
1.70959
1.54546
1.27833
1.51362
1.45185
1.24243
1.12765
1.28095
1.60355
1.20508
1.10849
1.03791
1.68926
1.15536
1.83157
1.12322
1.50027
1.18547
1.40427
1.47622
1.12506
1.28703
1.12126
1.22028
1.39315
1.60907
1.11949
1.03723
1.38855
1.15048
1.36775
1.63514
1.44878
1.527
1.16336
1.08402
1.25565
1.46188
1.47876
1.48828
1.75462
1.05133
1.24079
1.17128
1.66494
1.37317
1.16857
1.43049
1.58133
1.52521
1.18386
1.55436
1.72733
1.10505
1.26495
1.70554
1.22624
1.08985
1.24029
1.18721
1.35259
1.54586
1.22826
1.17088
1.1981
1.88303
1.64017
1.73562
1.12631
1.83096
1.84046
1.18545
1.07887
1.66658
1.10675
1.63658
1.66054
1.2957
1.62998
1.62124
1.75675
1.12485
1.11858
1.36418
1.73555
1.27964
1.38885
1.53396
1.14066
1.48128
1.78208
1.56431
2.1039
1.28405
1.24578
1.05631
1.52778
1.6625
1.24565
1.165
1.32796
1.2358
1.09621
1.76184
1.74437
1.56238
1.57664
1.18413
1.0745
1.15404
1.05751
1.18548
1.79907
1.16535
1.56169
1.52436
1.12791
1.07831
1.82506
1.18105
1.05589
1.09531
1.13628
1.09997
1.25937
1.06762
1.78617
1.6223
1.15918
1.2108
1.08398
1.82095
1.34178
1.08037
1.18062
1.1778
1.72796
1.456
1.62259
1.62571
1.1638
1.23821
1.26283
1.2226
1.25994
1.57052
1.70233
1.31294
1.37667
2.07451
1.58193
1.81309
1.75158
1.6359
1.86759
1.15035
1.08276
1.41944
1.61451
1.46547
1.51054
1.18007
1.08053
1.14106
1.50446
1.05115
1.32121
1.222
1.77861
1.14599
1.47618
1.16836
1.49308
1.1808
1.08124
1.77604
1.43128
1.25438
1.98982
1.50213
1.34661
1.1973
1.49646
1.58326
1.50571
1.80278
1.50323
1.14656
1.79461
1.16639
1.20998
1.27934
1.19247
1.47197
1.10921
1.34244
1.6283
1.1659
1.27966
1.68885
1.54683
1.54147
1.7411
1.40728
1.48691
1.25281
1.64234
1.02369
1.63219
1.47439
1.65803
1.14838
1.80124
1.49318
1.68798
1.57784
1.28897
1.27924
1.7498
1.27357
1.06302
1.61472
1.73911
1.23869
1.19412
1.4983
1.70279
1.10896
1.28461
1.63046
1.40655
1.18382
1.5803
1.15399
1.83635
1.62864
1.16809
1.24896
1.42022
1.23097
1.19251
1.59328
1.45529
1.48414
1.83756
1.13286
1.47083
1.29478
1.69383
1.41265
1.05766
1.63272
1.78864
1.25012
1.19027
1.20766
1.79539
1.30446
1.44416
1.57006
1.1615
1.14312
1.67745
1.12273
1.10326
1.15944
1.74301
1.46085
1.74238
1.3409
1.17652
1.10447
1.06705
1.60592
1.65116
1.22211
1.48253
1.57753
1.08885
1.33909
1.75045
1.59287
1.25459
1.12788
1.03595
1.74873
1.21794
1.11782
1.96381
1.07079
1.26738
1.15391
1.26673
1.50164
1.20344
1.97549
1.13309
1.74367
1.34801
1.06787
1.16989
1.24481
1.58669
1.4561
1.08574
1.693
1.23757
1.13779
1.16644
1.16427
1.30052
1.06524
1.78947
1.64477
1.57594
1.13391
1.61701
1.68788
1.55073
1.65994
1.12045
1.10404
1.14382
1.40298
1.17303
1.42831
1.52341
1.70958
1.06843
1.43876
1.1385
1.45913
1.22841
1.71695
1.65253
1.31506
1.55387
1.51891
1.69172
1.15349
1.27386
1.63524
1.81865
1.62418
1.5421
1.24291
1.2994
1.09064
1.32411
1.14982
1.63659
1.15055
1.04945
1.10034
1.12874
1.14635
1.6546
1.55236
1.27953
1.51867
1.74404
1.30104
1.07069
1.75554
1.06765
1.06522
1.24657
1.50216
1.22395
1.57523
1.53715
1.23264
1.17645
1.61636
1.14251
1.30649
1.6198
1.06765
1.34157
1.29091
1.08172
1.64473
1.69481
1.20556
1.5921
1.09017
1.60781
1.14563
1.27242
1.14661
1.18179
1.21269
1.16566
1.15449
1.28088
1.05872
1.10374
1.1074
1.19742
1.60574
1.27343
1.74404
1.25086
1.08328
1.03587
1.29383
1.72383
1.8366
1.08124
1.62845
1.55315
1.08158
1.72651
1.49807
1.70134
1.63602
1.74026
1.20842
1.62335
1.47738
1.02161
1.52682
1.08907
1.66115
1.31581
1.58094
2.09973
1.84847
1.46768
1.1857
1.18276
1.18854
1.32214
1.04861
1.63692
1.56266
1.17722
1.77891
1.62657
1.38193
1.53897
1.50162
1.25165
1.14821
1.82369
1.30286
1.28129
1.71691
1.08036
1.56664
1.22681
1.49773
1.84042
1.11274
1.13598
1.73747
1.15437
1.73428
1.53465
1.21234
1.47173
1.15066
1.23549
1.63564
1.19473
1.50191
1.84063
1.29281
1.11686
1.66002
1.1922
1.18872
1.16335
1.12626
1.77159
1.0944
1.30841
1.53718
1.10528
1.67084
1.21511
1.16323
1.07687
1.25608
1.10837
1.53622
1.58391
1.77284
1.08453
1.44767
1.5086
1.3147
1.15456
1.16599
1.04098
1.67057
1.1439
1.07339
1.70286
1.09186
1.7078
1.63925
1.31831
1.06325
1.62765
1.25965
1.19579
1.08095
1.17101
1.69008
1.89278
1.81025
1.74414
1.58743
1.13708
1.2007
1.26447
1.32455
1.28497
1.28227
1.16597
1.21344
1.74791
1.5414
1.64956
2.01367
1.14059
1.81096
1.55675
1.56405
1.12767
1.9998
1.7019
1.16742
1.38684
1.06281
1.24205
1.15444
1.03381
1.89451
1.26077
1.77105
1.19749
1.09369
1.10418
1.54914
1.3828
1.46862
1.15465
1.15534
1.60288
1.14105
1.92304
1.56204
1.61766
1.60886
1.24413
1.09809
1.27477
1.85797
1.93737
1.73477
1.75202
1.19242
1.08405
1.58393
2.07671
1.14846
1.12885
1.61804
1.17048
1.4386
1.7036
1.69941
1.29152
1.29301
1.74531
1.33227
1.24282
1.57543
1.46222
1.6198
1.60175
1.64394
1.1714
1.32546
1.29233
1.08154
1.94606
1.20682
1.65216
1.48141
1.39619
1.37465
1.16219
1.37728
1.21514
1.80821
1.29616
1.56659
1.31036
1.24465
1.16553
1.70576
1.51152
1.4699
2.0406
1.59474
1.15517
1.28576
1.10845
1.58801
1.45417
1.24027
1.07766
1.56296
1.35393
1.14485
1.93386
1.4947
2.26903
1.15768
1.16376
1.06634
1.11543
1.68716
1.20975
1.4009
1.33151
1.93432
1.21695
1.16322
1.30159
1.60177
1.37379
1.13706
1.17574
1.11393
1.62391
1.6756
1.66174
1.14816
1.15044
1.64678
1.21801
1.22972
1.1708
1.07382
1.18359
1.73013
1.18979
1.76276
1.04879
1.56408
1.36136
1.395
1.32944
1.61638
1.14469
1.18494
1.1551
1.26904
1.19523
1.17452
1.20039
1.22844
1.11139
1.17162
1.71331
1.24031
1.97297
1.28907
1.13903
1.50605
1.15908
1.30676
1.37501
1.87079
1.64893
1.33316
1.26594
1.32726
1.08103
1.18312
1.1484
1.23382
1.58405
1.69118
1.2705
1.37366
1.65912
1.31484
1.62536
1.6085
1.10371
1.16515
1.25797
1.23438
1.08754
1.11944
1.68386
1.84798
1.21005
1.16189
1.73701
1.34768
1.23601
1.42976
1.88391
1.07617
1.2665
1.55946
1.05921
1.70507
1.38183
1.099
1.30196
1.2398
1.52661
1.70469
1.12897
1.66101
1.1694
1.60147
1.71449
1.09919
1.47237
1.74367
1.14907
1.60175
1.59139
1.17688
1.88619
1.81579
1.18616
1.55656
1.19118
1.22766
1.78738
1.19666
1.11809
1.10638
1.56661
1.80066
1.13415
1.59449
1.4159
1.22754
1.6477
1.03183
1.35253
1.31795
1.08701
1.50492
1.90359
1.85082
1.16362
1.01841
1.09453
1.27424
1.37683
1.18081
1.79186
1.08486
1.60553
1.75965
1.69147
1.14725
1.20069
1.14248
1.15216
1.55285
1.62625
1.10004
1.12582
1.21418
1.16556
1.50336
1.98147
2.12187
1.5545
1.43378
1.76924
1.18299
1.42176
1.50155
1.28832
1.92841
1.66422
1.42819
1.26077
1.54279
1.11525
1.65258
1.50531
1.68903
1.43218
1.17438
1.10164
1.67455
1.18885
1.54165
1.65448
1.40357
1.67791
1.32064
1.64714
1.13825
1.14517
1.68094
1.17983
1.66293
1.06326
1.837
1.21446
1.1282
1.11052
1.4874
1.65133
1.12244
1.98931
1.12223
1.54114
1.1653
1.19131
2.29693
1.56091
1.15684
1.24549
1.8472
1.23048
1.57845
1.89538
1.11854
1.23822
1.56296
1.13155
1.63244
1.17686
1.27794
1.37432
1.57391
1.49082
1.81338
1.9392
1.33289
1.25647
1.24676
1.77482
1.11675
1.57492
1.22441
1.76414
1.87928
1.6636
1.06532
1.29801
1.46092
1.54644
1.55681
1.10862
1.16386
1.41648
1.09061
1.19374
1.11033
1.64862
1.93279
1.72682
1.67536
1.52804
1.73437
1.64444
1.56787
1.69675
1.11159
1.1525
1.03519
1.06376
1.1038
1.10807
1.71762
1.11287
1.22335
1.10098
1.62222
1.55008
1.47114
1.85242
1.14057
1.16901
1.32653
1.12593
1.14238
1.26837
1.60726
1.60419
1.54382
1.20096
1.74202
1.63147
1.5503
1.15736
1.16402
1.1204
1.74907
1.29894
20638600.0
25754800.0
17649900.0
20955800.0
18493600.0
19797700.0
12377400.0
26880100.0
24432700.0
23414500.0
23569600.0
26119900.0
17872800.0
30433600.0
20513600.0
18316300.0
20267800.0
21063900.0
23852600.0
26365100.0
13827000.0
14466000.0
21000600.0
16963300.0
10682300.0
22365600.0
21787400.0
20534600.0
14947200.0
12626100.0
24250900.0
18705400.0
28359000.0
14285100.0
21096200.0
11084600.0
20705700.0
19948700.0
16880800.0
20327400.0
17379500.0
16119900.0
23320400.0
21213900.0
23675900.0
18636800.0
10285800.0
24042400.0
21542900.0
21030400.0
28713300.0
18780900.0
21131400.0
22216400.0
15497600.0
21622900.0
20857500.0
29189300.0
22308500.0
17945000.0
14610200.0
18305000.0
18361300.0
15189400.0
21150700.0
16603500.0
7571740.0
23256900.0
23554900.0
14821600.0
16752400.0
12263900.0
24768600.0
21614600.0
15048900.0
19854500.0
15026000.0
19115000.0
20023900.0
16121200.0
20658500.0
23149400.0
16916000.0
19014900.0
30276900.0
13670900.0
13350600.0
24678500.0
14452500.0
22402700.0
20671400.0
19142300.0
17504700.0
25715200.0
13030400.0
21328000.0
15434800.0
31220500.0
17407300.0
21851200.0
13730600.0
20450100.0
23011100.0
14982200.0
21401100.0
21981100.0
25346200.0
14941800.0
18256500.0
18191400.0
18520300.0
12848200.0
33140600.0
13749700.0
21412000.0
39688700.0
24799300.0
16823300.0
21650700.0
21280800.0
19872200.0
19609300.0
12838500.0
20184600.0
10499600.0
20075700.0
12995700.0
21752500.0
17567300.0
28171400.0
17449100.0
24501400.0
26912700.0
15917700.0
27070300.0
16136700.0
31718900.0
21599000.0
26649200.0
19995700.0
23124700.0
18654600.0
31619400.0
20271700.0
15507100.0
18859600.0
25030300.0
14417600.0
16496800.0
12655200.0
19383100.0
28689000.0
18805000.0
16039800.0
20530300.0
22964000.0
21259300.0
12986700.0
22692000.0
21686400.0
15748100.0
20409400.0
13677600.0
12946300.0
19717800.0
23165100.0
26852400.0
22550400.0
24112700.0
23583200.0
9706100.0
13716000.0
15426600.0
15323400.0
17617100.0
24048100.0
21243900.0
14794600.0
13600300.0
17049500.0
22348900.0
11587300.0
23635800.0
18891800.0
23500400.0
11221600.0
15289200.0
17422800.0
24187000.0
20700200.0
16616200.0
11934100.0
22452700.0
16668200.0
21473400.0
20522500.0
13715800.0
21727100.0
20721000.0
35658500.0
17946100.0
15255100.0
17043000.0
22687900.0
25238200.0
18456900.0
23761600.0
23536300.0
14154100.0
19646000.0
26472600.0
23480200.0
24535600.0
20193500.0
23905800.0
23887000.0
14527300.0
16466600.0
17120100.0
21407500.0
19807000.0
19153200.0
17454600.0
16177700.0
17363300.0
10758500.0
11874600.0
20307100.0
20924500.0
14237700.0
22746900.0
20466700.0
17056900.0
19614100.0
26106900.0
13527800.0
19537100.0
18052400.0
13789300.0
18913700.0
20879800.0
27030200.0
14214800.0
19256000.0
18184400.0
16280000.0
17838600.0
15491300.0
25370800.0
15840200.0
29434000.0
21849000.0
23905000.0
22204800.0
20517000.0
23744200.0
20645600.0
21541700.0
28066400.0
12111400.0
24332100.0
16329700.0
25123600.0
27925900.0
17048800.0
19557100.0
12484700.0
12265900.0
19633200.0
21353300.0
27079400.0
10030100.0
29286200.0
13737300.0
20250100.0
19293300.0
25247700.0
22616800.0
13109900.0
14242900.0
30783400.0
16018000.0
16918900.0
19774900.0
17206500.0
26561800.0
22601300.0
11565900.0
19353200.0
28975900.0
8767090.0
16187400.0
16874500.0
12619800.0
20552800.0
23541100.0
29562000.0
29776100.0
21087600.0
22669900.0
17783800.0
21972900.0
29270600.0
18077600.0
17604800.0
20173100.0
20243600.0
20787700.0
16915200.0
23277000.0
18977100.0
13990600.0
16627500.0
21115800.0
22075500.0
14656300.0
21003200.0
19883400.0
19520300.0
24718000.0
23056700.0
15278000.0
15128200.0
16854000.0
23647500.0
15454600.0
15280100.0
14575100.0
16653300.0
20781800.0
29875300.0
34113800.0
22481400.0
21530600.0
20322500.0
24592600.0
13012400.0
20737000.0
20889200.0
27372700.0
17557700.0
13474000.0
12638700.0
12363000.0
22662600.0
7998040.0
23557400.0
16653300.0
14043500.0
16065600.0
18266100.0
31386100.0
20978200.0
22126000.0
19974000.0
18602500.0
17652800.0
29206600.0
25731600.0
16330400.0
19013000.0
15776400.0
19486800.0
19380000.0
30390800.0
24047200.0
19063100.0
25881500.0
15716700.0
19658900.0
14944400.0
20380000.0
21901100.0
18023600.0
22357400.0
16500500.0
31746000.0
17094300.0
16763100.0
18385100.0
26618900.0
21381900.0
27118800.0
25035500.0
19552900.0
13419700.0
16096100.0
17415100.0
13733700.0
16756900.0
18452400.0
11696600.0
19910300.0
17676100.0
19690200.0
26883600.0
24245100.0
18701700.0
15324400.0
12457800.0
23883700.0
33371800.0
20828400.0
14456500.0
21044300.0
15259700.0
20166900.0
19813600.0
18775700.0
20698700.0
20547700.0
23737500.0
22613400.0
18772100.0
12961300.0
25900900.0
28381300.0
17683200.0
35391200.0
18793400.0
13761800.0
22248100.0
18001400.0
22224000.0
18444200.0
15810600.0
20410100.0
22487000.0
18516300.0
19525600.0
14274000.0
22145700.0
26804300.0
20639400.0
18682700.0
12881500.0
17267900.0
25077400.0
20992600.0
16864600.0
16591100.0
25977300.0
16006800.0
14012200.0
20301100.0
21041000.0
15354800.0
26942100.0
21328200.0
20942600.0
27873100.0
14603500.0
23976200.0
18780200.0
17972300.0
19440600.0
6024220.0
18900600.0
19481000.0
32537200.0
22351400.0
16988800.0
25617400.0
20613800.0
25144000.0
15810200.0
21945000.0
25106600.0
19061400.0
22800800.0
23518900.0
33884400.0
23716100.0
22481900.0
15752900.0
23198800.0
23509900.0
24253800.0
18169500.0
15338900.0
16602700.0
10410900.0
26948300.0
21409700.0
19905200.0
12153200.0
27940400.0
24636200.0
20252300.0
29532800.0
11462900.0
19619600.0
12573900.0
14210900.0
25585600.0
20655000.0
16202700.0
17523700.0
17567200.0
17896500.0
18373800.0
21510900.0
19568100.0
28678000.0
28568800.0
13490400.0
27551000.0
18925900.0
26441600.0
17046300.0
13131100.0
21089400.0
14608800.0
19724700.0
23090500.0
22155400.0
18866400.0
16054900.0
20975000.0
10807400.0
14636500.0
21099300.0
15340700.0
23312900.0
23969000.0
25883500.0
19584100.0
19146800.0
24525200.0
22054500.0
14789400.0
19728900.0
29820200.0
22919300.0
27206100.0
11948900.0
32275200.0
8795290.0
20155800.0
20418700.0
20208300.0
27696800.0
29345400.0
28306800.0
24778500.0
11392900.0
19137200.0
20754400.0
17098300.0
11971800.0
11980300.0
24346900.0
21847600.0
16332200.0
20024700.0
12075200.0
17122000.0
11224100.0
24508500.0
11824900.0
30138800.0
19242000.0
13798300.0
14072000.0
15265500.0
21884500.0
8626940.0
12101500.0
18653300.0
20977100.0
25835900.0
17661300.0
16319000.0
21256000.0
23585600.0
31530600.0
15628600.0
17304600.0
24549200.0
26777000.0
14222900.0
19525400.0
21517200.0
24138300.0
17093400.0
18386100.0
10621000.0
20634300.0
14850500.0
13215300.0
23601400.0
19302800.0
22286500.0
21812800.0
23153000.0
24015500.0
20459900.0
26099500.0
16062100.0
13248500.0
16561200.0
20118600.0
25317600.0
16808300.0
23026100.0
23604200.0
15704700.0
18728100.0
19532300.0
14235300.0
20641700.0
15837600.0
19126000.0
26603400.0
22776200.0
19920100.0
20711700.0
19758400.0
12569300.0
18057000.0
12004400.0
17664400.0
20348100.0
13443800.0
16209900.0
14809100.0
18367800.0
13927000.0
28364400.0
22863200.0
18165000.0
21862300.0
11642800.0
16068500.0
16999900.0
18391200.0
17967500.0
27520400.0
14316800.0
16446300.0
21867300.0
13188000.0
22462600.0
24463100.0
19577100.0
14925500.0
26619500.0
18684900.0
32716700.0
14625800.0
26909000.0
12282800.0
15434800.0
15224900.0
19735200.0
19384000.0
20700000.0
18513900.0
16852900.0
18233200.0
20622600.0
19723400.0
26735400.0
10374000.0
17537600.0
20061200.0
20170900.0
22822400.0
25131100.0
21434900.0
14253400.0
9150330.0
15087600.0
18908500.0
17434400.0
15863800.0
11405300.0
12029600.0
19424100.0
15985600.0
13238000.0
14856600.0
30872100.0
16488200.0
12344200.0
18655600.0
21467100.0
11251600.0
17927800.0
15483000.0
17048300.0
21560600.0
18767500.0
18905800.0
14232800.0
22057500.0
11645500.0
24117400.0
15265000.0
13413700.0
21256000.0
21266400.0
11637300.0
24395000.0
20916000.0
32080200.0
28230400.0
25941500.0
26341700.0
31332300.0
16228000.0
15165700.0
18823700.0
10090500.0
16022000.0
25811700.0
22744800.0
18891100.0
23932000.0
11289300.0
17132300.0
27257700.0
15724500.0
20084000.0
26425000.0
19333000.0
29549200.0
20285700.0
15482300.0
24054800.0
19093400.0
16982300.0
17987600.0
19405900.0
26910400.0
24516300.0
17327400.0
18931000.0
27305200.0
15974100.0
22930400.0
29144400.0
27514800.0
26343200.0
21631300.0
7313530.0
24130800.0
19151900.0
9865470.0
16666400.0
22640500.0
20947300.0
16125500.0
23200300.0
11099100.0
19538600.0
24779100.0
27114000.0
22685000.0
19936400.0
18771900.0
26721100.0
24773900.0
15291500.0
28034300.0
16767300.0
24777000.0
21760000.0
9700440.0
28306100.0
12011100.0
22944100.0
20555700.0
23850000.0
12853600.0
24609400.0
12536200.0
18997600.0
15918000.0
12591400.0
16583000.0
12370200.0
9030530.0
15028700.0
19439600.0
26861400.0
20632800.0
24426600.0
15029700.0
20574100.0
21666400.0
19672600.0
24956000.0
25704200.0
16108300.0
13225600.0
19471700.0
17336900.0
12313500.0
23973200.0
13117200.0
17722600.0
19020400.0
23078200.0
22128800.0
20891800.0
15939500.0
19239300.0
28162200.0
22760700.0
26312200.0
32708900.0
27191000.0
17327600.0
35096400.0
21082600.0
25195800.0
22534400.0
26740100.0
15890800.0
16431400.0
16295000.0
15679900.0
14990100.0
18256000.0
20472100.0
19242500.0
18873800.0
22177500.0
21328700.0
23068700.0
20110000.0
18388900.0
11471500.0
22870800.0
15081500.0
16577200.0
28623600.0
17327400.0
31113700.0
13812300.0
20359100.0
21605400.0
12607300.0
20618400.0
20571700.0
20365800.0
11424200.0
17632200.0
22735600.0
23271300.0
18422200.0
18681200.0
15698000.0
13981300.0
14427500.0
14393700.0
21064700.0
18709000.0
12860400.0
19505000.0
15069700.0
16894700.0
21958200.0
25251000.0
26144300.0
13307500.0
12897200.0
15250100.0
25677600.0
23866200.0
9896640.0
12370600.0
20188700.0
21955900.0
16785600.0
27789100.0
29930200.0
25494100.0
19265200.0
19465600.0
13197700.0
26210300.0
20558000.0
21521400.0
21280300.0
15691200.0
21106700.0
18181800.0
19986100.0
27648100.0
19426700.0
21614300.0
26119900.0
24974200.0
24932100.0
18530900.0
16298900.0
11920000.0
13640500.0
19179000.0
19564900.0
9877400.0
15988600.0
18486200.0
14732200.0
15607600.0
8876770.0
20667200.0
26466600.0
19307100.0
22339300.0
22231000.0
13425400.0
22702400.0
27280500.0
25225200.0
14053100.0
8542330.0
28796000.0
20776300.0
18300000.0
16753700.0
17005800.0
24765300.0
15864300.0
28670800.0
20716800.0
16877700.0
24808700.0
18808000.0
16202900.0
14310200.0
10577800.0
27053500.0
21148700.0
14626800.0
17741500.0
17906800.0
30446200.0
18421400.0
17002100.0
19483200.0
20332700.0
29278700.0
15727800.0
14971100.0
15872800.0
23240900.0
20165700.0
18084300.0
19935600.0
21929400.0
25645400.0
35677500.0
18336500.0
19521700.0
24200800.0
25744500.0
18346700.0
15314200.0
14247400.0
24028900.0
20774800.0
22723700.0
21633700.0
18902000.0
18365700.0
19755700.0
27216200.0
21232200.0
23575100.0
23875800.0
8970200.0
21687600.0
18292400.0
27259600.0
20840900.0
22444100.0
25743500.0
18458800.0
15622800.0
17348200.0
15932100.0
26620300.0
19697800.0
17515100.0
20907900.0
17096400.0
23344100.0
19645100.0
12277100.0
19567800.0
19681800.0
26075600.0
17728000.0
25238200.0
17429900.0
17313400.0
21281100.0
20638635.060632
25754814.066409
17649935.048392
20955845.053987
18493573.052391
19797702.03185
12377417.030571
26880085.077118
24432685.067559
23414538.060327
23569562.044964
26119885.073923
17872337.057208
30433589.088128
20513594.05895
18316312.047814
20267839.058071
21061372.56371
23852628.070177
26365111.06484
13827042.038446
14465951.037667
21000604.050197
16963278.050589
10682284.030324
22365642.062586
21787374.062404
20534598.0593
14947250.035458
12627577.023236
24250900.063277
18705445.061159
28358992.08336
14285080.039908
21096231.056848
11084596.01912
20705681.056225
19948720.062209
16880756.047519
20327423.053931
17379503.046859
16119941.044041
23320379.060067
21213859.038277
23677001.568709
18636844.056751
10285752.029579
24042045.068056
21542855.036977
21030368.061751
28713331.073722
18780854.052652
21131356.036936
22216398.051818
15497557.047318
21622579.056834
20857528.05553
29189273.079306
22308451.072514
17946235.048338
14610170.039135
18304974.058845
18361289.05833
15189385.025715
21150671.067831
16604423.052961
7571745.023319
23256904.064003
23554546.556561
14821200.043655
16752082.044112
12263948.037097
24768577.074409
21614634.057353
15048887.047115
19854521.060557
15025482.288672
19114973.05317
20023929.057147
16121191.041327
20658483.059535
23149447.061558
16915976.045837
19014928.050649
30276894.071397
13670932.022001
13350642.035401
24678528.057295
14452498.03837
22402659.066514
20671359.064698
19142307.051776
17504741.043841
25715249.066173
13030358.037486
21327989.057773
15434790.042817
31220488.087261
17407299.047035
21854376.065782
13730580.04292
20450083.046846
23011119.056477
14982242.039315
21401069.0622
21980216.066119
25346230.06683
14941691.024608
18256473.053509
18191444.046534
18520283.054108
12848168.023393
33140554.101472
13749691.033346
21412029.057654
39688679.102684
24799323.042251
16823330.053327
21650678.061339
21280835.035838
19872202.056326
19608964.056463
12838521.021104
20184563.056338
10499614.027258
20075668.052286
12995662.037183
21752466.040879
17567299.052765
28171399.079862
17449149.042994
24501357.064002
26912702.064982
15917698.050051
27070309.082127
16136700.050151
31718934.100047
21599018.072807
26649163.071605
19995685.050691
23124680.071068
18657331.049973
31619424.089273
20271708.048846
15507139.044163
18859612.053899
25030297.067883
14417646.039302
16496760.04691
12655211.035685
19383126.062761
28689033.065944
18805007.032599
16039849.046139
20530326.057056
22963953.065695
21259334.054503
12986653.037976
22691967.067828
21686421.036785
15748142.037958
20409405.061435
13677628.021858
12946309.040505
19717817.051908
23165137.062491
26852352.047082
22550409.058751
24112730.056502
23583212.070776
9706105.027839
13716007.037801
15426577.044848
15323384.050874
17614624.055399
24048054.06395
21243943.065941
14794639.040255
13599748.036321
17049513.052467
22348869.057792
11587296.02984
23635811.065041
18891762.032831
23500377.071507
11220674.280742
15289217.047685
17422399.051909
24186992.064143
20700224.056886
16616242.039846
11934144.030578
22452716.057187
16668170.053774
21473417.066772
20522515.052442
13715823.035478
21727081.055412
20720989.06196
35658502.0801
17946122.045773
15255139.046279
17042988.054427
22687881.062543
25238220.564362
18456892.031634
23761633.065126
23536344.067395
14154132.04213
19646011.05119
26472607.045751
23480216.077118
24535623.06606
20193502.060088
23905797.063297
23887011.063731
14526921.539654
16466574.048656
17120028.541339
21407493.070846
19806991.052767
19153167.057843
17454636.046902
16177701.027385
17363329.044095
10758457.017417
11876790.032345
20307117.06134
20924536.066239
14237444.522855
22746868.064696
20466724.052147
17056926.055385
19614080.055729
26106892.070545
13527768.025365
19537114.058819
18052397.056599
13788967.035036
18913726.056092
20879815.05576
27030195.082281
14214786.024246
19256006.04931
18184358.055618
16280040.048503
17838601.046537
15491260.030161
25370808.059335
15840177.040778
29434033.083708
21848958.036113
23905037.070947
22204824.055512
20517995.053907
23744151.056858
20645628.03509
21541666.035896
28066427.076919
12111393.030764
24332091.042027
16329674.048728
25123647.071033
27925855.04708
17048847.053078
19557123.060958
12484732.019465
12265869.035724
19633238.035052
21353342.058289
27079430.067923
10029953.032139
29286172.049323
13737342.043754
20250105.061882
19293268.036066
25247688.064155
22616811.062433
13109888.02389
14242936.035087
30784105.080786
16017980.045102
16918930.051186
19774925.055528
17206117.553349
26561847.085054
22601276.058497
11565928.030207
19353237.061996
28975930.079773
8767089.028089
16187423.050521
16874505.046147
12619810.031441
20552803.062784
23541058.063933
29561998.084229
29776053.089217
21087599.064988
22669921.05922
17783775.053246
21972928.059556
29270621.079367
18077610.032511
17604811.048067
20173056.051111
20243622.056851
20787725.065724
16915187.051378
23276975.07237
18976861.050602
13990289.539018
16627498.049323
21115847.055297
22075458.039354
14656264.044103
21003240.061323
19883434.046485
19520283.062067
24717972.08093
23056666.063242
15277979.048657
15128183.025467
16853978.052707
23647498.059032
15454558.046865
15280074.046192
14575088.035127
16653330.047553
20781810.05777
29875251.08236
34113840.088133
22481369.052517
21530550.057374
20322500.063987
24592561.068512
13012444.034322
20737020.036513
20889222.050985
27372723.080998
17557744.055016
13473985.03275
12638745.033517
12363004.038859
22662579.058571
7998042.01611
23557382.06823
16652793.029183
14043488.038779
16065606.051043
18266096.050831
31386067.093996
20978188.059029
22125969.056845
19973994.05723
18602526.056485
17652769.054006
29206587.052714
25731632.078102
16330141.707346
19012998.049133
15776388.045647
19486803.062564
19380044.050754
30390816.095553
24047182.069297
19063094.052162
25881470.071993
15716517.547578
19658917.049825
14944380.046923
20379910.732346
21901129.060361
18023564.030413
22357420.066868
16500490.030491
31745991.084988
17094338.050918
16763079.053008
18385112.052456
26618907.080268
21381895.069022
27118823.081975
25035545.066753
19552938.062959
13419675.035626
16096073.042165
17415074.041601
13733745.039812
16756918.028634
18452425.047161
11696636.031692
19910345.049629
17676135.051613
19690241.058714
26883618.074421
24245095.060413
18701659.050836
15325922.041173
12457848.020636
23883686.06597
33371764.091084
20828359.062776
14456139.539162
21044326.061393
15259659.025579
20166930.033165
19813582.050212
18775658.047987
20698723.036389
20547716.052115
23737460.064946
22613363.040763
18772095.045992
12961274.038316
25900896.067395
28381298.082566
17683187.048504
35391156.091866
18793435.050912
13761796.042565
22248057.061417
18001376.050518
22224002.062555
18444151.050293
15810612.051581
20410092.035217
22487018.059718
18516314.046894
19525649.053684
14274037.044225
22145725.063662
26804278.071648
20639426.040164
18682696.032118
12881495.040668
17267913.028404
25074880.071746
20992634.047178
16864578.039076
16591054.045203
25977262.052493
16006850.042327
14012157.035982
20301133.058926
21041000.061373
15354822.04907
26942096.078166
21328236.061067
20942564.047715
27873134.068034
14603478.042117
23976173.078023
18780190.032523
17969761.553795
19440642.047788
6024216.018272
18900570.0532
19481036.03252
32537201.092682
22351447.070788
16988797.049154
25617171.740381
20613788.064756
25144010.0751
15810157.040694
21945008.067008
25106636.076776
19061352.0612
22800837.067174
23518859.056475
33884434.08511
23715861.570493
22481883.068072
15752911.028758
23198782.065818
23509852.068559
24253846.042895
18169540.053595
15338903.040904
16602707.039145
10410804.018723
26948333.077699
21409432.563719
19905178.047365
12153227.034656
27940364.082227
24636203.072416
20252263.061239
29532766.077139
11462881.033067
19619630.034293
12573854.030171
14210856.043167
25585606.06874
20655029.05923
16202743.050318
17523670.056042
17567192.053558
17896466.052784
18373821.055632
21510395.056598
19568105.031894
28677997.08267
28568799.073667
13490367.038717
27551772.068475
18925872.045768
26441257.065804
17046292.040783
13131072.037418
21089402.061644
14608779.036576
19724719.050893
23090508.066194
22155423.055284
18866416.061779
16054887.027225
20975001.047865
10807410.030693
14636544.034319
21099340.058689
15340685.043268
23312247.230931
23968984.063497
25883496.068109
19584078.058606
19146827.053419
24525250.067708
22054546.06417
14789401.037446
19728860.032679
29820208.072226
22919337.069713
27206136.0767
11948551.035299
32275218.085887
8795286.022258
20155756.057542
20418671.06374
20208336.032844
27696814.083377
29345434.083099
28306769.079958
24778499.066963
11392886.033113
19136983.556038
20754397.054758
17098269.045624
11971757.032663
11980309.038491
24346938.062942
21847575.061882
16332180.049418
20024710.059703
12075186.034177
17121992.052657
11224053.029988
24508535.071992
11824885.036901
30138750.076961
19241966.050286
13797834.536281
14071951.032943
15265535.045562
21884501.062257
8626939.014068
12101457.03253
18655188.049937
20976823.059339
25835905.074803
17661315.041595
16319022.043431
21256040.066618
23585575.072749
31530620.086723
15628606.039904
17304637.046063
24549215.067067
26776966.077319
14223783.03895
19525378.059976
21517170.058698
24138283.076471
17093007.530756
18386065.053151
10620990.030516
20634326.047938
14850615.712211
13215312.032552
23601386.066265
19302752.036512
22286158.062832
21812792.053009
23152697.727883
24015536.071088
20459937.050491
26099548.077865
16062080.028973
13248520.032619
16561182.0433
20118624.051127
25317623.064463
16808321.050568
23026057.070453
23604225.066544
15704714.044001
18727789.556398
19532323.057238
14235314.040354
20641714.065129
15837649.042139
19125973.051132
26603368.062243
22776234.06645
19920075.055503
20711691.036265
19758433.055466
12569342.021185
18057149.033759
12004390.020864
17664361.053109
20348058.052266
13443808.04217
16209893.050543
14809099.043849
18367846.050697
13926985.038786
28364410.071439
22863240.061121
18165002.046799
21862266.060159
11642824.033798
16068459.051259
16999852.043561
18391226.058262
17967458.050533
27520397.079729
14316835.043785
16446287.051182
21867270.057394
13187955.042054
22462613.068345
24463080.039429
19577118.058388
14925533.03958
26619454.081226
18684918.054376
32716686.06824
14625752.037214
26909019.064795
12282802.020823
15434847.048609
15224917.026646
19735212.054121
19384010.056025
20699978.054148
18513926.049396
16852873.053696
18233189.055724
20622602.064098
19723362.058706
26735378.072007
10373998.025113
17537602.04933
20061169.053439
20170884.065589
22822406.074779
25131068.062239
21434872.051501
14253383.045423
9150330.021675
15087555.049594
18908530.059835
17434388.047491
15863825.038979
11405284.033998
12029580.028445
19424116.032169
15985645.046248
13237958.035996
14856646.047057
30872057.086975
16488168.050978
12344204.030629
18655565.058087
21467133.053533
11251591.028495
17927807.047974
15482985.038661
17048334.028749
21560617.062728
18767472.048436
18905782.053296
14232838.025446
22057509.069227
11645496.030202
24117413.076428
15265009.049862
13413719.041495
21255973.062251
21266362.061839
11637273.01992
24395035.070911
20915997.067748
32080180.079309
28230385.084726
25941519.072958
26341655.084355
31332339.094743
16227920.54914
15165708.04437
18823677.047266
10090750.028127
16021955.041816
25811714.077596
22744823.0717
18890752.545238
23932021.07443
11289348.029137
17132327.051353
27257691.070391
15724503.025749
20084025.056835
26424959.067553
19332968.047053
29549224.085603
20285655.065902
15482269.045118
24054811.057761
19093426.051161
16982253.031109
17987630.053125
19405883.054443
26910417.081433
24516331.061367
17327443.046383
18930981.053093
27305239.08568
15974074.042253
22930394.038523
29144423.08418
27514833.071604
26343213.067385
21631320.067523
7313296.52126
24130827.066621
19151896.045233
9865474.032167
16666445.050442
22640452.061828
20946826.058181
16125532.042919
23200263.069028
11098895.031953
19538572.056747
24779132.066383
27114032.071821
22684983.044511
19936363.063848
18771929.058531
26721120.067843
24773937.077636
15291539.0479
28034301.084007
16767283.044863
24776959.062071
21759770.062862
9700127.683736
28306078.077293
12011149.031595
22944086.038251
20555717.063254
23849608.576141
12853636.03828
24609354.059504
12535893.034112
18997253.551274
15918001.049388
12591395.029655
16583039.048198
12369983.033633
9030295.026453
15028716.044335
19439616.051659
26861369.086086
20632785.048281
24426578.076327
15029722.03758
20574136.036324
21666400.063644
19672622.056204
24956043.072329
25704172.043255
16108036.526234
13225591.037025
19471668.033066
17336943.052572
12313496.034832
23973157.07058
13117236.021897
17722589.031834
19020412.050852
23078201.067017
22128769.067944
20891757.046893
15939462.040671
19239331.032576
28162206.081096
22760677.061461
26312199.079174
32708946.092452
27191012.089638
17327600.028598
35096384.093272
21082611.067057
25195769.066508
22534357.063777
26740053.048105
15890829.026902
16431397.051707
16295034.047165
15679900.045357
14990110.038745
18255994.046872
20472111.039324
19242095.561417
18873751.050527
22177544.055503
21328657.052002
23068730.068377
20109953.037899
18388883.046335
11471505.028466
22870757.066591
15081486.040251
16577167.049117
28623603.071646
17327444.051186
31113706.097453
15114444.042275
20359123.062647
21605438.05213
12607287.036758
20618443.035996
20571702.05664
20365846.054554
11424219.027613
17632236.030068
22735628.062028
23271297.069512
18422205.058624
18681204.05825
15698019.044704
13981338.038132
14427008.034244
14393651.045132
21064702.062067
18705711.037718
12860360.037719
19505019.053308
15069746.037327
16894328.05128
21958193.0586
25251036.075414
26144257.070718
13307490.023112
12897232.036918
15250125.040122
25677636.065378
23866220.059619
9896635.016084
12370555.036466
20188720.05352
21955898.052892
16785585.051609
27789141.090384
29930165.081069
25494112.07275
19265150.037546
19465574.058427
13197737.036035
26210259.078917
20558031.060455
21521402.057961
21280271.066122
15691236.045631
21106731.061681
18181763.053342
19986100.05824
27648143.078251
19426739.048919
21614256.035733
26119134.07998
24974222.06899
24932112.072876
18530945.054282
16298854.045921
11920042.020004
13640473.042131
19178975.050103
19564929.057941
9877061.01623
15988606.045981
18486172.05192
14732181.038071
15607348.542503
8876773.027612
20667162.068655
26466592.078093
19307052.043226
22339256.057837
22230961.059921
13425404.021889
22702396.070743
27280537.086278
25225158.06718
14053062.045319
8542331.01473
28796015.0724
20776278.058684
18300030.053239
16753719.044218
17005807.028001
24765260.081108
15864258.050141
28670828.069285
20716351.554819
16877675.044284
24808730.074164
18808029.056498
16202927.047529
14310191.04388
10577848.034431
27053523.076747
21148717.05527
14626762.042262
17741482.054349
17906809.053212
30446242.078987
18421350.049667
17002128.04661
19483200.045815
20332698.056973
29278670.084785
15727814.044445
14971142.036349
15872777.043572
23240864.068203
20165708.052443
18084331.032265
19935556.052848
21929350.065438
25645402.064701
35677543.104896
18336513.032561
19521730.057631
24200771.060264
25744534.074473
18346898.05715
15314214.027593
14247440.027596
24031877.074742
20774768.057583
22723655.06729
21633681.059412
18902027.031841
18365656.031716
19755706.057675
27216189.07653
21232249.060662
23575107.066551
23875803.076889
8969366.525639
21687629.039476
18291929.048448
27259630.080103
20840912.064891
22444141.062873
25743537.071597
18458816.053533
15622808.043539
17348190.049839
15931602.04477
26620271.085125
19697806.049671
17518136.044244
20907891.061715
17096374.042578
23344143.069596
19645146.052107
12277127.02004
19567786.054913
19681833.063797
26075604.067195
17728010.051461
25238191.072927
17429938.051896
17313363.052183
21281063.0621
