1.09097
1.00011
1.06596
1.00194
1.05081
1.00184
1.00249
1.05625
1.00029
1.00223
1.06646
1.06569
1.00033
1.00025
1.04728
1.04572
1.00163
1.00036
1.00026
1.00028
1.00533
1.00017
1.02995
1.06496
1.09504
1.10201
1.00024
1.00016
1.16367
1.00027
1.00036
1.04604
1.00014
1.03505
1.0532
1.00033
1.00071
1.14232
1.10554
1.00015
1.00017
1.00026
1.00524
1.08021
1.07912
1.00027
1.00024
1.00217
1.01242
1.0003
1.00024
1.00591
1.04848
1.00022
1.0438
1.00017
1.04846
1.00017
1.05908
1.05354
1.0348
1.03186
1.00024
1.00017
1.00072
1.00114
1.00236
1.00026
1.03774
1.00021
1.0822
1.00028
1.00175
1.00018
1.00021
1.00023
1.00018
1.00033
1.00599
1.00704
1.00039
1.0002
1.00025
1.00021
1.00028
1.00019
1.00622
1.00293
1.00027
1.0002
1.06003
1.12923
1.0526
1.03026
1.03044
1.00016
1.00029
1.0345
1.01096
1.00018
1.00018
1.07606
1.0363
1.07396
1.00025
1.01572
1.00345
1.04087
1.00026
1.00023
1.00136
1.02287
1.09148
1.00026
1.00034
1.04339
1.00017
1.10964
1.00033
1.0027
1.00031
1.0449
1.10833
1.0002
1.03863
1.03264
1.0002
1.0232
1.08204
1.00029
1.00029
1.00023
1.00029
1.00026
1.12004
1.0002
1.01759
1.00066
1.09084
1.00026
1.00019
1.00306
1.0054
1.00028
1.00187
1.0069
1.09723
1.00025
1.00025
1.00028
1.00031
1.00019
1.00025
1.06114
1.00742
1.00039
1.00019
1.00031
1.03933
1.00324
1.07462
1.00025
1.01487
1.00024
1.00024
1.06142
1.00019
1.13033
1.02297
1.00024
1.06716
1.00412
1.00013
1.02022
1.00031
1.00021
1.03954
1.0002
1.03907
1.00013
1.01163
1.00025
1.00021
1.00027
1.00209
1.03819
1.00619
1.00017
1.00022
1.00022
1.03209
1.00015
1.00526
1.00021
1.00373
1.00021
1.06041
1.06912
1.00023
1.08365
1.00031
1.00024
1.00014
1.00024
1.00021
1.09995
1.13385
1.02937
1.05057
1.0261
1.04597
1.00405
1.02005
1.15451
1.00143
1.0002
1.05886
1.0003
1.05783
1.09817
1.00024
1.0005
1.00024
1.00312
1.05301
1.00024
1.0003
1.00024
1.00026
1.00024
1.02969
1.07823
1.08318
1.00641
1.05476
1.00021
1.00005
1.00232
1.0002
1.03941
1.00021
1.00029
1.21216
1.00106
1.00022
1.00012
1.08786
1.01328
1.00026
1.08833
1.00175
1.00031
1.01483
1.00023
1.03814
1.00023
1.00077
1.01513
1.00764
1.00783
1.00329
1.00176
1.16063
1.00016
1.00031
1.00035
1.01182
1.07271
1.00346
1.12106
1.00033
1.02968
1.00022
1.0134
1.00024
1.09925
1.00014
1.0003
1.04982
1.01703
1.00024
1.03576
1.00542
1.00036
1.00032
1.05518
1.00463
1.0002
1.00024
1.0002
1.00021
1.00101
1.00084
1.00022
1.03827
1.00335
1.01437
1.00029
1.00748
1.00025
1.02559
1.00019
1.02854
1.06832
1.00016
1.00025
1.00771
1.04565
1.05567
1.00026
1.04346
1.06412
1.00032
1.09431
1.00029
1.00022
1.04383
1.00017
1.13113
1.00032
1.00023
1.00026
1.09368
1.00141
1.04799
1.00024
1.00024
1.06681
1.0002
1.02173
1.00015
1.00026
1.00028
1.0003
1.00023
1.00024
1.00017
1.00026
1.00025
1.00027
1.00019
1.03295
1.05303
1.05521
1.00029
1.09749
1.0002
1.00042
1.00021
1.01476
1.00888
1.00021
1.00023
1.04768
1.00018
1.04354
1.00279
1.05153
1.00249
1.10008
1.03649
1.02472
1.00022
1.00015
1.00023
1.00009
1.00456
1.04826
1.00019
1.0003
1.00019
1.05328
1.02827
1.00034
1.00316
1.0003
1.10747
1.00028
1.05009
1.00022
1.00018
1.06295
1.00014
1.11852
1.004
1.00023
1.00029
1.03264
1.03596
1.00056
1.14912
1.00012
1.00363
1.06425
1.00021
1.00018
1.07209
1.00021
1.00025
1.00026
1.0068
1.0002
1.0332
1.06775
1.00023
1.00016
1.00034
1.09064
1.00036
1.00049
1.00026
1.07108
1.00031
1.00008
1.04414
1.02363
1.05421
1.06442
1.12349
1.08873
1.03621
1.00631
1.0002
1.09305
1.00031
1.08825
1.03561
1.04744
1.00022
1.08788
1.00127
1.00309
1.03431
1.0002
1.00014
1.03514
1.00027
1.00026
1.00441
1.00104
1.00027
1.00033
1.00018
1.10106
1.00018
1.00406
1.06137
1.05167
1.00029
1.0002
1.03344
1.00046
1.00023
1.00022
1.00018
1.00423
1.06693
1.00025
1.00029
1.00612
1.00018
1.01232
1.00032
1.06143
1.00022
1.01474
1.13206
1.06444
1.00231
1.07526
1.0023
1.00024
1.00195
1.02424
1.00022
1.00054
1.00021
1.00081
1.00027
1.00617
1.00088
1.06242
1.04751
1.00157
1.00028
1.00039
1.00026
1.00017
1.03498
1.01498
1.03285
1.0003
1.03869
1.00027
1.02721
1.11428
1.00023
1.08759
1.00025
1.00138
1.05351
1.00019
1.00013
1.07578
1.00114
1.00916
1.05055
1.05012
1.09412
1.00019
1.09128
1.00114
1.0002
1.00755
1.00023
1.05844
1.00177
1.04229
1.00195
1.0002
1.00024
1.00219
1.05459
1.06459
1.00313
1.01101
1.00019
1.00025
1.00024
1.03342
1.0186
1.0767
1.0002
1.00128
1.00174
1.00036
1.06982
1.08614
1.0002
1.14883
1.00184
1.06761
1.00029
1.00017
1.00023
1.07223
1.00028
1.00083
1.01692
1.00022
1.00313
1.08669
1.05829
1.05474
1.00052
1.00639
1.03004
1.01112
1.05383
1.00021
1.00017
1.03258
1.03043
1.01649
1.05081
1.00021
1.01058
1.01391
1.02285
1.00024
1.0002
1.00024
1.00022
1.0003
1.03331
1.02733
1.10344
1.02972
1.00828
1.04687
1.00029
1.00026
1.00015
1.05813
1.00014
1.0034
1.01107
1.14046
1.00029
1.09573
1.01909
1.00027
1.00349
1.00032
1.00016
1.00024
1.0003
1.00031
1.0667
1.14419
1.0002
1.00063
1.05326
1.00018
1.00008
1.04377
1.0002
1.01317
1.04304
1.00408
1.00183
1.03355
1.13699
1.04618
1.0003
1.00021
1.0003
1.06275
1.00022
1.0035
1.00159
1.0002
1.00217
1.03734
1.06765
1.00317
1.00193
1.00016
1.00012
1.00023
1.00025
1.04465
1.00022
1.00021
1.08243
1.00016
1.0002
1.07648
1.0031
1.00021
1.0004
1.00017
1.00027
1.00019
1.0002
1.01418
1.00193
1.00016
1.06753
1.00022
1.05003
1.00207
1.06637
1.00029
1.00299
1.00029
1.03259
1.0067
1.08904
1.00019
1.00023
1.08078
1.0004
1.00029
1.00204
1.04039
1.0002
1.00245
1.00018
1.00318
1.04999
1.03504
1.00021
1.00025
1.00024
1.00017
1.01235
1.01582
1.00024
1.04607
1.11306
1.03003
1.00013
1.06047
1.01006
1.00025
1.01968
1.06143
1.00031
1.00022
1.00234
1.00019
1.00016
1.00027
1.04198
1.02847
1.00837
1.00021
1.00022
1.03543
1.03966
1.00056
1.00185
1.00028
1.00023
1.00025
1.02747
1.00019
1.00688
1.04688
1.00027
1.04727
1.00024
1.00069
1.00018
1.00028
1.05839
1.05025
1.00036
1.0008
1.12376
1.00509
1.00026
1.00459
1.00017
1.00029
1.00015
1.00026
1.00027
1.00641
1.00026
1.01144
1.00032
1.07033
1.00031
1.15625
1.04905
1.00018
1.00025
1.0002
1.00025
1.05616
1.07863
1.00026
1.00014
1.04816
1.00023
1.00029
1.00023
1.08855
1.04355
1.0092
1.14259
1.07511
1.02258
1.11638
1.00012
1.00506
1.03199
1.05794
1.00029
1.00018
1.0058
1.00031
1.00012
1.06041
1.07878
1.02404
1.00019
1.00019
1.02859
1.00035
1.00016
1.00077
1.003
1.01502
1.00021
1.02861
1.00273
1.05754
1.00022
1.00018
1.04301
1.05997
1.01771
1.07302
1.00019
1.05964
1.01367
1.12521
1.08486
1.09399
1.09017
1.00016
1.00032
1.00026
1.06703
1.02961
1.00019
1.00035
1.0002
1.06323
1.0471
1.12456
1.00703
1.00138
1.0558
1.06371
1.00057
1.00021
1.00032
1.02399
1.00123
1.05061
1.00026
1.11561
1.03957
1.00077
1.00026
1.00116
1.00031
1.0002
1.00028
1.00052
1.00029
1.09106
1.03926
1.07994
1.05417
1.05441
1.00132
1.00017
1.00016
1.00427
1.05525
1.00159
1.04539
1.00024
1.0002
1.00547
1.16961
1.12383
1.00256
1.07523
1.06186
1.00091
1.07421
1.04734
1.0003
1.00449
1.00023
1.00029
1.09299
1.00024
1.00127
1.00023
1.00842
1.00163
1.00023
1.04587
1.00178
1.06878
1.00377
1.01416
1.00044
1.00023
1.00218
1.00025
1.10126
1.00016
1.00415
1.09484
1.0002
1.00025
1.00035
1.08605
1.0504
1.0917
1.0002
1.10435
1.00021
1.04035
1.07127
1.00016
1.03427
1.00398
1.01715
1.00957
1.00024
1.00034
1.00018
1.02993
1.0529
1.00019
1.04522
1.09734
1.06873
1.00026
1.00018
1.00443
1.00161
1.02158
1.00026
1.00016
1.06313
1.05517
1.00019
1.05716
1.06051
1.00073
1.00027
1.07061
1.00016
1.03082
1.00022
1.10973
1.06173
1.00023
1.04493
1.00018
1.00013
1.00381
1.04491
1.00303
1.05057
1.00023
1.00019
1.00228
1.01554
1.00022
1.00021
1.00105
1.0718
1.00023
1.00024
1.0003
1.00025
1.09499
1.00026
1.0821
1.00027
1.02134
1.00483
1.05866
1.00022
1.00675
1.06209
1.00023
1.00016
1.0002
1.00019
1.02032
1.10492
1.00022
1.0002
1.05069
1.00891
1.00273
1.05954
1.01269
1.0889
1.00035
1.0164
1.01227
1.096
1.00018
1.01466
1.00189
1.00026
1.0076
1.00032
1.00027
1.00031
1.00962
1.00027
1.00089
1.00752
1.04883
1.03785
1.05958
1.06719
1.00099
1.00014
1.00025
1.00213
1.0711
1.03974
1.05112
1.00032
1.11611
1.0293
1.02496
1.01576
1.05283
1.00736
1.05576
1.00028
1.00041
1.07464
1.02259
1.78693
1.50445
1.69218
1.65344
1.7435
1.37541
1.86055
1.83236
1.5315
1.64099
1.7287
1.52614
1.6088
1.52482
1.88083
1.78904
1.63763
1.53935
1.70509
1.68128
1.66802
1.54601
1.67481
1.59457
1.74369
1.86419
1.74102
1.48299
1.69112
1.48388
1.81785
1.8198
1.45681
1.64772
1.48716
1.81784
1.50129
2.30937
1.74299
1.50503
1.32943
1.60634
1.70778
1.82197
1.76082
1.75704
1.65708
1.72678
1.5629
1.86455
1.50742
1.84819
1.78855
1.59192
1.50846
1.5244
1.71174
1.44152
1.70521
1.73075
1.82264
1.5349
1.61904
1.4941
1.45968
1.64124
1.50892
1.58387
1.80336
1.66704
1.44614
1.57576
1.49402
1.5575
1.62882
1.5337
1.44835
1.65727
2.06774
1.58631
1.69255
1.52873
1.545
1.65008
1.80064
1.66228
1.79015
1.98822
1.47261
1.48622
1.46906
1.82623
1.56908
1.54161
1.85622
1.54668
1.75833
1.9398
2.01821
1.48445
1.34764
1.78197
1.63043
1.51708
1.50627
1.77095
1.55897
1.46171
1.51211
1.59315
1.67897
1.58826
1.47516
1.61593
1.91012
1.80876
1.49225
1.86779
1.79139
1.33844
1.8384
1.68582
1.80997
1.38956
1.8173
1.81545
1.50362
1.5145
2.09421
1.7654
1.72547
1.56636
1.82484
1.65962
1.74459
1.54497
1.56149
1.48917
1.7813
1.50999
1.53882
1.62523
1.7306
1.56172
1.73618
1.72298
1.95392
1.52592
1.55018
1.54959
1.72808
1.50435
1.64054
1.71386
1.60938
1.87583
1.62788
1.65284
1.63826
1.49043
1.89291
1.56771
1.58373
1.66542
1.66714
1.59656
1.47736
1.89075
1.78432
1.40164
1.82891
1.6288
1.46037
1.47519
1.60721
1.53109
1.83577
1.50501
1.67226
1.56884
1.73011
1.65386
1.51921
1.64271
1.78378
1.59935
1.46246
1.54362
1.52473
1.5381
1.66524
1.46799
1.78465
1.6023
1.41832
1.51301
1.92819
1.72782
1.61865
1.82618
1.81562
1.65578
1.45538
1.69458
1.54851
1.89397
1.91492
1.50911
1.81143
1.69271
1.7903
1.66554
1.77331
1.60645
1.94151
1.69166
1.67594
1.73565
1.6397
1.51062
1.61678
1.46139
1.70982
1.5296
1.59243
1.56741
1.75786
1.46535
1.72255
1.6466
1.70932
1.59086
1.68933
1.79687
2.18379
1.67565
1.63269
1.82727
1.55135
1.82898
1.65441
1.35961
1.85044
1.81857
1.54334
1.32716
1.86327
1.50505
1.6445
1.61025
1.42203
1.62558
1.91076
1.71499
1.80568
1.61624
1.81653
1.92365
1.61602
1.93315
1.98239
1.63042
2.08751
1.49646
1.56175
1.73122
1.75245
1.64529
1.51296
2.07411
1.87204
1.71874
1.55275
1.77057
1.66381
2.25984
1.34634
1.73145
1.57946
1.70374
1.45239
1.63227
1.74632
1.66361
1.88079
1.90602
1.79715
1.53112
1.43662
1.54578
1.65649
1.71822
1.51422
1.72771
1.63327
1.58001
1.71087
1.69847
1.64788
1.66576
1.45243
1.39889
1.67974
1.52667
1.35819
1.67903
1.8813
1.53636
1.43697
1.57171
1.60402
1.6807
1.59304
1.70654
1.63231
1.51695
1.69334
1.45191
1.71098
1.92481
1.61629
1.63326
1.98428
1.53319
1.58004
1.66413
1.66323
1.71722
1.53323
1.70529
1.43317
1.58883
1.81502
1.6828
1.57473
1.66343
1.47902
1.58203
1.7271
1.69636
1.45558
1.5005
1.76046
1.7088
1.83033
1.96835
1.61749
1.54674
1.60655
1.81299
1.74099
1.42678
1.51821
1.88863
1.4275
1.67643
1.58453
1.56311
1.4553
1.65773
1.50124
1.57484
1.51738
1.44949
1.57776
1.86423
2.01178
1.88344
1.51861
1.71579
1.51962
1.58783
1.48401
1.71199
1.52135
1.62717
1.82549
1.71906
1.60105
1.70656
1.46118
2.17962
1.496
1.95532
1.65098
1.57069
1.76314
1.47384
1.76117
1.58738
1.67324
1.64835
1.61841
1.60279
1.67489
1.55841
1.9195
1.68698
1.71235
1.62232
1.61363
1.53528
1.80832
1.63284
1.60992
1.48571
1.50989
1.97215
1.64521
1.69366
1.59962
1.69839
1.79433
1.48533
1.43445
1.43238
1.56983
1.66842
1.95151
1.86854
1.6637
1.73952
1.56494
1.92285
1.75538
1.76194
1.51293
1.53485
1.65577
1.99805
1.55234
1.51685
1.49817
1.40806
1.50437
1.48136
1.5226
1.63842
2.10507
1.52133
1.64123
1.68138
1.46001
1.81756
1.56315
1.96281
1.49226
1.86193
1.68686
1.62931
1.5777
1.63672
1.58282
1.62696
1.53981
1.72511
1.98048
1.66706
1.77004
1.629
1.60547
1.52063
1.70908
1.63419
1.57819
1.67022
1.86595
1.74156
1.6145
1.7197
1.7221
1.52853
1.77348
1.61356
1.43195
1.82182
1.43859
1.67761
1.59445
1.6083
1.65131
1.63098
1.65682
1.58646
1.37725
1.54358
1.63614
1.56093
1.69084
2.03538
1.60075
1.52978
1.67982
1.7516
1.57961
2.08159
1.71019
1.70846
1.59528
1.83324
1.67114
1.51737
1.34274
1.69722
1.54389
1.8305
1.56899
1.59223
1.77179
1.61658
1.69499
1.34751
1.55997
1.67586
1.63451
1.53726
1.61363
1.74563
1.71714
1.5572
1.65064
1.4307
1.56586
1.8292
1.47458
1.66004
1.50592
1.66261
1.54755
1.46293
1.62195
1.61014
1.41195
1.79535
1.565
1.58119
1.79739
1.48513
1.58855
1.74273
1.48543
1.77253
1.80613
1.55097
1.46779
1.72818
1.64324
1.32702
1.79533
1.56705
1.71295
1.97265
1.49569
1.56548
1.39071
1.49682
1.56528
1.66079
1.59444
1.62203
1.42981
1.61303
1.7487
1.64579
1.73528
1.52174
2.0559
1.80366
1.59508
1.51581
1.48711
1.65216
1.55612
1.68538
1.62131
1.78078
1.80707
1.75503
1.74055
1.48899
1.58213
1.60368
1.4062
1.49458
1.40467
1.52937
1.6899
1.82344
1.53379
1.73837
1.9813
1.62809
1.5394
1.74845
1.47174
1.74893
1.52411
1.76468
1.84167
2.10382
1.58649
1.61672
1.6781
1.51236
1.46746
1.55656
1.62009
1.56856
1.51191
1.67822
1.69808
1.60915
1.74632
1.68504
1.65117
1.51113
1.78609
1.56983
1.43232
1.6578
1.65605
1.5032
1.65924
1.72401
1.53121
1.78298
1.795
1.48103
1.31634
1.64271
1.44282
1.91601
1.42709
1.67508
1.67578
1.42863
1.55565
1.7522
1.6435
1.49756
1.42736
1.42454
1.52806
1.54815
1.45491
2.03713
1.59551
1.53537
1.80274
1.65236
1.73188
1.59846
1.63782
1.82347
1.54488
1.69254
1.50147
1.61584
1.72329
1.59415
1.62194
1.74691
1.80017
1.69253
1.57155
1.58424
1.57915
1.88604
1.46722
1.8052
1.68893
1.65839
1.63538
1.59968
1.548
1.48965
1.82817
1.48761
1.68145
1.62331
1.71301
1.40932
1.3751
1.8893
1.67367
1.61224
1.67882
1.70719
1.82262
1.53039
1.27313
1.56379
1.577
1.81478
1.5997
1.49493
1.60881
1.68969
1.63882
1.71729
1.56934
1.51559
1.66787
1.71771
1.58912
1.64639
1.39936
1.49243
1.38282
1.61643
1.65641
1.6466
1.73171
1.48355
1.46109
1.74716
1.5618
1.72703
1.75904
1.6146
1.71891
1.63831
1.704
1.82582
1.56861
1.65785
1.47449
1.70173
1.66726
1.72539
1.66773
1.70853
1.79023
1.72502
1.45529
1.93314
1.59194
1.48894
1.57758
1.46403
1.46061
1.65191
1.60323
1.7417
1.60112
1.4397
1.54105
1.64533
1.58737
1.56554
1.65335
1.61326
2.04679
1.58869
1.85348
1.80248
1.43567
1.64989
1.62389
1.88964
1.63441
1.43762
1.52102
1.47816
1.46004
1.63083
1.81829
1.71184
1.40401
1.56697
1.49526
1.76648
1.4981
1.52731
1.49132
1.65942
1.50411
1.74425
1.68227
1.82302
1.70718
1.44303
1.45672
1.59331
1.70276
1.56127
1.46996
1.49635
1.4769
2.03775
1.76467
1.60394
1.94579
1.50481
1.60424
1.59774
1.76362
1.60273
1.48555
1.77786
1.50003
1.64787
1.7158
2.17858
1.57003
1.87699
1.42521
1.74667
1.72111
1.4939
1.92263
1.73147
1.39223
1.72315
1.58254
1.70746
1.58176
1.44638
1.63426
1.49342
1.7226
1.44514
1.63492
1.53034
1.77686
1.56803
1.54371
1.88432
1.72154
1.78032
1.69539
1.33152
1.52531
1.67846
1.87671
1.76624
2.20032
1.65703
1.56998
1.55195
1.64266
1.80979
1.48597
1.86121
1.82492
1.48257
1.77059
1.48844
1.49714
1.51999
1.58627
1.60527
1.65709
1.61789
1.60173
1.62309
1.95477
1.67941
1.69534
1.61054
1.65635
1.95213
1.6459
1.34621
1.98938
1.54154
1.93935
1.66594
1.88306
1.39768
1.51944
1.71559
1.50429
1.69041
1.62235
1.81018
1.72269
1.7294
1.55219
1.67963
1.66132
1.81129
1.55534
1.56036
1.55371
1.56136
1.67266
1.65943
1.72729
1.74467
1.51271
1.85309
1.62453
1.60548
1.69357
1.68816
1.71597
1.5289
1.55314
1.67009
1.55726
1.47769
1.5492
1.37394
1.84671
1.7677
1.51781
1.49329
1.58152
1.53964
1.88304
1.67161
1.51827
1.53708
1.35681
1.62041
1.52411
1.5088
1.65705
1.53844
1.54105
1.58338
1.46527
1.41793
1.50307
1.53206
1.52332
1.72716
1.5113
1.56786
1.50782
1.70957
1.72216
1.60171
1.56763
1.83768
1.64985
2.11354
1.72517
1.95027
1.63089
1.89877
1.90065
1.66374
1.52003
1.70787
1.67607
1.66347
1.3855
1.59366
1.46572
2.18308
1.70989
1.54331
1.46819
1.41407
1.64467
1.56783
2.15902
1.80156
1.58868
1.85974
1.52164
1.5785
1.96899
1.44928
1.46315
1.65796
1.48663
1.74327
1.77131
1.71874
1.72883
1.54069
1.52871
1.82401
1.53301
1.6198
1.50903
1.99272
1.61131
1.90568
1.42401
1.80032
1.94972
1.65322
1.71253
1.94131
1.60994
1.60758
1.66388
1.62961
1.73248
1.8623
1.69727
1.55379
1.70732
1.64114
1.50491
1.53596
1.35453
1.0791
1.36197
1.08198
1.7435
1.37541
1.86055
1.83236
1.5315
1.64099
1.08954
1.15066
1.6088
1.52482
1.88083
1.78904
1.63763
1.53935
1.70509
1.68128
1.66802
1.25365
1.03296
1.23612
1.74369
1.23531
1.26816
1.17596
1.19913
1.48388
1.81785
1.8198
1.45681
1.16028
1.14407
1.81784
1.14247
2.30937
1.17629
1.2011
1.21252
1.60634
1.70778
1.82197
1.14756
1.75704
1.65708
1.26925
1.5629
1.35564
1.50742
1.84819
1.24406
1.155
1.50846
1.5244
1.1314
1.44152
1.42846
1.20056
1.82264
1.5349
1.61904
1.4941
1.45968
1.07307
1.50892
1.08413
1.06047
1.04275
1.44614
1.57576
1.1286
1.5575
1.62882
1.08349
1.12567
1.07126
1.31006
1.58631
1.1348
1.52873
1.545
1.65008
1.80064
1.07645
1.19491
1.25367
1.19932
1.48622
1.11906
1.44923
1.09385
1.54161
1.12008
1.54668
1.75833
1.37032
2.01821
1.48445
1.17629
1.78197
1.09599
1.23601
1.11772
1.77095
1.55897
1.46171
1.51211
1.59315
1.67897
1.19633
1.10121
1.32141
1.42073
1.80876
1.22196
1.27556
1.16906
1.33844
1.8384
1.68582
1.80997
1.08991
1.34351
1.81545
1.50362
1.5145
1.5012
1.23506
1.72547
1.10884
1.23972
1.17605
1.27889
1.54497
1.56149
1.16889
1.7813
1.15363
1.14424
1.62523
1.1443
1.56172
1.21136
1.41677
1.95392
1.52592
1.55018
1.54959
1.34066
1.50435
1.19118
1.08086
1.60938
1.87583
1.19589
1.23199
1.2076
1.10027
1.89291
1.56771
1.16987
1.66542
1.66714
1.27734
1.47736
1.14142
1.78432
1.21981
1.18365
1.6288
1.46037
1.47519
1.19872
1.53109
1.83577
1.252
1.14745
1.37794
1.32065
1.09174
1.13274
1.22825
1.36235
1.59935
1.14499
1.54362
1.52473
1.18799
1.24495
1.46799
1.23753
1.3333
1.41832
1.10238
1.92819
1.72782
1.073
1.4375
1.81562
1.65578
1.17928
1.69458
1.32605
1.89397
1.91492
1.30699
1.81143
1.22642
1.33896
1.66554
1.77331
1.18051
1.15077
1.69166
1.17069
1.26247
1.31973
1.29337
1.13767
1.26129
1.24265
1.35867
1.18209
1.16377
1.42379
1.19403
1.72255
1.6466
1.70932
1.23882
1.2201
1.11514
2.18379
1.1616
1.63269
1.82727
1.55135
1.82898
1.65441
1.07072
1.18631
1.2036
1.2774
1.32716
1.86327
1.10986
1.22072
1.61025
1.19711
1.62558
1.91076
1.71499
1.28642
1.61624
1.23776
1.11219
1.34135
1.93315
1.31281
1.09463
1.4765
1.49646
1.56175
1.73122
1.17494
1.21227
1.16612
1.18822
1.18356
1.25714
1.14286
1.18522
1.66381
2.25984
1.10083
1.26883
1.1364
1.17244
1.11563
1.3139
1.74632
1.23796
1.88079
1.20929
1.79715
1.15658
1.43662
1.54578
1.33281
1.71822
1.51422
1.41757
1.14438
1.06127
1.71087
1.69847
1.17276
1.66576
1.45243
1.04417
1.67974
1.20188
1.15191
1.67903
1.4175
1.11588
1.05649
1.1727
1.1558
1.29388
1.59304
1.2612
1.34413
1.51695
1.69334
1.20398
1.71098
1.11697
1.61629
1.39357
1.27466
1.23487
1.58004
1.29985
1.2404
1.10164
1.20419
1.29057
1.43317
1.58883
1.25476
1.6828
1.30101
1.1163
1.47902
1.18894
1.27709
1.2508
1.12092
1.17356
1.76046
1.7088
1.83033
1.21259
1.61749
1.54674
1.60655
1.81299
1.32019
1.02483
1.51821
1.32244
1.20334
1.13031
1.58453
1.56311
1.4553
1.65773
1.08105
1.33883
1.18776
1.44949
1.29984
1.06959
1.28955
1.88344
1.14777
1.71579
1.26789
1.58783
1.05723
1.20459
1.09635
1.62717
1.24857
1.37932
1.10832
1.25993
1.14015
2.17962
1.15799
1.22861
1.65098
1.57069
1.76314
1.14621
1.33548
1.58738
1.67324
1.31946
1.2218
1.20875
1.67489
1.11306
1.9195
1.68698
1.71235
1.62232
1.61363
1.20612
1.18227
1.63284
1.60992
1.10719
1.50989
1.4566
1.64521
1.09358
1.59962
1.69839
1.79433
1.48533
1.16125
1.43238
1.09613
1.3295
1.95151
1.86854
1.6637
1.22223
1.20411
1.08257
1.75538
1.76194
1.28956
1.1542
1.28205
1.24115
1.13286
1.51685
1.49817
1.40806
1.1824
1.48136
1.5226
1.17617
1.73044
1.27871
1.64123
1.19511
1.46001
1.81756
1.56315
1.96281
1.49226
1.18234
1.68686
1.09702
1.16526
1.63672
1.05651
1.26302
1.53981
1.72511
1.31298
1.18526
1.25895
1.629
1.60547
1.52063
1.70908
1.14622
1.28403
1.67022
1.0956
1.74156
1.07791
1.37964
1.7221
1.18253
1.77348
1.61356
1.19441
1.18668
1.07162
1.67761
1.27121
1.6083
1.65131
1.30497
1.65682
1.58646
1.37725
1.54358
1.63614
1.56093
1.16039
2.03538
1.10542
1.52978
1.18191
1.7516
1.22108
1.2246
1.41098
1.24637
1.59528
1.83324
1.67114
1.12332
1.34274
1.13171
1.54389
1.36634
1.56899
1.24963
1.77179
1.11866
1.69499
1.13186
1.18438
1.67586
1.13419
1.53726
1.14356
1.74563
1.71714
1.25672
1.20034
1.18723
1.15159
1.17138
1.21282
1.22635
1.50592
1.66261
1.19834
1.16404
1.62195
1.12425
1.2452
1.27775
1.28827
1.21559
1.22951
1.13546
1.2744
1.40816
1.11859
1.77253
1.80613
1.2351
1.46779
1.72818
1.64324
1.32702
1.48089
1.56705
1.16172
1.97265
1.14559
1.56548
1.1383
1.22448
1.10056
1.05577
1.59444
1.08329
1.42981
1.61303
1.7487
1.08748
1.73528
1.52174
1.23116
1.80366
1.19898
1.07158
1.20684
1.65216
1.55612
1.09545
1.62131
1.78078
1.80707
1.75503
1.18634
1.48899
1.58213
1.29257
1.18678
1.49458
1.22139
1.52937
1.6899
1.82344
1.2378
1.33951
1.9813
1.24338
1.05186
1.74845
1.28879
1.74893
1.15186
1.76468
1.84167
2.10382
1.19712
1.61672
1.14935
1.51236
1.2251
1.27381
1.62009
1.14788
1.51191
1.67822
1.32285
1.08354
1.44357
1.17666
1.12734
1.51113
1.78609
1.21462
1.43232
1.18891
1.65605
1.5032
1.12741
1.10699
1.53121
1.24417
1.795
1.30821
1.16327
1.25595
1.18305
1.38419
1.24945
1.32949
1.67578
1.42863
1.55565
1.27841
1.27599
1.49756
1.2041
1.42454
1.2232
1.18119
1.45491
1.44492
1.59551
1.12134
1.80274
1.3407
1.26517
1.12852
1.30067
1.11388
1.23516
1.69254
1.11505
1.20448
1.21928
1.59415
1.62194
1.74691
1.80017
1.25469
1.57155
1.58424
1.2849
1.37825
1.46722
1.26957
1.29183
1.65839
1.63538
1.59968
1.548
1.2485
1.22312
1.48761
1.25715
1.62331
1.09198
1.0832
1.1247
1.23964
1.18869
1.11172
1.67882
1.70719
1.31603
1.53039
1.06881
1.56379
1.577
1.81478
1.5997
1.10772
1.15297
1.25894
1.16637
1.21635
1.56934
1.0455
1.29808
1.30325
1.22763
1.07719
1.39936
1.265
1.07058
1.61643
1.32182
1.6466
1.73171
1.48355
1.19464
1.74716
1.5618
1.72703
1.18672
1.20806
1.17661
1.63831
1.704
1.17453
1.10807
1.08065
1.17589
1.70173
1.66726
1.72539
1.27028
1.15152
1.14189
1.21778
1.28413
1.17779
1.19904
1.21003
1.06579
1.23013
1.29156
1.22935
1.60323
1.3569
1.18703
1.11494
1.54105
1.64533
1.18501
1.11641
1.04637
1.61326
2.04679
1.33701
1.34604
1.20959
1.43567
1.64989
1.62389
1.2148
1.63441
1.12614
1.52102
1.20222
1.08208
1.63083
1.81829
1.71184
1.40401
1.56697
1.49526
1.76648
1.21748
1.15705
1.49132
1.32945
1.19819
1.24748
1.17828
1.82302
1.2451
1.44303
1.24157
1.24246
1.70276
1.56127
1.16329
1.49635
1.1724
1.13814
1.76467
1.60394
1.94579
1.50481
1.13028
1.11872
1.16951
1.15155
1.48555
1.49492
1.21821
1.15064
1.35182
1.31655
1.57003
1.13722
1.1489
1.74667
1.72111
1.4939
1.28089
1.73147
1.39223
1.72315
1.32782
1.70746
1.14452
1.44638
1.34287
1.49342
1.7226
1.44514
1.11722
1.15488
1.099
1.17593
1.54371
1.88432
1.72154
1.20672
1.69539
1.04959
1.52531
1.09755
1.87671
1.30211
1.24338
1.30618
1.56998
1.26751
1.29819
1.80979
1.48597
1.86121
1.33766
1.10258
1.77059
1.20256
1.49714
1.51999
1.23953
1.22619
1.65709
1.32573
1.3801
1.62309
1.17205
1.67941
1.69534
1.32469
1.04502
1.95213
1.21252
1.12012
1.25773
1.54154
1.93935
1.66594
1.2925
1.39768
1.51944
1.71559
1.15042
1.29457
1.07664
1.1285
1.28933
1.7294
1.15593
1.67963
1.14025
1.81129
1.24886
1.56036
1.18284
1.17266
1.67266
1.40554
1.23305
1.13274
1.19814
1.85309
1.24591
1.60548
1.10047
1.68816
1.38279
1.5289
1.21983
1.31343
1.55726
1.47769
1.06893
1.37394
1.84671
1.20136
1.16064
1.18309
1.58152
1.07809
1.88304
1.24982
1.24982
1.1732
1.35681
1.10258
1.52411
1.06238
1.65705
1.53844
1.16817
1.18951
1.0586
1.14283
1.16051
1.13564
1.16416
1.72716
1.5113
1.14749
1.15691
1.70957
1.72216
1.19644
1.56763
1.24272
1.09497
2.11354
1.72517
1.16834
1.63089
1.16831
1.90065
1.20946
1.52003
1.09733
1.67607
1.32672
1.21289
1.0647
1.46572
2.18308
1.13108
1.19385
1.46819
1.16622
1.64467
1.56783
1.42326
1.27986
1.19779
1.85974
1.52164
1.5785
1.17926
1.1928
1.46315
1.65796
1.48663
1.74327
1.20568
1.71874
1.72883
1.54069
1.52871
1.82401
1.13373
1.17381
1.50903
1.99272
1.1792
1.34771
1.42401
1.80032
1.13342
1.65322
1.71253
1.21052
1.60994
1.11355
1.19057
1.62961
1.41631
1.21253
1.27953
1.16505
1.27216
1.20572
1.08544
1.29575
27372900.0
29163500.0
18420100.0
26624600.0
27150800.0
36993000.0
20170600.0
26109200.0
18718900.0
34649800.0
17839400.0
32395300.0
18129500.0
22149800.0
27033000.0
27388700.0
19626000.0
29981800.0
24027200.0
32560800.0
18965100.0
38065900.0
34464400.0
32003500.0
20098700.0
22260300.0
25823000.0
34917400.0
26575500.0
21829300.0
20288500.0
22521400.0
48929100.0
33935700.0
38113800.0
22949800.0
26825600.0
19442100.0
16784500.0
34053500.0
26727100.0
30526200.0
27037100.0
32973300.0
25441100.0
24355300.0
23962900.0
29958700.0
19397800.0
25391700.0
32797200.0
26374000.0
17148800.0
29072700.0
27753600.0
38731400.0
19381900.0
32140000.0
25256300.0
23719700.0
22303600.0
24284800.0
32921300.0
33199200.0
36114000.0
29319600.0
22851000.0
25310000.0
21248100.0
35738300.0
32089300.0
24894300.0
24090100.0
32382800.0
33756200.0
27599500.0
34897500.0
19140000.0
10112600.0
28507000.0
17226200.0
32489000.0
26586700.0
32244200.0
29240900.0
39817100.0
12657300.0
17099400.0
25375500.0
23937400.0
29215700.0
17702200.0
25020800.0
36909500.0
29963800.0
37142800.0
25393100.0
22472600.0
18160600.0
39121700.0
37761500.0
26863100.0
26872300.0
34430700.0
22975600.0
17820200.0
28221400.0
27586500.0
19415700.0
23439100.0
21065600.0
29870000.0
18176800.0
27553700.0
18774000.0
17419800.0
41072700.0
24817300.0
24098700.0
43607100.0
22513200.0
21908500.0
18812900.0
19773600.0
20625400.0
22038700.0
25840500.0
25535300.0
19271700.0
34192000.0
22231200.0
33682300.0
27775200.0
28820300.0
21757600.0
29609300.0
28055200.0
19808100.0
22243700.0
23533100.0
31727700.0
34235000.0
20186100.0
31695300.0
22027900.0
23690800.0
18493000.0
23941000.0
25169700.0
25766200.0
24315700.0
32909900.0
25502700.0
30558600.0
25232300.0
21053000.0
39689100.0
18052600.0
33190700.0
28374300.0
21705700.0
25044500.0
29759300.0
31922600.0
32908300.0
27781600.0
44197800.0
19469300.0
23580000.0
36829100.0
9033170.0
26417100.0
35152300.0
27157000.0
22046600.0
35801400.0
24075600.0
36245800.0
27293700.0
27429600.0
27445300.0
29352900.0
29765300.0
20094400.0
31099900.0
27643300.0
28874400.0
36563500.0
34401100.0
32401600.0
24947600.0
37959100.0
16789100.0
33151500.0
27143800.0
29203300.0
20087300.0
30053000.0
26772700.0
23426700.0
28685200.0
24418000.0
42652800.0
27969300.0
35697600.0
29828400.0
24612400.0
25534600.0
20096700.0
27746400.0
21426600.0
18845500.0
26045300.0
23332100.0
17645100.0
40971500.0
29129800.0
23814100.0
26843900.0
25696800.0
28366400.0
27790000.0
26167500.0
29532500.0
19148800.0
25205900.0
25404800.0
28746200.0
35008300.0
27958200.0
30467600.0
24319800.0
29742400.0
21602700.0
15232800.0
32113200.0
26259200.0
26854400.0
24493200.0
30855400.0
32323000.0
26092000.0
20093300.0
20670300.0
29518400.0
39638900.0
16093100.0
26331300.0
28501000.0
25212300.0
38635200.0
24940000.0
16176600.0
31516400.0
25782200.0
25592100.0
18330800.0
21084700.0
29347800.0
18379800.0
23122800.0
33523000.0
14371700.0
38685200.0
19050700.0
24482500.0
18825200.0
25758200.0
25902500.0
18940800.0
20877600.0
23603400.0
33576400.0
22853100.0
27328700.0
13483300.0
46465400.0
26747400.0
34766200.0
19685700.0
25852800.0
38360800.0
20813700.0
18808000.0
28424300.0
22298000.0
12090100.0
35222400.0
21328100.0
34333400.0
30104800.0
23264000.0
19452600.0
33204200.0
25236000.0
24739300.0
25307100.0
20423600.0
23975200.0
33019000.0
33827900.0
33757900.0
29835400.0
28092800.0
32816600.0
23042400.0
22343100.0
36831400.0
26179600.0
24363000.0
40721700.0
30143300.0
24240700.0
17509600.0
26480300.0
27341600.0
36016800.0
35135300.0
16483100.0
27102100.0
30212000.0
29918700.0
24707500.0
32318900.0
31614900.0
42049600.0
25583700.0
20895500.0
20175200.0
23963300.0
31822100.0
28421100.0
30782700.0
29052000.0
19357300.0
29864700.0
40591100.0
21956000.0
22965800.0
20918800.0
20449400.0
29058000.0
22390400.0
29049500.0
27956800.0
27885400.0
33809100.0
34332400.0
40752200.0
24607100.0
22374700.0
44052600.0
28027400.0
20437800.0
27375800.0
24613300.0
29788300.0
30703800.0
37581400.0
24533000.0
18222200.0
33059900.0
33729500.0
36982100.0
24120700.0
21201900.0
18828800.0
23704700.0
32689600.0
24406200.0
36097100.0
22333200.0
31422500.0
21156900.0
17106000.0
24258900.0
27827100.0
21552200.0
20730900.0
33372900.0
24607500.0
14957300.0
29270800.0
14294500.0
28068900.0
22926700.0
27470600.0
27295500.0
24916000.0
37218500.0
29062900.0
27351200.0
33886300.0
26331800.0
44813300.0
37867000.0
16282300.0
34206000.0
24886200.0
31319700.0
23909400.0
31302000.0
21620400.0
31696300.0
27583700.0
47603300.0
20458500.0
20182100.0
32527200.0
21972400.0
24134500.0
25327100.0
16747600.0
31309100.0
41233400.0
30820200.0
27403500.0
28765800.0
18988400.0
24261000.0
19940500.0
26488600.0
27067000.0
18037400.0
18028100.0
20696900.0
24337900.0
30634700.0
26138000.0
15858500.0
31005700.0
27488400.0
30145500.0
27949200.0
26504800.0
26994600.0
21860500.0
27746700.0
12756000.0
29704200.0
24203100.0
21511800.0
25720200.0
22445900.0
36346700.0
23618400.0
18857400.0
16179200.0
24570800.0
41578100.0
31278100.0
21216500.0
28166000.0
26831800.0
41518500.0
26385500.0
19058100.0
30516700.0
27396000.0
29457600.0
37321600.0
30144800.0
25270300.0
26647200.0
27957100.0
34917800.0
20116900.0
24215800.0
24748000.0
31443100.0
24087900.0
23377700.0
16535300.0
30935000.0
28092800.0
21514500.0
27906300.0
32989000.0
25279400.0
27506000.0
30957100.0
24294200.0
28095500.0
26450200.0
30104900.0
48957400.0
26268800.0
45250200.0
16157500.0
15929400.0
33282700.0
19697000.0
21409100.0
23543600.0
29501800.0
23093800.0
25028500.0
16849200.0
21956600.0
17051100.0
27587000.0
34017800.0
31331400.0
21214800.0
30284400.0
24608000.0
21506900.0
24041800.0
24319400.0
39040800.0
24363000.0
33150800.0
28739200.0
27305200.0
30788500.0
43193700.0
25272400.0
31106600.0
30293800.0
34914800.0
26165900.0
20488000.0
27291800.0
12741300.0
29492900.0
26312500.0
42701500.0
31657000.0
27253700.0
26116000.0
28226500.0
28294800.0
27329100.0
22336800.0
31709800.0
16444200.0
23451700.0
34306000.0
40928500.0
20197600.0
29435700.0
19167900.0
21724800.0
33205500.0
27707000.0
17747300.0
23172800.0
25661900.0
30226200.0
25330900.0
21127100.0
21290600.0
39274000.0
22700700.0
32706100.0
36483000.0
36482100.0
19373900.0
17605900.0
28515100.0
34829500.0
34351900.0
25222700.0
27392400.0
27929800.0
36406000.0
19204600.0
22777000.0
30043400.0
26737600.0
44036600.0
30257400.0
19006500.0
21101100.0
37722000.0
20058600.0
26205500.0
26851300.0
17124900.0
45954900.0
21809200.0
26969400.0
34923300.0
25766800.0
37146500.0
31441200.0
25416100.0
26877900.0
19723200.0
18483100.0
27763100.0
20465800.0
29587600.0
21825900.0
22241500.0
19969300.0
23042100.0
19020000.0
15395100.0
18732800.0
42125200.0
28922000.0
22354900.0
35838900.0
24609900.0
20423500.0
37974600.0
23639700.0
30505600.0
23174200.0
33662400.0
26428400.0
25504700.0
26816800.0
28562700.0
34578500.0
26453200.0
25251300.0
23389000.0
21415900.0
28837000.0
31890800.0
23425000.0
26010300.0
20400500.0
24742300.0
26852300.0
36977400.0
30765000.0
26385100.0
21333400.0
16940400.0
45118800.0
31753800.0
25595100.0
37158000.0
27099700.0
30572400.0
24437400.0
32315000.0
37667900.0
32968700.0
23376300.0
28579200.0
33520500.0
24175700.0
23576200.0
41183800.0
22387300.0
29732200.0
16602300.0
28579800.0
33170500.0
27357400.0
21665100.0
25299500.0
29769600.0
34977600.0
23258400.0
36164700.0
32368400.0
27678800.0
17175000.0
29121300.0
40581100.0
18993600.0
29294300.0
23279800.0
31078400.0
27533700.0
23825000.0
34171300.0
29667200.0
24954900.0
31789000.0
36335900.0
22270900.0
38711700.0
27411600.0
35101400.0
16671000.0
38639000.0
47020700.0
16456400.0
24719800.0
33529100.0
14850500.0
24415300.0
27289700.0
28491200.0
31708200.0
31883600.0
33578200.0
26710300.0
23660100.0
30772000.0
26640600.0
31536000.0
26491500.0
34953400.0
31635000.0
24419700.0
30164800.0
22978100.0
25914400.0
26392600.0
36422100.0
33656600.0
30319900.0
29917500.0
30102700.0
25797000.0
30651700.0
37450400.0
36779600.0
28445500.0
24278800.0
26890300.0
18335600.0
30745200.0
18038300.0
22930000.0
25420000.0
18449900.0
37046400.0
24928700.0
38910600.0
25162200.0
31678300.0
29112600.0
31391800.0
29960700.0
26079500.0
30988400.0
37878300.0
27443600.0
34300100.0
27321200.0
25270800.0
30338700.0
20532000.0
28566600.0
38550100.0
23658800.0
15349700.0
27625400.0
33621900.0
24498200.0
27709500.0
29161100.0
20299200.0
23520200.0
19340900.0
31063300.0
13216700.0
27194900.0
41798000.0
40049800.0
21325300.0
18305900.0
22436700.0
29209500.0
26603900.0
15920000.0
27861500.0
31619300.0
19400800.0
29065300.0
31928400.0
30549900.0
35440300.0
22045100.0
34177400.0
27698900.0
26537300.0
25251800.0
23893800.0
28506400.0
33431300.0
23433600.0
30666200.0
35103400.0
34286900.0
24558800.0
17145700.0
26892000.0
30142500.0
25376600.0
28861700.0
22332700.0
21772300.0
30524500.0
24627600.0
30658400.0
27231500.0
26723600.0
23904200.0
25189900.0
32777200.0
23506600.0
24010600.0
26346300.0
20701200.0
16373800.0
32093000.0
16569300.0
13619500.0
25211100.0
33359500.0
33495200.0
24059900.0
22682300.0
33413200.0
19559400.0
30037400.0
23640500.0
30324300.0
41743000.0
23195500.0
29799300.0
25260400.0
34650100.0
26139200.0
29354600.0
21666900.0
28433200.0
28061700.0
20650200.0
24404200.0
20864300.0
28726000.0
25059900.0
38361400.0
24365500.0
25384200.0
24712900.0
21664600.0
32499200.0
39140900.0
23593800.0
29488200.0
30581400.0
11453200.0
15739100.0
21789700.0
23028300.0
22263700.0
33396700.0
18633900.0
19747900.0
30272000.0
23388300.0
34328300.0
26930900.0
37678000.0
32899300.0
10851900.0
25403600.0
29310000.0
25586300.0
26487000.0
19518200.0
26896700.0
27704200.0
18850500.0
28167900.0
34433500.0
26878100.0
18288600.0
31672600.0
29842900.0
28689200.0
38167900.0
34843300.0
18059300.0
19902000.0
27626900.0
19509900.0
27315400.0
38512300.0
30744600.0
19481300.0
31747600.0
33664900.0
32241700.0
29978700.0
18747400.0
25893100.0
25449900.0
20027300.0
30008800.0
25782200.0
17692100.0
38328700.0
25735400.0
28747100.0
22607900.0
19578200.0
34678900.0
27800300.0
26462300.0
24973800.0
26465800.0
30903300.0
28126500.0
19662600.0
32035700.0
38130400.0
26497600.0
30593700.0
28611800.0
23095900.0
36301500.0
27857100.0
23943200.0
22456200.0
36047800.0
23345900.0
28061600.0
32861700.0
25783300.0
28236800.0
43982000.0
29999200.0
33568400.0
28246500.0
37667200.0
24069400.0
26305900.0
29447200.0
22673200.0
21386600.0
23717900.0
32733800.0
35226700.0
30841200.0
27179200.0
15317500.0
25665500.0
20971300.0
23781700.0
23964500.0
23627100.0
32695700.0
27002500.0
34071800.0
22267400.0
24854000.0
32125900.0
30145400.0
26839600.0
16941500.0
22516100.0
23237400.0
24162100.0
28744900.0
27876400.0
20122800.0
13581500.0
23204400.0
26805600.0
21556600.0
16030200.0
24492800.0
18042400.0
36357800.0
35562700.0
27075800.0
27378200.0
20475200.0
24854800.0
31300200.0
23754400.0
33867700.0
30907000.0
27148500.0
30479100.0
34075200.0
19839200.0
14369700.0
19100100.0
22927700.0
43527200.0
30565800.0
19393000.0
18396800.0
21448300.0
22913600.0
20690100.0
26682300.0
23950600.0
34582600.0
28375000.0
23222800.0
28379300.0
18707700.0
19763600.0
26446300.0
27864800.0
34416200.0
27372943.056454
29163524.060078
18412243.040567
26624641.064061
27150793.065707
36993014.063742
20170618.054664
26109150.070562
18718912.037784
34649750.06047
17839437.052551
32395281.07078
18129509.051162
22149761.040819
27033010.044951
27388729.073094
19626021.052165
29986173.067919
24027235.057088
32560798.05742
18964976.713278
38065935.09156
34464417.085899
32003542.074993
20098724.047642
22260331.052458
25822951.057318
34917411.076219
26575487.066826
21829264.050665
20288545.057177
22521411.054991
48929116.092873
33935688.086411
38113823.079637
22949844.068636
26825426.068693
19442113.053863
16783383.030606
34053497.063069
26727070.051506
30526171.052969
27036691.553909
32978892.76506
25441061.046318
24355333.061768
23962871.048093
29958728.08581
19397755.03713
25391720.058293
32797217.076142
26373541.566968
18628634.041203
29072742.078028
27753649.051818
38731419.080067
19381927.045147
32139981.059377
25256308.066675
23719684.061188
22303616.054804
24284758.053157
32921265.066011
33199229.077633
36113956.062945
29319579.057703
22850955.050427
25310015.062282
21248144.040565
35738316.070558
32089308.077744
24894276.05102
24090085.047544
32382771.073417
33756222.077632
27599486.061739
34897483.065645
19139995.04657
10112645.020166
28506988.074337
17226154.034023
32489039.066024
26586683.058585
32244238.070035
29240896.070431
39817069.097746
12657278.035573
17099415.043913
25375538.055175
23937413.05226
29215730.055476
17701424.044583
25020759.065317
36909507.072539
29963833.083908
37142790.081047
25393072.068615
26074456.057671
18160612.030462
39121704.083137
37761477.08068
26862593.051106
26872294.068999
34430695.072348
22975603.051039
17819710.541084
28221395.073238
27586468.060697
19415725.039348
23439119.048091
21065568.061931
29869999.064882
18177746.046603
27553702.059296
18773993.050767
17419919.037986
41072678.105332
24817284.061351
24098730.042742
43607108.079406
22513173.068077
21909011.051491
18812554.043059
19773624.04104
20625422.063476
22038736.052434
25840481.057338
25535306.050092
19271712.04322
34192008.067849
22231240.057591
33682276.071838
27775188.060427
28820314.056957
21757570.055117
29609262.061681
28055158.080909
19808147.049838
22243729.047435
23533117.044516
31727651.070057
34234752.080939
20186079.04765
31695323.082953
22027855.045996
23690759.056848
18492964.05621
23941009.0406
25169678.051262
25766179.047005
24315690.060854
32909942.071952
25502739.066551
30558609.068632
25232308.047353
21052998.049653
39689125.09087
18052553.039812
33190741.070427
28374332.065626
21705735.05316
25044540.054869
29759337.071181
31922647.069407
32908326.079663
27781638.060015
44197836.082847
19469332.045962
23580048.054393
36831831.071076
9033173.026799
26417100.057566
35152279.066875
27156963.061267
22046558.044072
35801418.067228
24075602.061029
36245850.081068
27293702.064992
27429591.060623
27445333.089203
29352904.069968
29765302.065512
20094357.047665
31099870.073831
27643274.048122
28874442.062968
36563519.064196
34401132.073814
32401556.105652
24947634.063081
37959146.077815
16789110.03249
33151523.083465
27143844.068654
29203291.071941
20087289.049824
30052950.054581
26772655.064443
23426667.056996
28685163.054945
24418002.041112
42652811.072602
27969251.062162
35697610.07432
29804741.06652
24612388.062668
25534620.07119
20096667.053545
27746365.052707
21426580.043036
18845467.03899
28145636.064138
23332138.04311
17646987.043248
40971492.072845
29129807.0675
23814104.060827
26843852.079725
25696752.057758
28366366.06553
27790036.06325
26167500.061217
29532532.073419
19148759.043163
25205903.067289
25404795.056367
28746225.058759
35008337.075145
27958211.058876
30467579.077226
24319763.057196
29742363.075354
21602695.046859
15232764.025353
32113169.065037
26259175.059676
26854399.068587
24493163.059054
30855448.06904
32322995.06818
26091735.561079
20093341.048755
20670322.05913
29518387.069667
39638895.081529
16093131.033204
26331317.05226
28500984.075386
25212262.056957
38635236.07207
24940038.042742
16176596.040472
31516353.084986
25782200.051556
25592125.06521
18330670.042827
21084740.054612
29347763.079406
18379344.544416
23122564.053729
33522663.566781
14371741.023879
38685192.069158
19050696.050839
24482511.062686
18825150.043155
25758227.056849
25902495.051085
18940832.050888
20877648.057388
23603403.058424
33576422.076497
22853087.056243
27328678.062963
15779362.039756
46465381.092842
26747372.060383
34766198.078167
19685722.051748
25852849.044773
38360782.086434
20813665.051663
18807976.044754
28424286.0673
22288666.045736
12090103.025412
35222439.074841
21328132.058076
34333432.091408
30104832.07389
23264050.064844
19452560.048603
33204161.080787
25236047.05474
24739268.056688
25307112.067426
20423618.04863
23975217.056728
33019047.088951
33827943.07257
33757854.072849
29832883.585521
28092804.065326
32816598.067843
23042351.061336
22343135.051229
36831445.089801
26179628.070923
24362974.054898
40721675.06896
30143268.057333
24240660.057173
17509552.034975
26480312.054339
27341622.04503
36016821.075074
35135293.080088
16483134.038944
27102101.069454
30212036.061681
29918713.063862
24707473.056019
32318902.057623
31614940.082084
42049633.070044
25583679.053328
20895531.043609
20175178.051365
23963272.070016
31822131.053528
28421095.050782
30782693.07389
29052047.068074
19357270.040926
29864716.087772
40591141.085519
21956015.046326
22965763.068274
20918788.044925
20449375.048082
29058005.051039
22390359.059384
29049015.570586
27956791.079975
27885419.079511
33809061.059556
34332432.068275
40752159.087952
24607716.567872
22374214.553667
44052596.089502
28027395.045934
20437751.059256
27375836.069403
24613308.061149
29788286.067378
30703808.065989
37581136.087297
24533038.044461
18222220.041323
33059933.087821
33729482.063289
36982062.06974
24120716.050917
21201867.037773
18828444.561341
23704673.066225
32689571.071062
24406239.066082
36097132.091719
22333249.057254
31422492.075029
21156858.052399
17105462.041359
24258854.054019
27827064.070663
21552221.053127
20730885.056876
33372927.079475
24607453.054158
14947375.53919
29270821.054872
14294503.037882
28068920.067969
22926727.046269
27470600.054617
27295482.052874
24915972.05693
37218490.085344
29062877.071475
27351174.079169
33886267.081814
26329325.561643
44813328.098389
37866982.068838
16282277.037082
34206007.08459
24886238.0561
31319698.056816
23909418.057804
31302016.063352
21620411.068073
31696343.069218
27583730.057604
47603340.085036
20458508.039839
20182065.044051
32527230.061592
21972379.067792
24134456.050303
25327126.059498
16747566.047758
31309138.063742
41233428.081288
30820154.062699
27403546.069955
28765768.072293
18988434.047939
24260499.56715
19940502.059555
26488640.060463
27067026.066756
18037144.538611
18028077.04743
20696938.047871
24337925.051613
30634735.073968
26138020.062189
15858523.038918
31005673.068925
27488377.06432
30145508.064493
27949177.061513
26504764.054786
26998564.05848
21860541.054276
27746700.070759
12755738.031741
29703695.55506
24203147.071523
21511803.04803
25720232.060617
22445935.056964
36346711.077893
23618436.056931
18857362.03891
16179249.046417
24570818.06406
41578058.082896
31278136.074686
21216502.054083
28166037.068989
26831761.053058
41518548.089991
26386735.392081
19058062.051633
30516690.070154
27396043.060486
29457563.081591
37321622.069761
30144842.059019
25270301.051467
26647166.056378
27957099.072608
34917835.092837
20116924.050294
24215839.060256
24747981.057692
31443137.082113
24087938.04798
23377698.046618
16535296.039316
30934962.063912
28092783.04947
21517923.060098
27906303.057306
32988988.074906
25279440.048234
27505961.066598
30957145.052748
24294227.063064
28095515.072802
26449701.559148
30104906.050805
48957383.103033
26268831.065846
45250234.098344
16157514.039795
15929445.0485
33282697.07799
19696976.044169
21409097.048154
23543619.061627
29501823.076188
25659069.553206
25028521.046436
16849166.039522
21956603.04652
17050891.043303
27586963.073186
34017760.07596
31331354.058609
21214841.050504
30284382.062965
24611861.051475
21506890.045176
24041844.050937
24319437.052489
39040786.091475
24363043.046291
33150753.105656
28739237.055986
27305243.058872
30788543.076319
43193737.076532
25272401.056817
31106617.061075
30293783.053139
34914796.075882
26165940.064842
20488047.043053
27291771.064607
12741261.032633
29492932.062639
26312483.060576
42701543.086841
31657020.066929
27253713.064226
26116048.056422
28226546.068516
28294844.065942
27329066.068335
22336830.0554
31713904.069172
16444171.036279
23451743.046573
34305995.07537
40928456.091054
20197601.045763
29435674.049347
19167275.048494
21724750.044428
33205495.068438
27706999.064861
17747313.038965
23172753.067716
25661853.057051
30225575.071543
25330870.044457
21127091.047092
21290618.045357
39273950.093584
22700699.046947
32706109.069458
36483009.082928
36482149.075712
19373876.050293
17605915.050173
28515051.062684
34829484.086312
34351851.067756
25222728.064049
27392389.049333
27929780.075156
36406012.069241
19204642.052193
22776954.063926
30043435.050554
26737615.044861
44036592.082968
30257415.065115
19006525.037842
21101145.061999
37721982.08354
20058629.046656
26205492.074813
26851281.081613
17124542.535568
45954851.080225
21809186.045093
26969353.054261
34923336.067798
25766811.055787
37146506.081124
31441229.0601
25416130.063946
26877930.059488
19723161.035994
18483131.048226
27763070.071835
20465754.048069
29587623.06502
21825857.038463
22241506.039942
19969280.03506
23042147.04428
19019959.055322
15395054.043832
18732813.056684
42125222.083162
28921950.079999
22354948.05263
35838940.077327
24609949.057381
20423521.045884
37974590.087355
23639698.056356
30505646.066108
23174164.070619
33662390.07347
26427817.553471
25504703.062242
26816833.04747
28562659.067676
34578472.056338
26453155.067902
25251307.070029
23388988.04037
21415860.047537
28836951.08003
31890802.083153
23424977.046977
26010252.053977
20400134.55363
24742301.058762
26852343.066616
36977382.071034
30765011.057139
26385093.055146
21333430.047817
16942239.035711
45118759.094307
31753752.058213
25595062.065516
37158028.070603
27099716.064963
30572415.065975
24437377.049229
32315040.061521
37667930.069878
32968732.062869
23376334.055163
28579203.060515
33520507.055608
24175705.059624
23576197.042866
41183834.085483
22387282.060916
29732174.080792
16602311.046392
28579757.073669
33170546.076817
27357374.062138
21665111.051516
25299526.062325
29771700.066646
34977087.070662
23258377.068585
36164738.08267
32368357.081305
27678754.081923
17174988.047546
29121348.056398
40581102.109252
18993648.040653
29294298.073863
23280093.050328
31078429.053679
27533707.062335
23825017.056548
34171288.101275
29667221.056547
24954880.071564
31789001.059433
36335908.060067
22270908.041978
38711679.090125
27411551.052796
35101358.07582
16671000.041245
38639049.087559
47020699.088087
16456416.039242
24719366.063504
33529060.087615
14850483.034322
24415281.062377
27289732.078172
28491181.079073
31708189.096915
31883625.07091
33578230.093989
26710289.055204
23659621.057008
30771971.071116
26640618.064814
31536005.081335
26491451.07137
34953440.074207
31634967.074867
24419745.057806
30164779.071614
22978104.052426
25914382.063326
26392596.076359
36422101.077378
33656573.080109
30319884.067228
29917507.069473
30102664.079413
25796983.058954
30651694.083096
37450368.074087
36779603.081273
28445457.059864
24278830.065029
26890331.063272
18335606.047943
30745191.06265
18038328.041622
22930049.059002
25419971.060944
18449640.042699
37046360.103745
24928707.045556
38910579.089164
25162181.078896
31678271.086544
29112277.072729
31391758.071341
29960681.074314
26079518.055787
30988391.061885
37878263.078764
27443556.076593
34300074.092001
27321171.056651
25270788.060292
30338694.054827
20531975.036427
28566606.062659
38550070.072577
23658754.06999
15349524.039282
27625397.070305
33621887.068244
24500616.057525
27709482.05062
29161085.062392
20299238.051012
23520246.052508
19340510.559823
31066531.073089
13216098.041877
27194948.073099
41798007.087069
40049760.099892
21325310.057712
18305872.041086
22436711.046682
29209459.065488
26603866.053404
15919993.04162
27861521.072065
31619300.062261
19406942.045419
29065315.068032
31928396.06577
30549892.069433
35440268.059058
22045146.046885
34177445.061311
27698917.066576
26537264.061139
25251799.053443
23893770.046242
28506356.080203
33431286.076448
23434202.064863
30666209.071705
35103355.065022
34286876.064831
24558828.052931
17145663.047595
26891960.050787
30142513.068641
25376430.546724
28861697.056381
22332317.552184
21772263.045976
30565474.074149
24627622.074243
30658390.073521
27231480.054832
26723586.07445
23904225.065228
25189931.053666
32777151.085161
23506558.057683
24010612.050596
26346340.063875
20701212.043554
16373357.542091
32093024.059393
16569276.035733
13621660.025945
25210708.560043
33359493.081315
33495200.081279
24059913.056144
22682279.048803
33413247.060291
19559429.044095
30037443.06406
23640472.067017
30324298.070008
41743033.078714
23195492.067887
29799327.071166
25260380.060849
34650134.071905
26139191.050707
29354595.062131
21666853.069892
28433176.066157
28061665.06318
20649666.052515
24404177.057431
20864334.043845
28725970.076613
25059851.050637
38361449.080235
24365486.059525
25384249.059083
24712941.074684
21664633.033729
32499197.078604
39140881.105642
23593809.059388
29488184.062376
30581427.080105
11453179.021282
15739116.042715
21789675.053104
23028274.050845
22263721.046775
33396700.06226
18633946.0416
19747886.045184
30272002.05764
23388286.047366
34328342.080543
26930892.061672
37678033.071837
32899305.074539
10836964.032195
25403569.058561
29310004.066403
25586055.571178
26486999.06732
19518166.058747
26896678.05186
27704203.049497
18850510.050245
28167902.063011
34433535.096615
26878077.06087
18288554.047965
31672596.059491
29842929.064713
28689223.08006
38167898.094825
34843319.072176
18059303.044173
19901490.534256
27626897.053773
19509876.049918
27315409.053305
38512349.089295
30744629.078197
19481291.380397
31747641.064452
33664851.062902
32241727.077226
29978716.068455
18747366.037995
25893055.06895
25449865.064851
20027269.052158
30008828.065453
25782245.054582
17692124.044142
38328742.086073
25735378.061175
28747125.075046
22607926.059772
19578156.051235
34678926.0828
27800295.045917
26462294.080786
24973764.047362
26465841.063756
30903314.081579
28126088.073405
19662590.047112
32035733.060921
38130367.068226
26497602.047407
30593746.062264
28611822.080687
23095890.049242
36301505.079579
27857135.04487
23943173.043932
22456192.711844
36047841.091099
23345904.043639
28061566.076989
32861739.077905
25783311.070821
28236206.56764
43981958.079713
29999195.073012
33568425.068453
28246488.061921
37667248.075798
24069397.059108
26305902.058467
29447212.078568
22673201.049668
21386596.041481
23717913.044004
32733776.106295
35226735.063222
30841231.0578
27179166.065363
15317041.535349
25665456.061657
20971281.053834
23781723.039861
23964482.070385
23627091.056449
32695730.066991
27002500.063864
34071831.070718
22267368.046419
24854022.075789
32125925.076577
30145436.074102
26839648.049329
16941490.045433
22516095.054882
23237426.045627
24162066.047555
28744890.059434
27876368.062217
20122797.057506
13580169.285912
23208005.57041
26805612.068967
21556599.046878
16030189.0373
24492755.047199
18042442.048522
36357818.088527
35562729.071209
27075802.068488
27378245.058327
20475219.051207
24854840.056451
31300222.078822
23754412.05939
33867739.069888
30907028.059893
27148464.053039
30479090.056681
34075235.080781
19839166.047803
14369731.04344
19100086.048811
22927474.552774
43527203.076377
30565761.064804
19392951.045281
18396802.039305
21446055.546468
22914021.054545
20690099.038806
26683521.049676
23950585.057021
34582602.079519
28374977.087301
23222849.055575
28379305.080826
18707675.03835
19763638.04175
26446000.554667
27864803.057327
34416212.062955
