1.00019
1.00784
1.00016
1.00157
1.05571
1.00393
1.00017
1.00202
1.00024
1.03921
1.00023
1.00014
1.00027
1.02893
1.01698
1.00019
1.05099
1.07266
1.02716
1.00014
1.00211
1.04675
1.00363
1.03338
1.00012
1.00022
1.05155
1.00389
1.00127
1.0003
1.00052
1.0002
1.00418
1.00021
1.11009
1.00023
1.00832
1.00586
1.00295
1.00018
1.0051
1.00077
1.0003
1.00381
1.1094
1.10044
1.01493
1.00024
1.00013
1.00279
1.04975
1.08504
1.0002
1.00114
1.00652
1.00017
1.00027
1.0404
1.00777
1.00058
1.0472
1.00061
1.00547
1.00029
1.00025
1.01167
1.00318
1.00757
1.00023
1.00021
1.06622
1.00047
1.0458
1.09114
1.00021
1.00311
1.00104
1.00024
1.00017
1.0006
1.00032
1.03236
1.03922
1.00714
1.01218
1.00019
1.0349
1.07753
1.01856
1.00029
1.09179
1.00623
1.03599
1.09444
1.0002
1.01004
1.0002
1.01101
1.00894
1.02568
1.09375
1.00043
1.05933
1.05664
1.07946
1.06106
1.04783
1.00022
1.04655
1.00022
1.04314
1.00027
1.00393
1.00025
1.00218
1.00794
1.00023
1.00022
1.00255
1.00024
1.10031
1.02405
1.00031
1.03134
1.00032
1.10439
1.05307
1.00029
1.00033
1.09194
1.00302
1.00022
1.00028
1.08399
1.01914
1.00017
1.0416
1.00026
1.00132
1.00019
1.01367
1.00176
1.00034
1.00027
1.00322
1.01754
1.00021
1.02775
1.00023
1.06696
1.00026
1.07496
1.00028
1.00249
1.00028
1.00113
1.00108
1.00561
1.05284
1.00027
1.00072
1.00593
1.07278
1.04883
1.00156
1.08396
1.02531
1.05125
1.13797
1.02819
1.03038
1.00024
1.07597
1.00416
1.00673
1.00021
1.00028
1.00021
1.06261
1.02987
1.00766
1.00208
1.08781
1.06544
1.05339
1.00031
1.0002
1.03804
1.1004
1.00026
1.00021
1.00023
1.00024
1.0036
1.03615
1.00019
1.0081
1.62259
1.00099
1.01516
1.00015
1.00035
1.05284
1.06738
1.00024
1.00208
1.00335
1.05203
1.00036
1.00296
1.00024
1.00028
1.0004
1.08064
1.00029
1.00024
1.0505
1.00023
1.06066
1.11874
1.00018
1.00017
1.00246
1.00024
1.00028
1.00147
1.06767
1.00025
1.04416
1.00023
1.03799
1.0003
1.00491
1.00023
1.00021
1.17136
1.07613
1.00622
1.11412
1.00017
1.00016
1.00017
1.07806
1.00016
1.0323
1.00589
1.01729
1.00012
1.00022
1.08749
1.00519
1.06136
1.06778
1.00016
1.00125
1.11548
1.08267
1.13003
1.00027
1.00118
1.00019
1.00133
1.00018
1.05902
1.00023
1.00028
1.04486
1.06275
1.0517
1.01049
1.04758
1.04693
1.00016
1.00023
1.00016
1.00022
1.04506
1.00024
1.00019
1.04596
1.00027
1.00021
1.00023
1.03102
1.03269
1.00015
1.00027
1.00047
1.00018
1.00683
1.07353
1.00021
1.00019
1.00015
1.00205
1.00019
1.00026
1.00025
1.00018
1.00206
1.00323
1.02552
1.00026
1.00134
1.0041
1.00094
1.00017
1.00019
1.00021
1.0003
1.00029
1.05168
1.0002
1.06735
1.04416
1.00031
1.00025
1.00014
1.00022
1.00043
1.00024
1.00032
1.00024
1.03193
1.00039
1.03333
1.00063
1.04293
1.00187
1.06668
1.00021
1.00253
1.08396
1.01501
1.00328
1.02899
1.0246
1.09866
1.00027
1.00017
1.08637
1.00017
1.03429
1.00386
1.1184
1.0208
1.00172
1.00451
1.00292
1.00025
1.12452
1.00017
1.00009
1.00018
1.00025
1.00021
1.00301
1.04137
1.08863
1.00017
1.03899
1.0632
1.00016
1.001
1.17619
1.00943
1.00273
1.0003
1.00022
1.00021
1.0484
1.00285
1.00115
1.00013
1.00015
1.04211
1.03797
1.00533
1.00025
1.02253
1.00585
1.00026
1.00261
1.00022
1.04745
1.10754
1.00023
1.00027
1.02858
1.03592
1.0818
1.00297
1.02435
1.02767
1.0002
1.0643
1.00022
1.00051
1.00051
1.00837
1.0686
1.00026
1.0002
1.00013
1.08681
1.08776
1.00194
1.02137
1.00024
1.00024
1.10078
1.03197
1.00032
1.00626
1.00023
1.01972
1.00239
1.00124
1.04689
1.04827
1.00016
1.00025
1.00039
1.00005
1.0002
1.04415
1.00021
1.00015
1.00021
1.00024
1.00018
1.02995
1.00018
1.2712
1.12058
1.0003
1.00018
1.10776
1.00013
1.05137
1.00023
1.00026
1.16033
1.09792
1.00017
1.03382
1.0005
1.03032
1.00125
1.03611
1.04453
1.00034
1.00355
1.02314
1.00026
1.07195
1.00127
1.04842
1.06961
1.03153
1.04563
1.00235
1.07515
1.04962
1.13664
1.06416
1.00018
1.00029
1.00222
1.0002
1.0002
1.03863
1.02296
1.00029
1.00363
1.00473
1.04147
1.00017
1.08022
1.03141
1.00026
1.1207
1.00036
1.09007
1.0082
1.00022
1.00022
1.00024
1.03958
1.00017
1.00047
1.04267
1.00325
1.04948
1.02645
1.00018
1.044
1.0002
1.03332
1.05474
1.05171
1.10919
1.00028
1.0002
1.00218
1.0002
1.03555
1.00018
1.03839
1.05916
1.00307
1.00016
1.03906
1.00019
1.0132
1.00457
1.00988
1.00712
1.00091
1.00023
1.03801
1.07962
1.10064
1.00078
1.02392
1.03672
1.00082
1.00373
1.00025
1.00013
1.03506
1.00791
1.03111
1.02972
1.00026
1.00023
1.05264
1.03576
1.00339
1.09645
1.00091
1.04745
1.00019
1.00029
1.05969
1.0002
1.06889
1.06779
1.03334
1.0001
1.02966
1.03773
1.00026
1.00014
1.00026
1.00024
1.03483
1.00138
1.00574
1.00568
1.12082
1.00019
1.00029
1.00025
1.00367
1.03646
1.00013
1.00021
1.00024
1.00015
1.0752
1.00028
1.00019
1.0005
1.01935
1.08892
1.06648
1.00015
1.00384
1.03794
1.00679
1.0822
1.00027
1.06368
1.03034
1.00025
1.00027
1.00019
1.00034
1.07848
1.00016
1.07622
1.03746
1.08953
1.00019
1.00026
1.00013
1.01627
1.06625
1.00034
1.00021
1.00025
1.0003
1.00621
1.05918
1.07184
1.0052
1.09364
1.0295
1.00023
1.0002
1.02023
1.00015
1.08113
1.12386
1.05844
1.05754
1.0002
1.02807
1.04053
1.00025
1.00595
1.00016
1.0607
1.08128
1.17317
1.0002
1.18213
1.00151
1.12859
1.00174
1.00351
1.00097
1.08674
1.08099
1.00201
1.03487
1.00512
1.00791
1.00027
1.00025
1.00461
1.00179
1.12924
1.00025
1.00494
1.01466
1.06545
1.00025
1.00047
1.08911
1.01395
1.00029
1.0031
1.00018
1.0353
1.00239
1.10734
1.00084
1.14923
1.0002
1.03583
1.07726
1.00021
1.04711
1.15373
1.02952
1.0046
1.03083
1.03362
1.05621
1.00026
1.02957
1.03297
1.00015
1.02369
1.04651
1.09317
1.07292
1.03362
1.01402
1.00245
1.00135
1.00024
1.00027
1.11704
1.00027
1.00031
1.00322
1.0355
1.0002
1.10924
1.01024
1.07294
1.08342
1.00036
1.08457
1.09504
1.0691
1.06326
1.00019
1.00028
1.09614
1.00025
1.00442
1.00385
1.12466
1.06014
1.00015
1.00144
1.00019
1.04056
1.03645
1.09665
1.00019
1.0791
1.04426
1.02152
1.05236
1.10356
1.0033
1.0002
1.00013
1.09129
1.07623
1.00024
1.0002
1.00019
1.01931
1.00022
1.04873
1.00027
1.04887
1.06594
1.01523
1.08803
1.02109
1.01549
1.0323
1.00025
1.00022
1.01106
1.00025
1.05682
1.00023
1.02335
1.00021
1.03377
1.00026
1.00017
1.00098
1.01614
1.00033
1.03205
1.13077
1.00021
1.00035
1.00932
1.07113
1.00022
1.02375
1.0002
1.00036
1.06457
1.00022
1.00025
1.00407
1.00546
1.00034
1.00473
1.00814
1.00706
1.04083
1.0002
1.00699
1.00329
1.00027
1.00024
1.08449
1.00501
1.00019
1.00028
1.0315
1.0003
1.0324
1.06622
1.00027
1.06585
1.00561
1.0013
1.00273
1.07632
1.04877
1.0002
1.00175
1.00128
1.00105
1.00021
1.08639
1.04416
1.00014
1.00022
1.00031
1.02394
1.08522
1.03119
1.0759
1.05487
1.00284
1.00056
1.09199
1.04918
1.1485
1.00024
1.00022
1.00193
1.00021
1.00404
1.00018
1.0003
1.00016
1.06395
1.00019
1.00645
1.07714
1.00513
1.00023
1.06649
1.00479
1.00028
1.09344
1.08793
1.00021
1.05435
1.00021
1.00019
1.00021
1.04872
1.00019
1.06878
1.00023
1.01676
1.00021
1.04199
1.00411
1.00022
1.03628
1.03211
1.00968
1.00025
1.00079
1.07732
1.00033
1.06423
1.0869
1.01023
1.0002
1.00021
1.00526
1.00297
1.00025
1.01363
1.00018
1.0094
1.02834
1.05911
1.00013
1.00062
1.00018
1.00488
1.04137
1.06642
1.02638
1.02271
1.02623
1.06984
1.04258
1.04997
1.0014
1.08433
1.00961
1.09356
1.00022
1.00015
1.00016
1.00029
1.00017
1.11401
1.00029
1.00091
1.00019
1.06047
1.00023
1.00031
1.00023
1.05871
1.00027
1.10632
1.04682
1.00491
1.00075
1.04975
1.00019
1.00026
1.00172
1.03643
1.00025
1.0815
1.00315
1.03149
1.00025
1.00035
1.07362
1.09214
1.0024
1.00021
1.05037
1.00018
1.00111
1.04937
1.01513
1.00278
1.00079
1.00016
1.00015
1.00777
1.0003
1.00539
1.00045
1.00017
1.08712
1.00028
1.00019
1.00499
1.02563
1.00792
1.00815
1.02624
1.00069
1.00015
1.03208
1.00019
1.05967
1.00324
1.00954
1.02096
1.00084
1.00706
1.03822
1.01356
1.04899
1.07416
1.00016
1.00018
1.05357
1.00149
1.03353
1.0171
1.03061
1.0503
1.0002
1.00018
1.00019
1.00014
1.00024
1.02867
1.00025
1.00025
1.0021
1.04252
1.07373
1.00019
1.00015
1.02409
1.0656
1.04176
1.00036
1.00839
1.0664
1.02491
1.00326
1.00016
1.00011
1.00035
1.00025
1.00016
1.07722
1.08146
1.0336
1.08996
1.00019
1.00078
1.0071
1.00893
1.0709
1.0002
1.03937
1.17037
1.00033
1.0021
1.49924
1.52136
1.47628
1.61142
1.725
1.95105
1.74763
1.63202
1.65215
1.52921
1.57751
1.75035
1.67887
1.73681
1.61164
1.62414
1.6203
1.85269
1.62846
1.39935
1.63131
1.60476
1.58091
1.71288
1.68796
1.57724
1.61355
1.70897
1.64717
1.67681
1.68129
1.49071
1.67315
1.66903
2.01829
1.77284
1.58325
1.69289
1.78623
1.34661
1.43474
1.79248
1.92461
1.78167
1.67205
1.78987
1.63983
1.71112
1.52069
1.76658
1.99935
1.74299
1.65511
1.62736
1.59395
1.74532
1.67999
1.76445
1.74826
1.49385
1.75549
1.51389
1.56285
1.51817
1.70006
1.87596
1.56347
1.65006
1.52454
1.58865
1.75591
1.55059
1.5935
1.9496
1.63053
1.55163
1.61476
1.5868
1.54468
1.6855
1.78651
1.73082
1.51231
1.60244
1.4522
1.68665
1.53447
1.82005
1.52918
1.61697
1.6992
1.85302
1.67635
1.96621
1.56641
1.74231
1.63076
1.68281
1.62633
1.59351
1.73433
1.58321
1.89667
1.48238
1.77367
1.65464
1.57776
1.47161
1.68162
1.66088
1.6479
1.67596
1.58033
1.58967
1.6978
1.72949
1.51675
1.66643
1.63764
1.74463
1.96673
1.56271
1.83147
1.57782
1.66187
1.63783
1.56878
1.60316
1.42625
1.8951
1.49466
1.45306
1.73485
1.79803
1.70867
1.57567
1.60296
1.75974
1.5834
1.59542
1.62485
1.649
1.83848
1.81727
1.92184
1.63686
1.6328
1.4946
1.525
1.59748
1.65148
1.65128
1.85663
1.6429
1.79044
1.66808
1.59849
1.72679
1.39075
1.77737
1.863
1.7468
1.8884
1.64488
1.66323
1.61906
1.5575
1.54129
1.9844
1.44484
1.98412
1.5637
2.04305
1.59558
1.56823
1.63239
1.66519
1.55388
1.79616
1.62331
1.4945
1.66963
1.64591
1.57561
1.76743
1.79341
1.72322
1.75843
1.693
1.73361
1.58574
1.59637
1.69571
1.6469
1.64105
1.63608
1.68542
2.17517
1.78675
2.15476
1.46866
1.58367
1.48858
1.54132
1.66051
1.52098
1.52924
1.78982
1.77747
1.71061
1.61836
1.6497
1.71086
1.61134
1.71608
1.72899
1.79608
1.64579
1.49368
1.86697
1.52376
1.59029
1.68104
1.62031
1.58672
1.59733
1.83196
1.75221
1.55035
1.61097
1.5269
1.70593
1.58956
1.69126
1.52158
1.72413
1.44644
1.53173
1.76236
1.55369
1.42406
1.46632
1.65162
1.47718
1.58834
1.53741
1.78
1.7061
1.52444
1.71124
1.7327
1.59263
1.56638
1.49016
1.47305
1.71043
1.82604
1.78462
1.65444
1.80241
1.69444
1.82353
1.50156
1.42586
1.61259
1.60688
1.60482
1.53093
1.65472
1.72028
1.74386
1.59992
1.484
1.6235
1.47044
1.64713
1.71689
1.68223
1.47832
1.48075
1.46084
1.60427
1.50198
1.86075
1.59373
1.54353
1.76598
1.60926
1.49487
1.70061
1.79178
1.62617
1.51096
1.48011
1.79623
1.59235
1.65863
1.55268
1.54876
1.65316
1.78705
1.3957
1.63568
1.48142
1.85887
1.47129
1.6001
1.57074
1.5322
1.55874
1.70142
1.74116
1.58892
1.80455
1.72479
1.79828
1.5636
1.47517
1.64735
1.32139
1.66827
1.88899
1.71515
1.58124
1.50009
1.66726
1.55704
1.58769
1.47602
1.78591
1.60688
1.55171
1.95441
1.48843
1.72411
1.89346
1.7103
1.8333
1.75508
1.61161
1.81595
1.78045
1.51299
1.64831
1.59657
1.73268
1.91865
1.4638
1.81519
1.61975
1.80906
1.51645
1.65439
1.43451
1.66449
1.48044
1.50261
1.70107
1.64774
1.51632
1.68052
1.62871
1.37508
1.65347
1.79135
1.30639
1.5899
1.89748
1.71667
1.55964
1.57394
1.56927
1.64419
1.40714
1.4537
1.71249
1.65412
1.56669
1.65656
1.69921
1.46608
1.7324
1.56197
1.69543
1.58548
1.65781
1.50755
1.70845
1.62999
1.74894
1.73911
1.56945
1.57159
1.65768
1.49095
1.70114
1.6748
1.68239
1.55287
1.74218
1.96859
1.6439
1.64716
1.38227
1.75177
1.62125
1.43244
1.54602
1.60254
1.73074
1.75634
1.75561
2.01335
1.68306
1.52806
2.21915
1.55443
1.65612
1.6652
1.63715
1.47434
1.50858
1.55934
1.52693
1.47372
1.78948
1.56167
1.48353
1.64064
1.50457
1.57352
1.62704
1.52708
2.21637
2.09334
1.87236
1.63748
1.79625
1.6935
1.86889
1.66874
1.65431
1.57188
1.7687
1.49408
1.641
1.67833
1.55972
1.59192
1.78053
1.57935
1.77419
1.62917
1.60167
1.75166
1.92418
1.71842
1.90345
1.99969
1.51251
1.75184
1.84908
1.78373
1.61442
2.06417
1.53743
1.47534
1.74668
1.72699
1.61137
1.63416
1.66225
1.60239
1.63104
1.55322
1.56604
1.50956
1.51851
1.66963
1.60727
1.70164
1.82472
1.71623
1.64105
1.5434
1.56831
1.56159
1.61309
1.8184
1.50275
1.41975
1.79373
1.64007
1.64743
1.68674
1.55232
1.75026
1.47079
1.43889
1.59847
1.65453
1.77605
1.71911
1.45936
1.51342
1.4356
1.4231
1.46437
1.75831
1.71528
1.70347
1.44697
1.65821
1.55943
1.50605
1.48028
1.60663
1.94788
1.73732
1.59424
1.68019
1.60925
1.6194
1.63068
1.61196
1.43376
1.71814
1.77599
1.5042
1.54524
1.63365
1.75295
1.51369
1.69766
1.61469
1.61462
1.61677
1.52579
1.52291
2.02234
1.69532
1.59587
1.43395
1.61083
1.95013
1.57483
1.94536
1.55704
1.47424
1.53233
1.85355
1.72348
1.61993
1.37859
1.66229
1.67778
1.66717
1.98606
1.73598
1.70732
1.74428
1.3827
1.6122
1.59364
1.62269
1.64552
1.38928
1.70105
1.62218
1.44688
1.63177
1.68937
1.66128
1.601
1.89819
1.74071
1.54488
1.51297
1.61814
1.99508
1.63922
1.49982
1.52594
1.49112
1.5665
1.56224
1.68752
1.57526
1.93437
1.63469
1.44686
1.76277
1.59294
1.72
1.34827
1.3933
1.52009
1.48328
1.72097
1.75148
1.50101
1.68825
1.7613
2.05784
1.63944
1.59828
1.89077
1.82635
1.51675
1.6778
1.57351
1.68449
1.50911
2.1166
1.87294
1.60171
1.55243
1.65848
1.56049
1.63511
1.59458
1.64983
1.42829
1.59362
2.06712
1.82489
1.57584
1.81346
1.49413
1.91023
1.52901
1.72198
1.65761
1.83593
1.76741
1.7226
1.57385
1.43297
1.77407
1.56407
1.79902
1.68294
1.62778
1.70223
1.60953
1.65279
1.63984
1.73296
1.57699
1.92253
1.62404
1.81131
1.66393
1.48599
1.48864
1.80009
1.5781
1.55254
1.45316
2.05208
1.46892
1.44447
1.72347
1.55502
1.48017
1.6359
1.69316
1.68111
1.67235
1.61488
1.57391
1.68473
1.56165
1.53839
1.4531
1.63188
1.81581
1.54443
1.80269
1.66138
1.82959
1.49521
1.49469
1.78012
1.56808
1.81931
1.73142
1.89015
1.76498
1.67388
1.44367
1.83627
1.71347
1.90796
1.55916
1.7974
1.97994
1.57232
1.8488
1.72094
1.57967
1.67204
1.61809
1.77106
1.64151
1.614
1.64593
1.81127
1.49597
1.84027
1.60381
1.54324
1.73907
2.10591
1.68721
1.74041
1.65178
1.69262
1.69545
1.69639
1.51687
1.45137
1.409
1.607
1.62609
1.78234
1.54675
1.49371
1.63242
1.55068
1.89706
1.51607
1.80957
1.83693
1.81062
1.68894
1.60086
1.38792
1.53487
1.75136
1.55069
1.73676
1.71909
1.99781
1.61296
1.54521
1.59625
1.71486
1.6524
1.58887
1.5642
1.55932
1.66911
1.60479
1.67308
1.64954
1.98452
1.43011
1.49106
1.7052
1.62473
1.71088
1.87174
1.7772
1.56536
1.55285
1.55413
1.59528
1.53322
1.49033
1.68863
1.63651
1.60418
1.63534
2.09892
1.79545
1.58778
1.65486
1.96072
1.63211
1.56912
1.9254
1.76599
1.66524
1.58624
1.6568
1.79545
1.76767
1.69655
1.45904
1.55485
1.77252
1.86931
1.6395
1.45332
1.58879
1.79369
1.5916
1.86997
1.57784
1.4544
1.63089
1.72984
1.45631
1.64235
1.76259
1.92921
1.75824
1.8205
1.42947
1.76128
1.44309
1.92197
1.55338
1.53242
1.6454
1.6729
1.4448
1.56329
1.72581
1.52927
1.72372
1.50841
1.73775
1.48646
1.65608
1.733
1.63983
1.71082
1.78243
1.76756
1.5505
1.53525
1.62824
1.60009
1.46043
1.61243
1.53278
1.48916
1.63879
1.55725
1.56739
1.59925
1.56472
1.63689
1.62188
1.51826
1.49522
1.99998
1.59455
1.52268
1.73766
1.61132
1.64088
1.71203
1.4558
1.50104
1.5731
1.92948
1.56591
1.69455
1.55102
1.37374
1.46587
1.57537
1.65671
1.51498
1.56213
1.65541
1.6224
1.61008
2.02604
1.58734
1.60642
1.79342
1.85839
1.87742
1.73198
1.65304
1.66621
1.83143
1.63666
1.55882
1.49809
1.40608
1.78418
1.46442
1.86365
1.74413
1.50765
1.62262
1.61042
1.70113
1.79317
1.66076
1.81675
1.6282
1.78841
1.53507
1.95314
1.49052
1.63963
1.59325
1.88615
1.6384
1.78798
1.78857
1.606
1.85789
1.88018
1.69371
1.90109
1.81533
1.85277
1.47125
1.51672
1.48549
1.53276
1.47607
1.60512
1.58839
1.57724
1.79781
1.46749
1.63508
1.79474
1.57387
1.56402
1.47973
1.49843
1.87772
1.58622
1.58691
1.61969
1.58515
1.64438
1.7214
1.50082
1.7726
1.50895
1.63758
1.55215
1.97089
1.72952
1.67465
1.49158
1.52481
1.54705
1.57094
1.74747
1.72654
1.64613
1.43209
1.58616
1.57196
1.58468
1.80115
1.5678
1.65364
1.64676
1.51647
1.52116
1.47484
1.41461
1.79326
1.7522
1.71896
1.61662
1.46097
1.64589
1.69295
1.6443
1.3478
1.59205
1.77871
1.56172
1.7688
2.17707
1.65296
1.73137
1.66738
1.50492
1.25403
1.69104
1.63974
1.49451
1.56819
1.76799
1.50091
1.58901
1.48711
1.85595
1.94881
1.703
1.93127
1.50652
1.59356
2.03507
1.97562
1.72341
1.04311
1.52136
1.47628
1.61142
1.20431
1.30813
1.41821
1.13838
1.18953
1.52921
1.57751
1.18565
1.67887
1.73681
1.61164
1.62414
1.27121
1.21418
1.15297
1.39935
1.25639
1.16402
1.58091
1.15866
1.1278
1.09773
1.61355
1.21664
1.64717
1.20952
1.68129
1.49071
1.67315
1.66903
2.01829
1.25669
1.29874
1.1767
1.23381
1.34661
1.43474
1.32363
1.92461
1.78167
1.24159
1.78987
1.31312
1.71112
1.52069
1.20105
1.99935
1.31787
1.24449
1.62736
1.59395
1.24476
1.67999
1.16479
1.74826
1.49385
1.75549
1.2098
1.56285
1.18029
1.17666
1.18889
1.12424
1.65006
1.52454
1.12805
1.29758
1.28347
1.5935
1.9496
1.19081
1.55163
1.08293
1.17401
1.54468
1.6855
1.78651
1.73082
1.25355
1.20074
1.22228
1.31944
1.53447
1.82005
1.52918
1.61697
1.21082
1.32977
1.67635
1.20651
1.56641
1.23775
1.63076
1.27055
1.16289
1.2299
1.19275
1.31378
1.11545
1.16612
1.77367
1.65464
1.12824
1.47161
1.68162
1.2726
1.6479
1.40389
1.58033
1.58967
1.6978
1.14129
1.25181
1.25792
1.36481
1.20942
1.96673
1.31481
1.83147
1.09341
1.22546
1.29537
1.56878
1.3191
1.42625
1.11525
1.49466
1.22093
1.15195
1.14589
1.70867
1.57567
1.60296
1.75974
1.5834
1.25128
1.62485
1.649
1.83848
1.81727
1.14422
1.63686
1.6328
1.26724
1.525
1.59748
1.65148
1.36719
1.47533
1.6429
1.35129
1.09604
1.17598
1.72679
1.08815
1.77737
1.863
1.31918
1.8884
1.64488
1.66323
1.61906
1.17969
1.22554
1.4182
1.44484
1.32628
1.5637
2.04305
1.59558
1.56823
1.28169
1.20022
1.55388
1.2871
1.62331
1.4945
1.20404
1.17111
1.57561
1.5108
1.79341
1.29042
1.75843
1.25257
1.73361
1.58574
1.09361
1.23975
1.25304
1.20276
1.27809
1.32514
1.46043
1.78675
2.15476
1.2944
1.36659
1.48858
1.07188
1.20016
1.52098
1.52924
1.78982
1.77747
1.71061
1.61836
1.14397
1.71086
1.61134
1.71608
1.72899
1.79608
1.24193
1.16563
1.86697
1.0831
1.59029
1.68104
1.08984
1.58672
1.14165
1.83196
1.75221
1.55035
1.2714
1.5269
1.70593
1.25543
1.22468
1.52158
1.72413
1.18737
1.53173
1.17061
1.55369
1.42406
1.14494
1.21849
1.47718
1.58834
1.3062
1.23125
1.7061
1.52444
1.71124
1.21758
1.59263
1.10955
1.49016
1.47305
1.71043
1.34739
1.08612
1.0269
1.27758
1.2072
1.23732
1.17362
1.18713
1.61259
1.21039
1.60482
1.53093
1.22776
1.17826
1.74386
1.59992
1.09286
1.14821
1.47044
1.64713
1.27479
1.27737
1.18363
1.2011
1.18772
1.60427
1.50198
1.86075
1.10065
1.16789
1.20134
1.60926
1.25494
1.20818
1.79178
1.26908
1.02238
1.14863
1.36641
1.19272
1.20447
1.55268
1.54876
1.162
1.41539
1.0849
1.26379
1.48142
1.36214
1.08604
1.24542
1.16396
1.23225
1.55874
1.70142
1.22588
1.58892
1.25675
1.36457
1.79828
1.20203
1.14028
1.15369
1.11236
1.10383
1.30112
1.71515
1.19854
1.06501
1.16421
1.55704
1.58769
1.15335
1.78591
1.60688
1.55171
1.07328
1.21663
1.29667
1.16463
1.7103
1.17067
1.28101
1.25743
1.25749
1.36346
1.51299
1.64831
1.59657
1.20122
1.91865
1.25928
1.23847
1.61975
1.1853
1.25829
1.24541
1.43451
1.21799
1.48044
1.16566
1.24941
1.64774
1.05277
1.68052
1.62871
1.16624
1.65347
1.79135
1.09532
1.5899
1.21188
1.71667
1.25954
1.57394
1.1053
1.26725
1.40714
1.17776
1.71249
1.65412
1.15907
1.65656
1.69921
1.18005
1.7324
1.30935
1.69543
1.31198
1.23909
1.15067
1.27799
1.62999
1.27866
1.41114
1.11007
1.18646
1.0676
1.49095
1.70114
1.31355
1.26319
1.55287
1.11852
1.34757
1.14132
1.64716
1.38227
1.23195
1.14825
1.08889
1.54602
1.22147
1.16597
1.19087
1.75561
1.20465
1.20486
1.52806
1.27415
1.55443
1.65612
1.6652
1.1719
1.47434
1.50858
1.26139
1.52693
1.47372
1.30529
1.02996
1.48353
1.64064
1.14102
1.19076
1.06319
1.15185
1.41743
1.20437
1.46485
1.29174
1.79625
1.6935
1.19427
1.66874
1.65431
1.10914
1.7687
1.14218
1.641
1.67833
1.21735
1.59192
1.78053
1.57935
1.21018
1.04735
1.11022
1.75166
1.92418
1.27506
1.90345
1.46891
1.17452
1.10545
1.84908
1.27765
1.05228
2.06417
1.21995
1.47534
1.74668
1.14017
1.21574
1.63416
1.23517
1.60239
1.24749
1.29159
1.13563
1.06416
1.51851
1.33401
1.60727
1.27635
1.82472
1.1595
1.64105
1.14084
1.56831
1.33223
1.14951
1.11174
1.25298
1.14926
1.33799
1.64007
1.64743
1.68674
1.55232
1.16544
1.18329
1.03734
1.17514
1.1805
1.42732
1.71911
1.12333
1.51342
1.23945
1.4231
1.0324
1.75831
1.71528
1.47377
1.15725
1.65821
1.55943
1.13014
1.20488
1.60663
1.47693
1.27426
1.59424
1.31936
1.10129
1.17157
1.11817
1.61196
1.08501
1.26956
1.77599
1.27207
1.07195
1.25587
1.12813
1.23658
1.1689
1.61469
1.61462
1.13993
1.11009
1.13007
1.27139
1.69532
1.59587
1.11006
1.18451
1.10596
1.57483
1.94536
1.55704
1.12031
1.15753
1.06613
1.72348
1.30919
1.10459
1.24553
1.04664
1.10727
1.98606
1.17659
1.70732
1.74428
1.3827
1.25213
1.21204
1.62269
1.18131
1.12948
1.23223
1.1328
1.44688
1.11243
1.30328
1.27708
1.02192
1.42216
1.25573
1.16543
1.22515
1.61814
1.31154
1.63922
1.10088
1.16493
1.49112
1.12604
1.56224
1.3294
1.57526
1.35854
1.63469
1.22311
1.76277
1.21511
1.72
1.34827
1.3933
1.29736
1.48328
1.72097
1.14039
1.50101
1.26344
1.33363
2.05784
1.12322
1.19957
1.17567
1.82635
1.14155
1.6778
1.57351
1.26165
1.50911
2.1166
1.87294
1.29748
1.55243
1.12602
1.20552
1.12043
1.59458
1.34333
1.02901
1.15067
2.06712
1.82489
1.57584
1.28685
1.49413
1.40187
1.08567
1.32574
1.18669
1.83593
1.26123
1.7226
1.57385
1.43297
1.77407
1.21951
1.79902
1.15793
1.62778
1.70223
1.15683
1.16643
1.38404
1.20615
1.57699
1.92253
1.13079
1.19786
1.20766
1.23965
1.13464
1.32664
1.19097
1.55254
1.19447
1.39009
1.46892
1.12273
1.28066
1.55502
1.48017
1.13422
1.27596
1.22687
1.67235
1.20123
1.57391
1.68473
1.56165
1.17538
1.18489
1.1221
1.81581
1.54443
1.80269
1.32707
1.82959
1.49521
1.49469
1.14649
1.56808
1.31364
1.26708
1.29791
1.20481
1.67388
1.44367
1.37389
1.71347
1.90796
1.55916
1.7974
1.31008
1.0958
1.14651
1.44914
1.25698
1.268
1.31225
1.1621
1.12055
1.614
1.05602
1.81127
1.18238
1.24362
1.60381
1.54324
1.73907
1.23271
1.26874
1.74041
1.65178
1.1474
1.1304
1.30739
1.51687
1.14148
1.409
1.29884
1.1909
1.78234
1.54675
1.22489
1.02683
1.22737
1.89706
1.51607
1.80957
1.83693
1.81062
1.2461
1.60086
1.10295
1.53487
1.75136
1.14762
1.73676
1.71909
1.99781
1.1718
1.54521
1.27879
1.71486
1.27523
1.58887
1.25471
1.55932
1.2743
1.2091
1.11102
1.29805
1.98452
1.43011
1.10518
1.7052
1.26834
1.71088
1.87174
1.24925
1.56536
1.55285
1.55413
1.10909
1.31394
1.49033
1.1212
1.63651
1.60418
1.63534
1.50421
1.24522
1.58778
1.20563
1.28484
1.63211
1.19283
1.9254
1.76599
1.66524
1.58624
1.6568
1.04047
1.29306
1.69655
1.15667
1.20794
1.04012
1.28949
1.6395
1.45332
1.27825
1.14294
1.17248
1.22039
1.16395
1.18229
1.23429
1.26019
1.15885
1.23197
1.76259
1.92921
1.75824
1.8205
1.14919
1.76128
1.44309
1.12315
1.23142
1.13622
1.28198
1.6729
1.12135
1.56329
1.72581
1.24226
1.37835
1.22067
1.73775
1.48646
1.33366
1.09864
1.08323
1.22412
1.03604
1.13651
1.14325
1.07476
1.24713
1.60009
1.15916
1.61243
1.53278
1.1284
1.2941
1.55725
1.56739
1.59925
1.56472
1.63689
1.21647
1.51826
1.49522
1.46588
1.16358
1.52268
1.73766
1.17144
1.06344
1.21357
1.4558
1.50104
1.03562
1.92948
1.56591
1.20196
1.14175
1.17343
1.29212
1.57537
1.3149
1.51498
1.56213
1.16069
1.6224
1.20031
2.02604
1.58734
1.25528
1.79342
1.24069
1.87742
1.29181
1.65304
1.23068
1.22136
1.63666
1.55882
1.11352
1.40608
1.15387
1.17179
1.86365
1.74413
1.50765
1.11974
1.11757
1.03247
1.79317
1.09211
1.17566
1.27478
1.19705
1.53507
1.40232
1.23369
1.63963
1.26496
1.88615
1.6384
1.19808
1.41942
1.221
1.22958
1.88018
1.69371
1.26966
1.81533
1.38633
1.47125
1.35055
1.48549
1.2548
1.06998
1.60512
1.58839
1.04428
1.79781
1.24312
1.15008
1.79474
1.31506
1.25042
1.20315
1.12258
1.87772
1.58622
1.58691
1.61969
1.19194
1.15294
1.7214
1.50082
1.21183
1.24727
1.63758
1.55215
1.22025
1.72952
1.27584
1.23868
1.12284
1.54705
1.27488
1.74747
1.72654
1.64613
1.43209
1.22553
1.17626
1.58468
1.80115
1.5678
1.37557
1.64676
1.51647
1.34892
1.47484
1.20665
1.79326
1.15966
1.53523
1.25401
1.16023
1.12245
1.69295
1.6443
1.3478
1.2725
1.77871
1.56172
1.7688
2.17707
1.65296
1.73137
1.66738
1.34817
1.14544
1.22104
1.2108
1.49451
1.56819
1.22351
1.50091
1.24056
1.48711
1.33135
1.18233
1.31889
1.41552
1.50652
1.24893
1.1564
1.97562
1.22527
42358300.0
23680800.0
32099100.0
32833000.0
32418800.0
23824400.0
31774400.0
32492300.0
30375800.0
27758100.0
37375100.0
35958200.0
29525600.0
29775100.0
22774200.0
32689200.0
28352200.0
33087400.0
28369500.0
39905700.0
29641400.0
35721700.0
34120600.0
21461500.0
33060400.0
30416300.0
31444600.0
20937300.0
24289000.0
25047300.0
36132100.0
41127300.0
21524500.0
31144500.0
11463000.0
36162300.0
35386500.0
29048500.0
31394600.0
32404000.0
37802100.0
26995300.0
33692200.0
24719600.0
27358600.0
25567700.0
19038900.0
32051900.0
37312000.0
36419900.0
17130100.0
29743400.0
37258000.0
34493600.0
39796700.0
31768500.0
33652000.0
21987500.0
30463400.0
24917800.0
29082300.0
34242200.0
47255600.0
37937600.0
26928700.0
20475200.0
29001900.0
22349900.0
31403700.0
29893800.0
30007000.0
38704100.0
39022100.0
24692400.0
33247200.0
36931600.0
36917100.0
30241700.0
43500200.0
32859900.0
33759200.0
31127700.0
31592400.0
29113400.0
38382100.0
38083400.0
30050300.0
40981800.0
33446100.0
22084300.0
26755800.0
24866900.0
34976800.0
22788100.0
36837900.0
24868400.0
30725700.0
37562200.0
23860500.0
28735300.0
26958700.0
28771800.0
23412800.0
33055100.0
30594800.0
25315000.0
22330700.0
35061700.0
34071000.0
37438000.0
30852200.0
25972100.0
36560900.0
26279200.0
30174800.0
26345700.0
29644400.0
31228900.0
30581100.0
36423600.0
25087800.0
30119900.0
25520300.0
29929600.0
22916900.0
23764100.0
33654400.0
25824600.0
35742300.0
25285600.0
37569500.0
24115900.0
25958600.0
34169900.0
34254500.0
53838000.0
29233600.0
26863600.0
38004900.0
39239700.0
23779000.0
35689500.0
22419900.0
26896300.0
24182000.0
37205600.0
31165500.0
40672500.0
30862600.0
19917700.0
23808800.0
34356100.0
29499500.0
27288600.0
21927600.0
33683000.0
29280200.0
32819400.0
46847200.0
33657900.0
25720100.0
27685800.0
27652200.0
23363700.0
30063000.0
19920000.0
30513400.0
39682700.0
17641200.0
33512400.0
22774700.0
32080000.0
26707800.0
34289200.0
29036600.0
29459000.0
33621100.0
29008300.0
19896100.0
18522700.0
38218900.0
31433900.0
27379500.0
37176200.0
22552500.0
20951000.0
34691200.0
36879300.0
23641400.0
37783800.0
34181400.0
33595700.0
22746700.0
42927900.0
29744600.0
32400200.0
32096300.0
28018100.0
28126800.0
18154900.0
43958200.0
20816200.0
30452400.0
37730100.0
31310700.0
31463900.0
42817200.0
28715200.0
23372100.0
27032900.0
29376300.0
27739000.0
19135700.0
35621800.0
26232600.0
29662300.0
35963500.0
37909300.0
39261000.0
22430600.0
41862500.0
40170000.0
26711500.0
33659300.0
20281800.0
39759900.0
29513600.0
30293300.0
41160900.0
34003800.0
30954500.0
18606900.0
30539900.0
30098100.0
35485700.0
24746500.0
34961500.0
48730400.0
14592300.0
49448200.0
39668900.0
39173600.0
30335200.0
50965200.0
44403400.0
36214300.0
21608200.0
35359900.0
31975700.0
24063400.0
19097000.0
34331100.0
34151600.0
36733500.0
28444200.0
25185300.0
18023700.0
29934100.0
33257700.0
19737600.0
40333000.0
15613300.0
54744500.0
45174600.0
39285500.0
27413800.0
34982500.0
31317300.0
32553100.0
14840300.0
29232700.0
26936000.0
50185300.0
31898700.0
32255600.0
41363300.0
41878400.0
25182700.0
34827800.0
30641000.0
21275900.0
37424300.0
20342100.0
28116800.0
47570300.0
51684200.0
32100600.0
35741600.0
38975200.0
26121500.0
24935500.0
24769200.0
31799500.0
42329900.0
40135600.0
32746600.0
29393700.0
27760300.0
29068800.0
24885900.0
18835200.0
35195800.0
29012000.0
29128900.0
20572100.0
32610000.0
36845500.0
32988200.0
34047200.0
21397400.0
24055700.0
17912900.0
31933600.0
28798400.0
27096300.0
20700700.0
32266900.0
40476800.0
41328400.0
32679400.0
30828900.0
23312900.0
31394800.0
34227500.0
24659200.0
32496700.0
34724800.0
31904900.0
26605900.0
29671600.0
34939200.0
25739800.0
16710200.0
27807100.0
23790700.0
22958100.0
24583400.0
26231900.0
26048100.0
46604600.0
31260000.0
19539000.0
37504600.0
25957000.0
43115900.0
22384200.0
23052700.0
40545500.0
27679900.0
26534500.0
22679000.0
44550700.0
16123400.0
46730100.0
32741800.0
28551900.0
39694800.0
26381600.0
32405000.0
32033400.0
39319800.0
37725100.0
33089000.0
29186000.0
20532200.0
39330200.0
31387900.0
25918400.0
34619200.0
32487500.0
25573000.0
31297500.0
24928100.0
46768000.0
30264600.0
18172400.0
27938300.0
42369800.0
37766500.0
32112000.0
32382100.0
31422000.0
34649100.0
33782500.0
34850300.0
29120300.0
40983000.0
32483000.0
33598000.0
32295400.0
32132600.0
31953900.0
33701400.0
28102100.0
29726500.0
25095300.0
36332700.0
33187600.0
33971300.0
21511000.0
21415000.0
33594700.0
36730700.0
44400200.0
20260100.0
33938500.0
25127600.0
37737400.0
26176200.0
31024800.0
27180400.0
29703100.0
28037300.0
27153600.0
24956300.0
15272700.0
27582100.0
34247100.0
37578800.0
35685900.0
44808800.0
26980700.0
33665800.0
30683900.0
37517400.0
26161400.0
36777300.0
36130600.0
28149600.0
24241000.0
46077600.0
42092900.0
38940200.0
16243900.0
19794300.0
31754800.0
43887200.0
23222600.0
28882000.0
9185630.0
31156100.0
29864600.0
32699800.0
34202800.0
36721700.0
28326500.0
33506100.0
29313600.0
33569100.0
26022600.0
30960700.0
21783700.0
26561300.0
28972600.0
32467600.0
22403200.0
30221500.0
31281100.0
27871700.0
24233200.0
31877000.0
24446200.0
28422600.0
28840200.0
24066300.0
40536800.0
32684800.0
22563600.0
19013900.0
29605100.0
40561500.0
33453700.0
31662200.0
21903300.0
27595300.0
41861500.0
36260300.0
46002200.0
22100400.0
32045200.0
39321700.0
28095900.0
23278400.0
30675300.0
42447000.0
28284800.0
28378100.0
32951300.0
16110100.0
42552100.0
25847300.0
38791100.0
29586100.0
31990700.0
32953200.0
33386600.0
32346500.0
32809400.0
37268200.0
32288600.0
29537200.0
27455700.0
24135700.0
31491700.0
38946600.0
31044300.0
32358700.0
37304300.0
27040900.0
33157500.0
28839700.0
43251400.0
33166600.0
31323400.0
27978000.0
28237000.0
27580500.0
22426900.0
31241500.0
39368400.0
24468300.0
37724900.0
22351700.0
36450500.0
30719000.0
34856000.0
35040300.0
28915800.0
35442000.0
35231100.0
25551000.0
23326700.0
33425900.0
26604100.0
34262100.0
35679800.0
16026100.0
27804100.0
37277400.0
30063400.0
30511600.0
33894800.0
35763700.0
23012400.0
22374600.0
36814900.0
23334600.0
38065500.0
44163600.0
34183500.0
33772400.0
18916100.0
27948100.0
46770400.0
24922600.0
29656900.0
55163800.0
20971800.0
26007400.0
36648300.0
15838900.0
34867900.0
25684500.0
31093400.0
31702000.0
31574200.0
48866200.0
42906100.0
32678500.0
46125300.0
30759800.0
28099100.0
40203500.0
23820600.0
29892200.0
32087600.0
30241900.0
34792600.0
41415400.0
27190300.0
26971900.0
33734900.0
29966000.0
32195500.0
24164000.0
29705700.0
27278100.0
48699000.0
25338200.0
38255600.0
37707100.0
32628600.0
30636000.0
35752000.0
35944100.0
21678800.0
40677700.0
33819600.0
34708700.0
29157100.0
26950300.0
29517900.0
29748100.0
23392300.0
31184700.0
23892700.0
20840400.0
26192600.0
37106800.0
40526100.0
28388300.0
30168100.0
52237500.0
13337700.0
23284500.0
24776500.0
45254700.0
37870000.0
40719100.0
29867500.0
34377800.0
22104500.0
26956000.0
31006300.0
19475700.0
28558300.0
39302600.0
37048500.0
41861100.0
27869600.0
32510800.0
33382200.0
32574300.0
31785600.0
32644500.0
30490500.0
34106500.0
31937000.0
16056900.0
30238200.0
30891000.0
31799500.0
34407400.0
23929800.0
33021300.0
31293100.0
34494000.0
29348600.0
32266500.0
11791800.0
45193400.0
41024800.0
24135700.0
34886800.0
36019500.0
30785300.0
42768700.0
36187500.0
33234000.0
20796800.0
29398900.0
34415100.0
37213300.0
40556000.0
34572100.0
25735200.0
27755600.0
23862200.0
26501700.0
35651000.0
42907100.0
32012700.0
45763200.0
40724600.0
38878500.0
27363400.0
23892000.0
22566200.0
31479000.0
28555900.0
26801900.0
23876800.0
22517400.0
34997900.0
30504800.0
26222500.0
22867000.0
25628300.0
19970700.0
42026800.0
28515300.0
31076400.0
24269500.0
22415800.0
37703300.0
37425800.0
23499800.0
29438800.0
21517600.0
28159000.0
35740800.0
24021900.0
35198900.0
28755700.0
26850300.0
23041100.0
31880800.0
21230700.0
33515700.0
20281500.0
41389100.0
28040200.0
32621200.0
17985700.0
39947000.0
29446800.0
35842000.0
34080200.0
35426500.0
23987600.0
33741500.0
31764600.0
47980600.0
32090800.0
20861100.0
36557800.0
38375100.0
43079400.0
29502500.0
33185100.0
26568200.0
17763300.0
35541100.0
34332700.0
28474100.0
23560600.0
31526900.0
44655200.0
26578200.0
35844000.0
27550700.0
24948300.0
27030300.0
21374800.0
33518000.0
32910700.0
28565800.0
31009500.0
27288100.0
36598400.0
28263000.0
29050300.0
26559000.0
42428000.0
30655200.0
29208600.0
27426300.0
31287000.0
24798800.0
32454800.0
32752800.0
37412200.0
21288500.0
33408400.0
41761100.0
29527700.0
32210500.0
28084100.0
30684100.0
33326900.0
34065600.0
33439600.0
39288000.0
37023500.0
26046400.0
37168400.0
22481900.0
31350800.0
17990300.0
29337400.0
39031900.0
29183300.0
31771900.0
23620300.0
22548000.0
28346000.0
32318600.0
24458800.0
25803200.0
36532900.0
31918000.0
38630100.0
35708700.0
39026700.0
33010500.0
35888800.0
23857200.0
33909700.0
21720000.0
39288900.0
48050800.0
35514800.0
22166900.0
39447400.0
38388600.0
33311600.0
30943300.0
25423600.0
21339500.0
35598900.0
31887800.0
38721300.0
27189800.0
20701000.0
28982400.0
34253900.0
33390300.0
35233700.0
34240600.0
23557400.0
44602600.0
39726100.0
27217800.0
28511800.0
27481300.0
29899300.0
29013000.0
35164100.0
32242900.0
33183000.0
33277200.0
42321500.0
34461500.0
33079700.0
31596100.0
38570100.0
44941300.0
30034000.0
35730800.0
31786700.0
25277600.0
24686000.0
35326800.0
29160300.0
36384300.0
30920000.0
45462300.0
40491400.0
16229900.0
34612100.0
41070100.0
35178600.0
21322400.0
26087200.0
26381300.0
31724700.0
27548600.0
33216100.0
20119500.0
28613100.0
33637200.0
39406200.0
25662200.0
32012100.0
32258800.0
34604800.0
34117900.0
34412700.0
45959600.0
31722900.0
44930400.0
30113900.0
27951900.0
33891000.0
26156600.0
22690700.0
26907100.0
26793800.0
25436700.0
23462700.0
23611500.0
21223500.0
34326400.0
47516300.0
45539900.0
26883600.0
37843900.0
30403400.0
25413500.0
37525000.0
49297200.0
32197200.0
41614500.0
25076400.0
38701000.0
22587700.0
25302100.0
41694500.0
25000400.0
23739900.0
47391600.0
38407800.0
36727100.0
39654000.0
23806000.0
30717700.0
36613700.0
45219000.0
24701200.0
28166400.0
27968400.0
23737200.0
30954600.0
22854300.0
37384000.0
32411900.0
43680200.0
47407400.0
30752400.0
34919100.0
46949800.0
27546000.0
20224800.0
55206900.0
34014200.0
25201100.0
32621000.0
32769900.0
32167600.0
39554800.0
16443400.0
27203400.0
48998400.0
34732100.0
30054300.0
34460400.0
24412200.0
38413000.0
26363100.0
28291400.0
31384200.0
42399200.0
17337700.0
21454500.0
25639000.0
32800500.0
38047500.0
32323700.0
34472400.0
27650700.0
31915500.0
33137100.0
36371300.0
45635000.0
39896800.0
28820400.0
28960800.0
39498500.0
31197900.0
30702400.0
41007000.0
35446800.0
35228400.0
37340500.0
31081900.0
35729500.0
33602900.0
29270600.0
29281600.0
34703500.0
19105900.0
38476400.0
26848000.0
24105400.0
30096300.0
29045800.0
18971300.0
29038300.0
22337900.0
32608100.0
27618600.0
33176700.0
37160600.0
39699000.0
34214500.0
56921500.0
52794700.0
25248800.0
29429100.0
36543200.0
29176500.0
16240300.0
14489200.0
31040800.0
28485700.0
33103200.0
32355800.0
20704000.0
29840900.0
31384900.0
42358271.102043
23680831.062056
32099099.062761
32833039.075765
32418771.076951
23824175.070178
31774403.07918
32492268.086657
30375826.069518
27758106.058985
37375136.093706
35958190.074572
29525598.081855
29775052.080906
22774216.036582
32689246.083358
28352152.064714
33087386.080077
28369518.073127
39905673.08203
29642821.072219
35721686.102633
34120603.073646
21461481.050944
33060379.083095
30416301.068706
31444579.086325
20937303.056886
24288982.055159
25047327.073238
36132122.111859
41127270.114861
21524487.048833
31144510.092515
11463027.021394
36162348.082766
35386456.090883
29048548.081138
31394619.07066
32404041.086307
37802111.090664
26995330.051188
33692164.090419
24719625.058854
27358592.075014
25567654.063882
19038930.049643
32051918.084964
37311972.086261
36419944.066161
17131814.043793
29743364.065047
37258014.105385
34493620.090124
39796255.097313
31768501.095678
33651966.085178
21987464.043804
30462924.0767
24917840.061793
29082306.075878
34242240.096185
47255380.464158
37937586.105973
26928714.059106
20475244.066172
29001889.076327
22349894.072761
31403710.067798
29893760.072693
30006965.082783
38704113.083293
39022083.092797
24692444.043351
33247209.091152
36931640.076198
36917076.089107
30241739.061807
43500220.11661
32859936.093122
33761074.097109
31127695.051778
31592354.081768
29113418.050431
38382148.096677
38083358.11351
30050308.07256
40981779.108029
33446115.084609
22084312.05186
26755805.084031
24866916.073219
34976798.095145
22770013.066754
36837896.085026
24868365.068173
30725701.086185
37562182.102934
23859695.563818
28735269.049018
26958719.086832
28771758.075716
23400199.059733
33055095.092759
30594835.092654
25314997.075784
22330696.054502
35061730.086986
34071042.091592
37437961.080999
30852236.092862
25972130.076009
36560934.101367
26279194.060144
30176938.069548
26345702.083206
29644400.074222
31228920.083853
30581061.083365
36423588.100377
25087821.079641
30119610.417979
25520319.064344
29929583.081935
22916902.060048
23764129.062262
33654417.07373
25824550.066227
35742272.085091
25284928.732036
37569456.111516
24115900.053976
25958607.077044
34169878.073609
34254521.082011
53837978.127568
29233580.068795
26863550.087912
38004906.097162
39239654.104828
23778471.568232
35689490.081136
22419855.062516
26896281.073445
24182011.068744
37205618.10204
31165492.090462
40672460.119708
30862638.093985
19917692.049342
23808756.055176
34356148.104777
29499491.05217
27311770.067847
21927580.04795
33683013.087127
29280190.080218
32819424.084925
46847181.099455
33657912.077731
25720094.064455
27685820.064445
27652155.087441
23363745.05403
30062964.050138
19919998.060324
30513412.088428
39682718.100495
17641246.053778
33512076.081102
26071496.084524
32079952.068849
29758390.412888
34288758.568536
29036551.068244
29459031.072162
33621127.095025
29008329.070109
19896083.052053
18522718.047987
38218925.095231
31433908.087359
27379538.046691
37176194.100005
22553742.564611
20950959.065474
34691220.109337
36879302.10546
23641362.057597
37783790.0649
34181408.088196
33595704.075812
22746710.055325
42927926.132874
29744612.079451
32400210.081794
32095703.084073
28018132.06885
28126275.069811
18154858.036104
43958220.131836
20816151.054026
30452429.071288
37730068.086128
31310654.08815
31463419.083115
42817186.10609
28715224.070901
23372128.056772
27032865.071938
29376265.069825
27738958.073395
19135718.046403
35621753.09135
26232618.067785
29662291.09265
35963458.100369
37909298.117029
39261046.095849
22430600.067398
41862529.103765
40169999.105538
26711542.064745
33659322.083633
20281772.036465
39759895.10978
29513634.083473
30293273.084909
41160924.118352
34003823.088679
30954467.076052
18606895.030532
30539877.058187
30098138.0686
35485723.078585
24746467.073014
34961493.078115
48729930.626321
14592271.042609
49448155.127424
39668853.083345
39173578.098893
30335243.078544
50965193.120065
44403356.130819
36214047.090125
21608182.061606
35359900.096607
31975719.080813
25618802.077669
19096563.531756
34331116.098203
34151396.087238
36733491.089577
28444190.078365
25187186.071812
19916735.04353
29934058.083979
33257711.074245
19737599.033392
40333001.106217
15613325.042329
54744504.140746
45174568.112424
39285452.096272
27413820.069694
34982452.086443
31317265.076378
32553128.086042
14840026.033023
29232689.067749
26936003.071998
50185325.132748
31898698.096218
32255611.069419
41363267.131571
41878435.120609
25182735.060772
34827752.086954
30641000.071678
21275883.049479
37424298.092447
20342051.048462
28116776.073778
47570305.109436
51684169.12782
32100570.065472
35741605.093588
38975183.118597
26577849.06111
24935540.05923
24769175.063488
31799528.083689
42329853.1003
40135602.124005
32746594.078051
29393726.093297
27760307.055028
29068776.049057
24885916.071677
18835207.050326
35195791.088441
29012024.055085
29128889.07397
20572126.034902
32610031.101931
36845505.102269
32988195.086026
34047241.096823
21397437.053768
24055659.04753
17912875.048081
31933614.072634
28797959.052098
27096317.055444
20700659.056688
32266887.073186
40476838.101011
41328379.106113
32679384.076165
30828870.081612
23312893.073196
31394818.070588
34227464.076572
24659157.055984
32496686.081654
34724779.090229
31904903.105482
26605854.071649
29671620.073858
34939176.097256
25739820.061034
16710702.547383
27807079.082707
23790714.056939
22958138.068456
24583436.040731
26231905.075468
26048121.070535
46604553.119399
31260025.083729
19539021.047937
37504565.093072
25957025.056772
43115946.120305
22384154.056226
23052674.066161
40545500.089246
27681925.068916
26534545.065983
22678985.067628
44550664.127224
16124569.044818
46730111.117123
32741812.091948
28551858.074021
39694831.118636
26381636.044313
32404956.080237
32033387.087595
39319783.096107
37725140.100156
33088974.066624
29186040.071773
20543003.066499
39330248.099003
31390558.415544
25918445.069542
34619233.103136
32487529.080037
25572966.058919
31297480.089116
24928096.064819
46768002.11877
30264557.07873
18172363.033149
27938326.079791
42369773.135463
37766514.085444
32117281.747459
32382101.091124
31421971.080243
34649101.08336
33782456.084341
34850326.099325
29119865.57101
40982978.086522
32482993.074439
33597974.075872
32295393.088264
32132561.090652
31953894.085834
33701447.060123
28102078.070634
29726511.071441
25095269.056607
36332657.108375
33187271.423417
33971281.108592
21510537.050911
21415016.053924
33594701.07938
36730723.111303
44400230.115635
20260102.051908
33938522.093934
25127646.05753
37737354.088137
26176203.067901
31024753.083417
27180428.073282
29703124.04784
28037331.086459
27153598.069888
24956343.072707
15274852.04663
27582141.066077
34246877.082407
37578804.067642
35685933.070322
44808779.106657
26980709.076988
33665757.0992
30683789.571039
37517425.10539
26161411.066078
36777344.097197
36130614.083698
28149619.067773
24240973.067405
46077589.128738
42092860.112438
38940177.089375
16243864.048302
19788690.050222
31754810.099996
43887162.108489
23222591.060583
28882022.075073
9185630.024271
31156133.071401
29864586.084562
32699828.073233
34202799.078044
36721687.0778
28326549.0686
33506119.080392
29313616.067135
33569149.078978
26022626.083475
30960703.08253
21783699.061017
26561270.058794
28972597.060759
32467593.089599
22402604.041679
30221618.834366
31280746.556603
27871700.08426
25566440.073689
31867307.075592
24446163.065983
28422573.046509
28840196.07429
24066339.065227
40536790.117128
32684757.101326
22563553.060505
19013928.057546
29605062.082146
40561530.106046
33453654.074997
31662224.085537
21903326.068256
27595328.06846
41861453.112827
36260269.095657
46002218.102096
22932027.060096
32045162.088332
39321653.110257
28095926.078843
23278423.064962
30675303.084902
42446369.103286
28284776.068364
28378073.067807
32951328.076042
16110057.047548
42552066.111973
25847337.066722
38791144.108486
29586053.078461
31991529.087434
32953234.081269
33386621.0866
32346491.08221
32809384.082811
37268237.104234
32288605.080572
29537236.085283
27455744.068641
24135725.076809
31491713.082131
38946622.066192
31044342.08782
32358672.09008
37304286.124146
27040854.070136
33157521.072177
28839692.081969
43251439.093924
33165953.594701
31323400.070133
27978003.089877
28237033.079115
27580549.081099
22420175.560682
31241518.092925
39368428.112115
24468329.063398
37724859.099789
22351729.057994
36450515.093178
30718975.064128
34856015.087516
35040294.104636
28915641.074431
35442041.095226
35231099.093558
25550971.074657
23326681.063737
33425865.08202
26604144.058397
34262082.073608
35679784.101519
16026106.046884
27804128.066954
37278039.587006
30063387.070974
30511620.079266
33894844.089557
35763698.081863
23012382.06643
22374633.050964
36814909.082531
23334630.060991
38065528.09709
44163641.108269
34183545.095354
33772195.081478
18916138.049725
27948066.067664
46770412.121563
24922582.053152
29656889.052802
55163806.123182
20971776.06423
26006968.576632
36648256.092456
15838899.035328
34867889.069935
25684530.061115
31093410.084916
31702026.087302
31574215.078331
48866239.136658
42906087.119581
32678516.083505
46125271.115912
30759836.05649
28099057.047488
40203469.104257
23820644.065307
29892212.093113
32087560.076239
30241912.082445
34792642.088402
41415427.100526
27190326.044031
26971918.051263
33734907.091427
29966003.066705
32195512.08876
24164017.058672
29705699.06138
27278121.071971
48698972.130141
25338223.070774
38255574.098615
37707080.078813
32628568.074654
30636002.075506
35752015.076628
35944118.086421
21678761.06093
40677716.115946
33819610.093509
34708689.103647
29157089.060818
26950343.063518
29517922.084301
29748059.051485
23392319.066293
31186096.066989
23892669.066837
20839870.049457
26192611.073617
37106785.097302
40526131.097258
28388316.090022
30168127.068662
52237510.128891
13337722.021504
23284020.564042
24776505.059223
45254664.113851
37870014.096689
40719051.1005
29867537.092516
34377751.083816
22104504.053561
26956013.067024
31006291.081801
22006639.056471
28558329.068751
39302609.101892
37048459.060204
41861118.088059
27869596.087431
32510787.08548
33382217.091107
32574334.088439
31785606.076666
32644493.099855
30491981.073522
34106472.095412
31936770.067995
16056874.046889
30238196.071614
30891008.099175
31799008.581327
34407370.108411
23929803.03838
33021311.090772
31292717.086558
34494012.092436
29348567.085537
32266542.08258
11791827.034935
45193446.131865
41024770.126452
24135724.063845
34886811.092633
36019488.083405
30785314.069064
42768406.570791
36187510.095814
33234035.092817
23558964.873669
29398886.081877
34415140.07916
37213781.601204
40556000.098636
34572069.089767
25735191.066945
27755305.074853
23862008.066409
26492272.064307
35651030.104802
42907067.098328
32012703.076537
45763203.126172
40724567.082501
38878479.095891
27363435.065773
23891960.038665
22566388.060667
31478996.056484
28555904.0743
26801580.727298
23876813.063087
22517359.062158
34997949.060004
30504782.069518
26222482.061456
22867035.063144
25628273.044476
19970696.053713
42026815.101735
28515294.064978
31076376.101725
24269021.077281
22415786.058399
37703282.094994
37431431.095203
23499767.051592
29438826.093648
21517600.055244
28159043.080948
35740755.093728
24021903.075893
35198664.072903
28755681.074967
26850348.045268
23041115.03976
31880771.069868
21230659.053327
33515724.086143
20281518.041809
41389071.106554
28040161.080492
32621157.104291
19105065.552583
39946953.109681
29446757.09031
35842028.085438
34080172.089592
35426460.083717
23987646.039396
33743926.575959
31764609.083834
47980587.124226
32090380.07913
20861113.05536
36557836.063763
38375070.102261
43079403.105982
29502531.087967
33185132.089645
31255362.099919
17763313.054802
35541145.056804
34332660.109711
28474140.076248
23560586.062382
31526867.079657
44655250.115082
26578164.06819
35843963.111957
27550711.063664
24948307.075796
27030313.066064
21374784.067541
33517982.09434
32910701.092162
28565770.086925
31009480.091723
27288071.06798
36598361.115017
28263033.073355
29050277.075247
26558978.072032
42428023.091496
30655249.0928
29208572.072308
27426335.084535
31287008.093864
24798767.057922
32454762.079886
32752836.083897
37412165.095129
21288496.061337
33408426.104532
41761111.138292
29527661.062628
32210495.103899
28084075.075381
30685738.087546
33333094.078975
34065636.055464
33439052.096355
39288034.121868
37023474.101462
26046355.059829
37167679.339836
22481866.051115
31350777.092505
17990280.043226
29337370.064029
39031939.107721
29183333.092766
31771851.07732
23620311.054947
22547959.060114
28345991.082714
32318648.086086
24458806.071143
25803202.046517
36532890.093752
31917975.078043
38630083.119158
35708721.088925
39026720.096554
33010516.088672
35888769.084624
23857187.071487
33909729.072428
21719993.060844
39288884.090435
48050817.101203
35514835.092776
22166914.066016
39447409.10473
38388636.088562
33311599.095762
30942818.585216
25423575.052752
21339048.051106
35598859.078536
31887812.08251
38721287.099293
27189462.414493
20701037.052921
28982430.072951
34253943.100748
33390288.085293
35233722.094455
34240551.105107
23557367.064684
44602586.108119
39726068.097124
27217764.078168
28511790.072106
27481341.064277
29899273.072741
29012994.070949
35164098.077879
32241700.587963
33183007.088656
33277219.099964
42321494.109766
34461454.07196
33079698.072141
31596061.080354
38570112.084703
44943789.104018
30034526.071512
35730792.087445
31786744.065581
25277622.066187
24685976.070392
35326794.099095
29160329.063133
36384287.08783
30919978.078977
45462259.109913
40491380.101362
16229916.049836
34612098.102673
41070122.109551
35177939.074589
21322353.04963
26087194.044004
26381277.061545
31724661.095004
27548632.06575
33216100.084873
20118973.054549
28613122.088489
33637172.082222
39406218.095337
25662160.051532
32012111.091595
32258780.083229
34604830.072538
34117896.074681
34412680.056471
45959648.110014
31722949.092842
44930384.109817
30113895.089147
27951855.075333
33890985.084898
26157339.066039
22690658.046738
29715502.749927
26793829.080983
25436704.07068
23462658.069551
23612759.058669
21223526.052451
34326451.060787
47516272.102494
45539905.108137
26883611.0751
37843861.107169
30403362.072656
25413470.076359
37524955.085789
49297180.116953
32197216.082134
41614481.102592
25076354.075197
38700966.093072
22587706.063653
25302116.046168
41694460.105071
25000384.058826
23739873.053905
47391584.109056
38407771.109296
36727071.101693
39653987.106873
23805965.063864
30717670.090535
36613680.080045
45219040.145023
24701206.075698
28166356.071819
27968376.06596
23737232.073188
30954612.084993
22854344.057462
37383997.101322
32411907.076928
43680153.129307
47407445.120433
30752356.074832
34919139.083239
46949825.114483
27545991.078893
20224253.378249
55206927.129403
34014176.05664
25201112.065857
32621032.068094
32769947.082065
32167365.57714
39554792.105568
16443373.04545
27203350.071185
48998435.126049
34732133.079121
30054299.060871
34460389.091889
24412180.073743
38412995.092883
26363093.077384
28291354.079065
31384211.073071
42399168.105238
17337717.053273
21454539.059827
25638992.05159
32800549.08273
38047058.099521
32323749.085467
34472433.105637
27650716.077231
31915483.068726
33137146.095979
36371295.096178
45634995.118525
39896824.097301
28820404.049472
28960797.058372
39498494.106074
31197860.098245
30702374.080113
41007025.095979
35446752.08553
35228397.079236
37340517.083751
31081903.084694
35729098.078423
33602949.090946
29270607.081118
29281570.061721
34703468.086528
19105853.051313
38476377.102601
26848009.059334
24105370.053006
30096300.082626
29045829.073206
18971329.058812
29037859.092765
22337892.057198
32608055.087925
27618599.085959
33176706.08274
37160620.09901
39699023.106302
34214459.100091
56921509.125532
52794738.148388
25248817.060377
29429073.073904
36543177.088442
29176536.084257
16240337.030434
14489327.043461
31040775.081673
28485665.079005
33103179.088523
32355757.074075
20703755.38939
29840922.082417
31384897.089077
