1.11584
1.00233
1.00314
1.0799
1.00021
1.00019
1.06172
1.00088
1.06225
1.00018
1.00306
1.02597
1.0021
1.00019
1.03101
1.07832
1.06749
1.04882
1.00324
1.0025
1.0025
1.04995
1.07344
1.00026
1.02463
1.00021
1.00015
1.00129
1.00022
1.0002
1.03638
1.04
1.00347
1.00695
1.00016
1.00267
1.03194
1.00235
1.00301
1.00049
1.00022
1.00573
1.00025
1.07096
1.0001
1.04718
1.00293
1.00473
1.1127
1.00025
1.02512
1.08838
1.09176
1.06235
1.00023
1.10978
1.00017
1.09063
1.00302
1.00016
1.00016
1.00365
1.06001
1.00195
1.00014
1.10861
1.08249
1.00032
1.00016
1.03872
1.08384
1.01609
1.0002
1.02028
1.05023
1.00018
1.05036
1.06651
1.00023
1.02625
1.0249
1.0008
1.00021
1.0983
1.0002
1.14107
1.00164
1.06583
1.05901
1.00007
1.075
1.04516
1.00024
1.07768
1.00023
1.00028
1.00018
1.01793
1.00026
1.00015
1.06728
1.00608
1.06631
1.06996
1.12088
1.00018
1.073
1.1158
1.0003
1.00025
1.02243
1.001
1.0507
1.00132
1.00169
1.03839
1.00021
1.0002
1.00027
1.08723
1.06836
1.04894
1.07887
1.00511
1.00285
1.0602
1.00029
1.00032
1.05077
1.10372
1.07796
1.00807
1.00042
1.00459
1.05036
1.08803
1.00557
1.00016
1.10704
1.03366
1.00487
1.00255
1.05584
1.00021
1.00015
1.01483
1.12319
1.09042
1.00022
1.00022
1.05851
1.02369
1.00019
1.00323
1.00022
1.03409
1.00576
1.00015
1.00024
1.00318
1.00114
1.04091
1.00024
1.00005
1.08901
1.06644
1.00022
1.00017
1.08122
1.0481
1.02997
1.00049
1.00017
1.06595
1.00023
1.00017
1.00018
1.00094
1.00075
1.04793
1.0002
1.00031
1.00026
1.00804
1.00017
1.00027
1.00114
1.0249
1.001
1.00019
1.00169
1.0224
1.07442
1.00027
1.00014
1.0002
1.13249
1.03984
1.02128
1.05887
1.02495
1.00023
1.10268
1.00618
1.03038
1.00051
1.00019
1.00021
1.0101
1.05727
1.05728
1.00024
1.00118
1.00112
1.00019
1.03825
1.00636
1.00019
1.00021
1.10221
1.00023
1.00017
1.06663
1.00032
1.02549
1.00032
1.00445
1.00419
1.04456
1.06268
1.04626
1.0669
1.0035
1.01158
1.04214
1.00031
1.0018
1.03073
1.00018
1.00274
1.0026
1.00022
1.10012
1.09574
1.01102
1.07147
1.00025
1.06244
1.00791
1.00014
1.00094
1.03401
1.0216
1.06997
1.04495
1.10585
1.02952
1.00404
1.02086
1.00026
1.0002
1.00022
1.00365
1.00018
1.00022
1.00023
1.00091
1.00089
1.0005
1.00055
1.00018
1.00895
1.11103
1.00548
1.10669
1.06076
1.00029
1.0689
1.04566
1.00832
1.05254
1.00159
1.00501
1.03179
1.0002
1.00018
1.00015
1.09995
1.06405
1.00074
1.06482
1.00015
1.03435
1.07981
1.05067
1.00025
1.06502
1.00021
1.05778
1.00034
1.0001
1.02758
1.0857
1.00018
1.01558
1.00074
1.12118
1.03884
1.07836
1.08623
1.07295
1.0531
1.02194
1.0002
1.00256
1.0117
1.07854
1.00019
1.00114
1.00018
1.00019
1.03656
1.06788
1.00427
1.00012
1.04093
1.05323
1.00036
1.0331
1.05775
1.00036
1.04955
1.00024
1.0955
1.04756
1.00019
1.07958
1.00771
1.00023
1.00028
1.00072
1.00333
1.0145
1.07234
1.02311
1.05466
1.01654
1.00019
1.04213
1.00019
1.00342
1.06587
1.00019
1.06262
1.0002
1.00018
1.06315
1.06434
1.07754
1.0002
1.00025
1.08462
1.00025
1.00015
1.08509
1.0755
1.00034
1.03168
1.05172
1.08751
1.14227
1.00018
1.04808
1.10244
1.00153
1.00063
1.00958
1.05037
1.11692
1.02154
1.00022
1.0067
1.00051
1.00031
1.00017
1.00023
1.05391
1.10817
1.00438
1.02559
1.00013
1.00017
1.01411
1.09837
1.07372
1.0002
1.00361
1.06086
1.00011
1.05953
1.0502
1.00023
1.00035
1.00634
1.01973
1.00016
1.00021
1.035
1.09531
1.00014
1.00214
1.00022
1.02283
1.00014
1.00333
1.07958
1.0136
1.08297
1.09388
1.00023
1.04961
1.00013
1.02555
1.00026
1.00019
1.10154
1.00019
1.00023
1.00231
1.02089
1.00021
1.05945
1.0275
1.02975
1.08733
1.09256
1.05912
1.11435
1.0416
1.00021
1.00014
1.04203
1.03602
1.00027
1.01176
1.00021
1.03163
1.10261
1.03126
1.08577
1.00063
1.00404
1.00741
1.06117
1.00021
1.05189
1.0787
1.00021
1.01362
1.1583
1.00021
1.00137
1.08182
1.08731
1.11867
1.00019
1.00025
1.00018
1.00021
1.00078
1.06185
1.0164
1.0696
1.00433
1.06098
1.00034
1.00081
1.00156
1.00027
1.01819
1.00015
1.00719
1.00182
1.00029
1.00014
1.00019
1.00615
1.01513
1.02954
1.00023
1.00576
1.04166
1.00023
1.01694
1.00016
1.09197
1.10316
1.00018
1.05486
1.00028
1.07088
1.00401
1.08302
1.00512
1.00024
1.00024
1.00254
1.00019
1.0621
1.00035
1.00017
1.07039
1.00066
1.03884
1.00017
1.00248
1.0361
1.00022
1.00241
1.0422
1.06894
1.00017
1.00014
1.00025
1.03497
1.04756
1.05665
1.0376
1.09921
1.0002
1.00257
1.01413
1.00019
1.07076
1.10197
1.0002
1.00016
1.00021
1.00199
1.03526
1.08177
1.0002
1.05386
1.0002
1.00021
1.072
1.0002
1.08759
1.00383
1.06838
1.00623
1.05216
1.00018
1.00018
1.06386
1.00972
1.00015
1.00026
1.0002
1.00017
1.05145
1.00021
1.00021
1.04323
1.00017
1.0195
1.11393
1.03213
1.00053
1.03443
1.00374
1.06584
1.00013
1.0894
1.00024
1.00019
1.04131
1.00306
1.00086
1.00386
1.00019
1.04985
1.00019
1.00013
1.00881
1.05388
1.02526
1.0002
1.00386
1.00122
1.00235
1.00406
1.00198
1.00019
1.00464
1.15032
1.03405
1.00013
1.00016
1.01168
1.00015
1.00015
1.00244
1.00025
1.08402
1.00077
1.00016
1.05541
1.07648
1.00007
1.05113
1.04115
1.03438
1.0003
1.00023
1.06345
1.00015
1.0002
1.043
1.00126
1.07909
1.05689
1.00019
1.00023
1.00023
1.00046
1.00011
1.00511
1.03561
1.04773
1.0002
1.03882
1.05763
1.00018
1.00016
1.00021
1.00012
1.06017
1.00075
1.00026
1.00032
1.07911
1.08758
1.00183
1.09724
1.04786
1.0729
1.00404
1.02042
1.00053
1.07437
1.00384
1.09717
1.0669
1.00441
1.00997
1.02383
1.03661
1.03085
1.00021
1.00018
1.00103
1.00026
1.06023
1.05569
1.0014
1.00015
1.0399
1.00033
1.02001
1.00075
1.00085
1.00014
1.00344
1.00019
1.00023
1.03988
1.00415
1.00024
1.00833
1.0006
1.00091
1.00063
1.00383
1.0015
1.12785
1.15536
1.10777
1.00021
1.04216
1.00708
1.00019
1.00021
1.09904
1.10502
1.07146
1.00015
1.0392
1.04186
1.00018
1.00084
1.00024
1.08317
1.01367
1.03982
1.02969
1.00025
1.06442
1.00019
1.00053
1.00019
1.00918
1.00026
1.00019
1.0002
1.00019
1.00024
1.00138
1.07874
1.00022
1.03459
1.00672
1.00028
1.00032
1.03619
1.05016
1.07333
1.01758
1.36103
1.07247
1.02825
1.05572
1.11088
1.02317
1.00018
1.00018
1.00025
1.00026
1.00395
1.00036
1.00411
1.00005
1.0664
1.03047
1.00044
1.0034
1.0047
1.01993
1.00013
1.13115
1.00019
1.02022
1.00016
1.02409
1.0124
1.00045
1.02322
1.08394
1.05395
1.02149
1.06623
1.00206
1.00026
1.11992
1.00015
1.0002
1.00019
1.0655
1.02825
1.00283
1.03492
1.03852
1.02718
1.00102
1.00035
1.0025
1.00024
1.08068
1.00019
1.00071
1.00021
1.00741
1.0065
1.00021
1.00733
1.0002
1.00017
1.03176
1.00479
1.00019
1.10272
1.00019
1.052
1.00186
1.02966
1.01495
1.04003
1.00272
1.00022
1.00019
1.00478
1.04742
1.07129
1.0308
1.0173
1.09038
1.1148
1.00145
1.00024
1.0593
1.09811
1.00025
1.00014
1.05634
1.0549
1.02239
1.11582
1.00198
1.00017
1.05539
1.00034
1.03782
1.0002
1.0008
1.00023
1.04326
1.07512
1.00033
1.00023
1.02726
1.00021
1.11419
1.00018
1.06198
1.1072
1.0002
1.05614
1.02177
1.06499
1.00018
1.00152
1.00018
1.0002
1.01796
1.00024
1.09168
1.00032
1.0422
1.06459
1.00021
1.00179
1.00022
1.00514
1.02386
1.04418
1.0246
1.00015
1.00027
1.00144
1.06901
1.05323
1.02355
1.00017
1.00523
1.09726
1.00109
1.0002
1.00008
1.07238
1.0002
1.05603
1.00019
1.05802
1.00016
1.01214
1.00134
1.11337
1.00016
1.00114
1.09131
1.09227
1.03852
1.00578
1.00019
1.10017
1.01342
1.00019
1.02704
1.0003
1.00035
1.00569
1.00177
1.11313
1.00801
1.00028
1.02921
1.00023
1.04809
1.00281
1.00024
1.06803
1.00011
1.04716
1.00021
1.00095
1.00023
1.03112
1.07391
1.00181
1.02273
1.0002
1.02608
1.03208
1.00017
1.00022
1.00162
1.04264
1.00021
1.00029
1.02484
1.06997
1.02901
1.0001
1.00021
1.00273
1.00021
1.00022
1.13531
1.00022
1.09498
1.0002
1.06139
1.00135
1.06231
1.00114
1.02961
1.11044
1.04458
1.00016
1.00333
1.00019
1.00651
1.00013
1.00023
1.00021
1.00039
1.0002
1.0002
1.00043
1.00024
1.00016
1.07263
1.00025
1.00207
1.00166
1.00017
1.04791
1.00212
1.04475
1.06409
1.03325
1.00021
1.05307
1.11815
1.0199
1.00197
1.00033
1.00772
1.00022
1.00556
1.06954
1.04217
1.00533
1.04892
1.0972
1.00017
1.05413
1.00836
1.04179
1.00029
1.07908
1.00384
1.00011
1.0503
1.00303
1.03985
1.11491
1.0017
1.00334
1.00027
1.00014
1.00022
1.00023
1.00018
1.10596
1.0944
1.04179
1.00894
1.0333
1.00031
2.15926
1.60791
1.59798
1.91744
1.71662
1.6617
1.89345
1.46417
1.59623
1.52939
1.91503
1.66975
1.5891
1.61379
1.42122
1.56401
1.86631
1.7101
1.65148
1.63583
1.56952
1.938
1.67464
1.77137
1.68932
1.58011
1.59556
1.61085
1.65728
1.56253
1.8184
1.87122
1.77475
1.90587
1.47443
1.75962
1.81242
1.72668
1.62113
1.49316
1.7184
1.72196
1.61258
1.63516
1.45217
1.52949
1.61538
1.74107
1.72592
1.63864
1.62809
1.86559
1.70807
1.51997
1.57719
1.81478
1.39648
1.69964
1.78047
1.55543
1.50084
1.71836
1.9449
1.70939
1.50848
1.81849
1.58831
1.98747
1.40123
1.47688
1.73264
1.69671
1.5573
1.67805
1.45011
1.65315
1.56981
1.57204
1.66236
1.82787
1.83195
1.64896
1.66383
1.59175
1.45233
1.96516
1.64542
1.8494
1.57331
1.48633
1.57368
1.67833
1.64016
1.68758
1.55531
1.79056
1.60773
1.47863
1.7317
1.37669
1.5449
1.6806
1.86642
1.81617
1.56694
1.47311
1.68838
1.96891
1.5016
1.60833
1.66227
1.55412
1.78779
1.56107
1.57214
1.65383
1.47909
1.60478
1.692
1.92472
1.66136
1.59489
1.74449
1.82666
1.6232
1.66415
1.80396
1.85789
1.59016
1.69927
1.70472
1.68454
1.71406
1.62583
1.63277
1.68643
1.56064
1.47308
1.9449
1.56686
1.76461
1.74741
1.78908
1.61459
1.50922
1.70195
1.73097
1.75202
1.7074
1.58644
1.4823
1.66957
1.41599
1.6623
1.73511
1.56091
1.58552
1.46122
1.6674
1.79683
1.61412
1.59398
1.84191
1.42259
1.49403
1.74641
1.67339
1.42715
1.70807
1.77505
1.67325
1.5781
1.45552
1.84242
1.70279
1.39632
1.60805
1.63734
1.72167
1.72232
1.60074
1.84652
1.72963
1.66563
1.57988
1.58417
1.55629
1.74747
1.69064
1.49401
1.65726
1.61267
1.65101
1.64554
1.4198
1.61732
1.61642
1.71868
1.70983
1.82671
1.64356
1.57089
1.98856
1.55296
1.6397
1.51655
1.6006
1.48506
1.50624
1.81599
1.57233
1.60375
1.56905
1.63124
1.55106
1.60906
1.70101
1.59343
1.63408
1.82921
1.62944
1.57453
1.65381
1.62339
1.85972
1.70945
1.65618
1.64747
1.64332
1.77986
1.90322
1.82142
1.7479
1.94744
1.73627
1.76976
1.50173
1.63351
1.55226
1.52728
1.69163
1.61444
1.72569
1.68708
1.86407
1.67429
1.61961
1.59744
1.72239
1.42349
1.46674
1.62665
1.54695
1.67538
1.70835
1.98328
1.40554
1.74568
1.50718
1.75982
1.52753
1.67793
1.70606
1.51559
1.58372
1.58839
1.77676
1.67735
1.71817
1.65817
1.63261
1.84631
1.68296
1.44329
1.94865
1.78951
1.93138
1.57241
1.74396
1.82849
1.79324
1.3686
1.56439
1.58428
1.71567
1.48908
1.50451
1.56934
1.46629
1.59759
1.50952
1.4919
1.66983
1.77642
1.64292
1.64245
1.75203
1.64029
1.83469
1.68432
1.66069
1.75311
1.62785
1.46037
1.63819
1.75526
1.62581
1.61257
1.72744
1.77389
1.67412
1.68779
1.77871
1.60642
1.73622
1.64331
1.63618
1.55745
1.42195
1.60287
1.47957
1.66689
1.80108
1.53451
1.36423
1.56184
1.63701
1.62617
1.5565
1.76675
1.41134
1.63
1.63354
1.69145
1.63419
1.61265
1.82155
1.51303
1.50875
1.62819
1.60784
1.76853
1.5023
1.68348
1.72291
1.59878
1.59603
1.5621
1.67238
1.57597
1.59421
1.54941
1.52876
1.76925
1.60841
1.46757
1.63531
1.7788
1.69596
1.55411
1.7123
1.67666
1.70902
1.44792
1.78306
1.83925
1.63435
1.61326
1.62041
2.08767
1.80291
1.59176
1.5341
1.54012
1.75762
1.44894
1.68758
1.61888
1.43701
1.90552
1.5391
1.59598
1.66281
1.87474
1.49802
1.68508
1.47239
1.84056
1.82357
1.51096
1.50619
1.59537
1.8346
1.67798
1.62103
1.61345
1.64391
1.83294
1.3807
1.78063
1.45708
1.86404
2.01343
1.84776
2.12249
1.49419
1.64899
1.44102
1.85504
1.42988
1.54106
1.63209
1.63382
1.43729
1.66841
1.62908
1.57713
1.77837
1.65847
1.49813
1.80307
1.43016
1.55957
1.86618
1.55997
1.75353
1.56844
1.51399
1.65767
1.57579
1.46766
1.64314
1.55926
1.92295
1.72815
1.63419
1.56183
1.79221
1.68715
1.445
1.40396
1.65389
1.53821
1.59379
1.61123
1.47798
1.63049
1.91172
1.56441
1.77553
1.42874
1.79385
1.55401
1.77487
1.6767
1.60626
1.71843
1.51585
1.75888
1.85233
1.59137
1.67659
1.55564
1.81808
2.16759
1.46247
1.6661
1.60311
1.59501
1.36084
1.51963
1.85162
1.96254
1.67941
1.52663
1.81465
1.41542
1.75286
1.68238
1.59201
1.51549
1.62102
1.61543
1.67537
1.45515
1.60165
1.69886
1.38589
1.4395
1.64244
1.83931
1.55805
1.60341
1.62511
1.51597
1.656
1.61712
1.47135
1.62316
1.61771
1.72942
1.66562
1.88878
1.57522
1.67531
1.61599
1.52175
1.54606
1.74899
1.62636
1.52421
1.55581
1.65625
1.52446
1.50029
1.51524
1.57465
1.59274
1.55134
1.66627
1.50828
1.58447
1.38652
1.65899
1.62399
1.8139
1.84633
1.52624
1.79876
1.56489
1.65489
1.6549
1.40221
1.75947
1.80566
1.52901
1.40174
1.53122
1.65831
1.59804
1.77954
1.57043
1.66698
1.53234
1.54269
1.63538
1.54016
1.79614
1.50938
1.86027
1.70873
1.72667
1.68426
1.56595
2.14319
2.00574
1.599
1.83806
1.60898
1.55737
1.79523
1.58342
1.55891
1.76022
1.46644
1.72881
1.68967
1.69015
1.65994
1.7037
1.65989
1.65618
1.35339
1.65493
1.73361
1.48034
1.42772
1.76688
1.63668
1.79698
1.53606
1.74715
1.51871
1.50043
1.66178
1.63155
1.59938
1.67583
1.54983
1.53203
1.72698
1.76024
1.60824
1.44375
1.47997
1.79447
1.69378
1.38956
1.59356
1.61726
1.48159
1.58058
1.62811
1.77695
1.64567
1.56703
1.50612
1.66587
1.45876
1.53282
1.67639
1.8907
1.48254
1.6069
1.57893
1.65019
1.42897
1.61784
1.61545
1.70486
1.55421
1.68297
1.62901
1.69486
1.65854
1.8213
1.45087
1.58263
1.67134
1.74552
1.53367
1.45939
1.73502
1.49401
1.45327
1.54643
1.42727
1.8126
1.60033
1.74677
1.72332
1.77052
1.74765
1.85572
1.7346
1.78864
1.61438
1.83496
1.69763
1.5561
1.67488
1.73162
1.70136
1.85238
1.74701
1.76905
1.5279
1.75877
1.43438
1.69599
1.59337
1.58638
1.64266
1.62454
1.66447
1.50614
1.46451
1.67774
1.75255
1.62857
1.58954
1.52203
1.49613
1.38161
1.45491
1.73812
1.74181
1.76833
1.57869
1.6651
1.72951
1.52958
1.65264
1.77444
1.70081
1.68822
1.86518
1.63436
1.50218
1.84573
1.58418
1.50371
1.67802
1.81038
1.69882
1.83936
1.48482
1.54109
1.76507
1.46154
1.78396
1.71335
2.04201
1.8948
1.45837
1.77673
1.64715
1.67835
1.53477
1.63644
1.52031
1.87335
1.62943
1.39706
1.5915
1.49789
1.66125
1.44026
1.77477
1.58441
1.65249
1.67273
1.60223
1.78392
1.61016
1.76537
1.68427
1.64047
1.57139
1.54616
1.72209
1.55383
1.70478
1.56905
1.50405
1.52317
1.74585
1.66563
1.71063
1.79542
1.46464
1.5707
1.66803
1.73017
1.72403
1.74478
1.57742
1.49633
1.41486
1.99016
1.6373
1.48128
1.59955
1.55301
1.70562
1.55237
1.8448
1.56496
1.8513
1.42204
1.72314
1.57189
1.5982
1.83394
1.55523
1.56945
1.61664
1.44303
1.72189
1.50371
1.92814
1.84683
1.62793
1.68986
1.69111
1.56166
1.59308
1.59989
1.48384
1.57334
1.56205
1.74477
1.76102
1.53383
1.63358
1.66769
1.60593
1.62677
1.66999
1.64464
1.79264
1.49931
1.59628
1.92636
1.59127
1.64946
1.4622
1.55673
1.70505
1.62805
1.50772
1.57374
1.66065
1.46143
1.6649
1.54396
1.66073
1.61183
1.7529
1.55944
1.5977
1.65886
1.52572
1.57223
1.52938
1.54588
2.21235
1.68475
1.50465
1.92663
1.64813
1.5098
1.55212
1.68924
1.65524
1.64973
1.7861
1.78211
1.75965
1.76871
1.72753
1.95226
1.5349
1.91124
1.80215
1.51072
1.72557
1.573
1.6636
1.50292
1.56657
1.53245
1.59719
1.49297
1.79597
1.74249
1.9515
1.43295
1.80403
1.54951
1.48637
1.6869
1.8424
1.57674
1.79462
1.74961
1.38576
1.70235
1.67881
1.79663
1.71245
1.77536
1.47559
1.5585
1.82125
1.49826
1.50691
1.61741
1.59885
1.63629
1.59312
1.62022
2.05343
1.52938
1.6993
1.47172
1.51997
1.41544
1.64392
1.62136
1.90871
1.5615
1.56491
1.60725
1.77239
1.43335
1.55284
1.76207
1.76056
1.77021
1.68549
1.72019
1.80005
1.61873
1.73516
1.66274
1.57164
1.641
1.70779
1.596
1.78359
1.40864
1.77288
1.47237
1.60959
1.64865
1.6789
1.63708
1.77587
1.59225
1.63883
1.87358
1.62858
1.59985
1.58978
1.70744
1.71483
1.62947
1.98056
1.50051
1.7188
1.57017
1.33543
1.52085
1.67817
1.61978
1.60937
1.94214
1.53681
2.06461
1.59912
1.81879
1.55292
1.62447
1.62621
1.79019
1.88552
1.59814
1.64259
1.55138
1.60649
1.77513
1.69234
1.41351
1.58677
1.67018
1.66756
1.66088
1.75112
1.71694
1.55471
1.75196
1.68905
1.41587
1.65018
1.51755
1.57526
1.64657
1.68024
1.66961
1.85862
1.68179
1.72717
1.83398
1.87863
1.70284
2.09955
1.57198
1.50844
1.58276
1.83087
1.64283
1.82296
1.57562
1.74676
1.59074
1.65117
1.49871
1.54156
1.71846
1.59276
1.45845
1.59179
1.57765
1.78041
1.74948
1.85764
1.55884
1.72343
1.82308
1.4166
1.73885
1.64458
1.51307
1.58068
1.75221
1.55283
1.76389
1.5101
1.73607
1.4928
1.27191
1.59798
1.91744
1.27509
1.33995
1.89345
1.21375
1.59623
1.09547
1.91503
1.66975
1.24233
1.61379
1.09073
1.56401
1.22827
1.7101
1.36474
1.11514
1.56952
1.938
1.33339
1.77137
1.31747
1.30203
1.2419
1.19334
1.65728
1.23372
1.41666
1.87122
1.77475
1.30438
1.47443
1.1409
1.81242
1.72668
1.62113
1.14813
1.38165
1.72196
1.61258
1.15866
1.13103
1.52949
1.13919
1.74107
1.72592
1.63864
1.62809
1.86559
1.70807
1.23243
1.23241
1.20233
1.19953
1.19014
1.21612
1.15601
1.50084
1.3235
1.9449
1.22835
1.50848
1.81849
1.23584
1.06729
1.15617
1.47688
1.2124
1.69671
1.24218
1.30433
1.45011
1.20935
1.56981
1.57204
1.20665
1.22897
1.83195
1.38411
1.66383
1.13472
1.45233
1.34324
1.64542
1.23529
1.20007
1.48633
1.57368
1.30077
1.08427
1.68758
1.08819
1.79056
1.06129
1.12246
1.7317
1.06702
1.5449
1.27079
1.86642
1.81617
1.16732
1.47311
1.09086
1.96891
1.16373
1.60833
1.3448
1.14604
1.42253
1.56107
1.57214
1.29093
1.18652
1.40017
1.43167
1.92472
1.66136
1.59489
1.27021
1.47409
1.6232
1.66415
1.17939
1.31571
1.59016
1.69927
1.35915
1.42404
1.71406
1.32513
1.23466
1.1779
1.25084
1.47308
1.33984
1.31018
1.76461
1.2737
1.78908
1.16989
1.23963
1.70195
1.73097
1.29459
1.42542
1.29609
1.21654
1.66957
1.23559
1.27682
1.73511
1.24329
1.12351
1.17205
1.6674
1.50182
1.22993
1.27626
1.84191
1.08584
1.49403
1.74641
1.67339
1.14569
1.15068
1.28156
1.67325
1.15306
1.45552
1.84242
1.70279
1.10716
1.60805
1.63734
1.10209
1.11493
1.60074
1.84652
1.72963
1.66563
1.16971
1.34241
1.55629
1.12837
1.69064
1.15864
1.65726
1.32499
1.41052
1.64554
1.07726
1.35124
1.29468
1.71868
1.70983
1.82671
1.12868
1.57089
1.32256
1.2336
1.6397
1.18192
1.22422
1.48506
1.17743
1.81599
1.57233
1.22118
1.56905
1.10846
1.21937
1.27286
1.21162
1.07904
1.19968
1.82921
1.20863
1.57453
1.65381
1.62339
1.20212
1.70945
1.65618
1.64747
1.27527
1.77986
1.14614
1.51003
1.7479
1.94744
1.1792
1.76976
1.50173
1.63351
1.15734
1.52728
1.69163
1.37859
1.29759
1.68708
1.86407
1.67429
1.31985
1.59744
1.72239
1.42349
1.46674
1.62665
1.12491
1.21689
1.26127
1.16105
1.40554
1.74568
1.08777
1.13983
1.52753
1.67793
1.70606
1.51559
1.58372
1.29491
1.24434
1.3376
1.28073
1.43845
1.29212
1.84631
1.22821
1.17166
1.55738
1.78951
1.93138
1.18522
1.74396
1.22929
1.79324
1.3686
1.15351
1.10542
1.71567
1.18253
1.50451
1.56934
1.46629
1.20469
1.50952
1.22738
1.20387
1.08794
1.64292
1.0376
1.75203
1.28106
1.27143
1.68432
1.66069
1.20732
1.62785
1.46037
1.63819
1.75526
1.26067
1.61257
1.72744
1.32493
1.24372
1.68779
1.77871
1.60642
1.73622
1.16806
1.27355
1.55745
1.42195
1.11724
1.47957
1.66689
1.1672
1.21575
1.36423
1.56184
1.63701
1.62617
1.11414
1.76675
1.19316
1.63
1.13484
1.31628
1.63419
1.15245
1.82155
1.1939
1.50875
1.05456
1.08463
1.76853
1.5023
1.23897
1.72291
1.59878
1.26911
1.19208
1.38532
1.21702
1.59421
1.30901
1.15928
1.2652
1.60841
1.46757
1.13367
1.7788
1.30836
1.17723
1.27368
1.35101
1.70902
1.20586
1.27944
1.83925
1.27202
1.19253
1.62041
1.08687
1.40999
1.23483
1.24884
1.54012
1.25577
1.18426
1.68758
1.61888
1.12093
1.37705
1.5391
1.59598
1.11583
1.87474
1.20015
1.18607
1.47239
1.25943
1.82357
1.51096
1.50619
1.24608
1.39552
1.08818
1.32654
1.61345
1.64391
1.06163
1.19258
1.3075
1.17313
1.86404
1.43184
1.84776
1.40854
1.49419
1.64899
1.10323
1.33175
1.10604
1.54106
1.63209
1.28755
1.22373
1.19895
1.12912
1.57713
1.16849
1.26501
1.49813
1.21809
1.43016
1.19213
1.23008
1.55997
1.75353
1.13255
1.51399
1.65767
1.16157
1.05763
1.22796
1.55926
1.34784
1.32105
1.63419
1.22564
1.15516
1.68715
1.445
1.40396
1.15298
1.53821
1.07134
1.22992
1.47798
1.63049
1.29286
1.2736
1.35863
1.42874
1.43183
1.55401
1.1526
1.6767
1.21788
1.71843
1.22431
1.21034
1.85233
1.16789
1.67659
1.55564
1.81808
2.16759
1.46247
1.6661
1.32457
1.27141
1.15461
1.07387
1.85162
1.96254
1.32297
1.52663
1.25544
1.41542
1.75286
1.12815
1.36346
1.51549
1.62102
1.61543
1.31643
1.14951
1.60165
1.19914
1.38589
1.4395
1.34439
1.32542
1.55805
1.25767
1.62511
1.11225
1.656
1.61712
1.47135
1.62316
1.61771
1.12794
1.66562
1.38757
1.57522
1.18165
1.24935
1.1056
1.17265
1.32108
1.22525
1.15097
1.55581
1.22093
1.28194
1.50029
1.19042
1.57465
1.20381
1.55134
1.10453
1.50828
1.32772
1.13422
1.08601
1.2349
1.8139
1.84633
1.17254
1.33481
1.56489
1.04301
1.05934
1.40221
1.28091
1.80566
1.22903
1.40174
1.13806
1.19443
1.59804
1.77954
1.27985
1.21374
1.53234
1.16435
1.63538
1.24641
1.31804
1.50938
1.13089
1.70873
1.25202
1.39936
1.24698
2.14319
2.00574
1.30272
1.83806
1.60898
1.55737
1.79523
1.23335
1.55891
1.25775
1.46644
1.72881
1.68967
1.14409
1.65994
1.7037
1.65989
1.16017
1.35339
1.23461
1.20453
1.48034
1.42772
1.4524
1.21382
1.79698
1.53606
1.39662
1.25414
1.50043
1.27889
1.63155
1.1708
1.67583
1.54983
1.15651
1.72698
1.40077
1.60824
1.44375
1.47997
1.21499
1.69378
1.07773
1.59356
1.61726
1.14407
1.22419
1.18012
1.77695
1.64567
1.56703
1.50612
1.2406
1.1544
1.34373
1.67639
1.33359
1.18166
1.05355
1.57893
1.65019
1.42897
1.61784
1.61545
1.70486
1.15483
1.14212
1.62901
1.09097
1.32911
1.33254
1.11596
1.37392
1.30029
1.30679
1.53367
1.12976
1.73502
1.22881
1.45327
1.18767
1.11523
1.8126
1.08714
1.74677
1.72332
1.13317
1.13938
1.85572
1.15052
1.31509
1.17043
1.83496
1.69763
1.33831
1.67488
1.73162
1.27601
1.19346
1.37964
1.76905
1.5279
1.3884
1.43438
1.69599
1.59337
1.30261
1.64266
1.62454
1.66447
1.50614
1.05791
1.29219
1.06727
1.62857
1.19489
1.13869
1.13185
1.38161
1.33159
1.73812
1.18026
1.4483
1.57869
1.37288
1.72951
1.13352
1.34034
1.34413
1.28904
1.20153
1.86518
1.63436
1.50218
1.84573
1.02692
1.17769
1.67802
1.20312
1.29666
1.2515
1.22303
1.54109
1.76507
1.46154
1.27494
1.71335
2.04201
1.27015
1.45837
1.26652
1.64715
1.1109
1.53477
1.63644
1.19361
1.87335
1.62943
1.39706
1.33662
1.49789
1.66125
1.44026
1.37554
1.15173
1.65249
1.27855
1.27152
1.2101
1.24841
1.27956
1.68427
1.31189
1.17684
1.54616
1.72209
1.55383
1.42942
1.17614
1.22501
1.52317
1.74585
1.66563
1.13907
1.24896
1.46464
1.5707
1.33995
1.32414
1.25056
1.21401
1.57742
1.17824
1.27671
1.99016
1.6373
1.11758
1.59955
1.55301
1.22169
1.55237
1.8448
1.19636
1.35522
1.06624
1.38218
1.25056
1.02769
1.27647
1.23747
1.16252
1.61664
1.25889
1.72189
1.19227
1.2938
1.84683
1.16815
1.68986
1.21737
1.56166
1.25035
1.59989
1.30425
1.57334
1.1487
1.74477
1.22049
1.21184
1.24954
1.66769
1.37924
1.0269
1.66999
1.24845
1.79264
1.1557
1.28716
1.92636
1.26107
1.64946
1.4622
1.23044
1.44978
1.25991
1.50772
1.22328
1.66065
1.46143
1.6649
1.54396
1.18957
1.61183
1.7529
1.13141
1.25005
1.30775
1.19019
1.20575
1.03243
1.06482
2.21235
1.13715
1.23903
1.92663
1.64813
1.5098
1.17887
1.68924
1.65524
1.64973
1.7861
1.78211
1.75965
1.76871
1.48984
1.32485
1.5349
1.24163
1.29346
1.04844
1.72557
1.573
1.21692
1.09951
1.22794
1.53245
1.59719
1.24478
1.26953
1.33372
1.9515
1.43295
1.12364
1.20041
1.21198
1.18362
1.8424
1.57674
1.26122
1.74961
1.38576
1.70235
1.67881
1.25536
1.16458
1.77536
1.47559
1.11867
1.20279
1.13534
1.50691
1.36094
1.59885
1.10371
1.09905
1.34685
1.34071
1.52938
1.41484
1.47172
1.16
1.41544
1.64392
1.25359
1.90871
1.5615
1.24128
1.29034
1.77239
1.15912
1.55284
1.76207
1.19959
1.27138
1.68549
1.43311
1.26733
1.1956
1.73516
1.19861
1.57164
1.641
1.2609
1.24044
1.78359
1.40864
1.77288
1.47237
1.37726
1.64865
1.37385
1.3221
1.77587
1.23773
1.18835
1.38778
1.26509
1.59985
1.58978
1.14977
1.71483
1.18659
1.23765
1.18194
1.37707
1.57017
1.18144
1.20744
1.67817
1.61978
1.23409
1.1736
1.53681
1.36783
1.21528
1.81879
1.17858
1.62447
1.26093
1.45368
1.88552
1.59814
1.64259
1.55138
1.60649
1.23142
1.15037
1.23594
1.2167
1.22358
1.04626
1.66088
1.17848
1.41224
1.55471
1.75196
1.68905
1.19786
1.11889
1.12724
1.15706
1.14136
1.68024
1.30274
1.22271
1.09821
1.72717
1.09238
1.26433
1.1738
2.09955
1.16157
1.09655
1.58276
1.42292
1.1905
1.82296
1.07025
1.28141
1.21762
1.65117
1.49871
1.202
1.35001
1.26312
1.45845
1.26743
1.24737
1.19047
1.74948
1.85764
1.17993
1.19352
1.82308
1.23379
1.73885
1.37741
1.28632
1.58068
1.75221
1.17049
1.76389
1.5101
1.3138
14470200.0
34390000.0
36236000.0
32508900.0
40103900.0
39061100.0
31704700.0
42563300.0
45563600.0
43938200.0
20100700.0
34487300.0
40985600.0
30698500.0
39429300.0
31289000.0
39744300.0
33277700.0
25307900.0
42074500.0
26356200.0
25528000.0
36851400.0
33435400.0
33974400.0
35938000.0
47404000.0
42086300.0
35465000.0
53950100.0
43403200.0
33443600.0
33291200.0
32315600.0
46888200.0
34412500.0
28389700.0
27287700.0
27279200.0
30970600.0
32365000.0
42889100.0
29045200.0
35537100.0
34150400.0
36106300.0
35444200.0
42461600.0
31771300.0
28218000.0
31279000.0
21906700.0
31926600.0
40121600.0
31369800.0
27208800.0
43937700.0
37994600.0
30146900.0
51247000.0
39155400.0
34927000.0
20574500.0
26232700.0
47884200.0
26033300.0
36884000.0
33880100.0
41475000.0
48941300.0
35654700.0
34858300.0
31780700.0
37204600.0
33254200.0
46100000.0
39938400.0
27732600.0
33665900.0
30982300.0
45528100.0
31584800.0
41262100.0
33874600.0
23840600.0
34318600.0
34547900.0
31270200.0
39854400.0
39523300.0
31001800.0
31598600.0
39395300.0
35185200.0
29285200.0
25210000.0
38514300.0
26426100.0
41691600.0
47778900.0
62203800.0
35754900.0
22303300.0
23477600.0
33553700.0
35612200.0
28420900.0
28058900.0
19840100.0
29785500.0
40978300.0
44370100.0
35004300.0
38521400.0
38588500.0
23939100.0
40479900.0
40672800.0
31759400.0
28878800.0
30583300.0
35089400.0
31969100.0
22595700.0
24723200.0
41131800.0
35718200.0
30418200.0
50751300.0
34168000.0
39161500.0
29893900.0
41339900.0
36613900.0
37374000.0
28884200.0
42700200.0
37934000.0
26832400.0
32244600.0
27776400.0
33237000.0
21091100.0
31205000.0
44899400.0
32069400.0
28031300.0
39248500.0
25487400.0
39857600.0
44161800.0
24754500.0
44925600.0
30342500.0
43294400.0
45394700.0
42940300.0
43699800.0
40055900.0
35066700.0
49308800.0
33986500.0
32618100.0
27723600.0
47420000.0
33523200.0
27894200.0
48941900.0
24380600.0
35527100.0
33467000.0
35171100.0
47502700.0
30593700.0
38908400.0
37158000.0
53491500.0
26903000.0
34359900.0
50645000.0
41287800.0
26767800.0
27112800.0
29486700.0
40830600.0
28395300.0
47038500.0
23638800.0
34994700.0
42130000.0
35251100.0
36603500.0
29217000.0
29475300.0
50260000.0
36519000.0
29952900.0
29067600.0
40353200.0
40268400.0
39045400.0
35148300.0
23624200.0
41447400.0
32050600.0
37301700.0
38635800.0
34902000.0
41987600.0
17602700.0
41719600.0
39495900.0
33391900.0
40150000.0
32844900.0
36916500.0
27580200.0
37101900.0
36698700.0
38120300.0
28960500.0
37676200.0
35263200.0
27374200.0
29895900.0
25537300.0
44449400.0
33049700.0
46170300.0
26769200.0
23906000.0
23599300.0
31241100.0
28677900.0
27301700.0
24280400.0
35266100.0
37106700.0
44607300.0
37930400.0
26218900.0
38385900.0
21906300.0
36076000.0
20578500.0
42541700.0
32556200.0
44254900.0
33090600.0
50685600.0
46071200.0
42950400.0
32699200.0
27670700.0
34234200.0
28110500.0
45778700.0
39337600.0
46184500.0
32177200.0
39313100.0
45139400.0
30624200.0
43428500.0
37566200.0
29603900.0
26385400.0
27353100.0
31181500.0
38192500.0
43383600.0
29024600.0
31961500.0
34300500.0
20759100.0
35662000.0
30360300.0
31724300.0
38763500.0
23332900.0
38238500.0
41288700.0
33737400.0
35297900.0
40461500.0
45117500.0
51296300.0
27540500.0
41304400.0
26098500.0
35456600.0
47059000.0
17741400.0
34028100.0
37809500.0
28044500.0
35205500.0
46303500.0
27816400.0
23517600.0
25653900.0
25356700.0
36201500.0
43225900.0
40968400.0
27610500.0
32746400.0
23582600.0
46582500.0
26576900.0
32917300.0
34845700.0
23570400.0
39522000.0
43426400.0
42105100.0
33469200.0
37473000.0
46035200.0
50110600.0
40893700.0
43183000.0
33008800.0
38172400.0
57384900.0
37523800.0
37331900.0
36054100.0
34958800.0
48680800.0
58187200.0
38654300.0
31206100.0
27691600.0
50801400.0
43032100.0
31483900.0
24278200.0
29538100.0
36415400.0
37169500.0
28220100.0
40964500.0
35240400.0
37044100.0
44622600.0
31312700.0
41372500.0
40231900.0
43361600.0
41844600.0
39521900.0
48855400.0
45131400.0
34085800.0
36920000.0
29066200.0
28335700.0
43281200.0
30869900.0
39058900.0
31191300.0
30014200.0
43595800.0
32751800.0
29489100.0
34377900.0
33734900.0
37867400.0
20610400.0
24856000.0
41850600.0
45384600.0
43591900.0
33301700.0
37040000.0
23834400.0
43117900.0
39123800.0
34491200.0
31314600.0
28521300.0
22326100.0
19677900.0
38266600.0
39090700.0
44798000.0
31483000.0
26043300.0
44286000.0
46156500.0
37501800.0
29490500.0
39567000.0
29314000.0
42107900.0
40354400.0
34938300.0
39123600.0
38276400.0
43754100.0
38156200.0
22285200.0
16092800.0
24861900.0
42528800.0
37661900.0
48186200.0
36273000.0
42697700.0
32990400.0
33261900.0
42519700.0
45278300.0
32341600.0
42146900.0
25593800.0
20059100.0
20084100.0
40071900.0
30049100.0
51431000.0
41579600.0
35556400.0
43590400.0
34707800.0
25379100.0
28566800.0
28540300.0
31348900.0
33709600.0
40731500.0
37892500.0
22271800.0
39533800.0
28531200.0
40332200.0
29911400.0
45007300.0
32299600.0
34853000.0
43420300.0
38470000.0
26458900.0
43424200.0
39821700.0
35546800.0
23352600.0
37786300.0
41350600.0
47941600.0
25074800.0
22505200.0
23454400.0
37708900.0
39074600.0
29372700.0
39197400.0
36382100.0
29559200.0
40675500.0
37292400.0
36635200.0
26544400.0
26643900.0
41711800.0
25212300.0
44385500.0
31850900.0
42645400.0
39362300.0
29156500.0
23468900.0
30399600.0
30996600.0
28124000.0
40467700.0
27953100.0
30983900.0
40294100.0
44198600.0
42663500.0
52497200.0
23086200.0
48709900.0
52379500.0
36967900.0
48627100.0
32147000.0
35549600.0
27505400.0
38693400.0
44942400.0
38703800.0
54040400.0
37497800.0
45873800.0
51377800.0
33347500.0
37351000.0
27948400.0
26876600.0
30715900.0
40376700.0
35723200.0
41871700.0
48289400.0
42350700.0
23314100.0
26165900.0
33965100.0
39605100.0
36900000.0
45210200.0
41400000.0
53794700.0
38348300.0
36045600.0
42862600.0
35753600.0
35534100.0
53546300.0
41763100.0
29846600.0
37062600.0
21739100.0
22986500.0
48318100.0
31169800.0
37254300.0
36242800.0
20162000.0
28490000.0
32574200.0
32968000.0
35576700.0
39473600.0
27742600.0
30552800.0
34916600.0
25100700.0
45152700.0
37891200.0
33006600.0
46155400.0
31915200.0
31427000.0
38343600.0
41907100.0
29533900.0
48402100.0
42227900.0
52673500.0
50908400.0
14401600.0
27626100.0
43992600.0
31788600.0
37874300.0
43039900.0
28987300.0
49686800.0
41887200.0
34821800.0
44186300.0
31387500.0
35821800.0
26940000.0
31628700.0
20992200.0
35233700.0
22782700.0
46947800.0
34905500.0
38826400.0
41005700.0
35778900.0
37872100.0
37030900.0
26437100.0
39984200.0
48680100.0
38955200.0
52290800.0
42453100.0
47789400.0
47940600.0
51015100.0
35061900.0
33145500.0
37633100.0
33764800.0
30604600.0
37825200.0
29471600.0
19058600.0
32355300.0
45528200.0
51966200.0
30116500.0
37690300.0
44819600.0
40071700.0
40195500.0
33052100.0
47196500.0
51013100.0
34812400.0
49776900.0
40788500.0
29082100.0
26901800.0
54508400.0
24486900.0
38344200.0
29194300.0
44607700.0
33047100.0
50450300.0
26828800.0
40004700.0
20329400.0
43896700.0
40243200.0
37902200.0
27756300.0
48383500.0
47485900.0
55989000.0
35782800.0
42661700.0
37187500.0
33366100.0
32001800.0
50310500.0
34884400.0
46474100.0
32961100.0
29413100.0
38116800.0
21960500.0
41963400.0
20129000.0
27350100.0
40641700.0
33104200.0
42695800.0
37130000.0
26455600.0
29181900.0
35178400.0
41043000.0
37393600.0
30238700.0
26875100.0
24638800.0
28943300.0
33190500.0
43104700.0
36495600.0
52257100.0
26106400.0
33636100.0
40024800.0
41783900.0
45105200.0
46732700.0
33675300.0
25478500.0
43570200.0
30019900.0
35773000.0
42463000.0
42474300.0
25102200.0
39280600.0
27926900.0
26356000.0
33905500.0
34281600.0
34801000.0
35806800.0
30784500.0
25676200.0
37387200.0
31454100.0
27398500.0
33139600.0
32229200.0
38703000.0
43748900.0
38969800.0
38467100.0
40834200.0
34483700.0
29654700.0
47657100.0
27664400.0
25860300.0
44284400.0
36300400.0
28750800.0
24304000.0
32970900.0
37961000.0
33733900.0
35651600.0
39307300.0
39435900.0
29872900.0
35201000.0
26219900.0
27215800.0
33580900.0
43829100.0
27790200.0
36162600.0
30804100.0
22969500.0
35909400.0
43861000.0
37273800.0
29242200.0
26935000.0
37382800.0
38649200.0
29561200.0
42837500.0
38618500.0
46219100.0
35280800.0
38271800.0
21698400.0
37101600.0
44760800.0
46353800.0
38832700.0
29354100.0
29774600.0
29576200.0
33704900.0
35640400.0
39964000.0
34196200.0
35036600.0
24109900.0
35941100.0
57483200.0
48661400.0
25898700.0
42029600.0
36990800.0
42591600.0
26615200.0
30605700.0
43224900.0
33533900.0
44136700.0
34751200.0
47071600.0
33646000.0
33962300.0
27676100.0
21958400.0
35469400.0
39823100.0
47856400.0
53473200.0
33819500.0
37009200.0
33806000.0
31035700.0
38362000.0
27697900.0
29561400.0
35549000.0
28009700.0
35107400.0
42162100.0
46532300.0
43400900.0
36045900.0
30121700.0
35344800.0
30146400.0
44818100.0
33098200.0
36403100.0
25223800.0
44906500.0
41821900.0
39406600.0
39678200.0
24316700.0
38926800.0
42264900.0
51625100.0
31857400.0
40564800.0
35382000.0
55181700.0
36885100.0
43712000.0
33889800.0
31652800.0
34490400.0
25894100.0
48446800.0
26236700.0
49576600.0
32445800.0
32928500.0
52300400.0
33261800.0
58359200.0
39264400.0
26529800.0
34732200.0
44602200.0
31904000.0
25897800.0
32986800.0
29405700.0
32348900.0
37747000.0
22161900.0
27024100.0
26703400.0
27583100.0
33644600.0
35559900.0
29216600.0
43767400.0
28838200.0
31592500.0
32093500.0
46257100.0
37850400.0
40556300.0
41847500.0
29486800.0
42481500.0
38513400.0
27537400.0
37645600.0
36233000.0
29682800.0
53549800.0
34787500.0
31119700.0
51112100.0
33142600.0
43670100.0
38699700.0
28405400.0
31258500.0
52532200.0
22882100.0
28847100.0
39265600.0
42071100.0
32746500.0
46996100.0
32641100.0
24737600.0
41857900.0
34672800.0
38347100.0
41967600.0
44703900.0
31802800.0
43643000.0
31596400.0
70878900.0
36453000.0
36176800.0
39561900.0
38285700.0
26221500.0
35894300.0
30094800.0
54545100.0
42690000.0
35319800.0
24152600.0
48337500.0
40851000.0
33856700.0
25661800.0
22638500.0
37670700.0
29719100.0
27858700.0
37025600.0
32622200.0
31994600.0
34788100.0
34277600.0
37223800.0
51268500.0
29126000.0
35441200.0
34241900.0
40995700.0
38955200.0
36443100.0
42937500.0
34859800.0
30453500.0
41067000.0
37219100.0
28741600.0
34416000.0
46556300.0
34252600.0
32872500.0
36874700.0
46439200.0
32851100.0
33280500.0
33875100.0
43729400.0
47080800.0
40105000.0
37415500.0
34872100.0
38681800.0
25897200.0
29821500.0
23256900.0
45407700.0
15548800.0
41421400.0
41176900.0
43116600.0
26266100.0
32714300.0
33734600.0
40802600.0
38097100.0
31059100.0
27839600.0
38038100.0
29906800.0
28217200.0
43227600.0
41115300.0
41319200.0
23334700.0
31718700.0
43393700.0
35519100.0
30049700.0
32553800.0
42841800.0
33751300.0
44724200.0
43733600.0
36273200.0
29161400.0
22287100.0
40133000.0
35099500.0
28511300.0
24192800.0
35241600.0
23038700.0
41814800.0
34550500.0
36434500.0
29502600.0
26141800.0
36650600.0
38187000.0
24150100.0
42720400.0
32746000.0
43771600.0
38462400.0
32460000.0
48679700.0
34969300.0
34473800.0
34291800.0
32805500.0
38008100.0
33357200.0
36831700.0
29515400.0
32101300.0
59233300.0
45867600.0
27572000.0
42323900.0
29850300.0
28586200.0
46175600.0
27857800.0
34665800.0
31007400.0
