1.03343
1.00161
1.04274
1.00019
1.00516
1.00177
1.00126
1.06333
1.0002
1.01529
1.07345
1.04024
1.00317
1.01239
1.05506
1.04339
1.00027
1.00331
1.01251
1.05764
1.00013
1.08424
1.00017
1.00021
1.00202
1.03191
1.00014
1.00021
1.00012
1.00097
1.01355
1.04756
1.03057
1.01394
1.00017
1.07098
1.00311
1.04657
1.00014
1.00018
1.02738
1.03988
1.00022
1.00175
1.00014
1.00021
1.04467
1.00021
1.04261
1.05133
1.09154
1.00016
1.00023
1.08204
1.00138
1.03669
1.00169
1.15785
1.02689
1.00017
1.00037
1.00022
1.0759
1.00289
1.0002
1.00939
1.00022
1.00229
1.00029
1.04742
1.00016
1.00157
1.1465
1.0753
1.00017
1.01062
1.00022
1.00018
1.00099
1.0411
1.05811
1.0794
1.00021
1.00026
1.08941
1.00019
1.03529
1.00015
1.0002
1.00143
1.11122
1.03482
1.00022
1.00015
1.00404
1.06386
1.04092
1.00405
1.00444
1.00197
1.00015
1.00017
1.056
1.01772
1.00402
1.00016
1.00053
1.00017
1.00016
1.12564
1.00019
1.06607
1.03727
1.0003
1.01465
1.08828
1.00053
1.03769
1.02581
1.00079
1.08807
1.0611
1.0616
1.05641
1.00017
1.07453
1.04314
1.00022
1.01704
1.09148
1.00208
1.0008
1.00293
1.00017
1.00021
1.00027
1.0656
1.00023
1.08185
1.00022
1.00173
1.04038
1.00023
1.15151
1.11464
1.0013
1.08616
1.09075
1.08055
1.04873
1.00019
1.00018
1.00025
1.02316
1.08209
1.04378
1.00016
1.10655
1.09597
1.00015
1.0303
1.00022
1.02143
1.0002
1.00461
1.00276
1.00306
1.09489
1.00194
1.00689
1.00023
1.07881
1.09832
1.00017
1.06544
1.00647
1.02642
1.07216
1.00018
1.00263
1.00022
1.00069
1.00023
1.00017
1.06143
1.00025
1.02689
1.00654
1.0026
1.09577
1.01918
1.07185
1.06385
1.09355
1.00294
1.07752
1.04883
1.00866
1.00726
1.05853
1.0792
1.09096
1.03702
1.00023
1.06205
1.03289
1.00026
1.0002
1.07284
1.00571
1.00021
1.00018
1.03789
1.09106
1.04984
1.00018
1.06492
1.00024
1.00016
1.03687
1.05496
1.01277
1.03768
1.00026
1.00015
1.00025
1.00137
1.08045
1.09834
1.00021
1.00021
1.00544
1.04076
1.03238
1.15824
1.0403
1.0534
1.0491
1.00563
1.07286
1.04879
1.01751
1.00799
1.05678
1.07811
1.00025
1.00481
1.04258
1.00026
1.00383
1.00287
1.0002
1.00023
1.00574
1.00019
1.00015
1.00041
1.00217
1.00124
1.09342
1.00126
1.00019
1.0647
1.00631
1.00023
1.00022
1.00184
1.00022
1.00016
1.00012
1.06738
1.07563
1.00011
1.00018
1.05718
1.0016
1.08241
1.05074
1.00016
1.03006
1.00247
1.00024
1.01325
1.00017
1.03305
1.05421
1.0002
1.03577
1.04515
1.00015
1.07457
1.0208
1.11662
1.00246
1.00215
1.00376
1.00966
1.00018
1.0002
1.00052
1.02924
1.0284
1.00018
1.06121
1.00018
1.01118
1.01272
1.00065
1.00021
1.00033
1.04898
1.00016
1.05071
1.00711
1.06965
1.06372
1.00025
1.00027
1.0616
1.00018
1.00017
1.0002
1.00357
1.02458
1.02583
1.00016
1.09037
1.00285
1.02285
1.00383
1.0562
1.00021
1.00213
1.0016
1.00217
1.08876
1.06376
1.04434
1.00023
1.00025
1.00095
1.06905
1.03233
1.04039
1.03941
1.00118
1.00017
1.08665
1.0268
1.03161
1.00017
1.06266
1.0289
1.15845
1.00012
1.00022
1.00013
1.04358
1.05557
1.00218
1.00025
1.00039
1.00313
1.02407
1.02943
1.02748
1.09459
1.0492
1.01291
1.12819
1.03276
1.00107
1.00023
1.00027
1.00066
1.00153
1.04852
1.00016
1.00644
1.00015
1.03382
1.00012
1.00194
1.00019
1.01076
1.08036
1.10473
1.00022
1.10158
1.00014
1.00024
1.01474
1.00016
1.00089
1.00207
1.00019
1.06844
1.04982
1.10696
1.04408
1.03625
1.03759
1.00024
1.0002
1.0002
1.04956
1.00057
1.00027
1.00024
1.00075
1.03787
1.00672
1.09326
1.0002
1.00025
1.08179
1.07334
1.11905
1.13762
1.04668
1.01461
1.08617
1.03536
1.02303
1.00599
1.00017
1.01897
1.00018
1.00015
1.01024
1.00017
1.03157
1.00397
1.00021
1.00017
1.0528
1.00859
1.05439
1.07547
1.00545
1.02023
1.10616
1.00221
1.13237
1.05589
1.00019
1.00022
1.00017
1.05712
1.00017
1.08282
1.07557
1.04121
1.06642
1.00206
1.09803
1.03369
1.02531
1.05615
1.00018
1.00145
1.07425
1.06545
1.09147
1.00018
1.00022
1.00015
1.01053
1.00017
1.0976
1.02896
1.12977
1.006
1.03674
1.00059
1.08872
1.05717
1.00026
1.00016
1.00018
1.00014
1.03945
1.00015
1.00018
1.00019
1.05463
1.01479
1.00016
1.00462
1.00021
1.00026
1.00017
1.00375
1.00893
1.0002
1.00764
1.04288
1.04591
1.00013
1.14226
1.04277
1.00023
1.00025
1.00015
1.02555
1.01035
1.00019
1.08054
1.16075
1.00128
1.02661
1.00391
1.00028
1.00167
1.0002
1.00028
1.00672
1.04772
1.0002
1.00217
1.0709
1.00025
1.05996
1.04345
1.00067
1.11561
1.00269
1.00182
1.00013
1.00022
1.06451
1.07905
1.12026
1.00023
1.02065
1.00016
1.00015
1.00021
1.00022
1.00812
1.00022
1.07014
1.00025
1.00016
1.02007
1.02864
1.00022
1.00712
1.00021
1.00316
1.00673
1.00021
1.0346
1.07708
1.00012
1.00335
1.0336
1.08007
1.00127
1.00059
1.00024
1.01273
1.00438
1.11675
1.07991
1.00027
1.03743
1.05366
1.01199
1.05372
1.06548
1.03505
1.00028
1.0182
1.08353
1.0002
1.1038
1.00257
1.00027
1.09535
1.05939
1.07008
1.0601
1.08161
1.0511
1.11046
1.07905
1.03638
1.11243
1.00137
1.05916
1.07435
1.00302
1.13323
1.11155
1.09444
1.03002
1.07946
1.09001
1.00034
1.05811
1.06476
1.02343
1.00011
1.00014
1.08043
1.05854
1.00075
1.00022
1.06348
1.00022
1.00022
1.06348
1.0002
1.00027
1.00827
1.05633
1.09506
1.0197
1.00704
1.00147
1.12913
1.09513
1.00015
1.02543
1.00022
1.00016
1.00147
1.10103
1.06781
1.06765
1.00014
1.0022
1.00018
1.00105
1.07339
1.00544
1.00018
1.0623
1.00018
1.00016
1.00021
1.00461
1.00019
1.03764
1.06819
1.03815
1.00495
1.00225
1.00015
1.00243
1.00021
1.00739
1.00558
1.0003
1.00024
1.01271
1.01541
1.00016
1.00101
1.08822
1.00573
1.00398
1.07119
1.04316
1.0002
1.00465
1.00551
1.00022
1.00605
1.00023
1.05828
1.00016
1.00015
1.04319
1.03471
1.07887
1.00024
1.03172
1.05473
1.00018
1.02369
1.01835
1.00017
1.05246
1.00556
1.00102
1.00042
1.00204
1.00016
1.05521
1.0345
1.00039
1.00018
1.00428
1.01166
1.03467
1.04207
1.02831
1.02876
1.00034
1.00449
1.00022
1.10628
1.00014
1.00019
1.06322
1.00121
1.00021
1.06708
1.10104
1.00108
1.0002
1.02964
1.00021
1.00017
1.00015
1.00026
1.00014
1.00018
1.12134
1.08379
1.00498
1.00013
1.00021
1.0655
1.03924
1.00012
1.00021
1.00001
1.02505
1.00024
1.00021
1.00081
1.0002
1.06985
1.00022
1.00037
1.02804
1.00366
1.00024
1.0016
1.10838
1.00019
1.00012
1.08534
1.03207
1.02523
1.00016
1.00333
1.00021
1.00023
1.04457
1.00017
1.00025
1.06088
1.00689
1.08088
1.03882
1.00212
1.08202
1.04813
1.04577
1.00018
1.04521
1.0002
1.06609
1.06429
1.00013
1.02655
1.00783
1.07126
1.00018
1.07544
1.00019
1.00358
1.00261
1.0013
1.00014
1.0245
1.00028
1.05813
1.00015
1.00013
1.01716
1.05826
1.01106
1.00025
1.00026
1.04349
1.13006
1.00021
1.0002
1.04287
1.00031
1.00267
1.00022
1.00761
1.02741
1.00544
1.0763
1.00195
1.00093
1.19014
1.0005
1.09627
1.06059
1.07939
1.06314
1.04834
1.03982
1.00021
1.00022
1.00022
1.00021
1.00015
1.09415
1.00015
1.01319
1.01264
1.00218
1.04146
1.00021
1.13628
1.03031
1.09766
1.00073
1.00737
1.01024
1.11949
1.11171
1.08923
1.08178
1.00018
1.00017
1.00194
1.06197
1.03134
1.00205
1.0745
1.00206
1.0267
1.03043
1.00025
1.01955
1.00025
1.00021
1.13651
1.07164
1.06383
1.00023
1.0275
1.00016
1.00732
1.00218
1.00777
1.00018
1.00015
1.13829
1.00149
1.08712
1.18265
1.00558
1.00448
1.00065
1.00053
1.00019
1.0002
1.03749
1.06979
1.04398
1.03915
1.03875
1.09843
1.00017
1.00018
1.03952
1.00021
1.06044
1.00022
1.00015
1.00012
1.04728
1.01981
1.01268
1.00128
1.00017
1.05354
1.05939
1.13235
1.05798
1.0002
1.02967
1.0019
1.0373
1.00022
1.04607
1.03361
1.02013
1.00024
1.01034
1.00023
1.00278
1.00021
1.00013
1.00673
1.05817
1.004
1.00023
1.00584
1.01706
1.0002
1.00021
1.06537
1.00019
1.00174
1.03477
1.09093
1.00014
1.03562
1.00065
1.0002
1.12419
1.00271
1.00017
1.07234
1.02745
1.00597
1.00042
1.14223
1.0014
1.00019
1.05508
1.02434
1.00016
1.0055
1.00846
1.00908
1.04328
1.00023
1.00029
1.00012
1.05136
1.00014
1.00432
1.0002
1.17659
1.03365
1.00015
1.0002
1.00706
1.00017
1.00017
1.00018
1.01749
1.00017
1.00023
1.00015
1.05502
1.00024
1.06128
1.03808
1.00091
1.04471
1.00028
1.04435
1.00023
1.00021
1.00264
1.06401
1.07078
1.02071
1.00018
1.00019
1.00025
1.00404
1.03543
1.08636
1.0002
1.07984
1.00019
1.05587
1.0502
1.00255
1.02072
1.00019
1.0002
1.00023
1.06643
1.02234
1.06532
1.0392
1.01177
1.14896
1.05273
1.00025
1.15111
1.00019
1.06235
1.04301
1.72634
1.54135
1.65659
1.60626
1.58329
1.74316
1.60478
1.64988
1.62474
1.57575
1.73916
1.58294
1.53846
1.7513
1.73448
1.58562
1.80673
1.53792
1.57875
1.5093
1.4747
1.74382
1.64724
1.49868
1.7072
1.52999
1.46665
1.58304
1.67433
1.6057
1.51258
1.52369
1.71695
1.92213
1.52112
1.69778
1.59829
1.58936
1.54172
1.69691
1.67164
1.63053
1.62109
1.53636
1.43916
1.53596
1.86233
1.64215
1.64812
1.63693
1.61959
1.6178
1.66242
1.69896
1.71442
1.42649
1.54828
1.66863
1.63347
1.57424
1.62976
1.66927
1.60625
1.52959
1.77622
1.65595
1.64091
1.64267
1.96725
1.6669
1.63359
1.47028
2.00652
1.79051
1.58773
1.51948
1.60138
1.529
1.56588
1.67942
1.69129
1.73
1.46792
1.84256
1.89555
1.67438
1.75186
1.54647
1.527
1.47344
1.92522
1.67349
1.7266
1.67535
1.5636
1.67925
1.81199
1.56693
1.6458
1.70764
1.42866
1.58779
1.60914
1.64702
1.67472
1.49205
1.61683
1.59266
1.41285
1.89088
1.54817
1.6587
1.52979
1.55531
1.84104
1.84836
1.49611
1.63277
1.7295
1.50103
1.75866
1.88458
1.50265
1.65386
1.75491
1.64848
1.7504
1.60185
1.59663
1.75589
1.66726
1.67148
1.64027
1.61249
1.67466
1.8037
1.52545
1.59122
1.53218
1.76004
1.85484
1.7498
1.70406
2.01199
1.83213
1.61674
1.79962
1.7341
1.75025
1.99887
1.63138
1.55087
1.47978
1.43907
1.62378
1.54348
1.61293
1.60307
1.7042
1.4941
1.54627
1.63436
1.78323
1.52909
1.888
1.70442
1.48791
1.72945
1.65408
1.46189
1.56559
1.72361
1.67964
1.6793
1.51764
1.6022
1.50139
1.61457
1.57186
1.57378
1.69515
1.66021
1.58459
1.52581
1.51597
1.5543
1.61928
1.99868
1.47247
1.86878
1.62562
1.52611
1.66957
1.54758
1.73383
1.65017
1.67929
1.69906
1.69534
1.62091
1.58878
1.95014
1.51239
1.64978
1.68837
1.61193
1.81145
1.53043
1.64044
1.62253
1.46379
1.50623
1.69781
1.71165
1.55837
1.53981
1.66306
1.73729
1.59447
1.61142
1.7008
1.41432
1.58505
1.73469
1.50857
1.76901
1.46308
1.68825
1.69414
1.57333
1.67038
1.78118
1.63095
1.48368
1.86012
1.59274
1.41717
1.60423
1.78339
1.76157
1.77662
1.78414
1.72132
1.67804
1.72903
1.72817
1.55815
1.56313
1.63513
1.5778
1.70773
1.66813
1.60411
1.65888
1.73872
1.43386
1.64959
1.72736
1.82928
1.88129
1.52561
1.6756
1.78236
1.77336
1.56165
1.76818
1.67993
1.55432
1.51315
1.68036
1.89013
1.46919
1.40128
1.5759
1.55301
1.63668
1.73648
1.59699
1.54714
1.51261
1.57782
1.60366
1.51148
1.52767
1.82254
1.71979
1.6103
1.65711
1.77387
1.44303
1.55219
1.61827
1.74459
1.58022
1.79057
1.91627
1.66094
1.46446
1.68575
1.50467
1.55747
1.64364
1.48011
1.7501
1.54822
1.4613
1.62553
1.54919
1.64562
1.5029
1.94696
1.52191
1.65842
1.90182
1.55887
1.65306
1.66563
1.80569
1.56091
1.62751
1.5396
1.55249
1.57851
1.60644
1.62782
1.41902
1.54813
1.71552
1.48759
1.91777
1.73917
1.62357
1.74633
1.60537
1.62615
2.01456
1.69654
1.65676
1.6399
1.70318
1.54901
1.54079
1.74502
1.75603
1.61671
1.59589
1.56872
1.81085
1.62314
1.73001
1.48161
1.71246
1.43983
2.29256
1.59931
1.59337
1.49738
1.56306
1.52956
1.43854
1.67159
1.63608
1.82787
1.71772
1.66907
1.45589
1.69717
1.60237
1.57707
1.82131
1.66864
1.68952
1.64643
1.74901
1.55852
1.58325
1.66278
1.57331
1.52983
1.41367
1.65336
1.45329
1.57016
1.61581
1.72679
1.75436
1.92727
1.73948
1.7754
1.43764
1.60473
1.65513
1.49785
1.53683
1.64332
1.60547
1.84447
1.85155
1.62111
1.83014
1.69756
1.59875
1.72056
1.62663
1.50051
1.60466
1.68665
1.7712
1.76751
1.41872
1.78929
1.54238
1.71307
1.62609
1.56089
1.50206
2.01367
1.54397
1.72228
1.5561
1.78844
1.78487
1.59622
1.40456
1.57072
1.69473
1.59106
1.58229
1.47049
1.78939
1.60763
1.71256
1.70032
1.624
1.58884
1.68813
1.65827
1.63946
1.66629
1.64255
1.53926
1.61812
1.80683
1.74326
1.68867
1.63942
1.83438
1.51327
1.6338
1.55068
1.84405
1.63845
1.51452
1.7885
1.59607
1.61432
1.45968
1.4462
1.60378
1.55391
1.55302
1.75568
1.70232
1.79053
1.58663
1.71902
1.48762
1.53137
1.51153
1.69265
2.16834
1.69676
1.42766
1.63667
1.43174
1.89722
1.74534
1.6849
1.68153
1.47884
1.39151
1.59146
1.449
1.52987
1.74212
1.7473
1.63098
1.63324
1.78637
1.70801
1.70904
1.54008
1.71543
1.57366
1.74935
1.86734
1.76949
1.86133
1.74582
1.9674
1.76083
1.68498
1.72294
1.48815
1.59479
1.56637
1.6145
1.52373
1.95551
1.62452
1.62361
1.74934
1.58392
1.64795
1.44774
1.81344
1.5729
1.70027
1.5246
1.61673
1.70871
1.76098
1.55524
1.55615
1.57416
1.78946
1.80476
1.64974
1.51622
1.61211
1.55831
1.88648
1.74781
1.58083
1.664
1.60203
1.56444
1.69039
1.68484
1.53608
1.69745
1.69445
1.67746
1.60944
1.59332
1.45983
1.65941
1.63583
1.53695
1.55935
1.66678
1.53016
1.73553
1.60217
1.39779
1.66031
1.72955
1.59844
1.60303
1.68786
1.7637
1.62967
1.53211
1.97378
1.61542
1.75656
1.59168
1.75785
1.87191
1.82363
1.46883
1.59162
1.85738
1.59507
1.77581
1.63794
1.74745
1.8139
1.67002
1.72827
1.74207
1.62231
1.62809
1.70173
1.63763
1.67846
1.81399
1.93354
1.74624
1.791
1.76586
1.92593
1.5332
1.99836
1.54466
1.55571
1.62534
1.51015
1.75989
1.74401
1.52176
1.6053
1.66946
1.70387
1.49684
1.96069
1.73728
1.661
1.6425
1.88346
1.56589
1.63316
1.58005
1.53845
1.79236
1.5915
1.59702
1.85872
1.47132
1.50708
1.64219
1.58203
2.2238
1.56818
1.85329
1.76995
1.45931
1.6406
1.75662
1.59475
1.49895
1.51828
1.53496
1.67343
1.55202
1.64857
1.67134
1.55498
1.68582
1.46765
1.57646
1.63556
1.72173
1.59295
1.78876
1.90577
1.51998
1.64703
1.60669
1.46008
1.59459
1.64476
1.68231
1.80258
1.88922
1.78919
1.64516
1.82781
1.50102
1.6762
1.60012
1.64882
1.71726
1.63324
1.61128
1.52278
1.62488
1.86378
1.59627
1.68331
1.57471
2.12045
1.58094
1.5709
1.56967
1.66841
1.6782
1.69597
1.57033
1.65152
1.49176
1.49207
1.76359
1.55175
1.48028
1.54344
1.55236
1.45256
1.58632
1.48347
1.76213
1.71633
1.54397
1.57071
1.78049
1.48556
1.72934
1.72194
1.61916
1.60194
1.77256
1.6164
1.60083
1.86056
1.41809
1.6409
1.66462
1.39505
1.67686
1.59501
1.71312
1.53176
1.7817
1.63321
1.72048
1.47719
1.37011
1.70929
1.56172
1.5723
1.8852
1.88768
1.81529
1.47465
1.54788
1.77968
1.7751
1.46966
1.71307
1.61861
1.59844
1.71197
1.5271
1.47348
1.63735
1.77193
1.63187
1.54836
1.5712
1.6864
1.78692
1.78386
1.78037
1.57701
1.31712
1.88519
1.56167
1.4702
1.59127
1.79709
1.5256
1.58264
1.45339
1.6778
1.80171
2.00662
1.85238
1.69348
1.65289
1.66866
1.60321
1.71643
1.72009
1.59556
1.62964
1.62224
1.78844
1.66787
1.43639
1.54314
1.56502
1.69244
1.58251
1.80179
1.44533
1.77129
1.6107
1.70852
1.54363
1.53727
1.75948
1.49912
1.51908
1.39787
1.50664
1.94354
1.60908
1.65177
1.63259
1.65027
1.94531
1.72947
1.48328
1.69539
1.85164
1.56695
1.58144
1.73937
1.70544
1.72453
1.50693
1.64643
1.5914
1.88625
1.65286
1.73571
1.62376
1.52211
1.71564
1.59168
1.79428
1.525
1.6827
1.71096
1.69472
1.55151
1.79178
1.53304
1.71292
1.7506
1.86947
1.58976
1.81273
1.90228
1.64842
1.67201
1.54032
1.43406
1.79043
1.59683
1.77422
1.69872
1.7349
1.55407
1.54249
1.67953
1.63362
1.67678
1.65869
1.5978
1.73406
1.61169
1.54775
1.50867
1.73895
1.64817
1.57152
1.91773
1.8674
1.80196
1.62308
1.37083
1.51978
1.80699
1.59732
1.55209
1.5745
1.43959
1.79206
1.52409
1.62238
1.67461
1.71334
1.76794
1.57434
1.67267
1.64884
1.57232
1.7329
1.82627
1.92566
1.77661
1.52252
2.03295
1.49752
1.53317
1.68775
1.67723
1.51721
1.52066
1.56397
1.39779
1.71121
1.71844
1.77297
1.51253
1.49593
1.53232
1.6317
1.80212
1.79647
1.57587
1.69995
1.48454
1.64472
1.80849
1.70373
1.64051
1.58163
1.64293
1.72949
1.72564
1.72138
1.77051
1.42376
1.62872
1.5015
1.58663
1.48706
1.55721
1.90898
1.59017
1.66356
1.61946
1.63263
1.72637
1.58188
1.62256
1.41312
1.61081
1.5523
1.6033
1.98403
1.88657
1.47978
1.67319
1.49612
1.65118
1.45455
1.66854
1.59419
1.56287
1.76476
1.50807
1.57651
1.87889
1.65231
1.8834
1.47937
1.6856
1.78095
1.57869
1.56475
1.42688
1.81308
1.53205
1.78287
1.53656
1.55374
1.67761
1.46359
1.67645
1.56673
1.58185
1.74094
1.55498
1.71957
1.51787
1.60956
1.77235
1.75517
1.61578
1.63179
1.72142
1.67762
1.78631
1.52628
1.63562
1.55541
1.56448
1.86246
1.68209
1.65537
1.57153
1.56639
1.63343
1.56151
1.64164
1.76492
1.73977
1.58298
1.65777
1.52912
1.64864
1.57621
1.71935
1.65823
1.69622
1.37258
1.52188
1.79486
1.63663
1.49458
1.89274
1.66188
1.89809
1.76736
1.5441
1.74982
1.73998
1.72634
1.31357
1.319
1.23514
1.58329
1.33809
1.60478
1.15139
1.62474
1.57575
1.19723
1.58294
1.1649
1.39523
1.20894
1.58562
1.80673
1.15839
1.28964
1.5093
1.4747
1.11797
1.23629
1.22147
1.7072
1.20254
1.2013
1.1859
1.26553
1.6057
1.51258
1.52369
1.71695
1.92213
1.17131
1.69778
1.59829
1.25826
1.2369
1.69691
1.06738
1.63053
1.05674
1.18919
1.43916
1.53596
1.10588
1.25178
1.64812
1.41208
1.07312
1.31959
1.66242
1.19548
1.71442
1.42649
1.12419
1.06312
1.14453
1.30211
1.62976
1.66927
1.60625
1.52959
1.77622
1.65595
1.64091
1.06042
1.96725
1.6669
1.35761
1.47028
1.52038
1.79051
1.58773
1.51948
1.2189
1.529
1.18738
1.67942
1.69129
1.73
1.46792
1.33271
1.45053
1.23759
1.75186
1.54647
1.527
1.30522
1.19491
1.13818
1.7266
1.24605
1.02266
1.23614
1.81199
1.32978
1.2906
1.13086
1.42866
1.58779
1.60914
1.64702
1.67472
1.49205
1.17158
1.59266
1.11518
1.26842
1.54817
1.6587
1.03202
1.21871
1.42655
1.32767
1.19571
1.16828
1.37763
1.50103
1.24994
1.26447
1.15271
1.65386
1.75491
1.13747
1.7504
1.60185
1.35271
1.75589
1.33878
1.67148
1.64027
1.42089
1.67466
1.30319
1.52545
1.22042
1.28652
1.76004
1.27446
1.36149
1.37011
2.01199
1.83213
1.12978
1.35645
1.7341
1.49181
1.99887
1.63138
1.55087
1.12873
1.43907
1.62378
1.33321
1.61293
1.60307
1.17824
1.4941
1.24859
1.21706
1.22462
1.52909
1.33889
1.70442
1.25644
1.13966
1.65408
1.26596
1.06986
1.34575
1.28993
1.6793
1.22366
1.09117
1.16087
1.61457
1.16403
1.57378
1.69515
1.08901
1.58459
1.28241
1.25192
1.5543
1.61928
1.99868
1.47247
1.16064
1.27928
1.17064
1.1413
1.11493
1.20906
1.32876
1.15392
1.37194
1.69534
1.22672
1.11101
1.95014
1.51239
1.64978
1.36726
1.27075
1.40274
1.17761
1.64044
1.23106
1.46379
1.50623
1.1084
1.17421
1.55837
1.26953
1.23443
1.28789
1.2734
1.61142
1.17754
1.41432
1.27865
1.45713
1.25326
1.34641
1.12088
1.23418
1.25901
1.23851
1.22745
1.78118
1.63095
1.26735
1.32559
1.15041
1.41717
1.06592
1.78339
1.36631
1.77662
1.78414
1.09058
1.15581
1.33443
1.72817
1.28997
1.56313
1.63513
1.5778
1.19143
1.20113
1.27218
1.65888
1.73872
1.43386
1.64959
1.72736
1.18858
1.37815
1.11745
1.20146
1.34377
1.77336
1.56165
1.76818
1.67993
1.13442
1.51315
1.68036
1.16989
1.46919
1.091
1.24764
1.35113
1.27428
1.73648
1.59699
1.54714
1.51261
1.32451
1.19211
1.51148
1.52767
1.43339
1.71979
1.27724
1.25738
1.77387
1.44303
1.55219
1.61827
1.74459
1.58022
1.29618
1.14116
1.66094
1.46446
1.30894
1.50467
1.08771
1.24812
1.48011
1.7501
1.10872
1.4613
1.32164
1.54919
1.64562
1.5029
1.24809
1.52191
1.17902
1.90182
1.26225
1.65306
1.66563
1.80569
1.3191
1.62751
1.5396
1.55249
1.22807
1.60644
1.62782
1.1665
1.54813
1.71552
1.16104
1.21399
1.73917
1.27351
1.30229
1.22265
1.23128
1.31385
1.40093
1.17862
1.18555
1.70318
1.27805
1.1763
1.11596
1.75603
1.13897
1.13733
1.56872
1.29946
1.24225
1.73001
1.20417
1.71246
1.43983
1.50379
1.13642
1.59337
1.30338
1.2162
1.14985
1.43854
1.15923
1.63608
1.33358
1.18051
1.28127
1.13474
1.69717
1.20357
1.35287
1.22326
1.11427
1.68952
1.34695
1.28722
1.32194
1.12624
1.20914
1.57331
1.25102
1.03937
1.65336
1.45329
1.30175
1.32275
1.72679
1.17953
1.92727
1.73948
1.08542
1.22906
1.26993
1.31218
1.2912
1.16821
1.64332
1.60547
1.15652
1.12413
1.62111
1.07305
1.07788
1.59875
1.72056
1.31882
1.50051
1.21416
1.68665
1.7712
1.76751
1.13079
1.26486
1.54238
1.16987
1.62609
1.56089
1.10395
2.01367
1.54397
1.72228
1.28534
1.21213
1.24716
1.59622
1.40456
1.20378
1.69473
1.24645
1.21552
1.24917
1.78939
1.60763
1.71256
1.24162
1.624
1.40093
1.33553
1.65827
1.63946
1.36711
1.64255
1.34958
1.23051
1.26062
1.24634
1.09968
1.20034
1.54843
1.14565
1.6338
1.55068
1.44032
1.63845
1.34637
1.7885
1.19521
1.61432
1.16446
1.4462
1.60378
1.55391
1.55302
1.42301
1.27301
1.79053
1.58663
1.71902
1.06412
1.53137
1.51153
1.69265
2.16834
1.69676
1.42766
1.16874
1.43174
1.89722
1.74534
1.34681
1.22541
1.14087
1.39151
1.59146
1.449
1.17757
1.74212
1.22921
1.16736
1.63324
1.09988
1.19548
1.44706
1.54008
1.29022
1.28252
1.30655
1.37518
1.40155
1.86133
1.14201
1.9674
1.76083
1.34387
1.72294
1.15225
1.59479
1.28048
1.237
1.16896
1.95551
1.10928
1.32109
1.22526
1.58392
1.64795
1.15628
1.81344
1.3488
1.70027
1.5246
1.61673
1.70871
1.272
1.32181
1.55615
1.22818
1.42518
1.46793
1.44915
1.20685
1.1856
1.32841
1.33534
1.25487
1.3353
1.26584
1.15586
1.3294
1.69039
1.27809
1.53608
1.33182
1.19044
1.67746
1.60944
1.21103
1.45983
1.16225
1.63583
1.1193
1.18363
1.66678
1.53016
1.23796
1.60217
1.39779
1.66031
1.14894
1.38309
1.60303
1.68786
1.26476
1.26123
1.18978
1.97378
1.13803
1.15824
1.59168
1.75785
1.87191
1.23403
1.18974
1.2434
1.85738
1.1775
1.27294
1.63794
1.74745
1.23806
1.14179
1.18777
1.74207
1.14104
1.62809
1.70173
1.63763
1.26068
1.81399
1.35203
1.29363
1.791
1.3798
1.19686
1.18638
1.99836
1.54466
1.145
1.23369
1.13365
1.75989
1.24779
1.26067
1.30051
1.21894
1.70387
1.49684
1.26611
1.73728
1.08001
1.6425
1.38485
1.56589
1.05355
1.58005
1.15207
1.79236
1.5915
1.25772
1.27264
1.47132
1.50708
1.09239
1.20675
2.2238
1.56818
1.2591
1.31818
1.16156
1.29932
1.75662
1.19149
1.49895
1.15574
1.27489
1.67343
1.55202
1.64857
1.22617
1.20792
1.23404
1.46765
1.57646
1.63556
1.72173
1.30876
1.24492
1.90577
1.51998
1.10603
1.31823
1.26655
1.30363
1.35957
1.32434
1.80258
1.36339
1.28888
1.27076
1.82781
1.50102
1.43693
1.13523
1.64882
1.71726
1.28526
1.61128
1.52278
1.62488
1.20183
1.12812
1.23665
1.57471
2.12045
1.58094
1.5709
1.56967
1.66841
1.35523
1.18936
1.57033
1.65152
1.20321
1.49207
1.76359
1.55175
1.48028
1.10664
1.17992
1.19185
1.15029
1.19885
1.76213
1.71633
1.23918
1.2669
1.78049
1.48556
1.09985
1.72194
1.11301
1.60194
1.3929
1.36384
1.18647
1.20858
1.25833
1.31072
1.66462
1.13227
1.67686
1.59501
1.11129
1.53176
1.7817
1.63321
1.05664
1.19462
1.37011
1.18176
1.56172
1.5723
1.8852
1.88768
1.81529
1.28933
1.33745
1.20291
1.22985
1.46966
1.71307
1.38141
1.21043
1.71197
1.19071
1.47348
1.63735
1.22057
1.23785
1.54836
1.31727
1.6864
1.78692
1.19792
1.78037
1.21459
1.31712
1.28656
1.56167
1.4702
1.59127
1.31127
1.5256
1.26202
1.12833
1.29811
1.80171
2.00662
1.37784
1.29209
1.13977
1.66866
1.18381
1.71643
1.42874
1.59556
1.62964
1.62224
1.78844
1.66787
1.23704
1.26531
1.16994
1.16962
1.58251
1.45797
1.44533
1.77129
1.12432
1.70852
1.54363
1.18263
1.06817
1.10561
1.51908
1.39787
1.23416
1.27559
1.16471
1.19262
1.63259
1.65027
1.33641
1.37356
1.08613
1.25647
1.36928
1.56695
1.24843
1.36918
1.70544
1.20604
1.309
1.32377
1.5914
1.27667
1.41243
1.73571
1.33101
1.07009
1.18377
1.19271
1.24085
1.525
1.6827
1.71096
1.20347
1.16652
1.25349
1.53304
1.21029
1.27466
1.34293
1.27162
1.81273
1.46673
1.14605
1.67201
1.1301
1.43406
1.79043
1.59683
1.77422
1.20427
1.32422
1.24012
1.09353
1.13992
1.63362
1.20101
1.65869
1.5978
1.16503
1.15916
1.54775
1.50867
1.17325
1.11256
1.26099
1.91773
1.24531
1.80196
1.34225
1.06642
1.51978
1.1382
1.17951
1.55209
1.20829
1.18279
1.23795
1.29863
1.62238
1.67461
1.71334
1.22503
1.57434
1.67267
1.14788
1.57232
1.7329
1.82627
1.92566
1.77661
1.52252
2.03295
1.3241
1.14436
1.68775
1.67723
1.12741
1.21962
1.28709
1.10639
1.71121
1.32945
1.24706
1.19776
1.15075
1.20208
1.2625
1.80212
1.12597
1.57587
1.69995
1.13354
1.26539
1.80849
1.1818
1.64051
1.30728
1.64293
1.2837
1.72564
1.41092
1.77051
1.42376
1.23079
1.5015
1.22761
1.48706
1.15416
1.4506
1.42617
1.66356
1.61946
1.26221
1.72637
1.29035
1.09003
1.20188
1.61081
1.5523
1.15171
1.98403
1.88657
1.25657
1.67319
1.13758
1.06725
1.13156
1.66854
1.13789
1.18511
1.33806
1.1947
1.18194
1.048
1.65231
1.8834
1.21121
1.6856
1.22845
1.26218
1.19481
1.2324
1.81308
1.27491
1.78287
1.28771
1.20641
1.16081
1.46359
1.26075
1.56673
1.58185
1.74094
1.02231
1.71957
1.51787
1.07771
1.17719
1.75517
1.13073
1.1709
1.35299
1.67762
1.21551
1.17332
1.63562
1.55541
1.56448
1.31768
1.2891
1.21482
1.12887
1.30005
1.37452
1.23594
1.3282
1.23093
1.73977
1.58298
1.09323
1.22471
1.24091
1.57621
1.42713
1.65823
1.69622
1.04778
1.29353
1.32425
1.09557
1.19126
1.35738
1.21566
1.89809
1.76736
1.1061
1.34596
1.73998
33219500.0
33243600.0
41586100.0
48389000.0
41594000.0
28401400.0
46253700.0
31877800.0
48842900.0
55643200.0
24742400.0
39416600.0
38670900.0
30999500.0
33971700.0
51930000.0
29769100.0
45771200.0
53713600.0
44991700.0
51083000.0
37871900.0
40770600.0
46320700.0
31398600.0
47667100.0
46076300.0
39080600.0
44194200.0
40628200.0
46534200.0
60203400.0
35107100.0
31678200.0
49834500.0
29701800.0
44641800.0
30459400.0
55715100.0
31399100.0
39541300.0
50018400.0
45808600.0
40341800.0
40656800.0
45223900.0
30394800.0
31537700.0
46556600.0
41897100.0
49383300.0
55091100.0
41194700.0
46968200.0
35574200.0
47765000.0
44799400.0
31487000.0
30237500.0
56750700.0
42884300.0
37698500.0
44497200.0
38006800.0
37853900.0
45696400.0
38365600.0
42938200.0
34341000.0
33109700.0
42065100.0
46720600.0
17489700.0
39890400.0
42470100.0
34933700.0
37578700.0
36413600.0
43022100.0
38861300.0
56785500.0
42077300.0
35648100.0
43250200.0
40739400.0
52771500.0
28881900.0
41616300.0
47446700.0
60804200.0
24828100.0
40406800.0
38821500.0
55025500.0
29705600.0
33316300.0
28924300.0
34935700.0
43082000.0
40523500.0
49290600.0
47471600.0
45442200.0
51819200.0
26960700.0
54953500.0
61832800.0
46842100.0
51590800.0
35717900.0
32004400.0
43580400.0
44834300.0
38425300.0
37727700.0
35105900.0
38461400.0
40852000.0
40930800.0
40194100.0
36393900.0
35377800.0
47468100.0
40313600.0
46239500.0
49152100.0
30665600.0
47270100.0
39775400.0
37195200.0
35260600.0
34764800.0
33328800.0
57010700.0
36107300.0
32187600.0
44135700.0
36126700.0
53840500.0
37329900.0
33280000.0
34390600.0
35964600.0
18649000.0
29882200.0
47259600.0
49751200.0
35079500.0
37477600.0
19397400.0
38349000.0
55515700.0
49444300.0
46808000.0
39444400.0
44775500.0
49264800.0
41636200.0
57456400.0
47838300.0
41666400.0
39557700.0
40746400.0
42213400.0
31776000.0
32171100.0
45844900.0
44993300.0
44543200.0
40677300.0
49558900.0
44571600.0
34623500.0
41950100.0
65120900.0
62419100.0
48104600.0
39525600.0
47618000.0
40198000.0
34904800.0
48687800.0
36769300.0
38741400.0
45658700.0
36778300.0
37365500.0
28672200.0
39422800.0
25549400.0
53939100.0
36560900.0
44670500.0
43435500.0
39304600.0
40234100.0
39527400.0
44586600.0
40190500.0
31413300.0
42096300.0
35324700.0
49419200.0
32684200.0
33578400.0
53814600.0
48958100.0
46428000.0
45334200.0
49336700.0
38689700.0
42021500.0
33244300.0
36098900.0
31384900.0
43594000.0
48190500.0
47392000.0
43155900.0
40600400.0
40779500.0
59013600.0
38824100.0
37802800.0
46685600.0
30935600.0
40893600.0
32783500.0
19366100.0
40025300.0
44537600.0
37157000.0
37289700.0
53603800.0
32823500.0
42992500.0
47265800.0
44184600.0
25059900.0
48021300.0
22047300.0
34545000.0
31352400.0
44802800.0
39951000.0
39338800.0
42594900.0
37787800.0
40628100.0
37871900.0
48524300.0
50894500.0
40618500.0
42390700.0
46975300.0
50994900.0
39214600.0
27036300.0
36046600.0
31642800.0
43290400.0
46670100.0
25897600.0
35922400.0
40136900.0
47020400.0
38978600.0
28267100.0
53377600.0
36747500.0
33677000.0
51746800.0
36997900.0
49847300.0
35535800.0
37837000.0
43131300.0
49283200.0
42306500.0
32940400.0
49831200.0
40253700.0
43561200.0
45296100.0
30062600.0
35870900.0
39608500.0
38687500.0
39097800.0
43796300.0
38331000.0
44784400.0
49863900.0
42827900.0
50294500.0
35529100.0
49398300.0
49887400.0
54615400.0
41275300.0
42001500.0
35695100.0
65192100.0
47106700.0
42524200.0
37971000.0
39380000.0
49506200.0
43167700.0
46052000.0
35401500.0
59737300.0
37324900.0
42712400.0
37184200.0
34280300.0
38951600.0
32858200.0
34675000.0
47193400.0
52144000.0
47156600.0
42488100.0
39924500.0
28942200.0
49742600.0
32229800.0
48246400.0
39540200.0
29923900.0
38197400.0
52181700.0
37388000.0
48698700.0
37791300.0
24957900.0
37600300.0
47667900.0
41686400.0
33952600.0
52293200.0
34766800.0
51093900.0
41260300.0
36478500.0
39553200.0
50118300.0
33368600.0
22883700.0
38290500.0
45476300.0
36207300.0
60857800.0
19773000.0
48984300.0
40846400.0
58331400.0
53734200.0
47359100.0
39848700.0
35978200.0
36720100.0
33258900.0
49429700.0
38039900.0
46290300.0
45771700.0
47955300.0
49315400.0
42356600.0
47444900.0
32402500.0
38508200.0
29203800.0
44900800.0
36810000.0
36961300.0
47766900.0
41127500.0
38647900.0
32911400.0
50462000.0
34536600.0
49994900.0
26320600.0
40639300.0
24479100.0
36827900.0
42503400.0
53092500.0
32228100.0
46982200.0
47789100.0
52865200.0
42209600.0
47967300.0
36888800.0
38912200.0
19966900.0
23055900.0
29025400.0
39635600.0
40559000.0
46352200.0
48760800.0
36517900.0
40133600.0
32088900.0
37010900.0
48970000.0
38450700.0
54743000.0
24707800.0
36600500.0
32459100.0
55515300.0
28208600.0
59886600.0
38425900.0
34111000.0
39800600.0
39161200.0
42585300.0
42469100.0
49265700.0
47040200.0
46881400.0
43431400.0
65029900.0
38147900.0
45359300.0
41503700.0
43379800.0
47601700.0
43255700.0
42615900.0
36888400.0
37560900.0
42012200.0
45543100.0
51314800.0
43153100.0
27934300.0
28012700.0
40012100.0
56593100.0
37118900.0
48309000.0
38850200.0
51822700.0
40028800.0
38804000.0
53235400.0
31366100.0
27292300.0
39962200.0
53770200.0
56471800.0
29687900.0
37584300.0
37166900.0
35137500.0
38467300.0
34230100.0
50237700.0
36273200.0
49973500.0
28291200.0
54361800.0
41014400.0
21878400.0
43488200.0
44054600.0
44265300.0
54828500.0
25146100.0
34329100.0
34157200.0
65601500.0
40110300.0
44054600.0
45891700.0
40980900.0
50714200.0
42042600.0
28490800.0
31492000.0
53726500.0
33461800.0
42233800.0
41823100.0
37259800.0
50970800.0
40239500.0
40193000.0
21968800.0
42312500.0
35449700.0
41288700.0
25071300.0
35844800.0
47488900.0
43881300.0
62368500.0
51237500.0
55452500.0
41355100.0
42084600.0
29911500.0
34000100.0
57095300.0
45299800.0
34375900.0
29207100.0
31705000.0
33967400.0
28393400.0
43872300.0
39192100.0
28084000.0
48310700.0
41694100.0
39359000.0
46094000.0
39427300.0
39636200.0
38591000.0
36798400.0
53280600.0
37348100.0
43665200.0
23785100.0
28178400.0
43019000.0
40177200.0
53114300.0
58597600.0
45288100.0
50446100.0
52134800.0
36971600.0
34278500.0
32811300.0
57306000.0
42462100.0
49031700.0
44129400.0
40398900.0
45726600.0
34419500.0
42339500.0
35747900.0
49226500.0
44607900.0
50714000.0
37297400.0
44414300.0
34802400.0
42400200.0
43495700.0
36542700.0
34321300.0
41716200.0
34514200.0
41625600.0
36953200.0
30223500.0
38443500.0
35978500.0
42616700.0
51496400.0
53211900.0
31952600.0
42834000.0
45697100.0
36594600.0
36493100.0
34484500.0
37934800.0
36124000.0
43764200.0
52101400.0
43304000.0
39183800.0
38773100.0
28705300.0
33720500.0
27318700.0
34950200.0
35514800.0
33865400.0
27336100.0
34205400.0
22487000.0
45081000.0
39822800.0
49847800.0
39319800.0
32098300.0
27197400.0
48041000.0
42536400.0
50514200.0
31916200.0
62015600.0
30135400.0
38721100.0
41909300.0
43841800.0
40370100.0
38594000.0
38725300.0
36438500.0
36458100.0
35019600.0
37289800.0
35160000.0
33708300.0
30660100.0
36941900.0
26977500.0
36403500.0
21722700.0
46001300.0
26099100.0
34280100.0
41917600.0
35830300.0
34298300.0
37394100.0
65175500.0
53681400.0
33087900.0
40815700.0
41585100.0
51460800.0
37496800.0
54160500.0
47644100.0
54906300.0
47610100.0
41312800.0
26419500.0
49200500.0
43015300.0
31705500.0
47494700.0
40605800.0
44587000.0
43310700.0
36377000.0
48277600.0
31984600.0
34691600.0
29273100.0
41003500.0
25335300.0
27813700.0
51053500.0
39182000.0
47818800.0
45647700.0
42872500.0
38921400.0
45787600.0
43012500.0
46181400.0
25090600.0
34875300.0
33545400.0
40081200.0
25244100.0
50303800.0
52484800.0
41513300.0
30533200.0
39493500.0
31988000.0
50452200.0
35666000.0
39589100.0
48144800.0
32680100.0
39101700.0
51701300.0
37254400.0
39633200.0
40402700.0
37030900.0
46888400.0
42440300.0
43575200.0
30396000.0
46972300.0
35998400.0
58847700.0
53608600.0
36139700.0
31469700.0
38547500.0
28340100.0
51716200.0
35281900.0
29701900.0
56794600.0
43988500.0
54611900.0
39796100.0
40538600.0
53106300.0
35765300.0
49248800.0
40795800.0
50506900.0
37517000.0
40012600.0
47397900.0
40151100.0
46480900.0
49002500.0
31591300.0
22297100.0
33213800.0
57659700.0
34766300.0
42800100.0
42330100.0
62968700.0
43810000.0
42272700.0
38287900.0
38424800.0
36923400.0
46091500.0
39935400.0
27674900.0
38403300.0
38372100.0
67433500.0
29788500.0
32815200.0
34657500.0
33164000.0
45864900.0
55471100.0
27336100.0
49143500.0
54750600.0
41219000.0
36751400.0
38359100.0
33563000.0
42113300.0
56685600.0
40710500.0
33514100.0
34172200.0
45358700.0
43102300.0
42792300.0
49973000.0
35736100.0
45275900.0
33870500.0
43972500.0
50544600.0
29748800.0
44791600.0
51237400.0
31636300.0
48010300.0
34123900.0
57389700.0
40251500.0
45080600.0
40455500.0
53105100.0
30893800.0
57409600.0
41186900.0
30958500.0
30545000.0
55351800.0
43769400.0
44446100.0
33924100.0
43587100.0
35773300.0
32845300.0
38654900.0
31399200.0
36587100.0
39025100.0
49480500.0
33116800.0
44208800.0
37496700.0
35322200.0
28219900.0
41887000.0
47975400.0
34814500.0
42946900.0
32032400.0
39786600.0
43973900.0
53518300.0
34396800.0
39526000.0
34867600.0
34210600.0
37796800.0
49723800.0
44852800.0
40896100.0
52980300.0
40978000.0
46822200.0
44154500.0
48498600.0
41850200.0
55067100.0
54609900.0
32165300.0
45030300.0
32231900.0
36411500.0
51841800.0
31529400.0
33392000.0
38204200.0
46517200.0
29476500.0
57253900.0
50333200.0
33607600.0
33441400.0
39053700.0
34779900.0
38628700.0
45215700.0
44898500.0
48134900.0
28635600.0
40843300.0
34964700.0
54052900.0
39250600.0
45160200.0
31357300.0
31390600.0
62901600.0
53226800.0
30663900.0
51683700.0
49283400.0
46306500.0
54287500.0
36063300.0
35275600.0
45070700.0
40470000.0
33519800.0
29249400.0
34779000.0
39813100.0
68431400.0
42088700.0
39852700.0
38770000.0
33114000.0
29163600.0
49289700.0
19184600.0
39131400.0
46395200.0
47877000.0
45697600.0
40326000.0
41872700.0
62287800.0
59759700.0
50005700.0
41646700.0
26820600.0
44636400.0
48106800.0
48065900.0
36808400.0
35196800.0
32842300.0
38592900.0
37250800.0
33327900.0
46634400.0
41261500.0
29038800.0
45466900.0
39892700.0
32643800.0
42367500.0
38470500.0
35556400.0
46241900.0
70848000.0
44477500.0
47018800.0
44258200.0
31380500.0
49330400.0
46334300.0
40890800.0
41659000.0
36456200.0
54960600.0
34355500.0
54010700.0
37521600.0
61506800.0
47761500.0
39376800.0
35879100.0
27507100.0
38017500.0
51851700.0
31711200.0
55796500.0
42684600.0
38507600.0
37052800.0
33803100.0
37406800.0
30820700.0
49390100.0
48507700.0
49610900.0
38852200.0
27617900.0
62007900.0
39080300.0
30421100.0
33461500.0
46646800.0
47299400.0
36503200.0
47511300.0
29465400.0
38886800.0
47805300.0
55146200.0
37662200.0
49203300.0
50433200.0
34936700.0
27299300.0
55241200.0
39289700.0
48777600.0
57280100.0
46639200.0
32398900.0
52199500.0
24890500.0
34082800.0
31738000.0
33455400.0
40786600.0
42163600.0
43356300.0
42339900.0
41008000.0
38448500.0
40778900.0
41456300.0
34861900.0
39727500.0
51333700.0
36072500.0
41085700.0
45987300.0
48551700.0
27959400.0
38108700.0
47492400.0
31143300.0
37140700.0
39601700.0
36154000.0
57461300.0
41489000.0
31407200.0
28835300.0
36082900.0
30354000.0
34302700.0
45823500.0
33023600.0
42333600.0
34702500.0
33302100.0
