1.55657
1.38216
0.942137
0.946563
0.863498
1.13035
1.07301
0.961208
0.970444
1.11622
1.04708
0.909716
1.22046
0.971552
1.11028
1.22824
1.20242
1.2179
1.08082
1.04063
1.55551
0.87049
1.08739
0.988651
0.964189
0.693997
1.28896
0.80735
1.27369
0.987291
1.14736
1.21828
0.862213
1.1177
0.999765
0.976454
0.935544
1.56032
0.982406
0.823334
1.01749
1.1042
0.786964
1.13445
1.08579
0.832674
1.19042
0.940908
1.31304
1.31796
0.876736
1.17723
1.01671
1.03769
1.1367
1.25184
1.05536
0.909088
1.18524
0.909974
1.04602
1.41669
1.09361
0.861252
0.961094
0.806089
1.2194
0.923195
0.583679
1.22164
0.948048
1.05259
0.748069
0.921919
0.994194
1.335
0.788778
1.07877
1.22901
1.00442
0.938117
1.03594
1.03189
0.883904
0.762755
0.730824
0.949538
0.980758
0.947785
1.20384
0.799053
1.20465
1.12844
1.1927
1.09615
0.829617
0.947273
1.05266
1.07316
0.981748
1.16162
1.40601
0.875486
1.04559
1.09363
1.04999
1.3506
1.06291
0.915166
0.818797
0.937926
0.986096
1.22702
0.935378
0.889923
1.24413
1.03643
0.684021
0.918572
0.881409
0.970364
1.37478
0.690694
1.12708
1.41769
0.907025
1.12884
0.938356
0.621264
0.928485
0.850227
1.40333
0.76852
1.02594
0.828179
0.902812
0.984021
1.09678
1.09926
0.700783
0.89398
0.91019
1.07991
0.901153
1.10379
0.861156
1.10824
1.23143
0.807756
1.1149
0.936504
1.18968
0.943697
0.9716
1.19887
0.933479
0.938762
1.01596
1.24709
1.16519
1.26399
0.674053
0.959887
1.09324
0.945076
1.10951
0.875521
1.1682
1.3809
0.791733
1.1505
1.09668
0.842631
1.15847
0.820987
0.996627
0.933005
0.753968
1.45132
0.997728
0.838381
1.14152
0.84541
1.04632
0.898246
1.02859
0.880927
0.630019
1.36232
0.982476
1.39858
1.14006
0.914624
1.06341
0.943909
0.931495
0.845443
0.884986
1.11607
0.847398
1.07677
0.80284
0.977024
0.96262
0.867123
1.20049
0.951187
1.11733
0.871931
1.37844
0.966441
1.02835
1.04851
1.17152
1.14113
0.973234
1.04893
1.15151
0.80968
1.05647
0.920692
1.06668
1.33022
1.11573
0.912057
0.81817
0.898783
1.14864
0.952444
1.08879
0.838045
0.916623
1.4706
0.837601
1.06207
1.07068
1.16502
0.767715
0.85086
0.810443
0.892866
0.949704
1.17733
1.07828
1.46312
0.932667
1.03804
1.04478
1.06876
1.31714
0.678202
1.24212
0.694352
1.16442
1.21177
0.916581
1.37535
1.23904
0.637458
1.1961
1.3367
1.12542
0.965802
1.08339
1.1863
0.983623
0.792159
1.26594
0.900242
1.26922
1.23744
0.983041
1.14876
0.808191
1.18025
0.705456
1.09202
1.12459
1.13607
1.35561
1.10419
0.917339
1.01842
1.17512
1.13086
1.23363
0.967401
0.948513
1.09472
1.06581
1.12445
0.899997
1.09163
1.07493
1.03952
1.33783
0.787068
1.05844
1.00423
1.0687
1.22937
1.67241
1.29089
0.885744
0.925149
0.994603
0.996756
1.1773
0.925234
1.19916
1.01134
1.07433
1.32488
1.40135
1.04896
0.964661
0.959928
0.840459
1.17009
1.14359
1.29487
1.49278
0.967808
1.03724
1.12417
0.915905
1.0601
1.12824
1.08934
1.09938
0.964781
0.997759
0.974729
0.897527
1.42441
0.854515
1.21438
0.832166
1.1554
1.00752
0.983763
0.922171
1.1502
1.02728
0.915984
0.79422
1.14346
1.1433
1.11521
1.10003
1.13591
0.907493
1.31918
0.85806
1.06702
0.954844
1.07735
1.07391
1.20027
1.14037
0.835997
0.888989
1.12773
1.26324
0.875298
0.905656
0.994776
1.0438
1.0871
1.51752
1.36488
0.860477
0.878664
1.13426
1.01125
1.0437
0.831586
1.2102
1.1036
0.783427
0.895528
1.05359
1.21278
0.910814
0.828238
1.41523
1.11703
0.792729
1.00676
0.870752
1.46606
0.845906
0.932362
0.80233
0.767765
1.55706
0.711474
1.30918
0.782119
1.14963
1.04274
1.25454
1.02736
1.04682
1.09999
1.24867
1.47551
0.75509
0.957964
1.07599
0.963062
0.95625
1.10519
0.783448
0.82304
0.977461
0.990316
1.23247
1.26206
0.792763
0.962665
0.953974
0.919034
1.47647
1.01874
0.960163
1.21709
1.07728
1.29995
0.739258
0.964588
1.13008
0.91792
0.858906
0.707188
0.755552
0.877661
1.06035
1.2459
1.07387
1.02085
1.32098
1.20001
1.13849
1.09226
1.04876
1.01331
1.19659
1.41869
1.06838
0.897708
1.05215
0.788762
0.956479
0.845181
1.03731
0.859255
1.38376
1.10311
1.13626
1.12565
1.24164
1.23197
1.20026
0.915073
1.09823
1.04384
0.977439
0.932618
0.957201
0.972289
0.783871
1.25068
0.850046
1.24922
0.843094
0.738787
1.55784
1.06726
1.01222
1.38312
1.17396
1.13957
0.986861
1.23211
1.15799
1.03035
1.14433
0.910478
1.12239
0.780675
1.46706
0.790307
1.16699
1.06139
0.958498
1.173
1.57349
0.920817
1.09618
1.14671
1.00801
0.739221
0.841267
1.02375
1.02263
0.982844
0.797575
0.772227
0.974092
0.884373
0.947694
1.07991
1.06031
1.05905
0.8471
0.764195
1.01657
1.77847
1.54836
0.982167
1.14517
0.852435
0.892091
1.02372
1.78899
0.855188
1.22385
1.00175
0.816784
1.06924
1.06353
0.96491
0.687763
1.19608
1.08032
0.904901
0.95413
1.32872
0.835558
1.05699
0.992359
1.21227
0.894452
1.05202
1.07474
0.879867
1.00909
1.0846
1.20492
1.0915
0.933882
1.34211
0.753205
0.748678
0.81524
1.15765
0.83562
0.7789
1.14605
0.841535
1.35873
1.01792
1.13903
1.20408
0.951017
1.21413
1.11823
1.14432
1.06531
0.899894
1.28451
1.08509
1.22233
0.870201
1.09302
0.858008
0.800282
1.01634
0.994315
0.681687
0.909159
1.17872
1.13694
1.05669
1.33469
1.05851
0.987522
1.03499
1.26147
0.95537
0.840166
0.977638
1.5683
0.653057
1.01703
1.2757
0.849621
1.30227
0.89468
0.875708
0.989284
1.33687
1.06087
0.880179
1.11175
1.13402
1.00935
1.26867
0.895302
0.976998
0.84062
1.27007
0.803874
1.23991
0.823947
0.871668
0.95398
0.767685
1.44236
0.873361
1.1628
0.94672
1.04571
0.993255
1.27964
1.17913
0.727647
0.968735
0.968167
1.06438
0.71983
1.15814
1.3131
0.938024
1.23055
0.989451
1.07526
0.923258
1.10938
1.06744
1.2504
1.02267
1.00469
1.21246
1.26381
1.19717
0.96365
1.13073
0.925998
1.13132
0.89854
1.05517
1.26658
1.10508
1.50423
1.05468
0.804592
1.15033
1.04493
0.850075
1.09938
1.1217
1.08731
1.29009
1.13882
1.04614
1.11161
0.945717
1.12493
0.928959
1.02196
0.935035
1.04773
1.20423
1.5375
1.01949
1.40467
1.13376
1.07849
1.05455
0.850655
0.927049
0.882347
1.14022
1.22358
0.903742
0.932584
0.879444
1.33521
0.7315
1.12321
1.17873
1.05631
0.954756
0.882268
0.845244
1.33427
1.47584
1.14214
1.05149
1.19596
0.961314
1.27109
0.851945
0.931075
1.23027
1.18718
1.28278
1.09662
1.1273
1.27232
0.971816
1.06753
1.10246
0.980214
0.907422
0.744317
0.888673
0.861348
1.14123
0.876093
0.938132
1.25974
1.07014
0.887496
0.995219
1.04586
1.11166
0.910897
0.943506
1.0482
1.13051
0.992589
1.11293
1.25861
1.13803
0.922024
1.26681
1.09199
1.27171
0.996345
0.781187
1.00105
1.2206
1.23055
1.5852
0.985805
1.29516
1.40592
0.856912
1.20207
1.09352
1.18559
1.06933
0.878701
0.960673
0.95846
0.878129
0.83342
0.97169
1.20309
1.36687
0.985258
1.29621
1.32201
1.10525
0.896943
1.14818
1.12591
1.09625
1.26813
0.722731
1.0406
1.1605
1.20909
0.836774
0.877138
1.25597
0.81891
1.60389
1.39042
0.831566
0.929644
0.930347
1.27732
1.53133
0.949401
1.09234
1.19631
0.79561
0.741031
1.08198
0.84354
1.0262
1.12042
0.892069
0.724004
1.01713
0.938966
0.993268
0.924082
1.01282
1.26722
1.29263
0.964114
0.83281
1.18499
0.969773
0.98862
0.945791
0.837682
0.984049
1.00329
1.23502
1.12253
0.863295
1.06107
1.17091
1.08222
1.17671
0.982924
1.10663
1.04664
0.986968
1.08108
0.845961
0.875868
0.822544
1.21175
1.23309
0.913906
0.833723
1.22411
1.01815
0.989721
0.971471
1.37162
0.995109
1.0508
1.18443
1.00435
1.10615
0.993936
1.05742
0.818836
1.11785
0.998876
0.944933
1.00504
1.0286
0.752461
1.15792
0.72866
0.947193
1.12611
0.903856
1.11653
1.16253
1.13872
0.911814
1.04773
1.00469
0.986973
1.28414
0.841152
1.22371
0.96218
0.996083
0.831802
1.32044
0.901776
1.25533
0.918361
1.0228
1.0015
1.6017
1.06765
1.48479
0.970512
0.853787
0.837556
0.700726
1.14459
0.89227
0.876572
1.00138
1.2726
1.10744
0.870937
0.975508
0.965813
1.2664
0.979844
0.871926
0.976311
0.724494
1.00115
0.885365
1.02711
1.09033
1.31379
0.938912
0.794271
1.21354
0.966621
0.724913
1.14081
1.07682
0.899225
1.17197
1.146
1.17041
0.852099
0.867606
1.06552
1.3079
1.10127
1.05481
1.10697
1.16522
0.967704
1.07235
1.00347
0.911403
1.07948
0.980219
0.771078
0.821734
1.32845
1.34952
1.08238
0.94228
1.04501
1.0798
1.34185
0.994806
0.991069
1.16395
0.936347
0.834415
0.993196
0.955749
1.19252
1.2888
0.846675
0.971165
1.00431
0.885894
0.964084
1.22539
0.95557
0.921358
0.996625
0.96656
1.05249
1.06152
0.987032
1.34918
1.03163
1.21785
1.0448
1.28179
0.981008
1.23373
1.15865
1.17197
1.23687
1.22818
0.73513
0.938013
1.17934
1.0453
1.39798
0.914137
0.815415
0.922378
1.08248
0.97839
0.987709
1.39225
0.996326
0.958775
1.07663
1.13589
1.11279
1.12348
1.28741
1.22929
1.01612
0.909023
1.04569
1.08559
1.07375
0.818311
1.29344
1.04284
1.09463
1.45775
1.18591
2.35683
2.15748
1.50141
1.4241
1.41397
1.63808
1.67166
1.43074
1.49595
1.64616
1.73098
1.46129
1.80535
1.49341
1.71269
1.9003
1.70878
1.87508
1.68123
1.60905
2.73607
1.254
1.75869
1.5935
1.64795
1.01673
2.10165
1.49123
1.98103
1.47418
1.62964
2.05103
1.28545
1.82788
1.52114
1.68609
1.4102
2.46558
1.62043
1.34351
1.50098
1.70982
1.29941
1.72928
1.74356
1.37494
1.87272
1.61595
1.77454
2.02427
1.51032
1.82163
1.6456
1.58152
1.76584
1.91019
1.54293
1.51501
2.04185
1.48231
1.7058
2.22182
1.71733
1.22634
1.47464
1.41375
2.00331
1.50141
0.992143
1.89647
1.67579
1.6404
1.3139
1.30337
1.62534
2.03122
1.36541
1.80911
1.92079
1.59021
1.55815
1.71921
1.51702
1.48866
1.3171
1.26003
1.45848
1.78007
1.52287
1.91249
1.273
1.88046
1.90307
2.2289
1.65883
1.32204
1.43792
1.57362
1.77849
1.63338
2.08267
2.15622
1.42283
1.68107
1.72297
1.75188
2.35101
1.53209
1.38992
1.19367
1.73426
1.64096
1.88288
1.52202
1.49608
1.87772
1.53603
1.1916
1.57686
1.47494
1.47895
2.20024
1.28483
1.79122
2.36703
1.4017
1.71626
1.52029
1.36527
1.48088
1.41963
2.09243
1.2492
1.86137
1.23988
1.41309
1.59354
1.85475
1.84247
1.08463
1.59729
1.5662
1.76446
1.61373
1.61924
1.58976
1.65235
2.05378
1.51068
1.90418
1.45177
2.0118
1.3955
1.81108
1.86735
1.44542
1.51652
1.79994
1.92248
1.72217
1.78903
1.0648
1.66851
1.54317
1.62266
1.58752
1.40179
1.76046
2.14405
1.23563
1.74174
1.71886
1.43096
1.53043
1.34453
1.56351
1.39969
1.33681
2.05099
1.4999
1.40695
1.83144
1.38337
1.56173
1.43133
1.55244
1.33991
1.21697
1.9079
1.46364
2.2007
1.78182
1.49297
1.75376
1.52468
1.54843
1.38227
1.55767
1.79193
1.38043
1.67028
1.2535
1.6992
1.59202
1.37614
1.97632
1.46469
1.92902
1.56361
1.93734
2.00997
1.73635
1.45699
1.86304
1.88474
1.5443
1.53753
1.83271
1.58524
1.84119
1.4154
1.76604
1.93564
1.71615
1.47013
1.30836
1.38131
1.73142
1.64605
1.55365
1.41546
1.46117
2.03228
1.37258
1.69195
1.70147
1.77444
1.37896
1.4007
1.28447
1.34976
1.63121
1.82553
1.56041
2.07946
1.7522
1.77837
1.6227
1.5881
1.78258
1.22151
1.97204
1.43628
1.90284
1.90592
1.3408
2.11602
1.81991
1.06165
1.80602
1.87524
1.83687
1.46838
1.62878
1.8897
1.48728
1.21789
1.86365
1.52516
2.05692
2.08426
1.43406
2.05173
1.38155
1.81834
1.20961
1.57924
1.68391
1.68308
2.2076
1.80418
1.41629
1.45985
1.6722
1.64051
1.84537
1.48518
1.51613
1.71937
1.58359
1.78707
1.48923
1.74525
1.72585
1.61393
2.10809
1.3046
1.65305
1.47232
1.7542
2.15439
2.6383
1.98278
1.38364
1.53545
1.60118
1.58392
1.73011
1.26252
1.91785
1.8548
1.79955
2.00623
2.25539
1.81373
1.503
1.47837
1.22706
1.66679
1.86745
1.94649
2.21609
1.38469
1.6371
1.73727
1.56754
1.66174
1.7468
1.6871
1.79671
1.71171
1.50319
1.5288
1.56309
2.14809
1.51133
1.75722
1.44232
1.82389
1.74752
1.71336
1.65421
1.9395
1.59935
1.4504
1.29438
1.81094
1.69009
1.70033
1.64018
1.65304
1.45138
2.05051
1.48059
1.80953
1.55402
1.7984
1.60844
1.79969
1.97374
1.45257
1.56898
1.87097
1.98005
1.37433
1.45476
1.63661
1.55984
1.75178
2.12273
2.24419
1.37574
1.4539
1.73923
1.75026
1.55588
1.23807
2.06256
1.78339
1.29442
1.54745
1.84448
1.71756
1.35639
1.44927
1.99613
1.81664
1.24841
1.58393
1.4875
2.20006
1.41483
1.56391
1.28351
1.36246
2.38851
1.19684
1.94324
1.4172
1.78701
1.51471
1.9761
1.8193
1.62257
1.67599
2.01422
2.44868
1.13768
1.59318
1.75018
1.75397
1.55686
1.70045
1.30816
1.48511
1.59864
1.5778
2.09884
1.85883
1.34683
1.53556
1.54344
1.38017
2.14731
1.69604
1.57173
1.9018
1.74295
1.97582
1.4258
1.53793
1.74402
1.60582
1.16392
1.16661
1.2272
1.52643
1.73148
2.00235
1.75526
1.69938
2.30633
1.81548
1.58069
1.75235
1.7625
1.87773
2.12822
1.98004
1.7403
1.45148
1.72818
1.4379
1.424
1.42067
1.72949
1.26668
2.31761
1.84237
1.62059
1.81846
2.14161
1.8762
1.78384
1.45995
1.69968
1.57238
1.6142
1.64915
1.55108
1.74261
1.30111
2.00993
1.50822
1.99722
1.31011
1.14158
2.29154
1.73853
1.50115
2.17657
1.8454
1.54836
1.7012
1.82988
1.69994
1.6016
1.7112
1.54612
1.86083
1.07355
2.15517
1.24303
1.83825
1.67861
1.44642
1.65047
2.39955
1.59135
1.55906
1.93453
1.50845
1.61904
1.38073
1.6322
1.53101
1.558
1.2388
1.39294
1.67425
1.30973
1.34907
1.63131
1.84503
1.71035
1.36162
1.22742
1.52466
2.85009
2.70926
1.49926
1.85244
1.32366
1.50823
1.57174
2.57803
1.52398
1.77803
1.4734
1.23521
1.72881
1.72093
1.3282
1.08934
1.8045
1.67347
1.37766
1.63895
1.98664
1.51627
1.55946
1.46778
1.61032
1.82233
1.71357
1.72042
1.35537
1.59785
1.62054
1.74948
1.74207
1.72982
2.16762
1.20095
1.32148
1.31754
1.69755
1.50978
1.35631
1.8598
1.42353
1.91629
1.68975
1.73535
1.88989
1.23946
1.94278
1.92277
1.8508
1.44731
1.37045
1.98142
1.72293
1.80596
1.52454
1.63238
1.50447
1.2515
1.45591
1.70821
1.42708
1.4064
1.97241
1.77595
1.62394
2.22463
1.59684
1.52964
1.63697
1.9178
1.56248
1.4588
1.74508
2.1583
1.10565
1.52325
1.96861
1.42374
2.03941
1.64292
1.28846
1.6708
2.13109
1.55376
1.46283
1.8096
1.64434
1.6837
1.92985
1.55333
1.4768
1.40212
2.03064
1.35321
1.81627
1.27671
1.45248
1.61019
1.18008
2.22938
1.41756
1.92413
1.57923
1.46582
1.43285
2.00429
1.91906
1.18927
1.77531
1.64741
1.78854
1.27878
1.6823
1.77733
1.41051
1.87267
1.57102
1.81465
1.58995
1.86793
1.76629
2.04332
1.85805
1.64428
1.88031
2.12035
1.70986
1.44493
1.68577
1.528
1.75714
1.3608
1.87062
1.93104
1.64102
2.06406
1.99247
1.39445
1.92407
1.60763
1.46953
1.88197
1.94568
1.50076
2.03502
1.93874
1.57874
1.90858
1.45244
1.55846
1.70214
1.65341
1.55331
1.79561
2.01022
2.17896
1.60004
2.06968
1.6882
1.79202
1.6089
1.39818
1.59636
1.38804
1.73679
1.92442
1.42788
1.45042
1.48798
2.08374
1.18822
1.74184
1.92274
1.63444
1.65974
1.50685
1.48412
2.12372
2.3003
1.89722
1.90823
1.89929
1.47615
1.94889
1.31011
1.44432
1.95195
1.84286
2.00279
1.72857
1.85886
2.03606
1.45217
1.69666
1.78959
1.5255
1.52992
1.13196
1.62419
1.50375
1.68484
1.54766
1.72317
2.10004
1.48909
1.51412
1.63763
1.52603
1.91508
1.39934
1.56367
1.72165
1.75332
1.64259
1.78486
2.03826
1.75393
1.5745
2.12347
1.67941
2.2726
1.76895
1.33809
1.5094
2.05835
1.75376
2.49633
1.58385
1.85479
2.16801
1.58404
1.95073
1.70512
1.79964
1.69579
1.39115
1.59542
1.4937
1.39464
1.31285
1.6035
1.97822
2.35965
1.5808
1.96616
2.10722
1.80591
1.44374
1.74226
1.80423
1.84506
2.38658
1.10766
1.65117
1.86131
1.89779
1.27489
1.31096
1.97941
1.21016
2.46517
2.01953
1.32425
1.54876
1.51254
1.78272
2.54967
1.51781
1.58711
1.86409
1.3039
1.36124
1.7279
1.56651
1.57014
1.91417
1.32137
1.41579
1.58811
1.4359
1.65802
1.53291
1.45811
2.04864
1.86164
1.74203
1.2853
1.95129
1.47248
1.58066
1.61688
1.34592
1.82304
1.79181
2.18545
1.83235
1.39795
1.70896
1.92407
1.83091
1.84175
1.6465
1.8179
1.64331
1.60087
1.74447
1.34467
1.31033
1.43268
1.84683
2.01339
1.44468
1.29993
1.71386
1.74936
1.65983
1.52617
2.02822
1.55201
1.69579
1.96026
1.53527
1.65243
1.61754
1.60857
1.31006
1.55955
1.55128
1.50304
1.61729
1.49551
1.1902
1.92755
1.19391
1.28379
1.75928
1.36782
1.54031
1.80002
1.70532
1.37169
1.67186
1.70178
1.53299
2.10022
1.40897
1.87462
1.62505
1.7309
1.22519
2.10802
1.36251
1.81164
1.72787
1.61163
1.49591
2.39307
1.66566
2.10329
1.45992
1.58009
1.37873
1.41788
1.88232
1.48091
1.31269
1.57837
1.90815
1.59132
1.38133
1.64161
1.48036
1.98389
1.51167
1.26796
1.54144
1.3478
1.57663
1.45134
1.677
1.76763
1.88884
1.59507
1.33681
1.86467
1.47099
1.39987
1.58097
1.87808
1.33797
1.87747
1.6952
1.92522
1.26202
1.35905
1.79979
1.97844
1.71688
1.56561
1.88835
1.83359
1.58446
1.6722
1.52508
1.33154
1.5891
1.28104
1.28066
1.28087
2.26557
1.91231
1.91637
1.54184
1.60673
1.84111
2.18573
1.60932
1.74689
2.02298
1.4738
1.47576
1.47154
1.55068
1.66693
2.03408
1.2972
1.47101
1.53142
1.57362
1.55855
1.75722
1.51539
1.43177
1.65091
1.58411
1.62904
1.57369
1.4833
2.00338
1.76424
1.76994
1.68664
1.89861
1.50364
1.96631
1.73719
1.76784
1.96656
1.89549
1.25785
1.56372
1.96155
1.67957
2.00807
1.37194
1.46333
1.42036
1.6469
1.54285
1.45632
2.23299
1.78439
1.60617
1.59536
1.7723
1.65427
1.67456
1.87054
1.98372
1.56422
1.48953
1.70107
1.89144
1.58537
1.36958
2.09652
1.51585
1.8097
2.09325
1.73496
1.87062
2.15748
1.09245
1.4241
0.999407
1.35032
1.67166
1.43074
1.26283
1.38645
1.21372
1.46129
1.80535
1.30329
1.52728
1.9003
1.39518
1.41154
1.68123
1.60905
2.73607
0.897341
1.33431
1.11552
1.64795
1.01673
2.10165
1.49123
1.98103
1.0965
1.62964
2.05103
0.946826
1.36491
1.32669
1.68609
1.07362
1.74956
1.62043
1.34351
1.50098
1.17568
1.00698
1.72928
1.74356
1.37494
1.87272
1.61595
1.43501
1.41428
1.51032
1.82163
1.23654
1.58152
1.76584
1.49961
1.29861
1.51501
1.50829
1.48231
1.7058
1.57313
1.71733
0.952644
1.47464
0.947501
2.00331
1.50141
0.829526
1.59328
1.67579
1.36397
1.3139
0.987387
1.62534
2.03122
0.839004
1.42471
1.50033
1.17979
1.55815
1.20238
1.1008
0.988573
1.3171
1.09904
1.12714
1.13086
1.10763
1.91249
0.893906
1.88046
1.52255
2.2289
1.65883
0.915262
1.43792
1.57362
1.36316
1.05664
1.60507
1.64713
1.06309
1.31077
1.72297
1.75188
1.72856
1.25807
1.05352
0.911251
1.73426
1.64096
1.42167
1.25328
1.18273
1.87772
1.53603
1.1916
1.26405
1.47494
1.47895
2.20024
0.797444
1.79122
1.66768
1.10976
1.41758
1.23332
1.36527
1.48088
1.41963
1.74186
1.2492
1.86137
0.835926
1.41309
1.1644
1.36708
1.57227
1.08463
0.997747
1.5662
1.76446
1.61373
1.61924
1.58976
1.65235
1.42246
1.06705
1.52326
0.915277
1.31311
1.3955
1.81108
1.86735
1.27663
1.09154
1.79994
1.92248
1.30664
1.78903
0.821033
1.23653
1.30948
1.62266
1.19938
1.40179
1.2751
2.14405
1.23563
1.74174
1.32191
1.43096
1.53043
1.34453
1.56351
1.09387
1.33681
2.05099
1.13217
0.979289
1.52861
1.38337
1.25754
1.08946
1.55244
1.00234
1.21697
1.9079
1.17497
1.71337
1.22787
1.49297
1.20244
1.52468
1.54843
1.38227
1.0642
1.30119
1.38043
1.23385
0.954821
1.16656
1.33298
1.37614
1.97632
1.15551
1.92902
1.56361
1.35315
1.20975
1.46307
1.45699
1.37896
1.25869
1.21856
1.12958
1.43204
1.58524
1.32386
0.959529
1.34845
1.45056
1.71615
1.21433
1.30836
1.38131
1.73142
0.922588
1.55365
0.934186
1.08882
2.03228
1.37258
1.69195
1.32807
1.77444
1.37896
1.4007
0.988701
1.03019
1.63121
1.82553
1.20987
1.67588
1.7522
1.38615
1.6227
1.5881
1.31873
0.748284
1.97204
1.43628
1.90284
1.53018
0.934128
2.11602
1.4318
1.06165
1.31781
1.87524
1.35833
1.13271
1.62878
1.8897
1.23082
0.982106
1.40012
1.18245
2.05692
2.08426
1.43406
2.05173
1.38155
1.81834
1.20961
1.57924
1.68391
1.68308
2.2076
1.33044
1.05978
1.24746
1.6722
1.30415
1.44078
1.48518
1.51613
1.71937
1.58359
1.78707
1.16841
1.74525
1.22669
1.32157
2.10809
1.3046
1.65305
1.11369
1.33998
1.3726
2.6383
1.52823
0.992653
1.17891
1.03662
1.18118
1.26081
1.26252
1.91785
1.23696
1.27381
1.48985
1.64949
1.81373
1.503
1.01392
0.916244
1.66679
1.25805
1.53695
2.21609
0.996334
1.35425
1.73727
1.56754
1.07801
1.38951
1.6871
1.4048
1.71171
1.15068
1.5288
1.56309
2.14809
0.946419
1.75722
1.03875
1.28528
1.47191
1.71336
1.65421
1.9395
1.24907
1.08795
0.954947
1.55364
1.69009
1.70033
1.17774
1.65304
0.99713
2.05051
1.03715
1.35908
1.06574
1.7984
1.46009
1.79969
1.39654
0.9441
1.56898
1.87097
1.98005
1.02436
1.19081
1.34938
1.55984
1.36065
2.12273
2.24419
1.37574
0.903672
1.29993
1.28647
1.21935
0.923778
1.54521
1.78339
0.999822
1.2572
1.84448
1.71756
0.980678
0.983015
1.56954
1.21238
1.24841
1.30914
1.16467
1.70655
1.41483
1.56391
0.936621
1.11396
2.38851
0.77014
1.94324
1.4172
1.78701
1.14362
1.52499
1.25967
1.20281
1.19745
2.01422
1.79295
0.958779
1.02553
1.18464
1.75397
1.55686
1.30356
1.30816
0.989989
1.59864
1.5778
2.09884
1.85883
1.34683
1.13305
1.1257
1.02077
2.14731
1.69604
1.0586
1.50735
1.36296
1.97582
1.02587
1.53793
1.74402
1.01287
0.950466
1.16661
0.927125
1.52643
1.73148
2.00235
1.75526
1.69938
1.71247
1.81548
1.38047
1.22522
1.7625
1.87773
2.12822
1.58755
1.35823
1.11324
1.32124
0.988167
1.424
1.11141
1.16022
1.26668
1.78733
1.84237
1.62059
1.81846
1.46273
1.25947
1.78384
1.02505
1.35125
1.16207
1.20159
1.0524
1.55108
1.74261
1.30111
1.55053
1.50822
1.58227
0.829559
0.846525
2.29154
1.73853
1.23796
1.88569
1.8454
1.54836
1.32148
1.51109
1.69994
1.6016
1.7112
1.0988
1.86083
0.825203
2.15517
0.888339
1.33773
1.67861
1.08114
1.41261
1.81722
1.59135
1.26719
1.23777
1.50845
1.61904
1.38073
1.2119
1.53101
1.11943
1.02195
0.865669
1.1867
1.30973
1.34907
1.63131
1.84503
1.31364
1.36162
1.22742
1.27251
2.27341
2.70926
1.23772
1.85244
1.17287
1.04967
1.57174
2.092
1.28029
1.77803
1.08976
0.836421
1.72881
1.72093
1.3282
1.08934
1.8045
1.39533
1.17683
1.63895
1.6054
1.09106
1.32996
1.23023
1.61032
1.10471
1.40876
1.24333
0.972851
1.59785
1.22565
1.44064
1.38391
1.72982
1.63956
0.908237
1.32148
0.973624
1.42664
1.15288
1.35631
1.51652
1.42353
1.91629
1.43191
1.73535
1.49642
1.23946
1.94278
1.92277
1.4789
1.24859
1.37045
1.61986
1.3885
1.34024
1.52454
1.31326
1.50447
1.2515
1.10698
1.70821
0.967519
1.4064
1.3925
1.77595
1.32012
1.53734
1.59684
1.52964
1.29747
1.4551
1.56248
1.04914
1.18815
1.86797
0.656257
1.31982
1.56246
0.955475
1.57418
1.16464
1.00438
1.15837
1.72607
1.24848
1.46283
1.41427
1.39784
1.6837
1.92985
0.955445
1.4768
0.981109
1.69679
1.35321
1.81627
1.27671
1.15458
1.61019
1.18008
2.22938
0.917692
1.40888
1.57923
1.46582
1.43285
2.00429
1.48108
1.18927
1.22404
1.28645
1.78854
0.988487
1.33417
1.77733
1.10429
1.43507
0.998848
1.35462
1.141
1.86793
1.46362
1.57319
1.26811
1.33965
1.42592
2.12035
1.70986
1.1483
1.35701
1.528
1.4689
1.06222
1.87062
1.93104
1.39048
1.75279
1.62535
1.39445
1.92407
1.60763
1.18893
1.2684
1.94568
1.50076
1.65227
1.37544
1.17596
1.38516
1.08523
1.55846
1.21741
1.43418
1.20546
1.31973
1.61481
2.17896
1.17647
2.06968
1.6882
1.79202
1.26188
1.39818
1.59636
1.38804
1.73679
1.48682
1.42788
1.45042
1.48798
2.08374
0.893136
1.24948
1.92274
1.63444
1.09493
1.11426
1.48412
2.12372
1.58601
1.35154
1.90823
1.89929
1.04867
1.94889
0.932199
1.07998
1.4322
1.84286
1.62094
1.22515
1.25275
1.5633
1.18258
1.14077
1.3478
1.5255
1.11749
0.933064
1.62419
1.50375
1.68484
1.54766
1.37434
2.10004
1.48909
1.51412
1.07456
1.26368
1.91508
1.39934
1.24562
1.72165
1.51862
1.64259
1.78486
1.36769
1.75393
1.13356
1.65665
1.14815
2.2726
1.76895
1.33809
1.5094
2.05835
1.75376
2.49633
1.58385
1.85479
2.16801
1.58404
1.50048
1.26101
1.39366
1.2254
0.944225
1.59542
1.4937
1.39464
1.31285
1.28554
1.97822
1.88288
1.23238
1.56688
2.10722
1.4979
1.08715
1.52118
1.35115
1.84506
1.67117
1.10766
1.35683
1.86131
1.89779
1.27489
0.961934
1.97941
1.21016
1.81179
1.64527
1.32425
1.10455
1.00118
1.5432
1.96463
0.951264
1.27948
1.39231
1.3039
1.36124
1.7279
1.56651
1.32516
1.28076
1.13298
0.913316
1.21143
1.02894
1.14068
1.53291
1.45811
2.04864
1.3158
1.74203
0.888905
1.45777
1.00239
1.2374
1.29391
1.05327
1.82304
1.79181
2.18545
1.14315
1.39795
1.41213
1.92407
1.83091
1.53278
1.6465
1.8179
1.14277
1.60087
1.18073
1.00529
1.0247
1.43268
1.84683
1.53471
1.00985
1.06658
1.3783
1.74936
1.65983
1.52617
1.4396
1.55201
1.21401
1.96026
1.53527
1.65243
1.61754
1.23334
0.859257
1.55955
1.18783
1.50304
1.61729
1.29217
0.925189
1.65157
0.911968
1.28379
1.75928
1.36782
1.24923
1.80002
1.42591
1.03863
1.67186
1.34226
1.2595
2.10022
1.40897
1.87462
1.62505
1.7309
0.950721
1.52045
1.05482
1.81164
1.72787
1.61163
1.12209
1.83724
1.28762
1.79038
1.45992
1.58009
0.911067
0.940097
1.55729
1.48091
0.97156
1.27734
1.66461
1.20192
1.05503
1.64161
1.12738
1.98389
1.51167
0.903246
1.23055
1.3478
1.57663
1.45134
1.677
1.28629
1.57241
1.10339
1.33681
1.32199
1.1267
0.799874
1.2462
1.87808
1.33797
1.87747
1.6952
1.34164
1.26202
1.35905
1.40898
1.36769
1.22833
1.17546
1.18646
1.83359
1.28291
1.35283
1.25397
1.13398
1.21908
1.04956
1.28066
1.28087
2.26557
1.6142
1.91637
1.19304
1.60673
1.84111
2.18573
1.11033
1.24916
1.55337
1.16724
1.47576
1.20894
1.55068
1.66693
2.03408
0.951485
1.47101
1.15944
1.22941
1.22224
1.75722
1.00124
0.931042
1.65091
1.153
1.1574
1.57369
1.13284
2.00338
1.20955
1.50273
1.09641
1.89861
1.50364
1.58398
1.3777
1.34648
1.96656
1.89549
0.84017
1.21364
1.3875
1.24944
1.60327
1.37194
1.46333
1.14011
1.20847
1.04233
1.02589
1.49023
1.78439
1.60617
1.1659
1.55002
1.65427
1.37056
1.87054
1.98372
1.56422
1.05453
1.70107
1.89144
1.58537
1.36958
1.6211
1.29108
1.27991
1.63678
1.49295
30890200.0
28212900.0
49708500.0
43342500.0
53091700.0
47805900.0
50085800.0
50293900.0
56456400.0
42327000.0
54974000.0
68046400.0
46097400.0
48789200.0
48060400.0
45186400.0
41613000.0
49879300.0
57335000.0
52208200.0
30542100.0
56363800.0
40287900.0
41471900.0
40388000.0
59684000.0
30483200.0
38499900.0
39463600.0
55291800.0
50198700.0
41023800.0
40425600.0
41114100.0
56558200.0
40819800.0
54057800.0
28434100.0
44271600.0
41091600.0
34986300.0
49851300.0
38589500.0
44754100.0
36944300.0
42862100.0
50433700.0
45467600.0
39493800.0
47112100.0
42527100.0
44439400.0
54523500.0
62621100.0
41844600.0
44989200.0
37784300.0
53983300.0
39924200.0
47968400.0
35526700.0
36091400.0
49387700.0
43577100.0
46411300.0
44660100.0
34354100.0
44553000.0
59800500.0
50232800.0
38676000.0
42028600.0
29508200.0
52899600.0
43976800.0
26163900.0
42359000.0
35744600.0
37711900.0
63528600.0
48298300.0
39744200.0
40037100.0
37793200.0
32012500.0
51957800.0
54688100.0
43029400.0
54072700.0
41138200.0
59511400.0
39707900.0
33097800.0
27526500.0
37906800.0
52601400.0
55070300.0
62224700.0
34867400.0
50724400.0
31896500.0
37457200.0
65057500.0
39833600.0
42029200.0
53725100.0
31719000.0
48673100.0
54768400.0
42713600.0
47632200.0
52673100.0
49774300.0
46279500.0
46836400.0
39319500.0
47558000.0
52790300.0
31263700.0
55411400.0
48720000.0
35711500.0
45872800.0
36047000.0
29348000.0
62216800.0
32229100.0
58100600.0
26610600.0
45059300.0
52300000.0
38891000.0
53819100.0
48859800.0
42631400.0
66153300.0
43089300.0
39440500.0
30680600.0
70871800.0
54307300.0
32631000.0
35360200.0
47123600.0
47902600.0
31989200.0
42299300.0
39521000.0
29236200.0
31598500.0
45916700.0
43948700.0
48112400.0
44213500.0
40975600.0
55379400.0
47244400.0
41518000.0
41022400.0
49922000.0
31425300.0
66510700.0
40557700.0
54298200.0
46692600.0
34189400.0
59066700.0
49371400.0
36172000.0
61827400.0
49123000.0
56824700.0
34126800.0
48846300.0
55272000.0
61385600.0
55731000.0
57312800.0
26757200.0
48044700.0
49715200.0
35118200.0
53922100.0
55198200.0
48100700.0
41964600.0
41774800.0
56874600.0
39944000.0
54360500.0
29020200.0
42358200.0
36811900.0
38297500.0
50784200.0
44468500.0
31660800.0
43548900.0
35832200.0
51230000.0
31854300.0
51285500.0
41250200.0
57550900.0
65987100.0
37636200.0
59771600.0
33155500.0
33461100.0
37416300.0
23767700.0
35323400.0
63324400.0
43397200.0
59101700.0
39788200.0
31172800.0
43836600.0
46342900.0
37485000.0
58945400.0
47180900.0
43719300.0
66886400.0
58302900.0
61980400.0
66062400.0
47863500.0
43222200.0
61486200.0
48987900.0
42649800.0
42327700.0
53329800.0
60089400.0
47584000.0
45472800.0
39761800.0
65016100.0
61625700.0
58749300.0
38360700.0
50814300.0
41920100.0
34470100.0
42142600.0
52902200.0
52410400.0
49236800.0
54548100.0
47580900.0
56352500.0
40142800.0
46491200.0
46544100.0
47310200.0
40540200.0
29783800.0
47253900.0
33633100.0
46345000.0
43290100.0
60567500.0
45500400.0
37644700.0
36776100.0
68464900.0
51471300.0
75420000.0
42378600.0
34298700.0
57287900.0
46082200.0
37404500.0
46138500.0
58267900.0
49928700.0
49496800.0
56901100.0
33028500.0
49996500.0
56519300.0
43875500.0
45087000.0
47999400.0
34748000.0
47237400.0
66962400.0
51519800.0
37592500.0
43532100.0
45371400.0
44261600.0
50951400.0
50997500.0
42355500.0
47720700.0
46913700.0
53223600.0
47255500.0
30873100.0
29979700.0
36420600.0
42291800.0
72621500.0
55231900.0
50805000.0
34743100.0
63246600.0
28220200.0
30288100.0
41417000.0
43155100.0
44585100.0
40739500.0
57082500.0
55172900.0
52944300.0
59424900.0
31486500.0
36591200.0
37157100.0
56169000.0
38568800.0
48270800.0
62156000.0
40060300.0
48622900.0
40526500.0
46832500.0
52782100.0
47968600.0
47572300.0
42100000.0
30070900.0
49139900.0
53808800.0
37976600.0
52321800.0
40564200.0
40342600.0
43594200.0
37688700.0
45022600.0
51532200.0
68282600.0
35034200.0
50843300.0
44807400.0
36800400.0
41489100.0
57108200.0
43130900.0
66627000.0
42465900.0
64324300.0
43227500.0
47336100.0
37026400.0
49379600.0
49968600.0
34258500.0
38970000.0
38404700.0
53252000.0
51384700.0
57194700.0
41652300.0
46758800.0
27620800.0
36590500.0
60694900.0
52826700.0
48010600.0
39391900.0
47672800.0
44524000.0
39632100.0
38579600.0
49285600.0
50025500.0
34659800.0
49731000.0
56788500.0
49062600.0
30766800.0
50030400.0
56236800.0
55416600.0
36826200.0
41803700.0
42736200.0
40404300.0
56724800.0
68914700.0
39584500.0
56631800.0
38828600.0
44602400.0
47175000.0
33203100.0
42334200.0
39504700.0
47131100.0
53064400.0
41423400.0
28977500.0
47680100.0
49047900.0
38787900.0
45519900.0
61540900.0
38621000.0
44488100.0
49239200.0
42456000.0
51097000.0
31640300.0
41167600.0
39061500.0
69321900.0
63061100.0
55248600.0
38841600.0
45336600.0
43915400.0
42793800.0
70490100.0
33214800.0
48009000.0
35732000.0
42905000.0
45996800.0
54934000.0
58052100.0
46786100.0
49198800.0
49444600.0
35350100.0
36643200.0
45683100.0
42677400.0
35773900.0
56375800.0
62205400.0
37989200.0
35270900.0
37822100.0
49118500.0
35637900.0
53181400.0
40095100.0
34118900.0
49558700.0
52244600.0
31222400.0
51747500.0
30417600.0
39321100.0
47654600.0
57583500.0
41088900.0
39770100.0
51271200.0
60115000.0
46294400.0
48723600.0
48853100.0
44188800.0
40838000.0
33025800.0
49412000.0
40945800.0
36994300.0
53033500.0
62011000.0
69800000.0
27480200.0
63801600.0
39100900.0
32488100.0
49288500.0
42930700.0
36435600.0
38852700.0
46629800.0
45380700.0
27587900.0
40431600.0
34690500.0
68041800.0
38676800.0
52728600.0
40490100.0
46192100.0
55704500.0
34376900.0
36564300.0
34015500.0
52301900.0
38143900.0
49138500.0
25727100.0
57173400.0
36803700.0
65431900.0
46701500.0
66775200.0
31891800.0
48567400.0
48186000.0
55533700.0
35721100.0
39209600.0
44409500.0
50226600.0
45600400.0
62842400.0
26157100.0
34055100.0
37244800.0
55330300.0
52687000.0
47531000.0
41313600.0
34458400.0
56093300.0
45233300.0
46247300.0
59920000.0
31215500.0
35351500.0
54225400.0
49765000.0
53965800.0
57131200.0
59693600.0
37773400.0
34250100.0
40298100.0
72688400.0
49165000.0
53531700.0
36674300.0
41320100.0
43101800.0
50817600.0
37993000.0
54239800.0
51345800.0
24757500.0
41501300.0
45592300.0
46217400.0
48501500.0
48189700.0
45978100.0
39785500.0
47149000.0
60854100.0
58969300.0
41685500.0
49909600.0
40083700.0
48454200.0
55992200.0
41888700.0
33576700.0
44698600.0
54335700.0
42422700.0
41609100.0
44219300.0
45524300.0
45991400.0
41115800.0
47257200.0
58513400.0
41433700.0
46834000.0
45077300.0
55030800.0
44760400.0
43463000.0
57053400.0
29227200.0
34255400.0
60355900.0
49828100.0
29532600.0
45864900.0
42660300.0
36789300.0
42197400.0
45371000.0
56249800.0
39220200.0
56420100.0
39634500.0
43436000.0
37150300.0
52018800.0
37034400.0
54821200.0
44388200.0
44649200.0
33758600.0
42303200.0
50868800.0
49563400.0
45294700.0
39862800.0
47947800.0
59967000.0
45268400.0
68093600.0
55934100.0
38252000.0
56971600.0
42976900.0
36342100.0
42658400.0
48902800.0
67729700.0
63928000.0
35906900.0
47474300.0
53923000.0
37856100.0
42135500.0
42372800.0
49686800.0
64808100.0
39903100.0
52922100.0
45868300.0
42913100.0
57859200.0
40715000.0
38220600.0
49929900.0
32494700.0
45647900.0
36190800.0
43279900.0
42077800.0
36186700.0
53546200.0
47144100.0
55715700.0
38694900.0
58350900.0
34853900.0
46326000.0
49086400.0
38710100.0
27180100.0
60183200.0
38341200.0
42287500.0
45656600.0
36810100.0
33805600.0
46660400.0
44518500.0
43373400.0
39506400.0
52271200.0
52514000.0
59752600.0
40523200.0
46002600.0
40591300.0
57201000.0
36543500.0
33804100.0
32655400.0
39576000.0
54132400.0
45416600.0
54717000.0
61021100.0
50007800.0
54324800.0
58673900.0
45162100.0
67101300.0
49888000.0
45361700.0
51075000.0
57265500.0
49932400.0
38343000.0
49638200.0
36194100.0
55950900.0
42991400.0
44412200.0
36297200.0
47906400.0
49224500.0
38766700.0
37510700.0
40261000.0
42092200.0
42126600.0
39341700.0
45301900.0
56737000.0
48410500.0
48482100.0
45223500.0
50702400.0
41138400.0
43000900.0
47930300.0
55348700.0
54749000.0
40925200.0
47461400.0
41311200.0
66331800.0
30092500.0
28042800.0
45789900.0
48902100.0
39225100.0
60100700.0
41519300.0
39858200.0
55485600.0
48075300.0
44724400.0
57078800.0
37066600.0
36455400.0
39143400.0
49563800.0
30626100.0
44379800.0
27714500.0
50474900.0
52466300.0
49248500.0
44116800.0
41343200.0
38097000.0
47550400.0
32414000.0
34465400.0
48745900.0
40898300.0
50562400.0
46701000.0
51902600.0
39394500.0
54544700.0
52716500.0
46526500.0
34295300.0
50371500.0
42744700.0
32038800.0
56710800.0
50971500.0
31123300.0
38145400.0
61808400.0
48648300.0
55557600.0
54593600.0
32594400.0
46528900.0
63122700.0
41697300.0
47335000.0
68447200.0
69578900.0
32745000.0
58364100.0
31547300.0
38166100.0
61721200.0
44693400.0
59699500.0
56536000.0
33938600.0
48955200.0
43473700.0
38121300.0
41844600.0
50498200.0
59823400.0
43015300.0
48664000.0
44558200.0
51446400.0
44566400.0
53315600.0
41814900.0
40088400.0
50373800.0
57565600.0
45035000.0
40358800.0
39008900.0
51775100.0
31068100.0
58052000.0
35961200.0
45653900.0
52133200.0
47167400.0
42507600.0
34524700.0
36754100.0
57629600.0
45456000.0
36197800.0
37819800.0
41902700.0
37043700.0
46946900.0
55276600.0
41043300.0
44415700.0
52593200.0
63329800.0
64430500.0
47356100.0
36409100.0
52574700.0
66802000.0
44354400.0
43948000.0
41889900.0
46747700.0
40292500.0
64663800.0
49396200.0
43467100.0
53164300.0
46320200.0
50268200.0
49328300.0
45255600.0
57781600.0
37242200.0
58281400.0
54252300.0
45606800.0
49473200.0
26249300.0
62952700.0
52617600.0
40162500.0
37261800.0
44518800.0
36787000.0
49937600.0
47061700.0
44579200.0
32291600.0
58741100.0
40076100.0
54318000.0
38952000.0
48413300.0
33482700.0
61745700.0
37053700.0
51763600.0
38207100.0
45295300.0
50128000.0
55408400.0
33981900.0
45362500.0
42353300.0
55719800.0
47093000.0
51199600.0
46200700.0
36105400.0
54883400.0
53739300.0
52259700.0
45153600.0
61214500.0
60430900.0
31536200.0
54194600.0
39354700.0
49593300.0
47463000.0
40142700.0
43932100.0
59349800.0
51992700.0
40743300.0
40490300.0
35951400.0
43462500.0
51648000.0
40609000.0
40887400.0
38318100.0
49389600.0
41039900.0
52770000.0
52200200.0
55091100.0
43622000.0
57217600.0
54748800.0
39554200.0
51213900.0
46986300.0
44151500.0
46523000.0
36476500.0
52458500.0
35885200.0
40736200.0
51478600.0
58934200.0
56540900.0
69038500.0
60296600.0
33994700.0
39672900.0
54511300.0
44827000.0
46951000.0
33346800.0
35224800.0
51298400.0
51800100.0
36649500.0
56176400.0
40563100.0
70229200.0
49572300.0
54368100.0
48781000.0
61412000.0
47471400.0
48931500.0
29397600.0
58316200.0
45185200.0
51421000.0
41742400.0
38636500.0
39474500.0
43962900.0
36126200.0
44829400.0
27971700.0
33135800.0
47682500.0
50084200.0
29528000.0
37968200.0
41959600.0
40422100.0
48458500.0
48026800.0
32172600.0
31914500.0
50851600.0
32268800.0
43210000.0
49453400.0
50044500.0
46106200.0
63488300.0
57208700.0
45309800.0
51424700.0
33572800.0
38708100.0
44981900.0
54640800.0
40265400.0
64408600.0
44771900.0
58048900.0
48852300.0
50065700.0
46566700.0
50134200.0
43533400.0
76404800.0
65008800.0
40607800.0
54071600.0
51475300.0
32188000.0
43413100.0
