0.986306
1.16198
1.09691
0.869581
1.11828
1.19425
0.892916
1.17387
0.785719
0.939379
1.09625
1.24092
1.35949
0.62997
1.13536
0.919265
0.927352
0.954026
1.38603
1.1184
0.812747
1.1225
1.0295
0.796592
1.20986
1.04323
1.09905
1.18273
0.982855
0.990496
0.749739
1.19391
1.09164
1.01909
1.23322
0.763345
0.82786
0.848692
1.09663
0.995726
0.765839
1.06129
0.900814
0.903433
1.21684
1.00356
1.27061
1.0419
1.1837
0.937794
1.0203
1.38477
0.942461
1.14972
0.93436
1.01565
1.26074
0.838405
1.01328
1.45382
1.02349
1.06877
1.22337
0.896267
1.1689
1.06533
1.28769
1.36897
1.29029
0.933439
1.19471
0.952741
1.03383
0.936569
0.891768
1.13748
1.13263
1.27939
1.12146
1.11078
1.37224
1.12067
0.985179
1.04023
1.00331
0.841082
1.29276
0.640521
1.1579
0.893731
1.05462
1.12882
0.782148
1.08456
1.16911
0.81031
1.36225
0.822096
0.883435
0.887993
1.12236
1.03226
1.21666
0.987007
1.2267
1.12277
1.06492
1.08632
1.37449
1.29583
1.08555
0.971862
1.20568
1.00652
1.06639
0.683855
0.991548
1.11592
1.07496
0.95191
0.993177
0.907654
1.49509
0.894865
1.3219
0.895918
0.948723
1.20635
0.874319
0.973163
1.29577
1.03753
0.804047
0.903979
0.79127
1.0513
0.991377
1.41941
1.06808
1.33964
1.05823
1.07121
0.809648
0.904621
1.00109
1.05544
1.20458
0.848437
0.801501
1.34663
1.41876
1.14034
1.02214
1.34285
0.989869
0.988225
1.16182
1.11657
1.02781
1.19405
1.21697
0.96446
1.03999
1.10952
1.20872
1.45223
1.177
0.749482
1.28866
0.957635
0.92858
1.27808
1.06864
0.960201
1.12244
0.801115
0.853154
0.844574
1.17209
0.89567
0.798505
1.37733
1.36069
0.968667
1.34063
1.16307
1.09689
1.04831
0.927526
1.07386
1.0271
0.992042
0.910704
0.979724
0.830806
1.28922
1.01625
0.830114
0.777032
0.766956
0.806853
0.846625
0.930279
1.17277
1.02809
1.23617
1.3427
0.852934
1.1067
0.953963
0.723316
0.991359
0.764634
0.869732
0.994817
0.793824
0.912304
0.969376
1.52873
1.01864
0.866058
1.13783
1.14406
1.31165
0.808814
0.975579
1.22
1.07101
1.09396
1.16378
1.01628
1.31459
0.990741
1.09039
1.10703
0.956361
1.1885
0.85009
1.38063
1.26952
0.943465
0.860274
0.945055
0.873608
1.15656
1.04762
1.09471
1.31666
1.28164
1.27039
0.764472
1.00566
0.909874
0.816191
1.12155
1.23123
1.00623
1.28405
0.929046
0.928685
1.19336
0.855193
1.02555
0.89553
1.0547
1.12984
1.22146
0.858894
0.904644
0.90242
1.15986
0.842789
0.735759
0.87764
1.31795
0.740701
0.984161
1.0112
0.973119
0.874542
0.865561
0.901188
1.05654
0.772675
1.05647
0.920177
1.20181
1.30386
0.999804
0.944434
1.34554
1.02213
1.0999
1.01091
0.979913
1.24732
0.818409
1.17327
1.49336
1.03272
0.853656
0.832374
1.06277
1.01219
1.01989
1.01915
0.818132
1.30467
0.902751
1.37216
0.995463
0.8807
1.44491
0.944042
0.606214
1.02235
1.00443
1.03872
0.970909
1.40163
1.07254
0.940987
1.14092
1.33172
0.994281
1.22224
1.08429
0.820019
1.1964
1.15518
1.3584
0.85041
1.133
1.08962
0.812313
1.05034
0.73667
0.835757
1.11163
0.846417
1.16027
1.14043
1.04569
1.23727
1.36841
0.97351
0.784509
1.27601
0.990356
1.03429
0.95723
0.851003
1.02202
0.962918
1.1395
1.30484
0.945167
1.07766
0.842956
0.851559
0.836911
1.01387
1.21585
1.35582
1.26637
0.881372
1.1243
0.962405
1.13931
1.19503
0.952274
0.845929
1.10883
0.82307
0.989503
0.908134
1.12443
0.94337
0.954198
0.846334
0.769257
1.02198
1.15074
1.13548
0.951423
0.964601
1.07054
0.957115
1.08481
0.986304
1.33563
1.06208
0.992723
1.29197
1.02691
1.59369
0.979529
1.00157
0.949731
0.858408
0.969003
1.14802
1.21867
1.08048
1.05046
1.1202
1.19495
1.39128
1.19042
0.918654
1.13428
1.01382
1.02003
1.23371
1.29934
1.20575
0.961642
1.14072
0.988058
1.05135
0.952561
1.09053
1.14794
1.05536
0.807378
0.791076
1.06421
0.893475
1.1093
0.896227
0.85457
0.922521
1.23709
1.04935
0.910078
1.04898
1.0889
1.08492
0.917247
1.45347
0.817112
1.12906
1.18112
1.19769
1.10204
1.09385
1.31398
1.21073
0.977693
1.05277
0.811418
1.03455
1.11394
0.996288
1.15373
0.825475
0.897729
0.669089
0.885415
0.75412
1.16909
1.16114
1.18506
1.22817
1.48304
1.05282
1.0174
1.74174
0.78962
0.777293
1.12193
0.900396
0.942169
1.30399
1.03449
0.800841
1.34598
0.811563
0.79796
1.11961
0.981605
1.05395
1.18656
0.878689
0.780279
1.08048
1.09176
0.913994
0.929481
1.15651
0.981827
1.08301
1.13426
0.931978
1.46675
0.994553
1.32012
0.757286
1.19906
0.923303
1.21335
0.977508
1.62287
1.4286
1.19211
1.00967
0.801465
0.977266
0.981318
0.918023
1.21064
1.08804
0.998944
0.808926
1.15862
0.99837
1.10999
1.10279
0.707034
0.865715
0.898273
1.23371
1.09825
0.948703
0.96589
1.06701
1.12579
0.859552
1.13056
1.32225
1.09908
1.00196
0.930532
1.08794
0.889626
0.958727
0.695299
0.879019
1.0808
1.11426
1.08072
1.13411
1.17022
0.778569
1.17297
1.06348
1.25965
1.21656
1.17248
1.20577
0.94122
0.82453
1.1094
0.906613
1.03737
1.26579
1.01959
0.866445
0.870776
1.23957
1.15297
0.887251
1.09803
1.11639
1.06466
1.37435
0.920306
1.17917
1.2002
1.09642
1.1498
0.769501
0.958992
0.881026
1.09516
1.20742
0.904017
1.02034
1.08975
1.46426
0.791589
1.28607
1.23185
1.19389
1.23129
1.33223
1.35934
1.20494
1.61526
1.20782
1.0223
0.810277
0.949467
0.950082
1.35904
1.13905
0.892171
1.26464
1.11282
0.96387
1.31072
1.16543
1.14981
1.09231
0.934791
0.897075
0.95847
1.53905
1.3664
1.01453
1.1265
1.13227
0.884719
1.02131
1.41211
1.31191
1.11947
1.06189
0.764234
1.21328
1.16421
1.15268
1.28999
0.934835
1.24939
0.881835
1.02779
1.12204
0.934921
0.982978
0.951967
0.871288
1.08146
0.757468
0.815115
0.908257
1.0917
0.989437
0.846454
1.22406
0.765824
0.980706
0.890758
1.25388
1.05917
0.976901
1.34227
1.0527
0.96102
0.903412
0.779573
1.08454
1.01652
0.951126
0.789686
1.15025
1.02136
0.87723
0.936931
1.34427
0.802904
1.01345
1.12233
0.751625
0.966679
1.09022
0.773898
1.01442
1.03898
0.998272
0.982852
0.912725
0.810746
0.857285
1.201
1.31031
1.40063
0.813007
1.04997
0.734588
0.90713
1.04958
1.0426
0.967231
0.877049
1.12484
1.05503
0.909072
1.12689
1.11955
1.31398
0.819363
1.19908
1.04274
0.834699
1.62371
0.612777
1.06767
1.1708
0.995954
1.13866
0.917262
1.17192
1.22882
1.02206
1.12571
1.17259
0.985211
0.940081
1.00304
1.07303
0.844933
1.2333
0.844117
1.23723
1.09974
1.13601
0.973648
1.40916
1.38305
1.20467
0.993343
0.876661
0.862847
0.96402
1.02781
0.958631
1.12924
1.01281
1.30358
0.729922
0.921896
1.20802
1.01646
1.21567
0.962511
0.625229
1.27668
1.28523
1.07024
1.03099
1.12765
0.987597
1.30151
0.736521
1.22668
0.957286
1.18043
0.998773
1.00052
1.44939
0.863219
1.17394
1.36826
1.11034
1.07577
1.14209
1.06372
0.947888
1.07245
1.06168
1.29821
0.913634
0.829854
1.33707
1.08935
0.929326
0.804798
0.878791
0.938495
1.50976
0.945135
0.736014
1.15444
1.00672
1.51791
1.00532
1.44171
0.816133
0.870527
0.99097
1.05918
1.18301
0.996339
0.834466
0.977929
0.950938
1.0066
1.08614
0.629133
1.13686
0.961672
1.13055
0.930343
0.99381
1.23177
0.916828
1.0732
1.02711
0.927926
1.04106
0.958974
1.03905
0.807451
0.885101
1.25452
1.01084
1.28962
1.06856
1.09236
1.07915
0.809044
1.02976
0.934079
0.991989
1.14277
1.25642
0.945855
0.98835
0.889181
1.27151
0.941336
0.974801
0.964578
1.01912
1.03009
0.826528
0.768278
0.964046
1.06195
1.01915
0.975564
1.21099
1.0001
1.00593
1.27083
1.03285
0.94416
1.03665
1.0949
1.05982
0.927912
0.943488
1.10618
1.03168
1.00394
0.958627
1.02153
0.932082
1.18258
0.91497
0.886002
1.32524
0.79403
1.06161
0.934239
1.32879
0.881926
1.01682
0.927594
0.998623
0.944185
1.11658
1.01497
0.941709
1.13576
0.862554
1.28303
0.959355
1.12296
1.29264
0.73463
1.3373
0.651648
0.904415
0.955935
0.82734
1.23137
1.32197
1.313
1.13534
1.32945
1.08295
0.955824
1.105
0.84813
1.12798
1.18008
0.864117
1.22102
1.40432
1.55954
1.09713
0.92072
1.30385
0.87083
0.733742
1.04564
0.985044
1.09206
1.14594
1.02807
1.02209
1.15036
0.834734
1.20077
0.8776
1.19484
0.924885
0.954186
1.07575
0.867414
0.957062
1.1387
1.07627
1.17097
0.841872
1.12916
1.02988
1.37862
0.690062
0.909995
1.08782
1.03781
1.42363
1.18577
0.923388
0.977484
0.991937
1.44844
1.21987
0.985541
0.944111
1.26499
0.834389
1.23456
1.06577
1.12484
1.04284
1.3738
0.866277
0.938276
1.26994
1.05798
1.25959
1.12189
0.749973
1.13954
0.8013
0.812073
1.13943
1.09906
1.13765
1.03493
0.879512
0.796334
1.04672
1.06854
1.25129
0.991242
0.991175
1.2748
1.23954
0.871563
1.25755
1.109
1.02753
1.09973
1.26187
0.951928
0.902955
1.36801
0.805926
1.15682
1.23174
0.81615
0.921706
1.11914
0.949939
1.28314
1.07098
0.855985
1.05593
1.21991
1.20417
1.01145
0.79069
1.24509
0.82208
0.792956
1.51387
1.48062
1.09591
1.03829
1.17989
1.18463
1.43041
0.807706
1.09012
0.990083
1.80456
1.63521
1.82274
1.373
1.94927
1.80235
1.35852
1.86185
1.26441
1.51422
1.85497
1.84768
2.05784
1.10627
1.63022
1.4961
1.54829
1.58357
2.34364
1.72906
1.35019
1.72443
1.61077
1.32865
1.95445
1.72398
1.69663
1.86769
1.55093
1.45588
1.18977
1.83617
1.70732
1.61608
1.8705
1.53882
1.41347
1.42384
1.76423
1.49082
1.17824
1.74744
1.56677
1.60728
1.90952
1.5545
1.99226
1.71146
1.74993
1.52505
1.56587
2.1257
1.49868
1.98594
1.52829
1.63221
1.87162
1.47804
1.7937
2.1191
1.95802
1.66803
1.97085
1.32981
1.91182
1.87074
2.22011
2.04623
1.94044
1.66849
1.94464
1.33106
1.60273
1.63029
1.37038
1.60869
1.56029
2.07907
1.8059
1.85865
2.27771
1.64061
1.55209
1.59734
1.80329
1.38296
2.2544
1.13532
1.83137
1.42205
1.5354
1.65632
1.27573
1.82256
1.88372
1.3418
1.97604
1.39333
1.33553
1.41867
1.8749
1.45638
1.71227
1.56955
1.74675
1.74905
1.59024
1.72029
2.05521
2.07216
1.60106
1.48696
1.84978
1.65204
1.69308
1.2882
1.80289
1.57378
1.93114
1.43519
1.55024
1.42227
2.19372
1.49868
2.21488
1.46201
1.48583
1.79872
1.41743
1.48639
2.08613
1.52676
1.29161
1.43453
1.41615
1.71172
1.42596
2.13449
1.70975
1.87198
1.58033
1.69158
1.47927
1.49342
1.56889
1.66513
1.71811
1.47073
1.35101
2.10148
1.92376
1.84844
1.68686
2.03043
1.61115
1.67816
1.82699
1.97078
1.56916
1.92218
1.83369
1.61648
1.6417
1.77065
1.89064
2.12099
1.77043
1.20798
1.98406
1.56758
1.38999
1.92796
1.63811
1.51581
1.59103
1.36939
1.3308
1.4837
1.80384
1.47595
1.20034
2.129
2.14314
1.53672
2.08475
1.83931
1.79471
1.67124
1.49912
1.69037
1.48709
1.45472
1.49805
1.49328
1.45046
1.83456
1.62524
1.36951
1.26069
1.23813
1.46996
1.49551
1.56899
1.82117
1.6188
1.64899
2.19585
1.58092
1.54206
1.82028
1.28852
1.60794
1.28374
1.32165
1.57812
1.43348
1.32679
1.56563
2.18199
1.69956
1.38333
1.77113
1.77495
2.11667
1.54457
1.46849
2.0312
1.65752
1.77784
1.80779
1.66845
2.03314
1.78904
1.82952
1.75992
1.71585
1.84032
1.43708
2.17441
2.04423
1.47025
1.50419
1.5226
1.61019
1.616
1.62741
1.73233
1.97247
1.86014
1.84064
1.23023
1.46041
1.50911
1.37261
1.70945
1.94932
1.5803
1.95668
1.37149
1.4274
1.80375
1.41601
1.58729
1.53749
1.72052
1.62149
1.64829
1.30883
1.44671
1.48666
1.76784
1.55688
1.30866
1.42812
2.05962
1.42064
1.51065
1.62755
1.83947
1.41114
1.4395
1.3774
1.78426
1.29851
1.54329
1.49479
1.87628
2.07289
1.59814
1.60892
2.06803
1.6135
1.81377
1.65168
1.44234
1.9631
1.3251
2.04253
2.45101
1.5327
1.37956
1.34645
1.52439
1.45861
1.69851
1.65367
1.47061
1.91937
1.42418
2.33808
1.56862
1.48821
2.07779
1.67659
1.42403
1.45413
1.57734
1.53306
1.70951
2.23083
1.66713
1.43723
1.85851
2.27616
1.4443
2.01681
1.9388
1.24961
1.69153
1.84521
2.13641
1.28904
1.80522
1.75174
1.76822
1.47017
1.33
1.70228
1.72076
1.39954
1.92169
1.6755
1.84341
2.0977
2.20406
1.50378
1.45452
1.93475
1.80655
1.5373
1.32198
1.29698
1.56621
1.58766
1.74748
1.91793
1.55983
1.69157
1.41598
1.29374
1.35618
1.62239
1.96648
1.82032
2.08693
1.48005
1.91238
1.55111
1.62704
1.87225
1.57399
1.42208
1.79524
1.32359
1.51788
1.68054
1.90204
1.57904
1.47021
1.50373
1.28939
1.67289
1.77513
1.83952
1.58283
1.46089
1.71276
1.51572
1.89028
1.55
2.01588
1.5282
1.52627
1.89857
1.55701
2.52739
1.55222
1.43909
1.47261
1.40322
1.69828
1.75794
1.79489
1.63363
1.64675
1.60963
1.91361
2.17104
1.8586
1.55186
1.6463
1.59857
1.72605
1.94397
2.02106
1.93098
1.45613
1.80141
1.42707
1.66277
1.43045
1.61812
1.74436
1.70557
1.43301
1.40429
1.52413
1.43403
1.86318
1.47377
1.44494
1.4409
1.86684
1.5979
1.55216
1.6847
1.83584
1.73335
1.54059
2.40026
1.39864
1.68761
1.88522
1.9303
1.72417
1.58658
1.93759
1.78308
1.59187
1.83846
1.33359
1.57422
1.83711
1.48591
1.67933
1.64641
1.46085
1.28455
1.51717
1.20922
1.63434
1.78194
1.71042
1.87991
2.4586
1.63365
1.81412
2.63207
1.18971
1.28532
1.67638
1.54804
1.60672
2.47429
1.58055
1.16922
2.18238
1.40458
1.33573
1.6642
1.59139
1.75392
1.81871
1.48763
1.11339
1.93503
1.72226
1.37877
1.36544
1.73943
1.56821
1.71689
1.78567
1.59935
2.13624
1.69958
1.97728
1.19176
1.89883
1.53157
1.85855
1.49317
2.45096
2.18055
1.90162
1.48763
1.28857
1.4915
1.46063
1.59078
2.00572
1.61142
1.58046
1.30338
1.78427
1.50417
1.6725
1.92706
1.28502
1.4559
1.39109
1.72096
1.647
1.51288
1.42111
1.82337
1.68332
1.37762
1.75665
2.44908
1.68516
1.5411
1.52274
1.72544
1.50486
1.55643
1.25446
1.41129
1.62587
1.6884
1.68611
1.98739
1.83381
1.31977
1.71523
1.75288
2.12777
2.00832
1.74749
1.82166
1.67295
1.42582
1.59829
1.71605
1.50439
2.16688
1.6972
1.32035
1.1947
2.20827
1.73886
1.56808
1.67661
1.80599
1.61547
2.18153
1.46658
2.03751
1.91801
1.79806
1.99594
1.19492
1.67971
1.52213
1.73175
1.92546
1.59069
1.6101
1.77687
2.32939
1.18114
2.02811
1.92356
1.87857
2.11457
2.16984
2.17744
2.06808
2.30393
1.83288
1.63578
1.17965
1.56498
1.57172
2.12868
2.01136
1.49341
1.92029
1.78771
1.54316
1.91776
1.72933
1.67125
1.63541
1.3075
1.35686
1.50963
2.38111
1.93119
1.71647
1.74262
1.81677
1.45535
1.55317
2.14218
2.26499
1.54281
1.65847
1.15245
1.95609
1.72286
1.84175
2.06479
1.51581
1.83745
1.37379
1.65913
1.69599
1.58323
1.48754
1.53481
1.40157
1.64209
1.30073
1.22292
1.34581
1.63167
1.53606
1.22351
1.73897
1.38453
1.59997
1.57808
2.06581
1.6265
1.48284
2.08614
1.88287
1.8329
1.60858
1.24641
1.54977
1.56915
1.66182
1.29053
1.99172
1.57785
1.37001
1.64752
2.11368
1.43214
1.57207
1.72783
1.17312
1.83292
1.94921
1.31029
1.73511
1.71808
1.63125
1.56183
1.42964
1.42751
1.56382
1.85844
1.93842
2.34686
1.40835
1.65017
1.26282
1.33157
1.80433
1.64558
1.47725
1.54941
1.71864
1.60539
1.50021
1.78768
1.64698
2.06202
1.333
1.96422
1.65464
1.3474
2.3679
1.11844
1.53568
1.74901
1.49575
1.83356
1.58128
1.7522
1.90914
1.69999
1.58103
1.77481
1.47751
1.65686
1.50579
1.63173
1.43898
1.89775
1.45388
1.77735
1.87504
1.8798
1.44957
2.21004
2.25202
1.80985
1.65192
1.39105
1.3365
1.42652
1.68626
1.62177
1.89145
1.56612
2.05121
1.20277
1.39394
2.01957
1.68278
1.8914
1.78107
1.09738
2.09597
1.98844
1.74454
1.62485
1.6726
1.77283
1.88863
1.24811
2.07006
1.69112
2.02604
1.57153
1.48247
2.02016
1.28284
1.79935
2.09041
1.61557
1.78041
1.88352
1.60866
1.42097
1.69036
1.62112
2.10583
1.41629
1.29249
2.13016
1.69227
1.46808
1.27224
1.43186
1.57126
2.14394
1.3949
1.23784
1.83117
1.50872
2.44197
1.66855
2.26326
1.30954
1.4339
1.52343
1.58047
1.75242
1.64896
1.5515
1.47172
1.33816
1.64276
1.68648
1.00766
1.85244
1.61863
1.75106
1.41211
1.62604
2.0677
1.42142
1.59214
1.70548
1.4695
1.63945
1.51909
1.67334
1.39139
1.48499
2.0421
1.4231
2.1977
1.82405
1.8457
1.75817
1.31419
1.66375
1.62794
1.48037
1.79164
1.8907
1.47152
1.757
1.53174
2.10462
1.65176
1.6754
1.46159
1.65767
1.65391
1.19273
1.10762
1.53905
1.734
1.60211
1.53919
1.68058
1.63873
1.47468
2.03864
1.70849
1.7532
1.54537
1.73092
1.84288
1.43933
1.56112
1.68623
1.69374
1.66741
1.61307
1.58254
1.52891
1.88905
1.32342
1.57217
2.37963
1.25754
1.61903
1.55929
2.01349
1.47143
1.79979
1.69832
1.52767
1.49856
1.55515
1.66675
1.52202
1.74735
1.47039
2.03945
1.51686
1.8004
1.91677
1.27807
1.98752
1.1819
1.51733
1.68899
1.45196
1.90434
2.07122
1.88905
1.69994
2.13892
1.71748
1.3939
1.80124
1.56404
1.77648
1.70421
1.33975
1.84393
2.02922
2.36876
1.71008
1.47028
2.31062
1.4281
1.29271
1.77748
1.68328
2.01282
1.91441
1.57376
1.69568
1.70871
1.49515
1.77115
1.41007
1.78642
1.43658
1.69539
1.9062
1.45111
1.59549
1.96628
1.66869
1.72911
1.44576
1.64653
1.63147
2.35818
1.32365
1.47959
1.68445
1.48526
2.26843
1.88086
1.67818
1.45788
1.51213
2.13778
1.94721
1.7737
1.67243
1.96353
1.45602
2.0245
1.66261
1.57399
1.53836
2.02156
1.35213
1.71518
1.89402
1.78036
1.777
1.68672
1.22314
1.64801
1.40337
1.45607
1.81419
1.53292
1.89389
1.51482
1.45511
1.32537
1.56842
1.48462
2.02993
1.68845
1.55835
1.80859
2.02125
1.33425
2.00485
1.82961
1.57188
1.94867
1.94165
1.59417
1.50551
2.09307
1.41236
1.93902
1.79053
1.32421
1.50191
1.6895
1.74579
1.9452
1.63275
1.54343
1.60376
1.75565
1.7245
1.4688
1.48288
1.90382
1.34351
1.38388
2.04323
2.20392
1.65775
1.46223
1.85449
1.85192
2.34943
1.27499
1.69454
1.51325
1.80456
1.63521
1.3543
0.967688
1.61788
1.80235
1.04008
1.86185
0.950003
1.05715
1.4461
1.64247
2.05784
1.10627
1.63022
1.14933
1.54829
1.58357
1.82239
1.72906
0.976304
1.72443
1.24679
0.860419
1.95445
1.41321
1.69663
1.86769
1.22266
1.08068
1.18977
1.27568
1.30687
1.61608
1.36168
1.53882
1.41347
0.954514
1.76423
1.49082
1.17824
1.24971
1.20505
1.17166
1.35288
1.05882
1.49788
1.20467
1.38719
1.52505
1.10702
2.1257
0.996097
1.39429
1.17016
1.40508
1.87162
0.874681
1.7937
2.1191
1.13732
1.29094
1.29551
0.892169
1.91182
1.87074
2.22011
1.65576
1.45528
1.16763
1.94464
1.33106
1.60273
1.21359
1.02391
1.30717
1.15055
1.51679
1.8059
1.18112
1.75037
1.34417
1.55209
1.59734
1.80329
0.963932
1.76294
0.862261
1.42964
1.2558
1.22621
1.38489
1.27573
1.82256
1.88372
1.3418
1.97604
1.11185
1.05606
1.13385
1.8749
1.45638
1.46602
1.21215
1.41201
1.41721
1.59024
1.72029
1.70089
1.66939
1.60106
1.48696
1.32134
1.65204
1.25915
1.2882
1.80289
1.57378
1.54321
1.43519
1.08345
1.42227
2.19372
1.49868
2.21488
1.46201
1.1745
1.79872
1.41743
1.05491
1.55019
1.28385
1.29161
1.2426
1.41615
1.26198
1.18331
1.74912
1.29312
1.5895
1.315
1.47482
1.13714
1.19678
1.24395
1.14948
1.4041
1.10578
1.35101
1.75073
1.58331
1.37652
1.23907
2.03043
1.33562
1.67816
1.82699
1.97078
1.26106
1.52399
1.46597
1.11725
1.15173
1.77065
1.89064
1.69344
1.3047
1.20798
1.5234
1.56758
1.08862
1.92796
1.25228
1.51581
1.59103
1.36939
1.3308
1.4837
1.46729
1.47595
1.20034
1.76794
1.48447
1.29423
1.46068
1.30781
1.54484
1.46406
1.49912
1.38979
1.28711
1.0747
1.49805
1.05507
1.05184
1.83456
1.62524
1.15954
0.943785
0.898561
1.06262
1.49551
1.56899
1.82117
1.2336
1.64899
1.61926
1.58092
1.32094
1.45766
0.879183
1.24078
0.754112
1.32165
1.13735
1.11665
1.32679
1.56563
2.18199
1.32924
1.02971
1.77113
1.77495
2.11667
1.54457
1.46849
2.0312
1.3164
1.77784
1.80779
1.3159
2.03314
1.78904
1.38458
1.28768
1.71585
1.5157
1.09556
2.17441
1.58771
1.11134
0.918183
1.5226
1.61019
1.26764
1.38226
1.32814
1.63844
1.86014
1.84064
1.23023
1.25073
1.50911
1.05694
1.20289
1.37467
1.13425
1.95668
1.10057
1.05066
1.80375
1.41601
1.01116
1.53749
1.72052
1.37783
1.64829
1.30883
1.09791
1.48666
1.76784
1.55688
0.852811
1.42812
1.62391
1.42064
1.20947
1.24394
1.07623
1.41114
1.02329
1.3774
1.78426
0.929247
1.28463
1.27245
1.43697
2.07289
1.59814
1.19592
1.65996
1.6135
1.40158
1.65168
1.08996
1.39168
1.3251
1.47906
2.45101
1.5327
1.00395
1.0861
1.09492
1.22492
1.18683
1.33019
0.994463
1.35893
1.42418
1.70447
1.2148
1.48821
1.67972
1.33281
0.985931
1.12931
1.57734
1.18299
1.05498
1.46692
1.33722
1.43723
1.22257
1.62495
1.12359
1.73693
1.34777
0.935986
1.69153
1.25454
1.77572
0.899429
1.32467
1.75174
1.76822
1.12384
0.895968
1.0424
1.27506
1.39954
1.31338
1.24401
1.30622
2.0977
2.20406
1.19711
0.871825
1.7115
1.49068
1.5373
1.32198
1.29698
1.2032
1.21493
1.36901
1.65202
1.17878
1.2254
1.00475
1.11234
1.35618
1.2176
1.34236
1.50211
2.08693
1.08558
1.36205
1.08944
1.26236
1.362
1.12442
1.07804
1.79524
1.32359
1.09969
1.06087
1.90204
1.28746
1.13434
0.953291
1.03854
1.16323
1.77513
1.20187
1.05483
1.03968
1.71276
1.02992
1.89028
1.11624
2.01588
1.5282
1.12843
1.89857
1.55701
2.52739
1.55222
1.43909
1.22823
1.10188
1.20572
1.40338
1.79489
1.63363
1.14364
1.21207
1.6333
1.69097
1.57587
1.17964
1.39921
1.59857
1.72605
1.47137
2.02106
1.44023
1.18572
1.39739
1.15492
1.66277
1.00365
1.36859
1.40222
1.28425
0.997812
1.199
1.20005
1.16361
1.4576
1.11805
1.44494
1.13589
1.46653
1.19856
1.55216
1.6847
1.83584
1.73335
1.06978
1.85203
0.942971
1.34912
1.88522
1.9303
1.34124
1.09765
1.50723
1.78308
1.06748
1.27041
1.33359
1.24821
1.22469
1.18964
1.67933
1.31098
1.46085
0.890427
1.14995
0.856954
1.63434
1.78194
1.71042
1.87991
2.4586
1.37495
1.16942
2.25797
1.00157
0.884574
1.67638
1.28545
1.18835
2.47429
1.2551
0.920871
2.18238
0.973242
1.33573
1.29454
1.27352
1.75392
1.81871
1.12262
0.856022
1.93503
1.72226
0.985974
1.0192
1.73943
1.56821
1.71689
1.3627
1.59935
2.13624
1.25672
1.54321
1.19176
1.3816
1.03184
1.42955
1.07319
2.45096
1.51508
1.39206
1.23373
1.28857
1.20107
1.19684
1.28482
2.00572
1.22966
1.58046
1.30338
1.26873
1.50417
1.34158
1.92706
0.847274
1.01309
1.39109
1.72096
1.39772
1.51288
0.994017
1.4043
1.5014
1.37762
1.32429
1.71181
1.48027
1.25395
1.16286
1.25295
1.01422
1.55643
1.0202
1.41129
1.62587
1.30793
1.3442
1.28452
1.83381
0.990679
1.71523
1.30661
2.12777
1.30002
1.17433
1.25019
1.67295
0.957028
1.59829
1.2267
1.10381
1.81378
1.6972
0.897547
0.932617
2.20827
1.4795
1.56808
1.26922
1.80599
1.25355
1.53671
1.18391
2.03751
1.54775
1.79806
1.54704
1.19492
1.18454
1.52213
1.73175
1.45469
1.00612
1.6101
1.15998
2.32939
0.924638
1.72293
1.92356
1.31313
2.11457
1.39251
2.17744
1.65391
1.8943
1.4708
1.34178
1.17965
1.22813
1.22878
2.12868
1.53623
1.17082
1.50775
1.38036
1.54316
1.91776
1.72933
1.41028
1.35482
1.3075
1.04389
1.07017
1.75612
1.58242
1.71647
1.46337
1.25016
1.14407
1.2218
2.14218
1.66659
1.27232
1.22167
0.915719
1.95609
1.48949
1.84175
1.60096
1.15871
1.55002
1.37379
1.30432
1.34867
1.58323
1.18247
1.53481
1.40157
1.24843
0.891608
0.962371
1.00334
1.22665
1.20062
0.992134
1.29742
1.38453
1.59997
1.16863
2.06581
1.10844
1.12239
2.08614
1.88287
1.8329
1.60858
1.24641
1.54977
1.30361
1.29514
1.29053
1.99172
1.57785
1.37001
1.64752
1.72922
1.43214
1.57207
1.42026
1.17312
1.31808
1.94921
1.31029
1.73511
1.71808
1.63125
1.14567
1.42964
1.42751
1.56382
1.59069
1.17714
2.34686
1.0853
1.41172
0.893675
1.33157
1.2788
1.29131
1.13926
1.13034
1.35549
1.60539
1.16972
1.78768
1.14054
1.618
0.995037
1.65601
1.25417
0.956203
1.81917
1.11844
1.30753
1.44574
1.49575
1.55141
1.11614
1.266
1.90914
1.69999
1.35941
1.44613
1.21676
1.25707
1.26573
1.32946
1.14025
1.89775
1.45388
1.3365
1.53953
1.61194
1.44957
1.68989
2.25202
1.39795
1.36122
1.39105
1.3365
1.24229
1.14868
1.12688
1.38297
1.56612
2.05121
1.20277
1.15502
1.48939
1.16661
1.35461
1.25813
0.819417
2.09597
1.98844
1.74454
1.62485
1.20042
1.77283
1.88863
0.948246
1.59769
1.41359
2.02604
1.18199
1.18862
1.64941
1.01219
1.79935
2.09041
1.25718
1.25798
1.88352
1.60866
1.09701
1.26352
1.14627
2.10583
1.06629
1.29249
1.57544
1.69227
1.46808
1.27224
1.00684
1.57126
2.14394
0.981494
0.860194
1.19977
1.50872
2.44197
1.30133
1.69055
0.79898
1.07927
1.21472
1.30665
1.39359
1.14946
1.21342
1.47172
1.33816
1.28075
1.33506
1.00766
1.85244
1.20569
1.34471
1.41211
1.16407
2.0677
1.42142
1.59214
1.70548
1.04807
1.22006
1.51909
1.299
1.16708
1.48499
1.6021
1.4231
1.89055
1.82405
1.8457
1.32002
1.31419
1.24403
1.04289
1.08409
1.79164
1.39668
1.47152
1.757
1.07139
2.10462
1.42854
1.6754
1.04941
1.65767
1.65391
1.01765
1.10762
1.53905
1.734
1.34975
1.13068
1.68058
1.2724
1.28244
1.45635
1.40652
1.38064
1.54537
1.23744
1.53787
1.15549
1.17349
1.68623
1.25982
1.32825
1.25572
1.18947
1.2254
1.88905
1.13867
1.12474
1.83524
1.05189
1.23165
1.25206
1.71789
1.2484
1.32019
1.18193
1.26832
1.49856
1.55515
1.66675
1.52202
1.50891
1.076
2.03945
0.982723
1.17047
1.91677
0.945977
1.55819
0.756916
1.51733
1.20228
1.45196
1.56843
2.07122
1.88905
1.35515
1.65628
1.08471
1.16895
1.80124
1.56404
1.77648
1.3315
1.33975
1.84393
2.02922
1.6257
1.71008
1.47028
2.31062
1.04587
1.29271
1.77748
1.27994
1.29292
1.33198
1.12847
1.44368
1.70871
1.49515
1.77115
1.41007
1.78642
1.18124
1.09597
1.4894
1.07792
1.32677
1.96628
1.21441
1.72911
1.00164
1.64653
1.63147
1.83495
1.32365
1.19195
1.44237
1.16741
2.26843
1.88086
1.67818
1.16142
1.17071
2.13778
1.94721
1.7737
1.30087
1.59759
1.00454
2.0245
1.1077
1.155
1.53836
2.02156
0.955401
1.35671
1.53316
1.25293
1.25829
1.44727
1.22314
1.25281
1.40337
1.45607
1.29515
1.53292
1.5064
1.51482
1.45511
1.03925
1.27279
1.1685
1.40038
1.16068
1.18936
1.50767
2.02125
0.986311
1.45542
1.37112
1.57188
1.94867
1.94165
1.10483
1.24861
2.09307
0.902268
1.93902
1.79053
1.32421
1.50191
1.35143
1.28222
1.572
1.388
1.09779
1.28043
1.56126
1.48105
1.32523
1.00127
1.34186
1.02241
1.38388
1.82418
1.59823
1.13822
1.46223
1.85449
1.33238
2.34943
1.02915
1.69454
1.14417
48471500.0
54337700.0
53835800.0
77358500.0
41857300.0
50310500.0
51384800.0
40485500.0
59152800.0
51029400.0
38312700.0
50855100.0
37323600.0
48331500.0
40524800.0
43337100.0
43002900.0
65362800.0
33601400.0
30414800.0
54611200.0
54686300.0
49173700.0
41316000.0
42953300.0
62392000.0
48848100.0
45356800.0
48571200.0
66673500.0
62801600.0
62395600.0
44169200.0
56766500.0
41645600.0
43844800.0
58058100.0
39915100.0
36519300.0
49783400.0
60800300.0
50592300.0
48666400.0
58165800.0
36214200.0
60011900.0
55806600.0
45403800.0
40743600.0
42861900.0
39386400.0
56688100.0
51472100.0
50125900.0
72952400.0
45615100.0
41385900.0
48269200.0
52624500.0
35295800.0
41968600.0
64186700.0
44294100.0
49822600.0
58376000.0
41571100.0
40114900.0
44929600.0
52721700.0
52555700.0
55745400.0
64638600.0
68487900.0
47889200.0
54280500.0
42978300.0
54237200.0
51933800.0
37939500.0
50896800.0
40320400.0
48161700.0
64271900.0
59741500.0
29867300.0
47697000.0
37801400.0
45718600.0
48699200.0
46661500.0
68937400.0
47963300.0
52959000.0
41912500.0
64128600.0
59167300.0
43449400.0
56313300.0
58715900.0
68970000.0
56503900.0
83246000.0
58215700.0
69274500.0
49720600.0
49711500.0
55535400.0
68633200.0
43291600.0
44849300.0
69015900.0
73026200.0
58219200.0
41613500.0
44558200.0
69125900.0
42135000.0
61299800.0
45113700.0
53494200.0
43908200.0
51995600.0
40902400.0
56783700.0
39114200.0
51231000.0
39247500.0
47359400.0
45283900.0
60170400.0
34166600.0
46113700.0
63596400.0
67815400.0
57952600.0
64846300.0
77972100.0
36584700.0
48903200.0
47409300.0
75031600.0
54901700.0
40786700.0
47362200.0
62640900.0
49858600.0
46760900.0
49816000.0
48397500.0
37075500.0
31616000.0
54414400.0
44611900.0
42174100.0
31084600.0
48059400.0
55071900.0
43351200.0
51080900.0
51837500.0
49197700.0
39793500.0
55852600.0
59995900.0
46892100.0
37602500.0
56116100.0
50670200.0
38679000.0
56602400.0
53916600.0
38715100.0
79659400.0
51065200.0
63762400.0
58630700.0
58633300.0
55922800.0
51424300.0
54149600.0
65707500.0
33710300.0
36407000.0
39609500.0
44030600.0
51145300.0
51957300.0
53176200.0
38252000.0
46185600.0
50493600.0
53609000.0
50556700.0
47719000.0
68141200.0
50682900.0
41695700.0
62884200.0
46673900.0
65544400.0
48486500.0
59783600.0
51182100.0
49736900.0
67089100.0
61733700.0
48415000.0
44292800.0
50615300.0
59856800.0
73660700.0
46337300.0
56920800.0
53105000.0
48138400.0
64198800.0
70072900.0
44916500.0
42936300.0
46725700.0
64976400.0
54556000.0
51740100.0
45968500.0
38671700.0
56955800.0
53254400.0
61765700.0
68545700.0
47446600.0
51697100.0
54505900.0
48212700.0
51225200.0
48969100.0
39714500.0
55648300.0
55560300.0
48728900.0
47835500.0
40393000.0
45921600.0
60502000.0
57699700.0
49761900.0
55991400.0
53986600.0
38423700.0
45934900.0
37695400.0
53650600.0
63488200.0
56495000.0
45949400.0
52384200.0
41722000.0
53507300.0
56689600.0
37242100.0
53591100.0
68452500.0
45592200.0
56057100.0
45613500.0
51996800.0
51653700.0
50531600.0
59256500.0
47042000.0
43382600.0
51517900.0
45096200.0
39314400.0
65194500.0
43120800.0
67828800.0
56742500.0
52726100.0
42797300.0
40825600.0
46162600.0
57398600.0
41298800.0
68226200.0
52189800.0
55913100.0
58490000.0
33926000.0
64148700.0
43279200.0
43564800.0
56466100.0
64738600.0
62139500.0
60086600.0
45519100.0
73145000.0
42762800.0
32614000.0
54599000.0
58909900.0
54219300.0
35803100.0
66006800.0
37828500.0
44938200.0
41769800.0
55300300.0
57207800.0
39513300.0
56410900.0
65415300.0
47950700.0
55314100.0
52264100.0
56831800.0
52002500.0
78630800.0
51381500.0
33985100.0
39160100.0
56183900.0
49734500.0
35833500.0
64783400.0
51254400.0
48136500.0
54073100.0
57051300.0
48557900.0
60690500.0
71781400.0
61483500.0
57117400.0
29900500.0
57534100.0
63206100.0
56676900.0
47107600.0
50404800.0
56204600.0
53113600.0
44381800.0
57965100.0
35859800.0
52351700.0
48452000.0
46585400.0
31812500.0
72048100.0
68191400.0
80251400.0
43690200.0
41100900.0
49985700.0
46450800.0
58027400.0
54241000.0
58185400.0
49174000.0
68702700.0
53435300.0
56076600.0
34528900.0
41509900.0
43333300.0
40647400.0
43253700.0
48273500.0
50019700.0
53614500.0
54872900.0
42658300.0
52616800.0
47323700.0
57964500.0
52425900.0
66336300.0
51674300.0
59429200.0
65662900.0
51948000.0
43802200.0
53378200.0
50851500.0
67780400.0
51414700.0
52814200.0
43579600.0
54046700.0
44094600.0
58168100.0
67341800.0
51150800.0
47814100.0
33504700.0
70629800.0
47451500.0
63532200.0
44417000.0
48163500.0
63109600.0
53516900.0
66899100.0
54987700.0
72266300.0
57646400.0
41158000.0
51407400.0
40760600.0
48508000.0
53536900.0
53261100.0
34938200.0
31603300.0
60163400.0
56554400.0
45333800.0
59740000.0
41862400.0
54364300.0
48504400.0
50916800.0
47586900.0
57676500.0
59472900.0
51929800.0
65138100.0
40772600.0
51492400.0
53328800.0
56660500.0
54748400.0
68924000.0
44221500.0
64857600.0
43181100.0
40090600.0
53782900.0
46814100.0
51109000.0
50822800.0
56335500.0
52564700.0
57258800.0
44157400.0
42607100.0
53230600.0
63547300.0
49713500.0
52081700.0
63549200.0
61151300.0
49541900.0
64579000.0
52193700.0
54111900.0
58070400.0
46001600.0
66208500.0
71602300.0
49433800.0
60173400.0
46844900.0
30669900.0
52489600.0
43075400.0
32943000.0
45667400.0
63048100.0
52203300.0
51340900.0
38653200.0
30609300.0
55780400.0
62081100.0
49972000.0
38788800.0
47912600.0
57958600.0
58600900.0
64709100.0
44398200.0
52608900.0
52965500.0
44602800.0
51619800.0
60336300.0
56216400.0
33404000.0
67377400.0
47388800.0
39374600.0
56468700.0
38546100.0
46814400.0
50668500.0
71521800.0
46733800.0
58596900.0
40471600.0
46180400.0
38891700.0
36536400.0
42823100.0
51923800.0
58233400.0
42747400.0
84507400.0
70492800.0
37029300.0
51333800.0
49798100.0
62990700.0
58725400.0
60280200.0
45137800.0
42166700.0
96271700.0
62822200.0
59330700.0
51498700.0
49368800.0
47726700.0
58093500.0
51843500.0
49021400.0
48630700.0
34858000.0
29899500.0
55829600.0
53071700.0
42842500.0
45604000.0
61430000.0
69256100.0
51901200.0
73410300.0
55887100.0
53478200.0
50684100.0
44042000.0
48132400.0
63874800.0
59900400.0
38144400.0
34009400.0
44325800.0
56287700.0
49455300.0
77382700.0
52708100.0
46301000.0
45783200.0
40954300.0
41170700.0
42269400.0
49685300.0
68193300.0
44845500.0
45499600.0
53817100.0
51538000.0
55919700.0
44504900.0
30544500.0
47832200.0
40154800.0
44370400.0
46010400.0
36953900.0
57737400.0
55476700.0
53313600.0
60203400.0
48232200.0
74028100.0
57966000.0
54756000.0
48337300.0
63381900.0
61119100.0
34143100.0
51415100.0
35547000.0
41092700.0
43558200.0
27716600.0
33668100.0
34985400.0
56630100.0
49257400.0
54761500.0
54799100.0
57185000.0
46195200.0
47433700.0
61816100.0
41645900.0
61560300.0
49779800.0
43113100.0
59667600.0
43920500.0
74736400.0
60868200.0
45103300.0
36670100.0
53437800.0
39257500.0
47025200.0
59676300.0
52973200.0
43439700.0
40719800.0
35830900.0
62798200.0
52601700.0
69624600.0
54216500.0
52864700.0
46729200.0
42779200.0
53924200.0
36830100.0
63602000.0
60784100.0
49946600.0
46927700.0
45782100.0
47410500.0
46754700.0
61882700.0
70480300.0
53997500.0
69947400.0
54806900.0
55117000.0
60714800.0
54648800.0
48665400.0
41655000.0
42903900.0
37469900.0
50264600.0
61338500.0
42843300.0
29798900.0
43160700.0
65828800.0
58884000.0
57329800.0
57338500.0
47879500.0
61967000.0
40375100.0
84591200.0
60494500.0
54298700.0
37171800.0
42737900.0
38945500.0
43002900.0
61330300.0
51929900.0
56390200.0
52548000.0
62459600.0
56318100.0
48576600.0
46253800.0
55810800.0
50445400.0
42249800.0
44448100.0
51101800.0
24248000.0
45404200.0
61009200.0
80468300.0
57903100.0
44424400.0
57732400.0
53261600.0
45879200.0
36439000.0
53166700.0
60405100.0
50772900.0
41925000.0
38364800.0
65627500.0
43258400.0
54568700.0
51686100.0
44983000.0
54075600.0
53162000.0
58362800.0
56421400.0
34994800.0
45567900.0
45298100.0
46210300.0
52177600.0
62909200.0
61837200.0
48192500.0
46912800.0
65380100.0
54652300.0
69933600.0
51893100.0
58165600.0
33279800.0
51760900.0
43265700.0
48464300.0
39743600.0
42799100.0
43725800.0
46681900.0
66386200.0
54500200.0
50909000.0
40882400.0
44625100.0
41324200.0
63291800.0
50300100.0
42656100.0
52081300.0
42689700.0
52151100.0
52199200.0
58094500.0
59461700.0
31947300.0
43220400.0
34423800.0
60362900.0
46220600.0
43536200.0
54917400.0
78270800.0
41356700.0
51012700.0
41985400.0
68098400.0
50949300.0
45857800.0
48550100.0
31659700.0
48782600.0
46959900.0
45901000.0
32941800.0
48375100.0
54707900.0
46877700.0
79355800.0
40059900.0
59835700.0
42325600.0
36762900.0
45018300.0
37079400.0
56965500.0
56694800.0
54001500.0
41742700.0
52975400.0
74659600.0
50462200.0
59450400.0
39778000.0
48720000.0
28973000.0
50525500.0
54019900.0
55955100.0
51762300.0
33303000.0
60348000.0
41662100.0
62679500.0
51574400.0
53138300.0
45603300.0
68649900.0
55180600.0
40116400.0
36641100.0
58425800.0
56164900.0
47987600.0
45537900.0
83940900.0
37695400.0
59312400.0
49383600.0
68559700.0
61847200.0
59888100.0
55114400.0
37907300.0
50431700.0
45356500.0
45414500.0
44371000.0
50775900.0
48189500.0
51169600.0
40402500.0
55923800.0
67258100.0
42881400.0
40372800.0
46650400.0
62783300.0
33025200.0
47947100.0
50730300.0
59853800.0
39230100.0
56439100.0
71745700.0
60814300.0
50466800.0
64037100.0
44334100.0
65694500.0
44875300.0
52266900.0
56363500.0
47529600.0
68325100.0
52223800.0
57175800.0
51320600.0
41958300.0
68079800.0
51986200.0
53773700.0
48569400.0
44309400.0
35154500.0
47170500.0
36299300.0
57203500.0
60363600.0
58227400.0
35940400.0
68163800.0
64238700.0
42178800.0
37636900.0
57842500.0
38607500.0
41739300.0
64064600.0
66859500.0
63908900.0
44556200.0
39472600.0
56003000.0
66508800.0
45640200.0
50611400.0
53583800.0
50680700.0
56150600.0
42197500.0
59819500.0
47998900.0
60108600.0
64431400.0
48018000.0
42522700.0
36640800.0
43521800.0
37350300.0
40914600.0
72509300.0
49209400.0
54935800.0
70598000.0
40590100.0
44621300.0
46636100.0
34796300.0
36217300.0
46941400.0
64553100.0
43579600.0
52643700.0
67317100.0
42378900.0
59200000.0
44152500.0
31127600.0
59758700.0
34047000.0
45016600.0
32695400.0
60699100.0
44234700.0
57169200.0
51871400.0
44054700.0
43579100.0
55594700.0
46324700.0
35317800.0
56491200.0
61340700.0
51169700.0
62281900.0
46857800.0
38362700.0
56701000.0
47107600.0
54556200.0
60092600.0
47934500.0
43126100.0
42710300.0
61276600.0
52586100.0
36827300.0
43097700.0
52498800.0
64541000.0
48315900.0
52835700.0
47061900.0
64973700.0
44859900.0
47849000.0
38529400.0
75092700.0
44800000.0
45531100.0
45068100.0
48268600.0
43171900.0
59604600.0
47384200.0
50809100.0
57822300.0
44473500.0
60489700.0
52657600.0
64154200.0
51916200.0
56266600.0
45948500.0
50417400.0
44330800.0
60422700.0
57936000.0
53336700.0
43854700.0
47288700.0
40710600.0
49366800.0
47252100.0
51653100.0
58383700.0
48324200.0
64581600.0
59103200.0
49321600.0
42458700.0
50294000.0
55356400.0
51281100.0
56938400.0
55831300.0
48191400.0
41474600.0
47209600.0
60901900.0
62347800.0
45103300.0
41836400.0
38791800.0
42035500.0
55723800.0
44612100.0
33708300.0
37416100.0
66198900.0
54295700.0
52225800.0
45084900.0
32863800.0
63521400.0
50148300.0
54928000.0
1.80456
0.986306
1.16198
1.09691
0.869581
1.11828
1.19425
0.892916
1.17387
0.785719
0.939379
1.09625
1.24092
1.35949
0.62997
1.13536
0.919265
0.927352
0.954026
1.38603
1.1184
0.812747
1.1225
1.0295
0.796592
1.20986
1.04323
1.09905
1.18273
0.982855
0.990496
0.749739
1.19391
1.09164
1.01909
1.23322
0.763345
0.82786
0.848692
1.09663
0.995726
0.765839
1.06129
0.900814
0.903433
1.21684
1.00356
1.27061
1.0419
1.1837
0.937794
1.0203
1.38477
0.942461
1.14972
0.93436
1.01565
1.26074
0.838405
1.01328
1.45382
1.02349
1.06877
1.22337
0.896267
1.1689
1.06533
1.28769
1.36897
1.29029
0.933439
1.19471
0.952741
1.03383
0.936569
0.891768
1.13748
1.13263
1.27939
1.12146
1.11078
1.37224
1.12067
0.985179
1.04023
1.00331
0.841082
1.29276
0.640521
1.1579
0.893731
1.05462
1.12882
0.782148
1.08456
1.16911
0.81031
1.36225
0.822096
0.883435
0.887993
1.12236
1.03226
1.21666
0.987007
1.2267
1.12277
1.06492
1.08632
1.37449
1.29583
1.08555
0.971862
1.20568
1.00652
1.06639
0.683855
0.991548
1.11592
1.07496
0.95191
0.993177
0.907654
1.49509
0.894865
1.3219
0.895918
0.948723
1.20635
0.874319
0.973163
1.29577
1.03753
0.804047
0.903979
0.79127
1.0513
0.991377
1.41941
1.06808
1.33964
1.05823
1.07121
0.809648
0.904621
1.00109
1.05544
1.20458
0.848437
0.801501
1.34663
1.41876
1.14034
1.02214
1.34285
0.989869
0.988225
1.16182
1.11657
1.02781
1.19405
1.21697
0.96446
1.03999
1.10952
1.20872
1.45223
1.177
0.749482
1.28866
0.957635
0.92858
1.27808
1.06864
0.960201
1.12244
0.801115
0.853154
0.844574
1.17209
0.89567
0.798505
1.37733
1.36069
0.968667
1.34063
1.16307
1.09689
1.04831
0.927526
1.07386
1.0271
0.992042
0.910704
0.979724
0.830806
1.28922
1.01625
0.830114
0.777032
0.766956
0.806853
0.846625
0.930279
1.17277
1.02809
1.23617
1.3427
0.852934
1.1067
0.953963
0.723316
0.991359
0.764634
0.869732
0.994817
0.793824
0.912304
0.969376
1.52873
1.01864
0.866058
1.13783
1.14406
1.31165
0.808814
0.975579
1.22
1.07101
1.09396
1.16378
1.01628
1.31459
0.990741
1.09039
1.10703
0.956361
1.1885
0.85009
1.38063
1.26952
0.943465
0.860274
0.945055
0.873608
1.15656
1.04762
1.09471
1.31666
1.28164
1.27039
0.764472
1.00566
0.909874
0.816191
1.12155
1.23123
1.00623
1.28405
0.929046
0.928685
1.19336
0.855193
1.02555
0.89553
1.0547
1.12984
1.22146
0.858894
0.904644
0.90242
1.15986
0.842789
0.735759
0.87764
1.31795
0.740701
0.984161
1.0112
0.973119
0.874542
0.865561
0.901188
1.05654
0.772675
1.05647
0.920177
1.20181
1.30386
0.999804
0.944434
1.34554
1.02213
1.0999
1.01091
0.979913
1.24732
0.818409
1.17327
1.49336
1.03272
0.853656
0.832374
1.06277
1.01219
1.01989
1.01915
0.818132
1.30467
0.902751
1.37216
0.995463
0.8807
1.44491
0.944042
0.606214
1.02235
1.00443
1.03872
0.970909
1.40163
1.07254
0.940987
1.14092
1.33172
0.994281
1.22224
1.08429
0.820019
1.1964
1.15518
1.3584
0.85041
1.133
1.08962
0.812313
1.05034
0.73667
0.835757
1.11163
0.846417
1.16027
1.14043
1.04569
1.23727
1.36841
0.97351
0.784509
1.27601
0.990356
1.03429
0.95723
0.851003
1.02202
0.962918
1.1395
1.30484
0.945167
1.07766
0.842956
0.851559
0.836911
1.01387
1.21585
1.35582
1.26637
0.881372
1.1243
0.962405
1.13931
1.19503
0.952274
0.845929
1.10883
0.82307
0.989503
0.908134
1.12443
0.94337
0.954198
0.846334
0.769257
1.02198
1.15074
1.13548
0.951423
0.964601
1.07054
0.957115
1.08481
0.986304
1.33563
1.06208
0.992723
1.29197
1.02691
1.59369
0.979529
1.00157
0.949731
0.858408
0.969003
1.14802
1.21867
1.08048
1.05046
1.1202
1.19495
1.39128
1.19042
0.918654
1.13428
1.01382
1.02003
1.23371
1.29934
1.20575
0.961642
1.14072
0.988058
1.05135
0.952561
1.09053
1.14794
1.05536
0.807378
0.791076
1.06421
0.893475
1.1093
0.896227
0.85457
0.922521
1.23709
1.04935
0.910078
1.04898
1.0889
1.08492
0.917247
1.45347
0.817112
1.12906
1.18112
1.19769
1.10204
1.09385
1.31398
1.21073
0.977693
1.05277
0.811418
1.03455
1.11394
0.996288
1.15373
0.825475
0.897729
0.669089
0.885415
0.75412
1.16909
1.16114
1.18506
1.22817
1.48304
1.05282
1.0174
1.74174
0.78962
0.777293
1.12193
0.900396
0.942169
1.30399
1.03449
0.800841
1.34598
0.811563
0.79796
1.11961
0.981605
1.05395
1.18656
0.878689
0.780279
1.08048
1.09176
0.913994
0.929481
1.15651
0.981827
1.08301
1.13426
0.931978
1.46675
0.994553
1.32012
0.757286
1.19906
0.923303
1.21335
0.977508
1.62287
1.4286
1.19211
1.00967
0.801465
0.977266
0.981318
0.918023
1.21064
1.08804
0.998944
0.808926
1.15862
0.99837
1.10999
1.10279
0.707034
0.865715
0.898273
1.23371
1.09825
0.948703
0.96589
1.06701
1.12579
0.859552
1.13056
1.32225
1.09908
1.00196
0.930532
1.08794
0.889626
0.958727
0.695299
0.879019
1.0808
1.11426
1.08072
1.13411
1.17022
0.778569
1.17297
1.06348
1.25965
1.21656
1.17248
1.20577
0.94122
0.82453
1.1094
0.906613
1.03737
1.26579
1.01959
0.866445
0.870776
1.23957
1.15297
0.887251
1.09803
1.11639
1.06466
1.37435
0.920306
1.17917
1.2002
1.09642
1.1498
0.769501
0.958992
0.881026
1.09516
1.20742
0.904017
1.02034
1.08975
1.46426
0.791589
1.28607
1.23185
1.19389
1.23129
1.33223
1.35934
1.20494
1.61526
1.20782
1.0223
0.810277
0.949467
0.950082
1.35904
1.13905
0.892171
1.26464
1.11282
0.96387
1.31072
1.16543
1.14981
1.09231
0.934791
0.897075
0.95847
1.53905
1.3664
1.01453
1.1265
1.13227
0.884719
1.02131
1.41211
1.31191
1.11947
1.06189
0.764234
1.21328
1.16421
1.15268
1.28999
0.934835
1.24939
0.881835
1.02779
1.12204
0.934921
0.982978
0.951967
0.871288
1.08146
0.757468
0.815115
0.908257
1.0917
0.989437
0.846454
1.22406
0.765824
0.980706
0.890758
1.25388
1.05917
0.976901
1.34227
1.0527
0.96102
0.903412
0.779573
1.08454
1.01652
0.951126
0.789686
1.15025
1.02136
0.87723
0.936931
1.34427
0.802904
1.01345
1.12233
0.751625
0.966679
1.09022
0.773898
1.01442
1.03898
0.998272
0.982852
0.912725
0.810746
0.857285
1.201
1.31031
1.40063
0.813007
1.04997
0.734588
0.90713
1.04958
1.0426
0.967231
0.877049
1.12484
1.05503
0.909072
1.12689
1.11955
1.31398
0.819363
1.19908
1.04274
0.834699
1.62371
0.612777
1.06767
1.1708
0.995954
1.13866
0.917262
1.17192
1.22882
1.02206
1.12571
1.17259
0.985211
0.940081
1.00304
1.07303
0.844933
1.2333
0.844117
1.23723
1.09974
1.13601
0.973648
1.40916
1.38305
1.20467
0.993343
0.876661
0.862847
0.96402
1.02781
0.958631
1.12924
1.01281
1.30358
0.729922
0.921896
1.20802
1.01646
1.21567
0.962511
0.625229
1.27668
1.28523
1.07024
1.03099
1.12765
0.987597
1.30151
0.736521
1.22668
0.957286
1.18043
0.998773
1.00052
1.44939
0.863219
1.17394
1.36826
1.11034
1.07577
1.14209
1.06372
0.947888
1.07245
1.06168
1.29821
0.913634
0.829854
1.33707
1.08935
0.929326
0.804798
0.878791
0.938495
1.50976
0.945135
0.736014
1.15444
1.00672
1.51791
1.00532
1.44171
0.816133
0.870527
0.99097
1.05918
1.18301
0.996339
0.834466
0.977929
0.950938
1.0066
1.08614
0.629133
1.13686
0.961672
1.13055
0.930343
0.99381
1.23177
0.916828
1.0732
1.02711
0.927926
1.04106
0.958974
1.03905
0.807451
0.885101
1.25452
1.01084
1.28962
1.06856
1.09236
1.07915
0.809044
1.02976
0.934079
0.991989
1.14277
1.25642
0.945855
0.98835
0.889181
1.27151
0.941336
0.974801
0.964578
1.01912
1.03009
0.826528
0.768278
0.964046
1.06195
1.01915
0.975564
1.21099
1.0001
1.00593
1.27083
1.03285
0.94416
1.03665
1.0949
1.05982
0.927912
0.943488
1.10618
1.03168
1.00394
0.958627
1.02153
0.932082
1.18258
0.91497
0.886002
1.32524
0.79403
1.06161
0.934239
1.32879
0.881926
1.01682
0.927594
0.998623
0.944185
1.11658
1.01497
0.941709
1.13576
0.862554
1.28303
0.959355
1.12296
1.29264
0.73463
1.3373
0.651648
0.904415
0.955935
0.82734
1.23137
1.32197
1.313
1.13534
1.32945
1.08295
0.955824
1.105
0.84813
1.12798
1.18008
0.864117
1.22102
1.40432
1.55954
1.09713
0.92072
1.30385
0.87083
0.733742
1.04564
0.985044
1.09206
1.14594
1.02807
1.02209
1.15036
0.834734
1.20077
0.8776
1.19484
0.924885
0.954186
1.07575
0.867414
0.957062
1.1387
1.07627
1.17097
0.841872
1.12916
1.02988
1.37862
0.690062
0.909995
1.08782
1.03781
1.42363
1.18577
0.923388
0.977484
0.991937
1.44844
1.21987
0.985541
0.944111
1.26499
0.834389
1.23456
1.06577
1.12484
1.04284
1.3738
0.866277
0.938276
1.26994
1.05798
1.25959
1.12189
0.749973
1.13954
0.8013
0.812073
1.13943
1.09906
1.13765
1.03493
0.879512
0.796334
1.04672
1.06854
1.25129
0.991242
0.991175
1.2748
1.23954
0.871563
1.25755
1.109
1.02753
1.09973
1.26187
0.951928
0.902955
1.36801
0.805926
1.15682
1.23174
0.81615
0.921706
1.11914
0.949939
1.28314
1.07098
0.855985
1.05593
1.21991
1.20417
1.01145
0.79069
1.24509
0.82208
0.792956
1.51387
1.48062
1.09591
1.03829
1.17989
1.18463
1.43041
0.807706
1.09012
0.990083
