1.14262
0.956223
0.948682
1.09905
1.12866
0.908129
1.04323
0.671901
0.763599
1.19266
0.90658
0.990233
1.01147
1.00693
0.967589
0.825133
1.1988
0.873717
0.932196
1.04337
0.713985
1.2618
0.764599
1.04141
0.93932
0.942133
1.04691
0.984887
1.10903
1.51616
1.02344
1.006
0.806177
1.06159
0.907145
0.8512
1.19105
0.981942
1.12881
1.17312
0.975475
0.771298
1.11095
0.862665
0.865516
0.986445
1.06066
1.14681
0.762885
1.01535
0.926758
1.15825
1.18326
1.07029
1.3702
1.03194
0.903306
1.16255
1.15535
1.29205
1.25766
0.927676
1.2002
1.21348
0.980437
0.915752
0.950228
1.22158
1.13352
1.0839
1.00782
1.09928
1.07079
1.12073
1.04054
0.952574
0.814944
0.879284
1.32312
1.05247
1.55296
1.02793
0.79353
1.22391
0.823795
1.01661
1.0504
1.07348
1.1876
1.2274
0.954581
0.990685
1.38775
0.835109
1.0622
0.952939
1.36549
1.02014
0.907016
0.98134
1.13259
0.837755
1.37085
1.25802
1.01979
1.1566
1.05324
1.12941
1.18933
0.956996
0.728164
1.04887
1.24556
1.17535
1.09593
0.990176
1.14797
1.17461
1.00357
0.8105
1.10998
0.759508
0.954295
1.10289
1.14475
0.974157
1.16307
1.02362
0.925181
1.25799
1.25798
1.02314
1.03951
0.985803
1.18804
1.16235
1.15748
0.925302
0.924547
0.839905
0.973798
1.14193
1.11125
0.941694
1.1106
1.13935
0.882804
1.07028
1.21707
1.07849
1.01538
1.16348
1.01304
1.04669
0.990716
0.969578
1.12103
0.949967
1.09094
0.931665
1.00241
1.09922
1.20467
1.15313
1.10082
0.982192
0.964254
1.13286
1.42875
1.55868
0.726525
0.977336
0.890109
1.23115
1.36774
0.960078
1.03087
1.13344
1.40072
0.932752
1.27431
1.02572
1.46334
1.20184
1.11592
1.04678
1.40757
0.883436
1.17048
1.20843
0.902654
0.925005
1.21333
1.23221
0.848587
1.11872
1.25185
0.809304
1.00755
1.05943
1.76939
0.954286
1.02356
0.921473
0.908717
1.01818
1.36073
1.19085
0.934634
1.03807
1.15036
1.08857
0.978503
0.886265
1.07548
1.03829
1.12571
0.99245
0.988879
0.789183
1.13994
1.14402
1.0585
1.04713
1.37364
0.923015
1.1526
0.96921
0.846228
0.800972
1.25991
0.858529
0.81619
0.998955
0.798099
0.827367
1.22414
0.803686
0.990636
1.37586
1.08961
1.32949
0.932107
1.03747
0.995742
1.1338
1.33646
0.734137
0.890275
1.23056
1.80401
1.25666
1.00575
1.00732
1.17729
1.12926
0.845406
0.925786
0.893566
1.07067
1.3339
0.846226
1.00981
1.37904
0.93458
0.95065
0.825704
1.19127
1.06043
1.50284
0.639217
1.09495
0.8389
1.2009
1.72019
1.08015
0.833479
0.91109
0.931467
0.855801
0.830203
1.07071
1.09675
0.948458
1.02004
0.8498
1.07042
0.996291
1.09274
1.06145
1.12214
1.07634
1.05049
1.24518
1.15649
0.958136
0.841473
1.26646
0.835547
1.24155
1.11592
1.68676
1.28827
0.951487
0.989692
1.92574
0.94371
0.904122
0.83743
1.03194
1.46306
0.804514
1.11667
0.830878
1.25467
1.05539
1.09521
0.934124
1.00454
0.997358
0.989791
0.765282
1.25646
0.882054
1.04918
1.06598
0.991562
0.896196
0.954417
0.911438
0.806424
0.927086
0.729544
0.851982
1.19567
1.14726
0.860491
0.991924
1.32004
0.966512
1.00839
0.853289
1.27632
1.20272
1.00262
0.979131
0.868775
0.877386
1.12872
1.30032
1.16448
0.847393
1.11844
0.807549
0.969398
0.992626
1.05223
1.06693
0.976067
0.830362
0.91801
0.980269
1.08286
1.47574
0.893195
1.06429
0.94038
1.20678
0.999382
1.17224
0.878158
0.971478
0.809387
0.837589
0.989166
1.49229
1.02944
0.977568
1.29099
0.85874
0.825046
1.06141
1.05613
1.03255
1.22444
1.39571
1.0698
1.0785
0.868696
0.911
1.06183
0.764204
1.05969
0.890487
0.89733
0.947827
0.695896
0.82945
1.00255
0.783622
1.00255
0.938323
1.36386
0.789438
1.20688
0.873776
1.23297
0.781707
1.018
1.20009
1.585
1.15361
0.946029
0.942524
0.888832
0.887478
0.789179
1.15972
0.807738
0.892509
0.863026
1.18731
1.14809
1.24851
1.09784
1.0905
0.829265
0.974085
0.651955
0.899299
1.1894
1.43885
0.984744
1.03735
1.05437
0.86144
1.27602
1.0596
1.13657
1.06002
0.928294
1.18086
1.10339
1.02538
0.940951
0.991655
0.909538
1.06101
1.40117
1.1073
1.01021
1.26761
1.21984
1.2886
0.989621
1.00679
1.06934
1.08056
0.947838
1.17526
0.931156
0.984888
0.902901
0.9253
1.11152
1.32792
1.0305
1.0926
1.17451
1.34417
1.02056
1.125
1.19386
0.828917
0.779115
0.971395
1.08563
1.07103
1.38215
1.00062
0.901969
1.26459
1.0048
0.742618
1.30261
1.10773
1.13417
1.20899
0.986654
1.11698
1.3753
1.00863
0.982936
1.13011
0.895135
0.935833
0.855686
1.35098
1.06534
1.02444
0.626089
1.13001
1.33842
0.744674
1.1772
0.986844
0.977824
0.952236
1.22236
0.999978
1.05721
0.916413
1.36098
1.25949
1.11434
1.14133
0.847278
0.930831
0.930818
1.08512
1.01404
1.1049
1.09174
1.23437
1.06481
0.940604
0.862737
1.31305
0.852277
0.908405
1.36815
1.08523
1.09461
0.821818
0.961355
1.46173
1.11474
1.00418
0.942919
1.05811
1.18428
1.01844
0.753006
1.05851
1.06531
1.27577
1.13707
0.922636
1.20488
1.08793
0.94129
0.865863
1.15939
1.23045
1.1609
1.15002
1.02003
1.0361
1.08908
0.783871
1.06354
0.976292
1.15599
0.718963
1.07612
0.84376
1.21994
1.2245
1.17914
0.862782
1.36043
0.842194
1.06203
1.07643
1.01569
0.922645
1.03345
1.232
0.871848
0.871457
0.836942
1.28032
1.05863
0.875397
1.16815
1.20494
1.16297
1.31174
0.955266
0.862871
1.08059
1.15077
0.969738
1.18307
0.974501
1.2019
1.23615
0.742031
1.13254
1.17311
1.02814
1.12604
0.868354
1.17702
0.88107
1.14595
1.37085
1.05569
0.905882
1.2176
1.11936
0.828695
0.950835
1.16328
1.39914
1.6615
1.43649
0.913809
0.951756
1.18418
1.19268
1.06076
0.921499
0.653668
0.943343
1.2793
1.30235
1.15393
1.10596
1.19911
0.725336
0.945816
1.00318
0.965942
0.890798
0.83973
1.05917
1.21104
1.21936
1.08785
0.97965
0.7531
0.799723
0.900314
1.01932
0.982373
1.14149
1.02629
0.921743
1.05542
1.17041
0.83912
0.942759
0.911212
0.936392
0.780673
1.18363
1.23429
1.13714
1.19203
0.874788
1.38384
1.22257
1.2252
0.862202
0.981895
0.998401
0.929874
1.03436
0.959427
1.00029
1.07536
1.28496
0.850705
0.887086
0.939587
1.53193
1.09936
1.11907
0.854464
0.906192
1.27019
0.909662
1.07349
1.18594
1.11131
1.06193
0.912291
1.01312
0.716002
1.27372
1.24914
0.813996
0.940953
1.05029
0.98977
1.23885
1.1569
1.04217
0.859779
1.08551
1.20387
0.979834
1.21747
1.29324
0.960567
1.33391
1.13923
1.3023
0.951962
0.872387
0.802037
0.97379
1.02675
1.03126
0.80911
1.37085
1.07365
0.990205
0.768503
0.829109
0.863617
0.946612
0.846932
0.832555
0.989812
0.966617
1.11005
0.889847
0.76562
1.18013
0.939097
0.93908
1.32906
1.099
0.990816
1.26246
0.743192
0.965889
0.921256
1.20933
1.31143
0.883576
1.16397
0.818439
0.996983
1.13569
1.1148
1.03618
0.800732
0.665214
1.0697
1.06285
0.825556
0.993341
1.09446
1.17758
1.22724
1.2898
0.992664
1.08205
0.988303
1.18226
1.01602
0.954688
1.14716
1.15885
1.1935
1.13271
0.83115
0.997587
1.01132
0.958595
1.03078
0.795346
1.19735
1.33688
1.06962
0.770322
0.816546
1.17391
0.967214
0.921372
1.08577
0.934196
1.08628
0.93834
0.906512
1.03877
0.948741
0.878216
0.983122
1.18057
1.17999
1.30402
1.01721
0.884614
1.01544
1.64109
0.936463
1.12059
0.885116
1.16322
0.699708
1.03496
0.803475
0.975313
0.913589
1.27109
0.913791
0.785285
1.13961
1.20312
1.03308
1.23227
0.990919
0.918072
1.58431
1.03007
1.0767
1.06932
0.82139
1.42058
0.802206
0.906739
0.801008
0.996098
0.88404
0.835806
1.08712
0.901358
1.11178
1.42359
0.904061
1.55035
1.13624
1.17872
0.918147
1.27546
0.959311
0.820585
0.985565
1.11883
0.753953
0.975232
1.11334
1.39637
0.882398
1.08612
1.05253
1.3845
1.15543
0.869886
1.01288
1.1568
1.01875
1.21307
0.814623
1.1907
0.88708
0.949093
1.27984
1.11149
0.793509
1.04428
1.06694
1.03577
1.46432
1.10771
1.18369
0.992051
1.331
0.852428
1.37496
1.42296
1.28195
0.991038
1.24439
0.7535
0.836841
1.0587
1.07241
1.20516
1.08614
1.06932
0.928128
1.43287
0.861814
1.04367
1.21297
1.27337
0.952802
1.18308
1.17687
0.830204
0.905746
1.44449
1.09444
0.969143
1.19302
1.31861
0.555871
1.18069
1.01098
0.951413
0.900711
1.08156
0.939563
1.43317
0.873643
1.19561
0.921318
1.01064
1.45257
0.950892
0.852075
0.944593
1.00073
0.839326
1.14763
0.855595
0.89485
1.08785
1.01231
1.24637
0.972578
1.02905
0.896401
1.02608
0.96275
0.966282
0.959753
1.20752
1.18545
1.16488
1.28212
1.10135
0.918872
1.01138
0.880415
0.893205
1.07361
0.983389
0.983271
0.82275
1.21757
0.97987
0.763994
0.773208
1.20788
1.04901
0.827904
0.702124
0.907398
1.03412
1.38711
0.944778
0.986758
0.995535
1.10234
1.12901
1.0841
1.03784
1.01185
0.999712
0.835682
1.11353
1.1398
0.969499
0.971309
1.07103
0.971767
0.820179
0.884788
1.19091
0.909628
1.05042
1.04705
1.29088
1.10193
1.15583
0.859209
0.965622
1.33062
0.864134
1.13228
1.03253
0.984724
0.870518
1.43806
1.06653
1.26254
0.868699
0.914455
0.979503
1.12507
0.8006
1.25287
1.3889
0.995921
1.90815
1.51808
1.56663
1.73397
1.90698
1.60405
1.71942
1.2367
1.18767
1.89297
1.4971
1.66342
1.63554
1.57441
1.41947
1.3094
2.00866
1.73756
1.55744
1.47958
1.25537
1.79729
1.25515
1.67283
1.55181
1.4178
1.45842
1.3903
1.79419
2.34677
1.681
1.70459
1.33663
1.71887
1.43251
1.36626
1.91572
1.45234
1.74249
1.84879
1.65092
1.43167
1.74058
1.46698
1.42025
1.37504
1.74513
1.80249
1.23583
1.76232
1.39912
1.97237
1.74386
1.61709
2.13269
1.62675
1.49134
1.95138
1.78608
1.75126
1.83995
1.63256
2.06526
2.11288
1.50612
1.35227
1.53563
1.72257
1.8437
1.56705
1.54943
1.71021
1.68204
1.7849
1.63583
1.48283
1.43842
1.4508
1.94575
1.65696
2.17921
1.72146
1.2656
2.02939
1.26494
1.56715
1.5568
1.70741
1.67625
2.16462
1.35495
1.65354
2.23447
1.323
1.74211
1.63784
1.75621
1.63738
1.43262
1.5901
1.755
1.44793
1.98036
1.79394
1.54796
1.776
1.78216
1.87128
1.90675
1.56957
1.18914
1.57735
1.90496
1.9579
1.7365
1.63683
1.79282
1.84703
1.57098
1.46941
1.46366
1.26953
1.44242
1.76295
1.8554
1.72777
1.69761
1.5605
1.38115
1.99239
2.01813
1.7399
1.57336
1.69358
1.8769
1.70154
1.7396
1.37716
1.31823
1.36657
1.57792
1.69107
1.64387
1.55989
1.67837
1.75423
1.45304
1.69538
1.92723
1.61873
1.89129
1.78924
1.55087
1.60028
1.61147
1.54906
1.92291
1.68931
1.57217
1.52873
1.59002
1.89184
1.84873
1.94366
1.54016
1.54084
1.61498
1.73581
2.21371
2.45295
1.15361
1.60579
1.48832
1.9225
1.95209
1.69321
1.67269
1.80112
2.13108
1.52627
1.86434
1.70037
2.26713
1.78679
1.61056
1.55594
2.12762
1.4356
2.00714
1.89416
1.49651
1.45969
1.87101
1.91517
1.32228
1.83614
2.03738
1.24726
1.56412
1.77157
2.57475
1.70155
1.40047
1.45954
1.399
1.70987
1.9424
1.84825
1.56022
1.42135
1.78422
1.64934
1.61199
1.30151
1.79601
1.60799
1.61969
1.59113
1.50666
1.3435
1.84413
1.73877
1.71001
1.56818
1.95722
1.58921
1.92388
1.38022
1.43178
1.25906
1.94278
1.6216
1.29297
1.59299
1.37134
1.49468
2.01685
1.34664
1.60772
2.05843
1.63583
1.90464
1.5735
1.65408
1.63414
1.89654
2.0446
1.36894
1.50894
1.97613
2.71516
1.99913
1.5369
1.62314
1.78599
1.69875
1.43591
1.55959
1.39877
1.52914
2.02033
1.58875
1.64129
2.10438
1.42305
1.50842
1.41558
2.01182
1.81647
2.41673
1.22017
1.61631
1.33599
1.77494
2.73681
1.68425
1.32632
1.25928
1.50131
1.60719
1.37884
1.64274
1.8089
1.6007
1.60065
1.49154
1.69688
1.63347
1.62535
1.78155
1.64933
1.76043
1.62448
1.98853
1.66322
1.69775
1.41293
1.94933
1.33578
1.92961
1.97934
2.57607
2.13685
1.55454
1.76226
2.72641
1.46937
1.51837
1.49063
1.61824
2.25908
1.22497
1.73313
1.41429
2.054
1.69339
1.724
1.44
1.62936
1.56213
1.63286
1.26116
1.89828
1.43915
1.72621
1.76497
1.46045
1.59542
1.59005
1.54394
1.22125
1.57358
1.52099
1.4696
1.94918
2.12902
1.44212
1.53079
2.4266
1.58131
1.64865
1.38639
1.7954
1.93922
1.68614
1.7438
1.46643
1.46108
1.71643
2.1093
1.85912
1.48586
1.68227
1.41031
1.6917
1.59535
1.73244
1.58059
1.50898
1.42605
1.57775
1.42376
1.70749
2.48736
1.50627
1.66449
1.43028
1.81208
1.48083
1.65095
1.58792
1.59608
1.24828
1.5005
1.69185
2.22519
1.47229
1.74822
2.01029
1.41261
1.56391
1.72227
1.68807
1.82816
1.91707
2.03757
1.78206
1.58152
1.42743
1.38992
1.71787
1.35419
1.49824
1.59401
1.37847
1.44794
1.17166
1.36043
1.66667
1.37696
1.60427
1.59793
2.43936
1.26896
2.04598
1.48873
1.98376
1.33527
1.68068
1.82303
2.44122
1.94545
1.656
1.43776
1.48274
1.30348
1.20637
1.70289
1.30362
1.44326
1.31778
1.71653
1.84754
1.97916
1.69316
1.73776
1.39468
1.54688
1.15198
1.4353
1.99047
2.14054
1.43146
1.72726
1.69107
1.35213
1.94322
1.5553
1.72773
1.65025
1.54788
1.78393
1.75139
1.76931
1.46423
1.64626
1.51993
2.01291
2.0642
1.58983
1.47314
2.08661
1.87596
1.86838
1.69576
1.7257
1.96769
1.77096
1.39447
1.78561
1.60637
1.70346
1.56323
1.50768
1.84235
2.25463
1.72186
1.67763
1.8999
2.17301
1.55949
1.76611
1.88376
1.35408
1.45889
1.54746
1.70586
1.63467
1.98889
1.55686
1.42944
2.14456
1.70641
1.21246
2.02375
1.81232
1.58062
1.92287
1.6233
1.9461
2.15963
1.58847
1.51331
1.71611
1.34869
1.63004
1.43146
2.24344
1.43375
1.44222
1.29814
1.60972
1.97907
1.16252
1.69559
1.37213
1.72748
1.44515
1.87694
1.56171
1.6282
1.56721
2.13246
1.77589
1.74269
1.71501
1.3801
1.4059
1.38327
1.5748
1.70854
1.77813
1.48784
1.89183
1.71654
1.41622
1.41428
2.15573
1.5135
1.50934
2.09255
1.72825
1.74037
1.33833
1.57296
2.28722
1.79231
1.68255
1.5198
1.72145
1.97219
1.49347
1.30778
1.65597
1.90402
2.13351
1.7405
1.45753
1.73351
1.63546
1.48228
1.39247
1.66481
1.91377
1.87874
1.92171
1.68879
1.55155
1.59622
1.31358
1.63561
1.77626
1.8017
1.20415
1.74915
1.73275
2.12281
1.99292
1.72789
1.38778
2.09816
1.36404
1.7855
1.71386
1.59946
1.45052
1.65415
1.98824
1.45239
1.48195
1.27679
1.83182
1.59004
1.56418
1.89451
2.05117
1.89008
2.12499
1.48216
1.48844
1.60259
2.395
1.66153
1.65344
1.34445
2.22643
1.80224
1.45605
1.59065
1.94261
1.57153
1.83389
1.2777
1.76509
1.33112
1.86437
2.07941
1.71287
1.259
1.79936
1.7268
1.29453
1.4298
1.73784
2.05311
2.47822
2.40983
1.58294
1.68862
1.67844
1.88878
1.80329
1.45166
1.13625
1.54368
1.86429
1.89832
1.70593
1.74691
1.92123
1.26339
1.50052
1.58086
1.72999
1.6233
1.58623
1.78048
1.78828
1.68474
1.80566
1.66688
1.30019
1.50353
1.48642
1.5311
1.61733
1.8353
1.52472
1.49629
1.58748
1.87904
1.35284
1.63775
1.46023
1.48778
1.16154
1.8333
1.93053
1.54051
1.97202
1.58406
2.17253
1.72617
1.70052
1.34731
1.52746
1.62753
1.48511
1.59037
1.56062
1.53123
1.52501
1.98934
1.34271
1.32208
1.57209
2.65429
1.74493
1.83554
1.49062
1.443
2.13539
1.42681
1.50933
1.81103
1.9223
1.75236
1.36809
1.74121
1.37102
1.98349
1.93013
1.26056
1.43286
1.63594
1.56352
1.97835
1.70666
1.73898
1.38267
1.62859
1.82003
1.58699
2.14049
1.92566
1.66
2.1022
1.92534
2.00201
1.39909
1.45784
1.29132
1.69925
1.59811
1.57615
1.44689
2.28935
1.49146
1.57101
1.33264
1.32434
1.39133
1.44055
1.32003
1.50157
1.55613
1.7296
1.73826
1.68401
1.26864
1.94911
1.50015
1.38058
2.14711
1.92144
1.63497
2.24089
1.26071
1.55268
1.49325
1.87887
1.96397
1.5701
1.77096
1.26415
1.48409
1.8067
1.91644
1.72811
1.44331
1.11261
1.81619
1.71668
1.36999
1.83263
1.77107
1.81222
1.98599
2.01901
1.64865
1.79887
1.55504
1.94536
1.69408
1.40169
1.81862
1.82421
1.83084
1.71382
1.49638
1.61659
1.53021
1.46144
1.63711
1.3236
1.83101
1.8701
1.71258
1.13292
1.32086
1.98237
1.59269
1.33587
1.57023
1.55897
1.66468
1.52102
1.5414
1.61252
1.61663
1.3604
1.70632
1.89229
1.84528
1.95185
1.6222
1.46124
1.51997
2.42296
1.55893
1.7289
1.71876
1.77903
1.20449
1.81351
1.37868
1.67754
1.53844
2.05048
1.43847
1.24779
1.73937
1.78592
1.73583
1.98981
1.61785
1.5351
2.45567
1.79443
1.59083
1.74934
1.28573
2.2145
1.19141
1.44051
1.19854
1.58853
1.46728
1.47194
1.65866
1.60315
1.7067
2.31384
1.43018
2.20608
1.97989
1.74142
1.43017
1.89935
1.51004
1.33539
1.55069
1.737
1.28053
1.63001
1.89703
2.25397
1.50541
1.6682
1.84234
2.36715
1.78701
1.38999
1.65839
1.60674
1.62029
1.90251
1.27258
1.88245
1.60212
1.40752
1.99026
1.64254
1.26522
1.56046
1.69311
1.73606
2.30693
1.6528
2.17781
1.67728
2.21551
1.53435
2.00937
2.13534
1.83719
1.51019
1.71811
1.21248
1.38334
1.79558
1.61614
2.01543
1.89742
1.61744
1.46784
2.06172
1.40864
1.85195
1.81872
1.93825
1.53869
2.00917
1.94767
1.43867
1.46832
2.21971
1.60292
1.45335
1.76269
1.72004
0.943036
1.67206
1.644
1.36904
1.64042
1.73668
1.62253
2.22554
1.34628
1.66062
1.44456
1.80837
2.27072
1.62665
1.27812
1.67735
1.65623
1.39442
1.89732
1.3621
1.3964
1.62587
1.55958
1.94686
1.47985
1.69313
1.34536
1.59432
1.65382
1.53432
1.32844
1.877
1.75611
1.73978
2.23434
2.00008
1.4058
1.542
1.43848
1.52179
1.66509
1.47333
1.64304
1.49752
1.75984
1.52858
1.28711
1.26011
1.86861
1.70684
1.34576
1.28783
1.58446
1.60737
1.97456
1.6398
1.57971
1.57389
1.90371
1.86325
1.86181
1.58359
1.67071
1.52021
1.33693
1.77857
1.85469
1.69839
1.41514
1.80985
1.56638
1.41936
1.53362
1.95435
1.38334
1.70961
1.59554
1.88469
1.70999
1.84672
1.28676
1.76364
1.86438
1.40167
1.86368
1.52565
1.45994
1.34157
2.55757
1.63498
2.05495
1.50062
1.68569
1.52605
1.75036
1.23891
1.98775
2.16808
1.53006
1.90815
1.51808
1.09108
1.27726
1.90698
1.60405
1.11057
0.873558
1.18767
1.4089
1.4971
1.24714
1.63554
1.57441
1.41947
0.996721
2.00866
1.73756
1.55744
1.17331
1.25537
1.47285
1.25515
1.17333
1.10661
1.06906
1.14958
1.19299
1.79419
1.88857
1.20843
1.70459
1.10328
1.14499
1.07212
1.36626
1.40959
1.45234
1.74249
1.84879
1.08961
1.04609
1.32146
1.46698
1.06386
1.37504
1.74513
1.80249
0.961515
1.76232
1.21365
1.97237
1.74386
1.28507
2.13269
1.19341
1.09241
1.95138
1.34705
1.44538
1.83995
1.63256
2.06526
1.51618
1.19557
1.04461
1.53563
1.72257
1.35187
1.24347
1.147
1.12712
1.68204
1.7849
1.16856
1.48283
1.07875
1.01165
1.52651
1.16092
2.17921
1.45251
1.10011
1.52029
0.99716
1.22528
1.09991
1.70741
1.67625
1.74837
1.01239
1.19054
2.23447
1.10182
1.27189
1.63784
1.50354
1.23266
1.43262
1.16774
1.37527
1.1048
1.62544
1.41051
1.54796
1.776
1.78216
1.87128
1.39489
1.21504
1.00856
1.13756
1.39256
1.35852
1.7365
1.63683
1.39085
1.14857
1.1535
1.11773
1.46366
1.26953
0.973891
1.53378
1.51551
1.40955
1.32799
1.17365
0.931472
1.67257
1.44471
1.08225
1.16384
1.69358
1.4218
1.37414
1.7396
1.0585
1.13227
0.926146
1.57792
1.69107
1.64387
1.15354
1.67837
1.75423
1.45304
1.31656
1.47847
1.31162
1.89129
1.78924
1.55087
1.20792
1.08437
1.17289
1.92291
1.30997
1.02578
1.52873
1.59002
1.89184
1.54053
1.23693
1.22437
1.09893
1.1486
1.73581
1.75165
2.14843
0.798113
1.16748
0.902787
1.9225
1.54416
1.26595
1.67269
1.49972
1.56437
1.52627
1.86434
1.70037
2.26713
1.78679
1.61056
1.21241
2.12762
0.959593
1.47551
1.49968
1.49651
1.45969
1.23146
1.45497
1.32228
1.83614
1.63938
1.24726
1.24408
1.31974
2.11431
1.28417
1.40047
1.45954
1.1126
1.40304
1.66959
1.84825
1.04344
1.42135
1.78422
1.31588
1.24172
1.09491
1.26857
1.33026
1.61969
1.28791
1.13523
1.3435
1.23409
1.73877
1.39314
1.56818
1.95722
1.20545
1.44532
1.38022
1.43178
0.889026
1.94278
1.00583
1.05859
1.25367
1.37134
1.49468
2.01685
0.94016
1.60772
1.76409
1.35599
1.59257
1.5735
1.27809
1.23435
1.89654
1.43417
0.901428
1.1692
1.27908
2.19987
1.37623
1.5369
1.24856
1.49139
1.34682
1.09988
1.11625
1.39877
1.31003
1.49151
1.11113
1.64129
1.5699
1.42305
1.50842
1.41558
1.59002
1.32182
1.85029
0.756401
1.2951
1.11822
1.77494
2.13898
1.68425
1.32632
1.08834
1.50131
1.20738
0.981313
1.64274
1.31282
1.6007
1.60065
1.49154
1.33673
1.08513
1.30537
1.78155
1.35846
1.76043
1.62448
1.59542
1.284
1.25635
0.992763
1.62248
0.919006
1.92961
1.29156
2.57607
2.13685
1.20306
1.17501
2.72641
1.46937
1.09842
1.49063
1.61824
1.87663
0.951661
1.27785
1.20169
1.74655
1.69339
1.29149
1.09009
1.20923
1.56213
1.63286
1.26116
1.55182
1.14102
1.22009
1.76497
1.46045
1.05508
1.59005
1.20637
1.22125
1.57358
1.52099
1.4696
1.67303
1.21237
1.24782
1.28978
2.4266
1.15936
1.17669
1.38639
1.7954
1.29294
1.23517
1.2949
1.18925
1.05368
1.35973
1.65428
1.85912
1.11706
1.31919
1.41031
1.6917
1.08443
1.73244
1.58059
1.50898
1.42605
1.57775
1.12893
1.34743
2.48736
1.50627
1.66449
1.17224
1.41329
1.08871
1.65095
1.58792
1.17532
0.982978
1.06868
1.26846
1.80265
1.03932
1.74822
2.01029
1.13262
1.56391
1.2868
1.19491
1.41688
1.91707
1.6902
1.46516
1.58152
1.42743
1.01948
1.71787
0.979961
1.49824
1.14457
1.04947
1.04455
0.89506
1.36043
1.38262
1.00179
1.41107
1.15294
2.43936
0.850176
2.04598
1.48873
1.98376
1.06906
1.68068
1.43978
2.0534
1.94545
1.03935
1.43776
1.11887
1.30348
0.889841
1.27314
1.30362
0.954231
1.31778
1.71653
1.4206
1.97916
1.29875
1.34509
1.01422
1.54688
0.840606
0.92852
1.99047
1.61805
1.43146
1.31452
1.69107
1.12874
1.62828
1.15197
1.26788
1.26683
1.54788
1.78393
1.42567
1.45473
1.09359
1.25705
1.51993
1.47948
2.0642
1.35941
1.10785
1.6351
1.87596
1.33779
1.39528
1.7257
1.96769
1.37075
1.39447
1.42796
1.16602
1.30886
1.56323
1.50768
1.84235
2.25463
1.72186
1.41671
1.37654
1.48477
1.17354
1.76611
1.44865
0.921679
1.09542
1.54746
1.70586
1.63467
1.59685
1.1922
1.19354
2.14456
1.3711
1.21246
1.55879
1.43551
1.58062
1.92287
1.6233
1.4164
1.76709
1.25834
1.51331
1.35791
1.12006
1.63004
0.986496
1.66559
1.0781
1.13102
1.29814
1.29577
1.97907
1.16252
1.30838
1.0792
1.72748
1.01695
1.53453
1.21079
1.6282
1.56721
1.75496
1.77589
1.28982
1.71501
1.01092
1.087
1.38327
1.32086
1.36038
1.36335
1.48784
1.62882
1.46754
1.12661
1.41428
1.75114
1.07539
1.02811
1.48186
1.72825
1.74037
1.33833
1.57296
1.80119
1.79231
1.32483
0.955561
1.72145
1.36234
1.49347
1.30778
1.65597
1.31312
1.62373
1.7405
1.26266
1.42957
1.63546
1.0414
1.39247
1.44368
1.91377
1.35428
1.59092
1.23615
1.55155
1.30864
1.31358
1.26346
1.2004
1.8017
0.808959
1.74915
1.28295
2.12281
1.57247
1.40907
1.38778
1.4861
1.08637
1.42011
1.36755
1.27373
1.09272
1.65415
1.98824
1.45239
1.14284
1.01403
1.83182
1.21355
0.97477
1.41009
1.71801
1.89008
2.12499
1.48216
1.05061
1.15328
1.91344
1.35879
1.36871
1.0784
1.39779
1.46314
0.972013
1.25669
1.43952
1.30719
1.35508
1.03518
1.76509
1.33112
1.86437
1.64283
1.38614
1.04182
1.55079
1.7268
0.989881
1.15547
1.73784
2.05311
2.05187
1.91615
1.16633
1.3269
1.45247
1.88878
1.19984
1.1654
1.13625
1.54368
1.61364
1.89832
1.32768
1.33529
1.19091
1.26339
1.50052
1.58086
1.72999
1.16476
1.58623
1.29568
1.78828
1.68474
1.24996
1.66688
0.972591
1.50353
1.48642
1.18571
1.61733
1.51368
1.17743
1.14642
1.22706
1.87904
0.974958
1.16089
1.28383
1.48778
1.16154
1.8333
1.55571
1.54051
1.97202
1.24192
1.64773
1.72617
1.45601
1.01696
1.17247
1.62753
1.1766
1.20715
1.18657
1.53123
1.18156
1.54797
1.34271
0.970877
1.57209
2.65429
1.37351
1.27151
1.17547
1.443
1.58013
1.42681
1.50933
1.81103
1.9223
1.12143
1.03456
1.74121
0.996615
1.55366
1.34515
1.01018
1.43286
1.25406
1.11865
1.32952
1.19804
1.73898
1.1604
1.62859
1.5064
1.19995
1.81362
1.43972
1.20341
1.73715
1.45568
2.00201
1.39909
1.10206
1.0177
1.22924
1.35241
1.57615
1.44689
1.84925
1.49146
1.29558
0.881733
1.06311
1.02677
1.14943
1.32003
1.12793
1.22243
1.7296
1.43788
1.68401
0.852985
1.94911
1.09163
1.38058
2.14711
1.92144
1.63497
1.70038
1.26071
1.55268
1.18812
1.29976
1.96397
1.5701
1.77096
0.962611
1.04157
1.34945
1.91644
1.35922
0.918043
0.822888
1.81619
1.19339
0.974495
1.08144
1.21232
1.81222
1.44899
2.01901
1.64865
1.79887
1.24968
1.25519
1.27404
1.10696
1.45724
1.31461
1.83084
1.35747
1.19591
1.35102
1.53021
1.25067
1.35923
1.3236
1.83101
1.8701
1.19215
0.883456
0.972364
1.98237
1.30691
1.09205
1.57023
1.55897
1.36043
1.13991
1.5414
1.08221
1.17401
1.3604
1.70632
1.89229
1.56056
1.95185
1.22272
1.09857
1.51997
2.42296
1.55893
1.39935
1.71876
1.77903
0.821453
1.81351
1.18713
1.67754
1.53844
1.8032
1.43847
0.922694
1.36223
1.36355
1.38698
1.53588
1.34425
1.27715
2.45567
1.79443
1.08669
1.74934
1.28573
2.2145
0.831628
1.06135
1.0097
1.58853
1.12764
1.19767
1.65866
1.60315
1.7067
2.31384
1.43018
2.20608
1.37723
1.74142
1.43017
1.57307
1.31937
1.01828
1.55069
1.23017
0.9505
1.26707
1.4242
1.56043
1.01801
1.6682
1.19502
1.67523
1.23368
1.06231
1.22296
1.24711
1.62029
1.90251
1.27258
1.88245
1.0934
1.40752
1.99026
1.64254
0.7627
1.13868
1.69311
1.73606
2.30693
1.24245
2.17781
1.2675
2.21551
0.911448
1.58714
1.57125
1.83719
1.51019
1.52289
1.21248
0.901419
1.79558
1.2231
1.44549
1.89742
1.61744
1.46784
2.06172
1.07375
1.85195
1.37371
1.48391
1.53869
1.33988
1.63324
1.43867
1.46832
1.56829
1.60292
1.45335
1.27133
1.72004
0.665115
1.36711
1.355
1.36904
1.09718
1.21055
1.62253
1.63674
1.01836
1.36143
1.10081
1.10319
2.27072
1.30125
1.27812
1.67735
1.65623
1.06117
1.89732
1.00837
1.07465
1.32283
1.10939
1.53654
1.09073
1.69313
1.0843
1.20944
1.65382
1.53432
1.08117
1.24431
1.34199
1.43075
2.23434
2.00008
1.131
1.17579
1.0713
1.0628
1.29504
1.22363
1.26298
1.49752
1.38348
1.52858
1.28711
1.05744
1.21583
1.43612
0.908919
0.890246
1.58446
1.60737
1.97456
1.04233
1.57971
1.57389
1.90371
1.49401
1.37939
1.58359
1.20167
1.00575
1.33693
1.27438
1.36169
1.29369
0.982152
1.46554
1.13766
1.41936
1.53362
1.65301
1.38334
1.70961
1.17424
1.61308
1.2365
1.38167
1.28676
1.31951
1.51425
1.40167
1.86368
1.11326
1.45994
1.03932
2.55757
1.63498
1.66897
1.21549
1.68569
1.52605
1.75036
1.23891
1.47234
2.16808
1.53006
48131200.0
62547400.0
52452700.0
60699900.0
58828800.0
63257000.0
43063300.0
59389400.0
66541600.0
62407100.0
62947400.0
48648800.0
69308500.0
57344000.0
64329800.0
47146000.0
49388100.0
53289400.0
59096200.0
77374800.0
78747900.0
45139100.0
62441900.0
59052700.0
69253300.0
66238900.0
62718400.0
67027200.0
55211100.0
42324900.0
57918100.0
43670200.0
54617100.0
61026700.0
63866400.0
49965600.0
49559700.0
78299300.0
54998400.0
56829800.0
79171000.0
53288100.0
57527100.0
57891900.0
69338400.0
50141300.0
50718300.0
58133400.0
44993600.0
64001000.0
58819300.0
60582900.0
52805300.0
62348200.0
55018300.0
59045500.0
59069400.0
50158100.0
56312500.0
50800600.0
42711700.0
70706600.0
36792200.0
59523000.0
48087600.0
74246000.0
66992700.0
51487000.0
49134100.0
39843700.0
44727600.0
53510000.0
48006600.0
53312200.0
50075400.0
50716600.0
63004300.0
72981900.0
38536800.0
73687900.0
51460000.0
59813100.0
73501700.0
59769900.0
65926200.0
46834000.0
65849600.0
53743400.0
65306000.0
48321800.0
64558900.0
56243300.0
45106600.0
71655000.0
40293400.0
47396100.0
40965100.0
58929000.0
65654500.0
51546500.0
64598400.0
53519700.0
51619000.0
53696400.0
65239400.0
45044000.0
59416700.0
57362500.0
62119100.0
54097300.0
80248100.0
60085300.0
52660500.0
49750600.0
69814600.0
66271400.0
42985400.0
42770600.0
47754600.0
60419300.0
74950400.0
61706600.0
53791300.0
61967100.0
38688700.0
51739300.0
61640900.0
51866300.0
72937000.0
49625900.0
40989400.0
52030700.0
54737100.0
50713500.0
52737500.0
59735200.0
59779800.0
79949300.0
72421000.0
67368900.0
45131300.0
80546900.0
36428300.0
63429700.0
64948400.0
63622100.0
69113300.0
77755500.0
38113900.0
68169500.0
59064600.0
64562600.0
51168700.0
65474000.0
57743800.0
67849600.0
45016800.0
38646100.0
66496900.0
56824900.0
74033000.0
56752200.0
44863600.0
68543100.0
58113900.0
44738200.0
55427000.0
69382800.0
39630100.0
48845900.0
60565000.0
47668900.0
40993200.0
50528300.0
79911300.0
63163600.0
58056200.0
67749000.0
37594100.0
68208800.0
54567800.0
45755800.0
44789000.0
65786100.0
65299800.0
67103800.0
36813700.0
85508000.0
41877200.0
68451000.0
62734100.0
56379700.0
40367300.0
37365100.0
60746600.0
66210600.0
50630100.0
79975900.0
62483300.0
47711800.0
34590800.0
58355800.0
64623000.0
77204200.0
56929400.0
47830100.0
39682700.0
46661900.0
54359800.0
70819600.0
55882300.0
47040000.0
62778200.0
91560300.0
35666200.0
68692200.0
55926900.0
63154100.0
72144800.0
45135100.0
54590700.0
57001800.0
58952000.0
52335800.0
45300500.0
69355200.0
51493000.0
62024600.0
59105200.0
63058800.0
64667900.0
43263900.0
55418200.0
56444900.0
53897500.0
59105900.0
35833800.0
49676700.0
59756100.0
49198200.0
67515500.0
52346800.0
81436900.0
65090900.0
62643400.0
56730800.0
46171200.0
57004300.0
52327500.0
49930300.0
34602000.0
51854200.0
81933400.0
48766100.0
65886200.0
57705000.0
57431200.0
54884000.0
63750500.0
57587400.0
57107300.0
48342300.0
49713400.0
56280200.0
61963100.0
63628700.0
39472300.0
44201000.0
46377400.0
38949700.0
52549100.0
71890100.0
65586700.0
59458800.0
44049800.0
54480400.0
74242300.0
74525700.0
56339200.0
57836700.0
74671500.0
88559100.0
67706100.0
56351900.0
78148100.0
73514100.0
43916100.0
62427600.0
61900500.0
43106100.0
52730800.0
60736000.0
61336300.0
57491400.0
55101400.0
45256400.0
67032600.0
53062000.0
77942100.0
53083200.0
59116100.0
33425200.0
50722400.0
57827600.0
44350600.0
34923100.0
74143900.0
72055800.0
36072900.0
62421800.0
35217700.0
66000600.0
63183000.0
52771900.0
39700200.0
52103300.0
60276400.0
51736400.0
58994900.0
45737800.0
53154300.0
71897900.0
63634000.0
54707300.0
50841200.0
60979000.0
53856100.0
66641500.0
52073400.0
64814000.0
79171700.0
70479300.0
36466400.0
42056400.0
35134500.0
39852800.0
63448900.0
82349500.0
40942500.0
53074300.0
64530700.0
67547200.0
64275500.0
28990800.0
43617800.0
58984300.0
67258800.0
57547300.0
42859300.0
48802500.0
56710600.0
49655400.0
58971800.0
47372600.0
55627400.0
58616400.0
53668200.0
59174300.0
55342000.0
50037500.0
52954600.0
56703000.0
54091200.0
34456600.0
77215000.0
43820500.0
58523000.0
53432300.0
56434100.0
67230700.0
48993100.0
62941300.0
56449400.0
63351000.0
40689300.0
35519100.0
62067100.0
46510300.0
45646200.0
64553800.0
50661600.0
46262300.0
64068300.0
48962400.0
61592100.0
66367100.0
46748100.0
58996600.0
76151400.0
54490900.0
40495200.0
59252300.0
49066500.0
56760100.0
61791000.0
72302700.0
53550500.0
67505100.0
58475700.0
54603100.0
54343700.0
47057600.0
43262200.0
71136800.0
48527800.0
56416400.0
41494300.0
68809700.0
60545400.0
50360900.0
32532600.0
44383400.0
37835100.0
59489800.0
55156000.0
65099800.0
54265700.0
46217800.0
67807400.0
59659900.0
63349300.0
51533600.0
52879100.0
63800800.0
65587500.0
62035800.0
74564600.0
57878100.0
64464900.0
65528900.0
45165300.0
44166500.0
62178800.0
68748100.0
51110700.0
81306000.0
50808600.0
55410600.0
60249400.0
49645700.0
45188700.0
52488000.0
51633100.0
51429500.0
75209500.0
61585300.0
61333400.0
48515400.0
57332700.0
66019500.0
91004800.0
58869800.0
43057600.0
57063400.0
64153400.0
58509300.0
55550300.0
45954800.0
59423900.0
45415500.0
57359400.0
59832100.0
48005600.0
51984300.0
50559200.0
47171400.0
61473100.0
63954100.0
50331200.0
42291600.0
53385400.0
57269100.0
48710500.0
43994100.0
56916500.0
48172900.0
82683200.0
51043100.0
38667100.0
57528300.0
65917700.0
47731000.0
64130100.0
68714000.0
54228200.0
57047500.0
63327400.0
55807100.0
62676800.0
47179800.0
54237500.0
84324300.0
57479300.0
43557500.0
58595800.0
45278500.0
42625300.0
49790200.0
65366700.0
51612900.0
54569700.0
62623600.0
56283100.0
73389800.0
67650100.0
62344700.0
51680500.0
60050900.0
61872100.0
61486200.0
57127000.0
47006400.0
49173500.0
55475700.0
59250700.0
90546800.0
70817400.0
81161600.0
58295000.0
58986000.0
50490500.0
61250600.0
79988400.0
39714700.0
64591900.0
50125500.0
57134700.0
58430400.0
46991800.0
73024300.0
46200600.0
52621100.0
54961100.0
59330000.0
59178600.0
37791700.0
52692900.0
56377500.0
72181500.0
47419600.0
43889000.0
63953500.0
68930200.0
48886700.0
46047400.0
51446400.0
54463500.0
67217500.0
43611900.0
43161100.0
81655400.0
77934500.0
55911200.0
44386300.0
50961000.0
60012100.0
51997800.0
67028400.0
67195700.0
73824600.0
68915900.0
47716200.0
57525300.0
61429000.0
71145200.0
47962400.0
41360000.0
59749200.0
50083200.0
73905400.0
40333400.0
70675200.0
48652000.0
48194400.0
55810500.0
47035700.0
66516900.0
54365900.0
82147600.0
47693500.0
62589300.0
44732800.0
60582700.0
39901700.0
67626200.0
38001900.0
43212200.0
35668700.0
50047800.0
56063500.0
60587600.0
31737600.0
50106200.0
43894000.0
60394900.0
40363300.0
46942500.0
46879700.0
63449500.0
46929100.0
46716900.0
60647000.0
77299600.0
60106100.0
58416800.0
52814400.0
51914600.0
57431200.0
67961000.0
53374900.0
55014200.0
62177300.0
72459100.0
56419000.0
45104800.0
35799100.0
42472500.0
84341600.0
45939200.0
47399700.0
30076200.0
54315100.0
51069500.0
59188200.0
62794300.0
60863400.0
48048500.0
52164500.0
54719900.0
29673100.0
69078700.0
60170100.0
82036100.0
64392300.0
48887300.0
41679400.0
52269600.0
46732100.0
54694500.0
55369400.0
55630100.0
70286300.0
56335000.0
59569700.0
57412600.0
55402900.0
51610900.0
69489000.0
68482500.0
68960600.0
52336800.0
94056200.0
51872900.0
77575200.0
75817700.0
82517800.0
52261700.0
48874800.0
56257400.0
48355700.0
58307200.0
39744200.0
64688600.0
57076800.0
59747700.0
66930300.0
91395300.0
65644800.0
48880900.0
49295300.0
61139900.0
51410500.0
37425400.0
67165600.0
74638300.0
57601800.0
27461400.0
48182000.0
46376400.0
59039600.0
45427500.0
42856100.0
49330900.0
70239500.0
38377200.0
56173700.0
39368100.0
80240100.0
60812600.0
70466200.0
38883700.0
50100100.0
87675600.0
67700400.0
59184900.0
70739200.0
56635800.0
43992500.0
62023900.0
56640800.0
55596400.0
49769500.0
58898800.0
42176300.0
54361300.0
50190000.0
39900100.0
44304800.0
42020100.0
66660100.0
71083900.0
60179800.0
52757300.0
49795600.0
61105400.0
70458600.0
34328300.0
65504100.0
74654500.0
64034300.0
77133400.0
54324100.0
49633900.0
78263600.0
49392000.0
48396000.0
62269500.0
54834800.0
51970300.0
67473900.0
63200600.0
73146200.0
50436300.0
49232100.0
45977500.0
47887800.0
46396400.0
62813100.0
63343100.0
70077200.0
58521500.0
55917500.0
57525700.0
69103900.0
66663300.0
42826300.0
55999400.0
63129600.0
58195100.0
51163300.0
65928800.0
49488400.0
43686700.0
64635400.0
51407100.0
65349700.0
54307900.0
40428300.0
60343200.0
68092200.0
48576400.0
76940600.0
41593100.0
67047600.0
67159800.0
56165700.0
59733700.0
56963300.0
71938900.0
41645200.0
47918200.0
67803600.0
63504600.0
55500200.0
55627500.0
63981300.0
54393700.0
52628600.0
62640800.0
55020400.0
63231700.0
66645100.0
53145400.0
71548100.0
52494900.0
59823400.0
59189400.0
53677300.0
60730200.0
70372200.0
55275600.0
55395300.0
58288100.0
64530000.0
48401900.0
65567300.0
66693300.0
76925500.0
56947200.0
44941200.0
54639700.0
47150100.0
57382600.0
57269300.0
56788900.0
68868700.0
53796500.0
51611400.0
41435700.0
59892900.0
84058000.0
49803700.0
60485200.0
60755900.0
51099800.0
56682700.0
64047600.0
45759200.0
61679700.0
67953400.0
57661900.0
75731900.0
38249300.0
62483900.0
89493300.0
59220500.0
54729600.0
49796900.0
40918600.0
49768700.0
47127700.0
68709500.0
43116800.0
73701300.0
64344800.0
47225100.0
50966800.0
73134400.0
52703700.0
60813800.0
61384400.0
47373800.0
48219000.0
62369200.0
72167600.0
49608600.0
31109600.0
51556600.0
60037700.0
57382700.0
38723000.0
62982800.0
59062000.0
54059200.0
42303900.0
55243700.0
56752000.0
68490400.0
59246300.0
53760200.0
74290700.0
49548600.0
47978300.0
65506100.0
54851800.0
49002000.0
38358100.0
57063900.0
76861800.0
39737500.0
52102300.0
49705500.0
55062400.0
42521900.0
28647200.0
53117600.0
60929900.0
54287400.0
39162600.0
71470700.0
63869300.0
54244900.0
49599200.0
53317100.0
61113800.0
70850100.0
29877900.0
63761900.0
55635300.0
62077600.0
48797700.0
66731300.0
36986300.0
62556900.0
42606100.0
55369200.0
49040000.0
64336900.0
58516300.0
60444300.0
50017200.0
63307100.0
67066500.0
55338300.0
63790400.0
50967800.0
61488400.0
52708100.0
34698900.0
77255400.0
53628500.0
59444800.0
57287700.0
39072300.0
73073100.0
64742600.0
53904200.0
82896100.0
80628700.0
38801600.0
62950300.0
51888500.0
47378500.0
39025900.0
47912200.0
61446500.0
54069000.0
67778700.0
53129200.0
68268100.0
41203400.0
65103200.0
49783600.0
60366300.0
40564500.0
44230300.0
68335600.0
71950000.0
48110300.0
66540600.0
47793700.0
78781100.0
57822200.0
63558400.0
48747500.0
54151500.0
73520400.0
67195600.0
62057500.0
61865900.0
53639900.0
69944500.0
54351600.0
52852700.0
56887900.0
52687400.0
61063400.0
63780000.0
57120800.0
54052200.0
45884300.0
44473400.0
71746600.0
56861200.0
65742000.0
64158800.0
62918900.0
42394700.0
52379200.0
72195600.0
53291500.0
56829100.0
69822900.0
56462000.0
41898700.0
78044400.0
51868900.0
55986700.0
47141700.0
59458000.0
59836700.0
78568500.0
42587700.0
40120400.0
70793100.0
45424900.0
50754800.0
59567500.0
68128800.0
36860300.0
75978300.0
60536800.0
64609500.0
61872000.0
57349100.0
48826800.0
64414800.0
47148000.0
41079000.0
69595700.0
