0.677083
1.16206
0.775845
1.09356
0.747707
1.10923
1.22064
1.21133
0.952472
1.53722
1.0241
0.740566
1.20247
1.13807
1.22589
1.12858
0.701476
1.07937
1.17793
0.817465
1.24963
1.16203
1.13491
0.994093
0.91099
1.29481
1.23676
0.98474
0.78502
1.02882
1.20756
0.793877
0.925217
1.11752
1.15516
1.03005
1.08725
1.28692
0.839217
0.986536
0.915728
0.936019
0.849851
0.986458
0.865179
1.04729
0.915471
1.00327
0.945148
0.733666
1.06426
1.03008
0.896408
1.24752
1.1054
1.07587
0.93508
1.13477
1.01036
0.885671
1.36866
1.37945
1.21401
1.34798
1.02515
1.10077
0.984409
1.04478
1.0484
0.824634
0.944622
0.919738
0.932792
1.19001
1.07663
0.958346
1.12429
0.848256
1.34005
0.954568
0.760422
0.891482
0.930657
0.963983
1.14575
0.910473
1.06449
1.21705
1.22847
1.10346
0.975476
1.086
0.996121
1.14689
0.813242
0.719636
0.879945
0.923674
1.13112
1.15708
0.848541
0.945241
1.00526
1.14094
1.05297
0.946957
0.92257
1.02409
0.933168
1.19936
1.17421
0.915852
1.02046
1.20386
1.1087
1.13481
0.955518
1.34653
1.18281
0.986238
1.23577
1.32715
1.05965
1.02349
1.10877
0.639787
1.12707
1.0195
1.1842
0.950415
0.948401
0.968455
1.1092
1.39218
1.14778
0.837266
1.43475
1.05374
0.760401
1.10726
1.18046
0.967934
1.25215
1.30254
0.855178
1.21026
1.20055
0.875638
1.06325
1.01642
1.10542
1.4108
1.18312
0.975002
1.14412
1.81124
1.18381
0.850627
0.90368
1.12488
0.902369
0.844012
0.985462
1.0116
0.999118
1.10683
1.07783
1.04512
0.993135
1.39724
0.93441
1.27457
1.18858
0.972199
1.09066
0.998866
0.902403
1.0353
1.13946
1.12917
1.337
1.01837
1.18349
1.09501
1.24525
1.32318
1.07536
0.758311
1.33
0.91353
1.12954
0.929422
1.38075
1.26186
0.938796
1.29447
0.981124
1.33807
1.34061
0.979519
0.997886
1.27233
1.08992
1.09062
1.00293
0.875571
1.24327
1.27232
1.33188
0.957575
1.02153
1.04489
1.06796
1.11634
0.792931
0.937782
0.751519
1.3503
1.05253
1.32616
0.82941
1.45402
1.28948
0.872026
1.12289
1.05758
1.22054
1.15547
1.28768
1.35521
1.2493
1.11819
1.01262
0.871143
1.07017
1.1681
1.1871
0.923528
0.962935
1.24793
1.19602
1.11118
0.792158
0.925086
1.15844
0.976343
1.09388
0.882691
1.13282
0.971059
0.708339
1.16966
1.17144
0.678835
1.15208
1.09959
1.11375
1.21041
1.17526
1.1266
0.849859
0.782932
0.972592
1.18354
0.790722
1.16438
1.01849
1.08903
1.04353
1.05762
1.38791
1.05
0.925031
0.986524
1.1841
0.848139
0.943353
1.19749
1.07443
1.3435
0.806378
1.28905
1.18476
1.33192
1.21756
0.879433
1.0695
0.871308
0.932292
0.879012
0.701319
1.11014
1.20036
1.12362
1.53888
1.02285
0.843546
0.853372
0.948644
0.726091
1.05699
0.689604
0.760168
1.35146
0.88183
1.10637
1.26288
0.857833
1.0965
0.847213
1.16174
1.06179
1.17207
0.884415
1.04726
1.19289
1.03977
1.05988
1.17566
0.997137
0.916482
1.2022
1.02679
1.05384
1.15413
1.00007
1.02878
1.27379
0.940573
0.92938
1.03597
1.01854
1.03905
0.967139
0.945078
0.931724
1.06508
1.14185
1.12164
0.81009
1.10504
1.12428
0.955324
1.13723
1.0204
1.19301
0.933684
0.886942
1.29344
1.08191
0.75227
1.4224
1.09849
1.12948
1.08122
0.892596
0.964598
1.12899
1.01434
1.06984
1.20344
1.19339
0.911214
1.22897
0.731822
0.953222
1.28426
1.46382
0.939965
1.04334
0.865638
1.33766
1.04287
1.27234
0.966083
0.834802
1.08558
0.945177
0.926943
0.813298
0.943144
1.13648
1.46692
0.869631
1.20518
0.98264
0.837501
1.07135
1.00675
1.14944
0.885919
0.880202
1.05822
1.34608
1.1609
0.845499
0.969916
1.10885
1.02127
0.849392
1.14014
1.1847
0.926198
1.09015
1.25825
0.970859
0.869311
1.18117
0.985415
1.07168
1.03866
0.921757
1.06332
0.917339
1.12618
0.886432
1.47837
1.05078
1.06498
1.2393
1.11512
1.15821
1.07312
1.2306
1.15028
1.0476
1.04067
1.03921
0.905675
1.01091
1.02461
0.871298
1.09224
1.05523
0.931709
0.789088
0.944075
1.12138
1.14283
1.11699
0.903534
1.15658
0.957522
0.802874
1.13094
0.971928
0.936068
0.913462
0.938513
1.17402
0.816914
1.09314
1.13338
0.983574
0.878319
1.21976
0.8966
1.19477
0.803771
1.42561
1.11204
0.876837
0.997546
0.784761
1.14772
0.958783
1.09248
1.34013
0.878875
1.00539
0.992919
1.13513
0.919006
0.885176
0.896489
1.15298
1.0256
1.13918
0.942601
0.850031
0.809611
1.08006
1.02797
0.930266
1.16793
0.914227
1.57833
0.691944
0.967658
1.1536
0.887061
0.82253
0.909765
0.860708
0.968288
0.884639
1.11362
1.03201
1.30392
1.00391
1.23474
1.0141
1.16603
1.2821
0.838664
1.02734
0.89047
0.913224
1.21241
1.26785
0.925747
0.926902
0.765896
0.867318
0.960624
0.974532
1.24188
1.24111
0.613092
1.08493
1.48162
0.894834
0.873014
0.807409
0.989194
1.19259
1.16768
1.08778
1.11155
0.860645
1.05221
0.785457
1.00511
1.00434
1.0268
0.986203
1.09344
1.02287
0.934644
1.02344
0.753442
1.04278
1.04133
0.973394
0.94787
1.08585
1.01511
1.54626
1.09247
0.75838
1.03184
1.46321
0.838749
1.00698
1.04018
1.1637
1.18304
0.990761
0.792207
1.00629
1.12704
0.913021
0.766998
0.835168
0.986636
1.08594
1.08923
1.04195
1.10049
0.934853
1.07012
1.17321
1.13647
0.968507
1.00676
1.28953
1.04137
1.26518
1.19667
1.0186
0.975312
1.05096
1.1389
0.956675
1.25394
0.953847
0.773196
1.24813
0.873247
1.07976
0.986224
1.23492
1.22248
0.920877
0.972736
1.15704
1.04794
0.921829
0.791689
1.02702
0.84077
1.10679
0.890683
1.29676
1.27133
1.05257
0.935088
1.17748
1.05673
0.98713
1.30737
1.25611
0.937179
0.810644
0.990974
1.03117
0.830937
1.18928
1.12062
0.778715
1.02058
1.25511
1.08775
1.24478
0.958678
1.18103
1.26381
0.89651
1.03655
1.03837
1.34595
1.18487
1.08266
1.20621
1.0257
0.749417
1.11521
1.06227
1.09363
0.810291
1.05911
0.775479
1.15745
0.946856
0.880011
1.10329
1.30231
1.06474
0.987779
1.1116
0.980385
1.23274
0.942768
1.35547
1.03228
1.34598
1.30788
1.26803
0.954227
0.985168
1.25429
1.09357
1.56867
1.03696
1.02415
0.891006
1.13322
0.997881
1.04649
1.20892
0.971933
0.730914
1.21525
1.42524
0.906465
1.07914
1.06443
0.998774
0.89465
1.22208
0.961933
1.2539
0.644209
1.12422
0.809628
0.875908
1.13494
1.13546
0.750585
0.994096
1.15149
1.02213
0.892898
0.982905
1.07647
0.959326
0.942199
1.12597
0.849551
0.926651
1.11908
1.18691
0.885027
1.15561
0.971912
1.26355
1.12484
1.32597
1.004
1.07682
1.07033
0.825796
0.892484
0.974521
0.900391
1.12628
1.01673
0.886205
1.50422
0.926106
0.828375
1.11446
0.854096
1.06382
0.970343
0.928715
1.31758
0.983349
1.02757
0.756547
1.20774
0.978779
0.950079
1.04057
1.071
0.776653
1.07578
0.972988
1.08011
1.31062
0.832184
1.26434
1.32724
0.93848
0.821675
1.02389
1.03113
1.01834
0.967448
0.954384
0.905321
0.739146
1.16862
1.01981
0.844661
0.915505
0.934566
0.906838
1.09958
1.05094
1.24183
0.943885
1.16707
1.03092
0.873038
1.002
0.833955
1.06391
0.950026
1.00337
1.23328
1.26521
1.02636
1.04271
1.00355
1.65292
0.83983
0.978521
1.01402
0.9154
1.21675
1.27265
1.16003
1.22016
1.07675
1.4347
1.26426
1.20795
0.913442
1.10334
0.885212
1.64631
1.20064
0.890874
1.12864
1.16579
1.04451
1.15512
1.13644
0.921989
0.848772
0.747264
1.24954
0.98078
0.934941
1.14264
0.970832
0.930817
1.25206
1.06211
1.45814
1.31592
1.17324
1.2654
0.954799
0.888445
1.09153
1.01807
1.07672
1.14775
1.02777
1.24088
1.13766
0.984121
0.832068
1.00884
0.870779
1.31278
0.974904
1.04271
1.01611
0.881396
1.12524
1.01679
1.39859
1.08635
1.3016
0.896266
0.834156
1.1435
1.12029
0.971756
0.980118
1.1053
1.05808
0.868681
1.20556
1.21575
1.16508
1.00285
1.04882
1.08287
0.771822
0.91006
0.93042
0.980833
1.21818
0.862962
0.90768
1.22768
0.926462
0.937916
1.01351
1.00196
1.26256
0.998205
0.827677
1.42428
1.40868
1.15835
0.973856
1.06382
1.18221
1.07804
1.06551
0.791577
1.17537
0.946562
0.978124
0.93962
1.03478
1.06812
1.32236
0.888908
0.842959
1.29945
0.760726
1.22678
0.97352
0.981624
1.02412
1.08585
0.862131
1.05442
1.19699
1.06549
1.04246
0.939674
0.750807
1.02067
1.33473
0.893836
1.11763
1.21351
1.14408
1.06327
0.947128
1.01948
0.979845
1.05235
0.824409
0.982499
0.988769
1.05135
1.10954
1.20856
1.1956
1.12546
1.01458
0.838363
0.850181
1.3929
0.985941
1.50523
1.13157
0.892387
0.860478
0.973817
1.0561
0.715442
0.986063
1.07134
1.02714
0.915584
1.0126
1.28635
1.01039
0.925027
0.967953
1.19413
1.02114
1.13944
0.744374
0.900597
1.34149
1.04372
1.08269
0.957017
1.22434
1.01127
0.959236
1.11674
0.8823
1.0009
1.07204
1.19618
1.07062
1.14186
0.889088
1.13967
1.11296
1.03878
1.08643
0.777518
0.987061
1.04561
0.865593
0.854885
1.12684
1.03577
1.04375
0.845003
0.989669
0.893004
1.10144
1.14268
1.35385
0.827583
1.10677
1.382
1.1232
1.23245
1.00497
0.918316
0.77979
0.869501
0.750543
0.806152
0.863594
1.20383
1.14405
0.931396
1.00048
1.21345
1.1217
0.786473
1.04867
1.16958
0.924343
0.900992
1.25263
1.63575
1.36905
1.69504
1.28536
1.76182
1.9693
1.77008
1.65643
2.16917
1.65026
1.27481
1.84949
1.82694
2.01376
1.72371
1.27685
2.03925
1.89045
1.3057
1.93517
1.88448
1.82827
1.51321
1.55175
1.9202
1.78964
1.54058
1.41639
1.68003
1.89895
1.52068
1.65874
1.84633
2.02375
1.65341
1.70863
2.10295
1.31822
1.68633
1.52882
1.44071
1.61924
1.81
1.58973
1.68853
1.70043
1.41579
1.42875
1.48344
1.59042
1.69664
1.34325
1.90879
1.77179
1.82799
1.65516
1.7922
1.47308
1.34152
2.16354
2.18757
1.83715
1.9849
1.59951
1.74916
1.57312
1.61582
1.77689
1.23673
1.52443
1.66431
1.51539
1.7992
1.62997
1.4052
1.83313
1.37865
1.90668
1.51655
1.41902
1.51273
1.59113
1.48104
1.70868
1.65557
1.53172
1.90573
1.92191
1.77197
1.6934
1.58895
1.59152
1.88178
1.44641
1.29154
1.61178
1.49176
1.95397
1.54712
1.39204
1.7523
1.59143
1.90876
1.76971
1.49338
1.38777
1.6746
1.48643
1.76715
1.64826
1.33693
1.60431
1.67957
1.59036
1.70515
1.36095
1.97571
1.90397
1.52114
2.21515
1.98386
1.65538
1.82371
1.70266
1.06469
1.72617
1.58439
1.8144
1.43421
1.524
1.58815
1.60934
2.25901
1.91547
1.43739
2.3591
1.58379
1.45917
1.83804
1.99137
1.46153
1.83655
2.07687
1.42644
2.07701
1.88058
1.4802
1.64015
1.78289
1.70084
1.9687
1.72388
1.55538
1.75047
2.92058
1.91869
1.48059
1.62101
1.61088
1.37395
1.39864
1.61529
1.73894
1.48334
1.82905
1.82585
1.66116
1.50714
2.17191
1.54045
2.19419
1.91766
1.54321
1.75672
1.45799
1.47906
1.65764
1.85996
1.73336
2.09928
1.72879
1.95813
1.7313
1.81789
1.89951
1.58623
1.35601
2.3345
1.42731
1.95004
1.53156
2.00149
1.96698
1.69791
2.15071
1.64036
2.14056
1.97052
1.46081
1.60869
1.88574
1.64199
1.59129
1.52345
1.43058
1.85133
1.84306
2.02057
1.57901
1.60971
1.59809
1.72861
1.68888
1.20848
1.40414
1.3517
2.04845
1.6428
2.16605
1.4637
2.11086
2.01003
1.33518
1.8543
1.64898
1.98612
2.04834
1.94692
2.33765
2.02801
1.77908
1.45966
1.58034
1.80158
2.11993
1.68613
1.80546
1.638
1.81274
1.901
1.76727
1.42179
1.67046
1.87681
1.68493
1.69863
1.39866
1.88928
1.38989
1.2195
2.02195
1.87529
1.19683
1.60373
1.74581
1.80519
1.97805
1.7474
1.87108
1.49931
1.28019
1.59573
1.81024
1.52551
1.78679
1.5601
1.71897
1.63713
1.61373
2.08206
1.65348
1.46607
1.56373
1.90264
1.4335
1.63293
1.9051
1.64953
2.09898
1.23324
1.96095
1.96316
1.94034
1.79434
1.3728
1.51986
1.40285
1.43419
1.58875
1.32271
1.8351
1.97194
1.73141
2.20343
1.60181
1.42097
1.51583
1.43247
1.17547
1.71334
1.17319
1.26631
2.00417
1.42284
1.62697
1.86137
1.44251
1.87576
1.46026
1.71004
1.66071
1.80276
1.42903
1.71432
1.85134
1.58181
1.7745
1.65284
1.67688
1.44805
1.79931
1.80535
1.56725
1.90178
1.49836
1.54736
1.97628
1.48414
1.46927
1.7115
1.5655
1.78557
1.81524
1.55769
1.386
1.62166
1.79614
1.77065
1.27477
1.63492
1.71539
1.76763
1.71941
1.72311
1.95573
1.56265
1.49521
2.0009
1.62033
1.39064
2.10388
1.64013
1.97715
1.62746
1.47909
1.59967
1.73176
1.52295
1.69924
1.73411
1.81756
1.54608
1.82763
1.30595
1.45897
2.00944
2.30198
1.3976
1.66271
1.65632
2.14483
1.67417
2.00378
1.66735
1.57231
1.53882
1.44352
1.67058
1.24666
1.73496
1.84708
2.18363
1.51283
1.88718
1.55241
1.50312
1.8961
1.57903
1.60444
1.49193
1.5028
1.73785
2.22827
1.63516
1.42602
1.69696
1.71132
1.64322
1.40957
1.80016
1.87098
1.4239
1.78018
2.00399
1.49423
1.57248
1.9325
1.56201
1.72344
1.76642
1.40134
1.63
1.51359
1.81793
1.41316
2.35967
1.6136
1.70384
1.81872
1.89925
1.8659
1.73069
1.90922
1.54999
1.831
1.76163
1.66209
1.52493
1.9468
1.65689
1.32768
1.74396
1.69204
1.61927
1.47904
1.5157
1.82388
1.76391
1.76537
1.66688
1.87032
1.5022
1.19699
1.74567
1.58967
1.67017
1.34657
1.30776
1.8758
1.23641
1.80102
1.96363
1.49891
1.35172
1.96545
1.65598
1.80708
1.30713
2.13492
1.70369
1.35156
1.5019
1.33656
1.84525
1.39521
1.71778
1.97251
1.41701
1.67873
1.66817
1.90434
1.50492
1.31462
1.47538
1.7969
1.70907
1.94855
1.66484
1.39685
1.45709
1.69146
1.55696
1.55475
1.92298
1.49319
2.5467
1.21885
1.56664
1.88083
1.45733
1.3547
1.44047
1.43428
1.52763
1.5589
1.91549
1.39305
1.88617
1.66985
1.8094
1.43296
1.75765
2.18284
1.25589
1.55915
1.39645
1.3999
1.85644
2.04034
1.55347
1.47011
1.3041
1.48584
1.49898
1.54046
1.94499
1.95583
1.20358
1.94147
2.11031
1.57556
1.5177
1.2973
1.80813
1.70621
1.7779
1.69499
1.69883
1.41647
1.64829
1.24588
1.66499
1.51836
1.68667
1.60612
1.6129
1.55699
1.61509
1.65686
1.26953
1.70375
1.59735
1.62983
1.5552
1.75118
1.50837
2.50779
1.6315
1.36801
1.91039
2.3362
1.31826
1.4807
1.60641
1.90628
2.0314
1.52207
1.22555
1.49013
1.76014
1.52666
1.31814
1.35729
1.7281
1.80173
1.62908
1.54822
1.87372
1.532
1.66495
1.88575
1.97693
1.49172
1.74162
1.97739
1.66904
1.9386
1.82528
1.59025
1.80355
1.7519
1.68771
1.42247
1.98951
1.53256
1.26169
1.91921
1.35432
1.65038
1.61061
1.8508
1.89013
1.42998
1.51602
1.77583
1.68407
1.28244
1.43802
1.69786
1.64402
1.71958
1.40423
1.81145
2.03202
1.80487
1.44655
2.03662
1.48389
1.46304
1.95248
2.00531
1.51473
1.19973
1.64371
1.74273
1.40362
1.69623
1.93877
1.2697
1.62389
1.6608
1.6092
1.75975
1.66183
2.08492
1.83105
1.52649
1.87568
1.57635
2.12793
1.79146
1.83505
1.98819
1.546
1.30966
1.86719
1.72506
1.87799
1.40635
1.7458
1.40542
1.96885
1.45116
1.43264
1.6711
1.84117
1.92261
1.54427
1.6757
1.63247
1.76484
1.48803
2.13918
1.60866
2.1448
1.99096
1.94677
1.81675
1.6293
2.17914
1.55068
2.563
1.52098
1.50793
1.47935
1.72304
1.6871
1.80184
1.98657
1.50782
1.33832
1.85295
2.15282
1.51863
1.56308
1.62682
1.58257
1.61878
1.7755
1.50122
2.3254
1.15157
1.66921
1.42997
1.44343
1.77529
1.71942
1.33618
1.65756
1.67127
1.65353
1.37447
1.59972
1.62707
1.47446
1.39891
1.7817
1.32923
1.42471
1.84307
1.8913
1.46439
1.69448
1.72475
1.87998
1.74643
2.06219
1.53711
1.82459
1.58161
1.46456
1.47846
1.41975
1.27965
1.81554
1.52943
1.59154
2.45034
1.68684
1.34558
1.60936
1.46843
1.78055
1.49185
1.6313
2.01159
1.69524
1.5479
1.31621
1.95644
1.56096
1.43176
1.56687
1.54349
1.25287
1.6378
1.54425
1.67098
1.93858
1.38909
2.16516
2.18301
1.48668
1.30598
1.83797
1.89364
1.81409
1.60419
1.50061
1.43842
1.34962
1.79635
1.60523
1.42554
1.42555
1.69389
1.48716
1.6856
1.69399
1.96429
1.41593
1.97017
1.75549
1.48385
1.70379
1.45632
1.65455
1.44433
1.8485
2.00303
2.04878
1.63315
1.75607
1.56447
2.88411
1.32535
1.47304
1.58637
1.44641
1.76749
2.03522
1.92534
1.98727
1.54289
2.08578
1.89559
1.82283
1.51051
1.69939
1.26066
2.74789
1.88271
1.6201
1.65824
1.90995
1.73859
1.7761
1.77267
1.43314
1.31572
1.33793
2.03969
1.60834
1.42374
2.00154
1.60553
1.37616
1.82277
1.78105
2.2315
2.01214
1.82031
2.04405
1.6127
1.43475
1.62352
1.55019
1.67478
1.71847
1.60118
1.83831
1.62847
1.47551
1.29211
1.53557
1.37179
2.01658
1.48879
1.63322
1.66848
1.21768
1.71012
1.5939
2.14542
1.77491
1.98089
1.33866
1.45718
1.77173
1.75737
1.50497
1.66128
1.92227
1.75921
1.39383
1.85212
1.98767
1.79508
1.56254
2.02234
1.66159
1.34161
1.36532
1.62707
1.61634
1.98745
1.3271
1.2878
1.93404
1.32415
1.59824
1.64929
1.58644
1.94473
1.43222
1.31128
2.12011
2.02513
1.88205
1.43519
1.48939
1.81058
1.85275
1.73934
1.34437
2.03411
1.58992
1.65139
1.44599
1.77016
1.69774
2.08372
1.45571
1.26074
1.91804
1.35348
2.04143
1.46077
1.63827
1.58703
1.81642
1.41802
1.74592
2.07475
1.68726
1.62655
1.47423
1.33696
1.62341
1.86178
1.49849
1.80261
1.85461
1.7317
1.67119
1.5354
1.60571
1.56425
1.77043
1.54307
1.50907
1.59766
1.77895
1.91527
1.67301
1.76919
1.91248
1.49231
1.37078
1.43307
2.13545
1.55088
2.22611
2.04883
1.35005
1.33007
1.65029
1.67675
1.32193
1.68787
1.7869
1.55271
1.5531
1.70958
1.99232
1.5628
1.5799
1.54971
2.06008
1.95363
1.76636
1.43535
1.56588
2.13011
1.70519
1.86103
1.50391
1.95117
1.60644
1.60936
1.73076
1.50147
1.66838
1.66299
1.74577
1.64865
1.72141
1.41662
2.01499
1.65509
1.51336
1.69701
1.36237
1.48049
1.76061
1.4662
1.35518
1.91669
1.68308
1.74916
1.40037
1.66248
1.54561
1.82433
1.83059
1.79913
1.30375
1.643
2.23526
1.68215
1.90687
1.94902
1.42504
1.39931
1.6783
1.51052
1.23939
1.36049
1.77275
1.86954
1.59006
1.6265
1.83555
1.56568
1.32992
1.60142
1.89692
1.56542
1.41788
0.84712
1.63575
1.36905
1.69504
1.28536
1.40495
1.9693
1.53571
1.32773
1.7352
1.65026
1.27481
1.84949
1.82694
1.49376
1.36441
0.900045
2.03925
1.42066
0.881603
1.59606
1.54785
1.49559
1.13681
1.55175
1.46089
1.399
1.54058
1.41639
1.68003
1.89895
1.09017
1.19019
1.26232
2.02375
1.65341
1.30231
1.49103
1.31822
1.19465
1.52882
1.11243
1.61924
1.81
1.13381
1.40631
1.24612
1.41579
0.993046
1.48344
1.59042
1.69664
1.34325
1.50525
1.37728
1.82799
1.65516
1.46547
1.47308
0.984548
2.16354
1.52912
1.56522
1.43656
1.28809
1.74916
1.57312
1.22016
1.24397
0.878009
1.1595
1.66431
1.51539
1.7992
1.62997
1.4052
1.47119
0.995755
1.34406
1.51655
1.41902
1.51273
1.59113
1.22678
1.70868
1.65557
1.53172
1.37597
1.92191
1.77197
1.21633
1.23966
1.59152
1.88178
1.44641
0.948591
1.20691
1.49176
1.26876
1.54712
0.976204
1.26211
1.11887
1.90876
1.76971
1.49338
1.38777
1.21022
1.48643
1.46458
1.35337
0.961315
1.16597
1.4151
1.31037
1.4678
1.0674
1.97571
1.90397
1.1703
2.21515
1.98386
1.65538
1.28207
1.70266
1.06469
1.72617
1.22426
1.43569
1.43421
1.18255
1.20271
1.60934
1.71023
1.38646
1.09461
1.96254
1.58379
1.45917
1.83804
1.58001
1.46153
1.59619
2.07687
1.15136
2.07701
1.54316
1.4802
1.36686
1.22698
1.70084
1.9687
1.49334
1.14544
1.75047
2.21452
1.45715
0.997342
1.62101
1.61088
1.04293
1.39864
1.21785
1.73894
1.48334
1.26163
1.39091
1.29172
1.50714
2.17191
1.54045
2.19419
1.91766
1.26694
1.75672
1.45799
1.14519
1.65764
1.52331
1.73336
2.09928
1.2693
1.95813
1.7313
1.51937
1.89951
1.2157
1.35601
1.59727
1.18426
1.4309
1.24638
2.00149
1.48719
1.29997
2.15071
1.05465
1.56296
1.97052
0.976818
1.60869
1.46704
1.25731
1.20766
1.08448
1.0204
1.85133
1.51255
2.02057
1.57901
1.60971
1.29676
1.72861
1.27341
1.20848
1.05484
0.958278
2.04845
1.08768
2.16605
0.967651
2.11086
1.46562
0.983739
1.22408
1.64898
1.98612
2.04834
1.35619
1.63699
1.62991
1.45134
1.10925
1.01999
1.29529
2.11993
1.68613
1.29201
1.638
1.81274
1.901
1.16967
1.42179
1.67046
1.87681
1.10168
1.69863
0.92567
1.88928
1.38989
0.93134
2.02195
1.87529
0.939636
1.3443
1.74581
1.80519
1.43877
1.7474
1.87108
1.11294
1.28019
1.32228
1.53201
1.52551
1.78679
1.14403
1.32899
1.63713
1.19717
2.08206
1.65348
1.46607
1.56373
1.51396
1.11243
1.63293
1.9051
1.64953
2.09898
0.815686
1.54563
1.54653
1.94034
1.50193
1.17467
1.51986
1.13349
1.43419
1.12812
1.32271
1.43878
1.41714
1.36679
2.20343
1.60181
1.11837
1.51583
1.43247
1.17547
1.71334
0.805763
1.26631
1.62973
1.00336
1.32582
1.49857
0.947931
1.52823
1.46026
1.32113
1.66071
1.31159
1.00223
1.2845
1.85134
1.58181
1.22973
1.2948
1.67688
1.24521
1.35651
1.15647
1.33125
1.55174
1.12904
1.2562
1.97628
1.10197
0.974538
1.7115
1.5655
1.78557
1.81524
1.55769
1.00062
1.62166
1.5362
1.51068
1.00642
1.63492
1.71539
1.76763
1.41169
1.44709
1.21144
1.2635
1.49521
2.0009
1.26267
0.960639
2.10388
1.64013
1.97715
1.29269
1.0217
1.59967
1.32105
1.33217
1.69924
1.73411
1.37457
1.06052
1.41375
1.11873
1.13975
2.00944
2.30198
1.174
1.66271
1.65632
2.14483
1.40114
1.38176
1.17624
1.57231
1.53882
1.44352
1.22264
0.877249
1.73496
1.84708
2.18363
1.51283
1.42376
1.25821
1.1246
1.8961
1.57903
1.60444
1.13267
1.5028
1.73785
1.7779
1.26845
1.05843
1.20914
1.71132
1.64322
1.08304
1.3336
1.4552
0.987473
1.10803
1.49866
1.20676
1.15937
1.9325
1.18566
1.19615
1.13445
1.40134
1.24906
1.51359
1.81793
1.41316
2.35967
1.3067
1.47276
1.81872
1.34699
1.8659
1.41132
1.90922
1.54999
1.831
1.45123
1.66209
1.52493
1.35445
1.19956
0.910706
1.74396
1.69204
1.61927
1.47904
1.162
1.82388
1.24211
1.76537
1.07773
1.87032
1.5022
1.0806
1.38886
0.909937
1.67017
0.90599
1.03423
1.8758
1.03412
1.36247
1.52747
1.02107
0.985152
1.96545
1.65598
1.80708
1.30713
2.13492
1.23436
1.35156
1.5019
0.926668
1.84525
1.04283
1.71778
1.57605
1.2137
1.67873
1.2947
1.90434
1.20902
1.31462
1.47538
1.7969
1.33746
1.20118
1.66484
0.974272
1.18531
1.69146
1.16953
1.55475
1.41684
1.49319
2.5467
0.963095
1.56664
1.55058
1.45733
1.3547
0.990773
1.03731
1.14316
1.5589
1.35593
1.1559
1.64798
1.66985
1.39139
1.43296
1.44712
2.18284
1.05291
1.30708
1.08248
1.11772
1.30886
2.04034
1.1194
1.47011
1.3041
1.12055
1.49898
1.54046
1.6192
1.61617
1.20358
1.94147
1.83351
1.1138
1.5177
1.00329
1.50751
1.70621
1.21127
1.69499
1.41364
1.10544
1.33261
1.24588
1.18877
1.51836
1.68667
1.22307
1.6129
1.23915
1.17438
1.23148
1.26953
1.19196
1.59735
1.19861
1.11489
1.75118
1.1588
2.50779
1.6315
0.923368
1.26736
2.3362
1.31826
1.23792
1.31317
1.90628
1.58121
1.52207
0.9019
1.07115
1.76014
1.12674
1.31814
1.35729
1.3546
1.80173
1.25683
1.15471
1.87372
1.532
1.3019
1.48465
1.97693
1.49172
1.74162
1.62854
1.21481
1.5915
1.56023
1.1006
1.35555
1.29931
1.37901
1.13753
1.52422
1.53256
0.906778
1.20602
1.13841
1.65038
1.21055
1.27861
1.89013
1.09287
1.09557
1.38637
1.68407
1.28244
0.962734
1.69786
1.05563
1.4074
1.40423
1.81145
1.66929
1.80487
1.44655
2.03662
1.48389
1.13882
1.95248
1.40296
1.51473
1.19973
1.64371
1.74273
0.998584
1.69623
1.36907
1.0079
1.2264
1.47414
1.6092
1.75975
1.66183
2.08492
1.83105
0.969566
1.46833
1.57635
2.12793
1.79146
1.24494
1.98819
1.546
1.06353
1.86719
1.49285
1.33061
0.87712
1.42226
1.40542
1.41171
1.45116
1.43264
1.31909
1.67905
1.92261
1.54427
1.22984
1.63247
1.76484
1.10002
2.13918
1.60866
1.75082
1.99096
1.5471
1.81675
1.23175
2.17914
1.55068
1.9766
1.16179
1.50793
1.11899
1.28776
1.09787
1.24651
1.98657
1.22307
1.33832
1.32405
1.74105
1.51863
1.26548
1.62682
1.15707
1.10319
1.32954
1.50122
1.82737
1.15157
1.66921
0.970639
1.09781
1.77529
1.36877
0.811941
1.65756
1.67127
1.65353
1.37447
1.26351
1.62707
1.47446
1.39891
1.2253
1.32923
1.11964
1.84307
1.8913
1.21926
1.42201
1.72475
1.43578
1.74643
2.06219
1.32142
1.82459
1.35093
1.46456
1.18465
1.41975
1.03725
1.53777
1.52943
1.59154
2.45034
1.21826
1.34558
1.41086
1.46843
1.78055
1.1642
1.37281
2.01159
1.15966
1.25951
1.31621
1.95644
1.25305
1.13673
1.56687
1.27782
1.25287
1.16455
1.16862
1.3313
1.42011
1.38909
2.16516
2.18301
1.17467
1.30598
1.83797
1.45106
1.81409
1.60419
1.12684
1.11485
1.06139
1.28546
1.27791
1.42554
1.42555
0.996304
1.48716
1.38018
1.69399
1.4863
1.41593
1.97017
1.75549
1.48385
1.70379
1.45632
1.32806
1.01762
1.8485
1.69046
2.04878
1.63315
1.75607
1.56447
1.95002
1.06347
1.19727
1.58637
1.44641
1.36037
2.03522
1.35181
1.98727
1.54289
2.08578
1.481
1.82283
1.11797
1.69939
1.26066
1.9552
1.88271
1.21081
1.18867
1.56843
1.73859
1.42867
1.26498
1.15605
1.31572
1.33793
1.5623
1.23275
1.13794
2.00154
1.60553
1.10549
1.82277
1.78105
1.73656
1.58473
1.82031
1.57593
1.17461
1.43475
1.21585
1.20319
1.67478
1.35156
1.60118
1.62627
1.26824
1.47551
1.29211
1.17608
0.952655
2.01658
1.48879
1.19402
1.34961
0.972878
1.2395
1.5939
1.74392
1.38933
1.98089
0.991391
1.45718
1.77173
1.75737
1.50497
1.66128
1.92227
1.75921
1.39383
1.41931
1.45267
1.79508
1.18943
2.02234
1.66159
1.04335
1.07092
1.62707
1.35538
1.98745
1.01959
1.2878
1.57088
1.32415
1.28143
1.12365
1.58644
1.68648
1.43222
0.926354
2.12011
1.71518
1.88205
1.20619
1.24498
1.52696
1.85275
1.41824
0.934335
2.03411
1.28012
1.65139
1.04968
1.19089
1.14158
1.54949
0.980092
0.971877
1.5649
1.12117
2.04143
1.10073
1.63827
1.58703
1.81642
1.14167
1.12572
2.07475
1.43725
1.62655
1.47423
0.931552
1.38614
1.50769
1.22367
1.24818
1.85461
1.7317
1.27177
1.5354
1.08444
1.29062
1.36628
0.999389
1.24338
1.22858
1.77895
1.64369
1.67301
1.35672
1.91248
1.11655
1.10455
1.43307
2.13545
1.55088
1.70922
2.04883
1.00545
0.928576
1.65029
1.16727
1.32193
1.68787
1.4159
1.41547
1.5531
1.31706
1.99232
1.5628
1.20566
1.2406
1.61308
1.37175
1.76636
1.43535
1.56588
2.13011
1.70519
1.51963
1.17654
1.95117
1.60644
1.17111
1.3451
1.17861
1.22484
1.66299
1.74577
1.64865
1.40825
1.16311
1.48975
1.28762
1.51336
1.2688
1.03454
1.48049
1.76061
1.4662
0.959569
1.61519
1.68308
1.2673
1.12135
1.3212
1.2134
1.82433
1.5437
1.79913
0.962266
1.643
2.23526
1.68215
1.90687
1.28594
1.15253
0.872673
1.14001
1.51052
1.23939
1.0539
1.77275
1.86954
1.25858
1.16417
1.83555
1.15696
1.32992
1.60142
1.89692
1.10309
1.10853
70877500.0
51863200.0
52003900.0
64633600.0
56879100.0
71107700.0
60688200.0
66486100.0
67989000.0
50473500.0
54063500.0
78376200.0
46436800.0
59154800.0
39968300.0
73498300.0
68690300.0
55584300.0
51660200.0
71055400.0
56518900.0
52543900.0
56798400.0
53622700.0
55010600.0
40228800.0
75334500.0
68124800.0
56480200.0
66774300.0
66951800.0
45965700.0
42067600.0
67576300.0
58004000.0
48705600.0
65410600.0
56392500.0
63612800.0
57195600.0
55784400.0
77509700.0
48329300.0
48420600.0
57028900.0
78930800.0
50751600.0
72152300.0
67827400.0
58101000.0
84881600.0
67992300.0
72560400.0
69056900.0
75015000.0
53703700.0
79741100.0
59514800.0
65328600.0
81302700.0
53480600.0
50049000.0
57765300.0
59965900.0
75532400.0
57601300.0
52304600.0
65764600.0
52701700.0
67522700.0
75417000.0
55892500.0
67549600.0
54230600.0
84343200.0
61300700.0
59569700.0
60694200.0
56838200.0
62374700.0
63671900.0
67907300.0
66564000.0
76483600.0
64093400.0
66296200.0
76879400.0
55535800.0
55231200.0
77271100.0
58855400.0
68985000.0
66440400.0
50631900.0
48527100.0
65662900.0
75719700.0
71544300.0
43487800.0
48747400.0
69526500.0
51698200.0
58253600.0
44833300.0
46602400.0
53126500.0
78139800.0
73855700.0
69562200.0
48675700.0
71206900.0
61213600.0
51366000.0
78708100.0
81241700.0
62499900.0
58751000.0
54650300.0
68834100.0
69168200.0
44964900.0
49806000.0
63797200.0
52404100.0
43162000.0
51925500.0
71937200.0
69118800.0
52618800.0
71041700.0
57552000.0
59652500.0
45537900.0
57657800.0
64994900.0
62607700.0
49974700.0
55423800.0
49986600.0
43147500.0
44454400.0
69956000.0
58265900.0
39584300.0
58307800.0
53130200.0
54129100.0
83746500.0
63526600.0
70537700.0
52439200.0
45583600.0
72572400.0
75090400.0
47294100.0
39972700.0
54947800.0
55533900.0
56824200.0
56574900.0
89336400.0
100229000.0
70044200.0
62730300.0
79607600.0
62721800.0
54493200.0
54449200.0
90570100.0
47979900.0
74905100.0
53390200.0
72895100.0
70725600.0
50306200.0
59073900.0
71823400.0
69543600.0
64848400.0
63042700.0
50167700.0
60959100.0
41979700.0
62347300.0
48128400.0
56659500.0
72933100.0
79857300.0
39684200.0
63610900.0
51029800.0
83235000.0
48167100.0
50312500.0
64387400.0
35588500.0
59929800.0
40308400.0
55955900.0
71834000.0
43085700.0
85212900.0
57429400.0
77466400.0
61518800.0
71489400.0
67022800.0
63500100.0
53720600.0
61765400.0
67566900.0
71075400.0
70836900.0
62298400.0
69877200.0
66933700.0
76094700.0
41547700.0
63232200.0
52707700.0
60676800.0
53979700.0
48257700.0
72547100.0
60951700.0
62854800.0
54111600.0
43894500.0
73769900.0
30798800.0
50433300.0
74297900.0
59724700.0
64083100.0
53683100.0
54349000.0
65675900.0
55871700.0
52116300.0
59942900.0
50247400.0
70128300.0
82679500.0
63736500.0
54223400.0
67816600.0
52546500.0
45085800.0
45964700.0
56362600.0
69855500.0
39897500.0
39442300.0
58543600.0
61320900.0
75945500.0
61886300.0
52687000.0
50388500.0
61427600.0
72093600.0
84259700.0
69408100.0
68534300.0
57755000.0
59184800.0
63481700.0
52546300.0
61148300.0
74127300.0
55717400.0
71901800.0
63855600.0
59190300.0
65607800.0
72002100.0
60964000.0
67637800.0
80532200.0
48970500.0
84506600.0
57686900.0
36998900.0
39452100.0
77330100.0
86152700.0
68663100.0
60979800.0
89516900.0
54680900.0
70544700.0
65082100.0
76854500.0
59467100.0
45533900.0
69327300.0
79677600.0
46865100.0
71063500.0
85394800.0
48441200.0
59464500.0
62228900.0
56384200.0
84197600.0
70158100.0
51801600.0
77123300.0
53394500.0
71389600.0
73159500.0
53727900.0
56441600.0
112315000.0
62898300.0
64347800.0
67856400.0
62121900.0
74322200.0
53811100.0
71895500.0
72544700.0
52887200.0
81659400.0
52379300.0
72590200.0
61619300.0
46121900.0
98827900.0
78099000.0
45657900.0
77857100.0
66017500.0
52224500.0
78788600.0
59707600.0
59182500.0
46569500.0
44775600.0
73612500.0
69866800.0
47953600.0
41892400.0
49876400.0
61184200.0
45407900.0
55371100.0
76107700.0
57793600.0
48725900.0
70930300.0
63748200.0
68112000.0
54603400.0
67670900.0
58702800.0
53794600.0
66728400.0
57935100.0
79012400.0
72161700.0
45787600.0
68663100.0
49231000.0
50448500.0
78553800.0
57920100.0
34866400.0
49217100.0
55288200.0
42673700.0
60311500.0
56163400.0
53946800.0
57191900.0
57266300.0
58043100.0
77660600.0
69122900.0
57400300.0
58582300.0
54731100.0
42967400.0
72296500.0
62922900.0
70232900.0
59670900.0
53768400.0
77805300.0
56526200.0
62769300.0
37813400.0
71667800.0
47446900.0
76775900.0
74189000.0
66394200.0
64699200.0
59762200.0
48302900.0
57037800.0
40350700.0
83946000.0
67693300.0
51766400.0
63894100.0
51807500.0
64437300.0
74745300.0
70085200.0
62149100.0
44449600.0
50723400.0
52574600.0
62190100.0
67491000.0
46712100.0
61873500.0
44535100.0
63442100.0
51337200.0
52896100.0
65335500.0
50744700.0
60490400.0
54226000.0
56901600.0
59007000.0
92168900.0
51899200.0
73507400.0
90143900.0
60338200.0
71042000.0
73269300.0
74761900.0
78874700.0
52334800.0
49061900.0
76332800.0
79077500.0
60094000.0
54952600.0
84881900.0
64172800.0
55912300.0
57902700.0
61386000.0
77271300.0
47948300.0
62580900.0
61107600.0
46147400.0
74742500.0
50923000.0
59484700.0
72317300.0
74559400.0
72079200.0
54325700.0
79350600.0
86882400.0
59401700.0
77344900.0
51967200.0
77307200.0
55777100.0
50832600.0
76621500.0
63455300.0
54035600.0
64640600.0
74341200.0
80563700.0
73139000.0
74122700.0
79629100.0
54344000.0
56713400.0
78035700.0
42981800.0
58480100.0
77765900.0
70191900.0
63422100.0
77167500.0
39408000.0
77856400.0
75689400.0
51958100.0
62799900.0
91946800.0
76185400.0
65093500.0
66077100.0
71509800.0
66871300.0
93987300.0
73029800.0
62453000.0
43884600.0
60360200.0
58650100.0
36350800.0
109513000.0
72378600.0
94959800.0
62215200.0
65022400.0
38848400.0
72560300.0
69681100.0
65628400.0
76069900.0
64171100.0
68064600.0
56300600.0
48214400.0
66749500.0
57786000.0
56882900.0
54359400.0
73101100.0
75384400.0
52318700.0
71102300.0
75002500.0
55301400.0
43544700.0
86652900.0
81398900.0
86345900.0
66621300.0
62907400.0
62892500.0
58086700.0
78466300.0
70364300.0
80896900.0
70282200.0
61469600.0
70914700.0
45661000.0
80792500.0
64067100.0
64781200.0
71016100.0
41390200.0
64563000.0
67423200.0
49144800.0
41520300.0
87882600.0
68405700.0
58841800.0
51772100.0
43264200.0
67712300.0
67445200.0
71174100.0
81403900.0
70707700.0
53349500.0
88929800.0
59851900.0
40192900.0
61627600.0
85873700.0
62482400.0
68573000.0
61276800.0
64704700.0
54989000.0
81698100.0
49916900.0
60465000.0
75323300.0
62066500.0
71239300.0
63578600.0
45551600.0
49316600.0
71720000.0
74921100.0
50589100.0
65858700.0
61669300.0
47075100.0
65371400.0
60917100.0
58624400.0
65050900.0
61544000.0
61476500.0
87071600.0
60365100.0
55563900.0
84613900.0
71420400.0
67609000.0
49872100.0
62989100.0
78926800.0
47284900.0
62112100.0
69657300.0
75122100.0
61944800.0
56308800.0
67419300.0
41903100.0
50768300.0
57605000.0
81896700.0
71198200.0
64525000.0
49617400.0
59396900.0
46042900.0
73389600.0
78027600.0
55648200.0
65944300.0
57778100.0
66680000.0
44697700.0
55064100.0
63932700.0
55387400.0
74553100.0
52763600.0
72823900.0
43628700.0
64281600.0
68207700.0
60014200.0
58335800.0
63619700.0
63228700.0
82935100.0
60092600.0
53600400.0
57814400.0
67464200.0
69719800.0
79978100.0
63703700.0
52031700.0
60608300.0
62755400.0
72528500.0
77376900.0
69428200.0
60624400.0
55560900.0
47291100.0
59539600.0
69436400.0
52425500.0
61175700.0
44684800.0
72965800.0
35432700.0
67664900.0
84975000.0
82035700.0
61597700.0
72051600.0
39607800.0
41364700.0
74140200.0
53920200.0
58934100.0
44176500.0
46944100.0
84076200.0
68597100.0
80097900.0
49451100.0
50239600.0
63057700.0
48056300.0
86914900.0
67619800.0
67506000.0
63692100.0
69147100.0
56847900.0
65701000.0
57653500.0
51775900.0
68510900.0
75781200.0
61984500.0
70500900.0
65588400.0
65777100.0
68749800.0
59066200.0
79282200.0
56149000.0
56645700.0
53497700.0
60823200.0
51518000.0
70314500.0
46264600.0
42399400.0
84410500.0
73077000.0
72786100.0
60087200.0
55004100.0
63631700.0
81308100.0
58281900.0
62095300.0
68078100.0
34975500.0
69677100.0
72828100.0
69053200.0
58331600.0
54616200.0
78481000.0
57639500.0
38065600.0
69807400.0
61879800.0
70255000.0
62126500.0
63017100.0
85473100.0
59206300.0
68558300.0
65295900.0
75435400.0
67355300.0
66746900.0
53028800.0
74259300.0
54729700.0
40763200.0
68039300.0
51949700.0
51688600.0
54253200.0
63575800.0
56436700.0
62849800.0
64261300.0
75250500.0
64705500.0
69371200.0
50935900.0
70717200.0
51332000.0
80231600.0
67270500.0
65160100.0
52959300.0
74683600.0
46958800.0
67910600.0
61623800.0
51268000.0
69355700.0
72167600.0
90443000.0
54194900.0
54935100.0
45275200.0
70067100.0
67641400.0
68315900.0
32281800.0
68283200.0
70879200.0
85143900.0
64891600.0
68860600.0
67024700.0
48168800.0
52144000.0
82888100.0
45292400.0
48854300.0
63215800.0
75884700.0
65258400.0
68425100.0
41284500.0
46769300.0
75729700.0
47053600.0
49948100.0
55266100.0
70836900.0
69345600.0
59270900.0
70521400.0
60469400.0
46685300.0
77035200.0
60216500.0
42771700.0
54296700.0
72275400.0
58643100.0
72344500.0
64656900.0
64094200.0
65560900.0
44303700.0
49545200.0
56101100.0
50679100.0
70805100.0
54011700.0
53325300.0
60458200.0
63537100.0
68017200.0
69358700.0
80549600.0
70039900.0
87244000.0
52601500.0
60124500.0
63414500.0
61082700.0
89647200.0
58069200.0
65924200.0
51244300.0
68391800.0
58846300.0
73964300.0
57211500.0
45710600.0
50854400.0
59521300.0
49063100.0
33289500.0
60792500.0
67631600.0
50121900.0
52745100.0
59656100.0
95812100.0
38947000.0
63366400.0
75653200.0
78035100.0
57065700.0
70920500.0
60148600.0
69152900.0
84610900.0
53058600.0
83826400.0
62481900.0
49772300.0
83677800.0
54591600.0
84453500.0
92176900.0
61082700.0
55830000.0
61430800.0
84530900.0
58733900.0
49554600.0
64802500.0
42879100.0
63616300.0
63819400.0
64161800.0
77757100.0
77918400.0
61641500.0
75000100.0
58167900.0
61802400.0
103562000.0
69623200.0
53559700.0
50906800.0
78272500.0
61347100.0
51064600.0
61681900.0
72545300.0
57313200.0
55559600.0
73706700.0
48206700.0
60937100.0
82443600.0
48726700.0
63996700.0
75505100.0
69027600.0
59937300.0
41080100.0
63013800.0
50874700.0
67759700.0
63215000.0
53875600.0
53155100.0
73259100.0
53209700.0
64479800.0
49960200.0
46686700.0
58279100.0
64967900.0
56280100.0
79034100.0
57717700.0
62363800.0
79430800.0
44765600.0
52907700.0
58707200.0
71974400.0
58609400.0
69905900.0
78268900.0
44501000.0
63659900.0
73174700.0
59626700.0
61714700.0
66337000.0
50246100.0
72183500.0
67424700.0
57809000.0
53028400.0
63539100.0
60337100.0
81094900.0
35892000.0
80591600.0
53207300.0
57933400.0
59326300.0
67208800.0
72973100.0
54801200.0
66499500.0
76835600.0
72342600.0
74946400.0
56421500.0
66702100.0
63252400.0
47164100.0
59056400.0
64391400.0
46744900.0
51649500.0
71173900.0
42002300.0
59510700.0
61016200.0
56607600.0
73762200.0
59751900.0
81232600.0
48816900.0
83345000.0
54665300.0
45894500.0
52815600.0
82054700.0
72299200.0
64955600.0
44242400.0
44309200.0
53271200.0
72509000.0
63080700.0
53621800.0
44895000.0
75486400.0
78293000.0
57506900.0
57011900.0
58965500.0
68400700.0
56244500.0
72881400.0
69188300.0
63195200.0
57418300.0
64323800.0
77173300.0
