1.09548
1.09548
1.06106
1.1039
1.00093
1.00119
1.02029
1.00031
1.00035
1.00066
1.00085
1.00039
1.0006
1.01939
1.12433
1.00053
1.07235
1.00039
1.00019
1.00037
1.00152
1.00015
1.001
1.00688
1.13309
1.00036
1.0004
1.00651
1.00085
1.00042
1.04367
1.00079
1.00774
1.00445
1.0003
1.00064
1.00106
1.00043
1.00558
1.04011
1.00031
1.00081
1.00069
1.00079
1.00042
1.00074
1.00052
1.00131
1.14629
1.0005
1.00053
1.02887
1.02022
1.00036
1.02142
1.00315
1.00051
1.00031
1.00062
1.00078
1.00045
1.00087
1.00031
1.00069
1.01085
1.00051
1.04906
1.00707
1.00056
1.00053
1.00077
1.00318
1.00051
1.00051
1.00044
1.00047
1.0003
1.02414
1.00056
1.00053
1.0006
1.00068
1.00043
1.0005
1.00072
1.00047
1.00034
1.00035
1.00024
1.00042
1.00056
1.00102
1.0003
1.00045
1.00029
1.00632
1.00081
1.00056
1.00101
1.00078
1.00078
1.0006
1.00077
1.00401
1.00061
1.0006
1.00061
1.00026
1.05305
1.00114
1.02233
1.25951
1.00097
1.01725
1.00037
1.00052
1.00023
1.00067
1.00069
1.00077
1.00035
1.00059
1.01036
1.00017
1.00054
1.05841
1.00041
1.00198
1.00041
1.00046
1.00128
1.00055
1.00061
1.00032
1.00091
1.03934
1.00046
1.00042
1.00092
1.00055
1.00054
1.00063
1.00024
1.02211
1.00037
1.10014
1.00055
1.00031
1.00046
1.00046
1.00037
1.00404
1.00597
1.0153
1.0008
1.00024
1.00089
1.00236
1.18339
1.00347
1.00038
1.00032
1.00496
1.00037
1.10322
1.00046
1.01688
1.00656
1.00046
1.00054
1.0008
1.0006
1.0005
1.00025
1.00023
1.00051
1.00033
1.00547
1.00048
1.00299
1.00049
1.00087
1.00043
1.02549
1.00044
1.01061
1.0009
1.00071
1.00071
1.00856
1.00048
1.00037
1.00792
1.11324
1.07369
1.00033
1.04344
1.00053
1.00041
1.00041
1.00178
1.00046
1.01258
1.00431
1.00032
1.00094
1.00041
1.0198
1.07345
1.0003
1.00045
1.00056
1.00185
1.00084
1.00047
1.00034
1.00506
1.00616
1.00055
1.03646
1.01155
1.00097
1.00036
1.07085
1.04495
1.00035
1.00062
1.00059
1.01686
1.00027
1.0005
1.00442
1.00474
1.00151
1.00565
1.00039
1.0007
1.00024
1.00031
1.04291
1.00978
1.00883
1.10094
1.12456
1.00103
1.00066
1.0007
1.05566
1.00063
1.1985
1.00051
1.00043
1.00054
1.0005
1.01701
1.00335
1.00463
1.00379
1.00029
1.00065
1.00061
1.00055
1.00045
1.00041
1.00037
1.00042
1.01306
1.00047
1.00039
1.10567
1.00511
1.37834
1.00044
1.00055
1.00071
1.00037
1.00061
1.01461
1.00038
1.00059
1.00035
1.00059
1.02295
1.00047
1.00032
1.00066
1.00065
1.00051
1.00052
1.00098
1.00079
1.00074
1.00015
1.00068
1.00076
1.00057
1.00638
1.00067
1.00068
1.00047
1.00038
1.00427
1.00134
1.00071
1.00074
1.00631
1.00036
1.0006
1.00027
1.0442
1.02765
1.01456
1.04833
1.0037
1.00034
1.00025
1.00103
1.10133
1.11118
1.05912
1.05632
1.00055
1.00688
1.19554
1.00982
1.00031
1.00045
1.2855
1.00997
1.00053
1.00071
1.00042
1.00083
1.0083
1.00149
1.00049
1.00033
1.0136
1.00059
1.10524
1.00076
1.00659
1.00041
1.00039
1.05349
1.00058
1.02029
1.00102
1.00034
1.00062
1.00168
1.04543
1.00024
1.00059
1.03539
1.00047
1.0003
1.00065
1.18896
1.01277
1.00046
1.09774
1.31966
1.00045
1.00051
1.00042
1.00043
1.03816
1.14362
1.00037
1.00031
1.00068
1.00083
1.00117
1.0287
1.00047
1.0011
1.00026
1.00077
1.0828
1.00038
1.00065
1.0003
1.00039
1.00043
1.00055
1.02037
1.03011
1.00057
1.0006
1.00048
1.06528
1.00064
1.00578
1.00064
1.0003
1.00042
1.00061
1.01289
1.00838
1.00036
1.0026
1.00058
1.00073
1.00032
1.00131
1.01572
1.00082
1.00052
1.00029
1.00058
1.00058
1.00032
1.00061
1.00057
1.00449
1.00045
1.02002
1.02837
1.0009
1.20071
1.00142
1.01548
1.00056
1.00035
1.02842
1.00044
1.00074
1.00081
1.02819
1.00092
1.00354
1.00058
1.00079
1.14679
1.00073
1.00055
1.00058
1.01388
1.01538
1.00061
1.02719
1.07831
1.00089
1.00239
1.0007
1.00054
1.00071
1.00127
1.00034
1.00048
1.0357
1.00871
1.0127
1.00046
1.00029
1.00062
1.00143
1.00033
1.10533
1.00097
1.00027
1.00104
1.00068
1.00032
1.00035
1.00058
1.00081
1.0522
1.00843
1.00584
1.10486
1.00033
1.00088
1.05552
1.00509
1.00047
1.0004
1.15468
1.00075
1.00023
1.00039
1.00041
1.00074
1.00045
1.00035
1.17091
1.00019
1.02554
1.0006
1.00029
1.00085
1.00036
1.00072
1.00114
1.00049
1.00372
1.00493
1.00041
1.00047
1.00051
1.09174
1.01957
1.03653
1.38405
1.00062
1.04649
1.0006
1.0964
1.18315
1.00027
1.04009
1.00033
1.05997
1.00043
1.00029
1.00076
1.00044
1.00041
1.04015
1.0008
1.00099
1.00045
1.00035
1.00027
1.00049
1.00271
1.0007
1.00967
1.00057
1.00404
1.00061
1.00072
1.00107
1.00854
1.00069
1.00023
1.00033
1.00738
1.05616
1.00047
1.00069
1.00068
1.00021
1.00065
1.00135
1.00059
1.00043
1.00084
1.00044
1.00045
1.00057
1.00072
1.0007
1.0016
1.00625
1.00011
1.00053
1.03869
1.00048
1.00136
1.00039
1.00025
1.00057
1.00033
1.00035
1.0003
1.0007
1.0012
1.04111
1.00037
1.00045
1.04006
1.00093
1.00028
1.00045
1.00064
1.0316
1.00057
1.00442
1.00049
1.00053
1.00033
1.22664
1.00037
1.00038
1.0002
1.00029
1.02603
1.1317
1.0006
1.16035
1.00231
1.00054
1.00015
1.00039
1.00088
1.00393
1.00095
1.00099
1.00073
1.00063
1.0046
1.0009
1.00025
1.11249
1.04373
1.00028
1.01107
1.00058
1.0191
1.01674
1.02985
1.00808
1.00091
1.0002
1.02276
1.00048
1.00024
1.00068
1.00067
1.0006
1.00066
1.00036
1.07504
1.00544
1.00033
1.00031
1.00405
1.00098
1.00047
1.00111
1.03848
1.0004
1.00085
1.00031
1.00066
1.00036
1.15593
1.15573
1.00043
1.00078
1.00169
1.0003
1.00068
1.00061
1.00045
1.00051
1.0005
1.00081
1.00043
1.00139
1.0148
1.00029
1.00065
1.00054
1.00038
1.0008
1.00076
1.00061
1.00125
1.07774
1.00054
1.05879
1.02964
1.07435
1.18071
1.03272
1.00069
1.00106
1.03372
1.00048
1.00041
1.00259
1.0006
1.02635
1.00052
1.00041
1.0003
1.00981
1.00045
1.00067
1.07483
1.10413
1.00045
1.0217
1.06369
1.0008
1.0006
1.00035
1.04102
1.00051
1.10863
1.00058
1.00021
1.00161
1.00045
1.00971
1.00031
1.00034
1.00044
1.00065
1.00039
1.02695
1.08404
1.0174
1.0005
1.00054
1.06469
1.01459
1.05275
1.00728
1.05308
1.00134
1.00062
1.01743
1.01511
1.01955
1.00023
1.00208
1.00064
1.00112
1.00031
1.0008
1.00065
1.03437
1.01343
1.06805
1.00046
1.00183
1.00065
1.00078
1.03235
1.00071
1.02168
1.03789
1.05436
1.00127
1.00057
1.0391
1.00053
1.00713
1.00085
1.00063
1.00073
1.00054
1.00083
1.00034
1.17203
1.00109
1.00057
1.00039
1.00056
1.00038
1.0008
1.00038
1.00057
1.00058
1.00125
1.00037
1.00035
1.00046
1.00078
1.00085
1.00046
1.00051
1.00129
1.01072
1.01412
1.10715
1.00056
1.00091
1.10121
1.00048
1.00113
1.00764
1.00083
1.00044
1.00033
1.00035
1.00045
1.0009
1.00035
1.00072
1.00052
1.00026
1.00061
1.00073
1.00029
1.00664
1.00035
1.00213
1.00036
1.00033
1.00065
1.00022
1.05024
1.03911
1.00028
1.00042
1.00042
1.00069
1.00041
1.06293
1.00019
1.00052
1.00472
1.00086
1.00042
1.00048
1.02215
1.00047
1.00077
1.00018
1.00048
1.00036
1.00097
1.01376
1.00051
1.00041
1.00135
1.00074
1.00056
1.00049
1.08807
1.00026
1.00069
1.01594
1.00044
1.17584
1.00037
1.00133
1.00112
1.02662
1.00109
1.00051
1.00068
1.00063
1.00129
1.00025
1.00053
1.00044
1.02861
1.00031
1.01549
1.00037
1.00059
1.00057
1.00062
1.01167
1.00051
1.00087
1.00034
1.00052
1.00054
1.13056
1.00566
1.0005
1.08841
1.00035
1.20488
1.006
1.00125
1.00142
1.12042
1.00042
1.00044
1.00039
1.039
1.00059
1.0004
1.0003
1.02525
1.00082
1.00047
1.00054
1.00155
1.00043
1.00027
1.0008
1.00072
1.13101
1.03305
1.01162
1.00054
1.00023
1.00309
1.00045
1.00058
1.01595
1.03108
1.00101
1.00094
1.00059
1.00064
1.0003
1.00048
1.0148
1.00046
1.00054
1.00096
1.00077
1.0155
1.00054
1.00037
1.00015
1.00018
1.00032
1.00068
1.00062
1.03345
1.01839
1.00033
1.0008
1.00112
1.00046
1.13138
1.00026
1.00052
1.00041
1.00075
1.01384
1.00049
1.00059
1.00091
1.00073
1.00059
1.00044
1.00073
1.00033
1.00059
1.00026
1.07767
1.00122
1.00112
1.00059
1.00018
1.00095
1.0107
1.00043
1.0003
1.0004
1.00106
1.00047
1.00049
1.00064
1.00046
1.00021
1.0005
1.00202
1.00121
1.00031
1.00037
1.00083
1.00018
1.00082
1.00045
1.00037
1.00072
1.15752
1.00046
1.09799
1.0569
1.00028
1.00055
1.00046
1.00017
1.00062
1.00034
1.00043
1.00046
1.00073
1.00078
1.00051
1.00057
1.00079
1.00047
1.0005
1.00042
1.00044
1.0005
1.00582
1.00038
1.00212
1.0005
1.00021
1.00045
1.01171
1.0005
1.00041
1.00118
1.00047
1.00057
1.00064
1.04283
1.00079
1.08809
1.00053
1.00084
1.00079
1.65601
1.65601
1.77434
1.91385
1.75056
2.04543
1.3221
1.33486
1.41115
1.68373
1.91051
1.33906
1.63601
1.7256
1.37337
1.54564
1.52355
1.71798
1.30242
1.49366
1.49164
1.25031
2.155
1.86172
1.62526
1.34565
1.49939
1.40508
1.70135
1.49421
1.66849
1.50012
1.87955
1.90942
1.2779
1.58935
1.73641
1.3713
1.39678
1.77056
1.4053
1.7801
1.6624
1.62289
1.62006
1.75809
1.50182
1.83313
1.61959
1.39368
1.44363
1.49081
1.57999
1.31705
1.66926
2.15196
1.67879
1.37579
1.55219
1.83512
1.50488
1.84163
1.33429
1.63846
1.90074
1.65979
2.78577
1.43689
1.70209
1.51029
1.62794
1.50763
1.50595
1.59836
1.49677
1.51779
1.41818
1.4699
1.35635
1.40596
1.51403
1.62758
1.40995
1.57767
1.62342
1.46758
1.47852
1.44771
1.28648
1.52685
1.51452
2.19914
1.42072
1.58238
1.28761
1.49679
1.92271
1.41045
1.83192
1.88231
1.64271
1.63073
1.71754
1.38677
1.63363
1.5828
1.78542
1.23629
1.58764
2.16469
1.93334
1.57076
1.52196
1.94152
1.5857
1.44002
1.27508
1.55546
1.44077
1.80121
1.34325
1.71446
1.44518
1.24444
1.45763
1.47687
1.57723
1.47627
1.46863
1.55345
1.40065
1.62547
1.65849
1.40358
1.56408
1.63423
1.82892
1.49088
1.72088
1.79089
1.66088
1.68413
1.28713
1.70004
1.3441
1.60989
1.41936
1.35541
1.64756
1.58594
1.50543
1.80238
1.5097
1.59419
1.88125
1.3178
1.67088
1.49032
1.8655
1.37751
1.48554
1.39926
1.76638
1.48605
1.75071
1.49601
2.08025
1.42028
1.30252
1.47639
1.61103
1.5609
1.59105
1.39228
1.24387
1.53254
1.28274
1.6419
1.46643
1.68545
1.4841
1.70597
1.47497
1.84464
1.46232
1.79165
1.59942
1.64964
1.67259
1.68998
1.52577
1.3591
1.57043
1.99407
2.01096
1.32279
1.8183
1.63261
1.60296
1.5064
1.93086
1.57408
1.77154
1.58839
1.27072
1.9259
1.56736
1.72765
1.5134
1.53127
1.46969
1.54539
1.53281
1.50552
1.49964
1.36063
1.55037
1.86544
1.60927
2.12524
1.47076
1.7255
1.44472
1.76133
2.98208
1.46866
1.57864
1.63792
1.83551
1.39054
1.54455
1.41475
1.63028
1.83345
1.42784
1.41071
1.72266
1.39058
1.3498
1.69215
2.4747
1.73699
1.73507
1.85985
2.08327
1.53327
1.55681
1.6675
1.67956
2.05412
1.482
1.51313
1.44966
1.34619
1.85393
2.01605
1.59426
1.56023
1.45174
1.50853
1.69888
1.50694
1.42191
1.52259
1.53444
1.28778
2.10227
1.66594
1.49291
2.22477
1.50049
1.7021
1.46639
1.60401
1.51248
1.41742
1.77114
1.70191
1.49525
1.50677
1.28558
1.54236
2.12331
1.5759
1.31978
1.72354
1.28854
1.3078
1.67684
1.57263
1.54858
1.56006
1.11438
1.68439
1.85444
1.49773
1.82747
1.55327
1.6615
1.41744
1.34736
1.6354
1.84037
1.58658
1.80502
1.72001
1.24527
1.8889
1.2787
1.54312
1.65109
1.876
1.73832
1.69983
1.32602
1.28035
1.75284
1.76076
1.58973
1.77564
2.06977
1.63166
1.7167
2.27361
1.61957
1.44578
1.39198
2.38973
2.08143
1.59813
1.61318
1.45582
2.05504
1.52483
2.26023
1.43523
1.39731
1.67965
1.4017
3.00045
1.83156
1.82604
1.40968
1.50833
2.76546
1.53417
1.56967
1.89216
1.34844
1.69098
1.8158
1.74068
1.34304
1.56695
1.27791
1.47321
1.36541
1.47567
1.82739
1.48878
1.48748
1.82916
1.88625
1.27891
1.38865
1.55403
1.49838
1.62345
1.57815
1.36456
1.44495
1.68164
1.60305
1.70021
1.66332
1.41014
1.68234
1.20114
1.98973
1.94827
1.41229
1.54603
1.35892
1.61215
1.34747
1.67991
1.39834
1.88734
1.59007
1.7109
1.46581
2.22245
1.43217
1.61897
1.58746
1.46818
1.53072
1.60943
1.76435
1.71091
1.45562
1.79101
1.45785
1.70684
1.39672
1.52831
1.57492
1.67907
1.4419
1.41671
1.49593
1.37874
1.42479
1.51615
1.61182
1.66174
1.50647
1.46248
1.45535
1.57579
1.97101
1.38531
1.94508
1.45204
1.41493
1.72993
1.4509
1.63881
1.47781
2.15611
1.89486
1.79436
1.71085
1.39502
2.05233
1.78493
1.54034
1.34712
2.139
1.75481
1.8185
1.41206
1.32727
1.86195
1.45949
1.64094
1.57804
1.73016
1.93046
1.34098
1.54385
1.31852
1.42759
1.95836
1.52918
1.34684
1.59483
1.33372
1.35384
1.83805
1.94529
1.33719
1.89566
1.62032
1.32495
1.33458
1.60008
1.84981
1.58994
1.70242
1.50943
1.57142
1.37501
1.58484
1.93493
1.4549
1.66787
1.48457
2.0666
1.66169
1.27372
1.53647
1.53039
1.73989
1.63131
1.46367
1.74737
1.2379
2.15069
1.61503
1.13558
1.63711
1.42222
1.82827
1.5793
1.47221
1.73927
1.6941
1.43633
1.45843
1.52128
1.7352
1.64542
1.73959
1.98065
1.62102
1.63076
1.71232
2.04568
2.19046
1.27595
1.78236
1.32428
1.53519
1.52509
1.28142
1.48193
1.53041
1.48684
1.98936
1.85696
1.68542
1.50634
1.26303
1.36845
1.42074
1.49804
1.77058
1.8498
1.68909
2.16507
1.63919
1.61691
1.85295
1.3806
1.73491
1.33792
1.37753
1.72656
1.57567
1.65694
1.43402
1.58267
1.33604
1.67403
1.77384
1.69703
1.50114
1.75118
1.48712
1.55113
1.50907
1.6527
1.88984
1.87373
1.53588
1.16393
1.77296
1.75627
1.47183
1.23934
1.51321
1.2833
1.73511
1.52837
1.44185
1.43546
1.58078
1.78094
1.4471
1.5169
1.48551
1.75319
1.88564
1.256
1.55189
1.69514
1.59885
1.68234
1.51093
1.43179
1.69148
1.44938
1.49473
1.47579
1.53271
1.70092
1.41192
1.86072
2.08192
1.56462
1.49727
1.36973
1.49655
1.25246
1.33277
1.59306
1.68483
1.68399
1.73961
1.61437
1.45384
1.64565
1.64209
1.40975
1.91931
1.41114
1.22331
1.68054
1.78122
2.06244
1.71333
1.65562
1.76301
2.06483
1.21352
1.93097
1.56352
1.32233
1.56132
1.53391
1.56781
1.55557
1.44875
1.7816
1.83301
1.42491
1.28209
1.43066
1.97416
1.28901
2.19612
2.0608
1.5204
1.68538
1.37848
1.71223
1.39316
2.87885
1.43501
1.47051
1.743
1.46037
1.56533
1.66114
1.6445
1.49956
1.59815
1.49949
1.90631
1.3692
2.14428
2.03271
1.23663
1.70624
1.60261
1.42034
1.56107
1.57373
1.62479
2.04755
1.90263
1.64559
1.86169
1.54774
1.75916
2.39117
1.9556
1.70703
1.36626
2.11978
1.57363
1.54745
1.68072
1.66147
1.59161
1.55639
1.33452
1.45848
1.86266
1.49346
1.5779
2.08773
1.67953
1.47941
1.64354
1.87098
1.79877
1.65237
1.58689
2.63523
1.50143
1.99663
1.4765
1.27533
1.41207
1.52589
1.43344
1.48338
1.51518
1.47057
1.52324
1.50573
1.98471
1.51565
1.81694
1.43388
1.46304
2.01479
2.15521
2.27879
1.6662
2.15893
1.554
1.66814
1.87219
1.60081
2.36398
1.28791
1.49219
1.80549
1.59294
1.41649
1.56172
1.40077
1.60689
1.56333
2.07657
1.42344
1.84292
1.72651
1.70085
2.25794
1.35385
1.27499
1.66868
1.8459
1.64832
1.51566
1.3459
1.77607
1.72849
1.5235
1.67272
1.44936
1.72731
1.73257
1.38989
2.08866
1.39426
1.60465
1.36727
1.68222
1.40157
1.58931
1.56823
1.56742
1.53096
2.50509
1.42567
1.49769
1.46315
1.63252
1.3214
1.51752
1.45284
1.72549
1.58769
2.06795
2.17064
1.44435
1.66037
1.60108
1.5341
1.95135
1.29693
1.99467
1.54099
1.37054
1.358
1.41975
1.46323
1.52172
1.60383
1.45201
1.35897
1.54451
1.58611
1.41498
2.16939
1.36908
1.49077
1.4606
1.4077
1.77042
1.2658
1.77349
1.78312
1.4093
1.48495
1.56566
1.91462
1.38792
1.78702
1.19939
1.60367
1.52499
1.85899
1.43822
1.43051
2.00798
1.54956
1.71566
1.16809
1.46138
1.43043
1.65219
1.48494
1.58406
1.52711
1.93599
1.84412
1.46677
1.54151
1.97743
1.36835
1.56679
1.5563
1.4321
1.81441
1.50809
2.1878
1.80227
2.14641
1.82409
1.67929
1.692
1.50993
1.55108
1.25286
1.58596
1.51252
2.78622
1.43293
1.461
1.4881
1.52466
1.7587
1.66939
1.67762
1.39889
1.74412
1.40137
1.57238
1.54314
2.16251
1.68604
1.56328
2.60336
1.2895
2.42155
1.97949
2.08387
1.53876
1.45933
1.25816
1.65761
1.43211
1.6346
1.37285
1.42382
1.37802
1.68057
1.8158
1.35776
1.44005
1.78773
1.45594
1.35987
1.838
1.84184
1.62896
1.66784
1.28814
1.48641
1.33915
1.56911
1.43295
1.48453
1.41846
1.36099
1.98478
2.1014
1.76073
1.47436
1.34844
1.61315
1.47843
1.58504
1.55991
1.63907
1.54084
1.41471
1.84212
1.41026
1.22965
1.19335
1.42601
1.75601
1.67454
1.44558
1.42604
1.35723
1.93039
2.13498
1.61942
1.73639
1.39412
1.83346
1.45434
1.67648
1.62364
1.58878
1.66167
1.55616
1.68206
1.71523
1.6941
1.69407
1.4467
1.68076
1.3985
1.58594
1.68264
2.1339
1.52689
1.1933
1.92688
1.92849
1.53042
1.26367
1.42881
2.12309
1.60151
1.33931
1.43715
1.54586
1.30552
1.46422
1.56712
1.72108
1.31605
1.53992
1.73159
1.2254
1.72927
1.37876
1.42157
1.54929
2.35543
1.49281
1.47316
1.53184
1.28341
1.73521
1.35612
1.54785
1.40227
1.37271
1.46344
1.56619
1.69654
1.84184
1.64698
1.49724
1.75956
1.57876
1.68743
1.3909
1.43861
1.54841
1.87818
1.59251
1.81626
1.57278
1.35966
1.40579
2.27945
1.76526
1.48376
1.61487
1.70155
1.79667
1.69019
1.77401
1.66513
2.33845
1.50714
1.66723
1.85607
1.0312
1.0312
1.77434
1.91385
1.75056
1.06137
1.00413
1.0187
1.41115
1.07766
1.05806
1.33906
1.01933
1.05349
1.01328
1.54564
1.0392
1.71798
1.05042
1.10911
1.49164
1.25031
1.06082
1.01626
1.10752
1.34565
1.03974
1.40508
1.70135
1.49421
1.06088
1.00775
1.0449
1.90942
1.00394
1.58935
1.01951
1.3713
1.39678
1.77056
1.07345
1.7801
1.01156
1.02829
1.62006
1.05859
1.50182
1.01334
1.05666
1.02347
1.44363
1.03029
1.57999
1.01763
1.00545
1.10465
1.67879
1.04682
1.02557
1.03523
1.02906
1.84163
1.00993
1.63846
1.02065
1.02302
1.31166
1.01297
1.06139
1.51029
1.04505
1.50763
1.00975
1.00914
1.49677
1.51779
1.41818
1.00723
1.35635
1.01684
1.00655
1.62758
1.40995
1.04727
1.00352
1.03754
1.47852
1.44771
1.28648
1.00394
1.51452
2.19914
1.03163
1.58238
1.05894
1.0408
1.03233
1.41045
1.83192
1.88231
1.64271
1.06404
1.00354
1.38677
1.63363
1.5828
1.10237
1.29801
1.58764
1.03606
1.11732
1.08264
1.52196
1.04426
1.01516
1.44002
1.01283
1.05881
1.44077
1.80121
1.34325
1.71446
1.44518
1.05577
1.0653
1.02613
1.57723
1.03045
1.46863
1.55345
1.40065
1.62547
1.65849
1.40358
1.00631
1.63423
1.82892
1.0485
1.72088
1.79089
1.66088
1.12216
1.28713
1.70004
1.03791
1.04368
1.00119
1.00957
1.04528
1.58594
1.50543
1.80238
1.05216
1.00973
1.18462
1.3178
1.67088
1.49032
1.01839
1.02047
1.48554
1.01942
1.07314
1.48605
1.02183
1.49601
2.08025
1.42028
1.03711
1.06674
1.01991
1.01989
1.59105
1.06981
1.00715
1.53254
1.28274
1.11305
1.46643
1.68545
1.05613
1.70597
1.47497
1.02536
1.46232
1.1035
1.14347
1.06706
1.09305
1.17345
1.52577
1.3591
1.08704
1.99407
1.06235
1.11659
1.0353
1.01858
1.01323
1.03743
1.93086
1.07103
1.06373
1.01043
1.27072
1.9259
1.07115
1.72765
1.01186
1.05131
1.46969
1.00457
1.53281
1.09315
1.49964
1.36063
1.55037
1.86544
1.02801
2.12524
1.03781
1.06817
1.44472
1.00856
2.98208
1.17312
1.57864
1.0165
1.83551
1.39054
1.13315
1.02803
1.63028
1.83345
1.42784
1.11663
1.03508
1.39058
1.3498
1.041
2.4747
1.73699
1.06328
1.03587
1.03054
1.26966
1.55681
1.2197
1.67956
2.05412
1.482
1.02193
1.00133
1.34619
1.85393
1.08468
1.59426
1.04669
1.45174
1.50853
1.69888
1.50694
1.00621
1.05581
1.01201
1.28778
1.01753
1.22434
1.04315
1.2183
1.50049
1.7021
1.46639
1.15995
1.51248
1.41742
1.17101
1.05103
1.00163
1.50677
1.1793
1.54236
1.078
1.11539
1.07974
1.08356
1.00623
1.3078
1.01781
1.00824
1.54858
1.00442
1.01483
1.68439
1.40321
1.01358
1.82747
1.00306
1.00963
1.41744
1.34736
1.00547
1.84037
1.02382
1.01263
1.72001
1.24527
1.02976
1.2787
1.07432
1.65109
1.876
1.17828
1.69983
1.32602
1.02639
1.27073
1.17318
1.03604
1.77564
2.06977
1.05208
1.7167
2.27361
1.61957
1.06444
1.39198
1.27649
2.08143
1.59813
1.07363
1.45582
1.65707
1.08247
2.26023
1.43523
1.39731
1.67965
1.4017
3.00045
1.83156
1.01714
1.40968
1.50833
2.76546
1.53417
1.07904
1.01136
1.34844
1.69098
1.00573
1.04527
1.34304
1.14778
1.00604
1.47321
1.36541
1.47567
1.10951
1.03382
1.48748
1.00156
1.04561
1.27891
1.0135
1.55403
1.49838
1.01612
1.01518
1.11123
1.03349
1.05622
1.60305
1.0002
1.12774
1.76846
1.68234
1.05585
1.98973
1.94827
1.00138
1.02145
1.35892
1.61215
1.34747
1.17826
1.03102
1.13106
1.59007
1.7109
1.00438
1.06957
1.11554
1.00869
1.03489
1.46818
1.53072
1.60943
1.76435
1.06702
1.45562
1.10558
1.01121
1.70684
1.00635
1.0116
1.07921
1.67907
1.4419
1.13351
1.49593
1.06202
1.01427
1.00642
1.61182
1.66174
1.50647
1.46248
1.45535
1.11052
1.04932
1.00139
1.17262
1.45204
1.14352
1.01803
1.4509
1.02695
1.07257
1.16918
1.06252
1.79436
1.71085
1.04842
2.05233
1.78493
1.03633
1.02428
1.21845
1.75481
1.8185
1.11669
1.075
1.34052
1.01134
1.64094
1.57804
1.27991
1.12756
1.02882
1.03795
1.01753
1.01404
1.95836
1.52918
1.34684
1.0452
1.05656
1.0228
1.10377
1.94529
1.04641
1.89566
1.12529
1.32495
1.33458
1.05028
1.10405
1.00859
1.70242
1.50943
1.04055
1.33392
1.58484
1.06978
1.4549
1.03652
1.01946
1.10543
1.08137
1.05727
1.53647
1.19134
1.02441
1.16042
1.46367
1.74737
1.2379
2.15069
1.22466
1.13558
1.63711
1.02464
1.09162
1.01983
1.0255
1.01139
1.01757
1.031
1.00487
1.52128
1.7352
1.64542
1.04544
1.05658
1.62102
1.0296
1.71232
2.04568
1.23294
1.03049
1.27039
1.02102
1.16657
1.05091
1.07363
1.01778
1.02036
1.02063
1.98936
1.12329
1.0327
1.00438
1.26303
1.01171
1.02279
1.00281
1.19862
1.8498
1.12365
1.09491
1.63919
1.00797
1.04814
1.3806
1.10379
1.33792
1.0833
1.72656
1.02047
1.01322
1.43402
1.58267
1.03915
1.08476
1.0385
1.69703
1.03561
1.07631
1.03818
1.06971
1.05022
1.6527
1.29255
1.0046
1.53588
1.16393
1.07149
1.75627
1.02141
1.02402
1.05107
1.2833
1.15604
1.52837
1.02288
1.43546
1.01677
1.78094
1.4471
1.5169
1.48551
1.75319
1.88564
1.256
1.00731
1.1751
1.07689
1.03187
1.51093
1.43179
1.69148
1.15635
1.05066
1.47579
1.53271
1.70092
1.01356
1.86072
2.08192
1.56462
1.00508
1.05613
1.49655
1.25246
1.04369
1.0362
1.07125
1.06007
1.04052
1.42121
1.45384
1.01362
1.02114
1.07236
1.15355
1.06964
1.08425
1.10929
1.02063
2.06244
1.71333
1.65562
1.09258
1.2188
1.01521
1.93097
1.56352
1.32233
1.01426
1.02272
1.02806
1.55557
1.01944
1.7816
1.83301
1.00714
1.00158
1.43066
1.97416
1.00156
2.19612
1.03173
1.5204
1.10372
1.10141
1.71223
1.20632
1.38195
1.06916
1.47051
1.07277
1.46037
1.20525
1.13079
1.6445
1.49956
1.15504
1.0232
1.16521
1.06134
1.08729
2.03271
1.02432
1.01751
1.04037
1.07629
1.09531
1.01305
1.03344
1.12842
1.16119
1.01559
1.27163
1.15207
1.01149
2.39117
1.9556
1.70703
1.36626
1.26091
1.02262
1.54745
1.03182
1.06007
1.1717
1.06241
1.02403
1.45848
1.86266
1.01455
1.5779
1.03011
1.01443
1.47941
1.12937
1.87098
1.79877
1.04763
1.05231
2.63523
1.03476
1.05679
1.04794
1.02584
1.41207
1.02897
1.43344
1.02397
1.0146
1.47057
1.52324
1.03237
1.28185
1.03148
1.13074
1.43388
1.46304
1.02629
2.15521
1.24715
1.01805
2.15893
1.08211
1.02375
1.87219
1.10041
1.15372
1.00235
1.49219
1.80549
1.0578
1.41649
1.0267
1.40077
1.60689
1.01737
2.07657
1.42344
1.0085
1.0176
1.02145
2.25794
1.35385
1.01086
1.05865
1.05684
1.01889
1.05996
1.06631
1.77607
1.72849
1.0041
1.06109
1.0695
1.72731
1.03046
1.38989
2.08866
1.06521
1.60465
1.07897
1.09561
1.40157
1.58931
1.05004
1.56742
1.53096
1.2107
1.05812
1.49769
1.02244
1.01313
1.3214
1.00297
1.45284
1.72549
1.00927
1.00224
1.03721
1.44435
1.00505
1.60108
1.00936
1.03186
1.29693
1.13286
1.54099
1.17144
1.358
1.41975
1.46323
1.06813
1.13156
1.45201
1.35897
1.54451
1.01915
1.0151
1.21622
1.36908
1.04109
1.10938
1.02459
1.1436
1.036
1.00991
1.02262
1.01771
1.0145
1.56566
1.91462
1.01518
1.78702
1.19939
1.02606
1.52499
1.02715
1.06512
1.06001
2.00798
1.04461
1.71566
1.16809
1.03315
1.13036
1.65219
1.03069
1.01182
1.01626
1.93599
1.84412
1.16191
1.1151
1.02976
1.01061
1.00384
1.5563
1.02359
1.01565
1.50809
1.0349
1.08611
1.05121
1.01248
1.03347
1.692
1.10829
1.0304
1.00894
1.58596
1.51252
1.04651
1.01255
1.461
1.03432
1.14308
1.7587
1.66939
1.67762
1.39889
1.18613
1.40137
1.57238
1.54314
1.01086
1.68604
1.07437
1.0304
1.01471
1.22965
1.03025
2.08387
1.01339
1.04856
1.25816
1.00001
1.08338
1.00318
1.0046
1.03666
1.0563
1.13407
1.06697
1.35776
1.05455
1.15293
1.20849
1.00811
1.04249
1.84184
1.62896
1.05006
1.28814
1.48641
1.33915
1.00798
1.43295
1.07192
1.11571
1.0301
1.05391
1.28366
1.15262
1.00445
1.01266
1.61315
1.06708
1.55769
1.55991
1.63907
1.01239
1.0032
1.84212
1.02855
1.22965
1.00073
1.42601
1.75601
1.67454
1.05527
1.00423
1.05761
1.93039
1.0053
1.01132
1.25034
1.00689
1.83346
1.45434
1.1188
1.00239
1.04934
1.12984
1.0293
1.68206
1.2616
1.01989
1.69407
1.0591
1.68076
1.09104
1.08308
1.68264
2.1339
1.06271
1.02406
1.92688
1.2114
1.09002
1.26367
1.08695
1.1586
1.06528
1.33931
1.43715
1.02125
1.30552
1.02138
1.08603
1.0275
1.02591
1.00033
1.01442
1.01179
1.72927
1.37876
1.10679
1.54929
1.06733
1.01201
1.00395
1.07766
1.01555
1.15378
1.02325
1.54785
1.01348
1.00919
1.04401
1.56619
1.03038
1.00386
1.07997
1.49724
1.75956
1.11444
1.22305
1.15116
1.0131
1.54841
1.01637
1.01329
1.81626
1.57278
1.06803
1.00726
1.35495
1.19491
1.04358
1.02866
1.03183
1.0349
1.04727
1.77401
1.04915
1.26086
1.50714
1.0353
1.85607
1521310.0
1521310.0
4556400.0
4192610.0
4084500.0
2196980.0
5976550.0
5083420.0
6546320.0
4125950.0
3808800.0
6607810.0
4995340.0
5227070.0
5095940.0
5488760.0
7152190.0
7921580.0
11321200.0
5678870.0
5462220.0
7972090.0
2487530.0
3571670.0
3317270.0
4680540.0
7886060.0
4892280.0
2699970.0
5314410.0
3873620.0
3129630.0
4219760.0
3541620.0
8049000.0
5457600.0
1825050.0
4895960.0
4267580.0
3459880.0
8316490.0
2616990.0
4762320.0
3921010.0
7725420.0
3339940.0
5167680.0
2035950.0
4981790.0
5363360.0
5892650.0
9960160.0
3484230.0
5067620.0
5419760.0
970320.0
7341700.0
5575970.0
3537310.0
4496620.0
6393320.0
3635500.0
5765560.0
3904080.0
2106680.0
5036420.0
1985070.0
4522240.0
6414090.0
3837580.0
3878430.0
3405380.0
4614340.0
5001000.0
6224830.0
5587190.0
7626670.0
1779780.0
3049560.0
4515780.0
4415180.0
5045610.0
6765300.0
4926670.0
3692460.0
3982170.0
4672100.0
6584320.0
6196280.0
5521630.0
4194390.0
3248100.0
8454180.0
6091740.0
6217680.0
3634590.0
4351400.0
4611930.0
2209540.0
3708800.0
3216690.0
3946270.0
3366690.0
7546420.0
4519680.0
4811340.0
5421470.0
4960320.0
2888900.0
2889410.0
2583870.0
3924380.0
2914370.0
3197960.0
6404060.0
5122490.0
5814960.0
4682270.0
3278620.0
3543420.0
3655060.0
4291250.0
4275840.0
8242400.0
4607910.0
3656310.0
5579680.0
5543980.0
4137820.0
4976490.0
1992020.0
3851240.0
3230170.0
4323100.0
3281080.0
4651050.0
5817520.0
6312590.0
3442110.0
6204150.0
4893210.0
4004460.0
6712910.0
3939280.0
4622760.0
4729190.0
3602840.0
6392680.0
5262210.0
3542140.0
5848060.0
1686520.0
6953980.0
3193770.0
3643030.0
8343850.0
3105670.0
4930340.0
1272800.0
4321250.0
4584430.0
7607530.0
6145920.0
3600980.0
2934670.0
6293230.0
3894840.0
4948090.0
3165970.0
4283480.0
2751360.0
6380580.0
4465540.0
9576140.0
5259330.0
5862630.0
5122130.0
4168410.0
5166520.0
2287270.0
6561440.0
3319440.0
6140860.0
4263090.0
3988110.0
2870840.0
3297730.0
3716020.0
4792250.0
4182090.0
4633260.0
5845550.0
2496550.0
3551970.0
3364980.0
6551710.0
1561290.0
5808430.0
5590530.0
5416460.0
1540150.0
5882660.0
3795630.0
835662.0
3368740.0
2374170.0
7021370.0
5012300.0
2968440.0
3692810.0
4175110.0
6710850.0
4517940.0
3027660.0
3816920.0
3383490.0
2945440.0
1057870.0
6840660.0
1298080.0
3770850.0
2868260.0
6962350.0
5694390.0
1623260.0
5781170.0
4218360.0
5031260.0
2036670.0
4648650.0
4728860.0
2983760.0
2718550.0
3163780.0
4371000.0
6659320.0
4160550.0
7274620.0
8084170.0
4117880.0
2552780.0
4171740.0
4508550.0
3105610.0
3640980.0
4965450.0
4533150.0
4755850.0
4282980.0
3250900.0
5791020.0
4845230.0
3177600.0
5156210.0
3011380.0
2136210.0
4446330.0
2613090.0
7450480.0
3184220.0
4783520.0
5148640.0
4397280.0
3166980.0
6031950.0
4951140.0
2623240.0
6191270.0
5910620.0
2465340.0
3018300.0
3292390.0
7111900.0
3740680.0
4282250.0
5552470.0
4742330.0
4615990.0
3651490.0
3813020.0
3778710.0
5443360.0
2394740.0
5397750.0
6449630.0
4056840.0
2534380.0
2645190.0
6194280.0
3039440.0
2766440.0
3458320.0
3469940.0
4300020.0
3700430.0
3548140.0
3618770.0
5139920.0
2828650.0
3769270.0
5998440.0
6957500.0
1676920.0
3240000.0
4343460.0
3457540.0
3636510.0
4292310.0
4982430.0
2985760.0
2601140.0
2436730.0
2951460.0
3784740.0
5853430.0
6847670.0
2835290.0
2557100.0
4592610.0
3868380.0
2481790.0
5517790.0
4689700.0
1498760.0
3255450.0
6288000.0
5667520.0
1719170.0
1345480.0
3646550.0
3676140.0
5881450.0
3754720.0
4901620.0
1791910.0
3613000.0
6410820.0
3234530.0
4221170.0
619597.0
3575580.0
2465470.0
5886590.0
7828260.0
1389420.0
3876890.0
1820440.0
3546030.0
5100160.0
3450850.0
2329680.0
2548360.0
4904860.0
3149850.0
3884320.0
3744440.0
5565140.0
3906930.0
4606970.0
2182010.0
5677690.0
3345850.0
2728060.0
3525560.0
3726980.0
5004860.0
5577590.0
5011220.0
2393210.0
6550290.0
8502850.0
4988010.0
4151560.0
1561240.0
3594270.0
4734800.0
2861310.0
4642180.0
3743900.0
4514740.0
5808330.0
4382020.0
7647520.0
7546000.0
6608370.0
5245590.0
6436350.0
2752560.0
6275310.0
3701540.0
6310010.0
4693810.0
4213920.0
3106790.0
4857960.0
6096290.0
4844600.0
3659190.0
3360690.0
3713350.0
5561770.0
981546.0
2510490.0
2684190.0
5804230.0
1991280.0
5823400.0
2892810.0
5353940.0
6977980.0
4209850.0
4663530.0
8030340.0
3991320.0
3124100.0
4959550.0
5006360.0
5848880.0
7339680.0
2238600.0
2567660.0
2410840.0
2026470.0
3285330.0
5628850.0
1917160.0
4080670.0
4056220.0
3299260.0
4138380.0
2507450.0
3597090.0
3606660.0
2861860.0
1148730.0
3686100.0
5723600.0
4896830.0
2117020.0
4082820.0
5114890.0
5343250.0
5689570.0
3045860.0
3934160.0
3539020.0
4155270.0
3601440.0
1836950.0
6765710.0
4837530.0
1845280.0
4277940.0
2711980.0
8134940.0
7106640.0
3574810.0
4270960.0
6611050.0
4606690.0
3632680.0
8156000.0
2483040.0
5076790.0
4530260.0
4173600.0
5686360.0
4199050.0
4066060.0
1390240.0
3318930.0
4455800.0
5979110.0
3321220.0
2854610.0
2635610.0
6202030.0
6216200.0
1764000.0
4753410.0
4655310.0
5981910.0
8384750.0
3501340.0
6486960.0
6553520.0
3935550.0
7100240.0
2827760.0
3585810.0
3258130.0
2856490.0
7784470.0
5065480.0
2366800.0
4278960.0
2693940.0
3171460.0
5777860.0
5338820.0
5734750.0
5508880.0
3288490.0
2983630.0
3378860.0
3919750.0
6154480.0
5967230.0
2429020.0
2958120.0
4898480.0
3566060.0
5789730.0
5158920.0
6187180.0
3800160.0
3456290.0
5702150.0
8079560.0
2414130.0
4970140.0
3178310.0
4319950.0
3941440.0
6401020.0
3813380.0
785079.0
5349620.0
3956210.0
3294580.0
1655670.0
4356600.0
3523130.0
2269620.0
6206600.0
3410750.0
6834860.0
5787410.0
6830370.0
6794690.0
5999050.0
3321470.0
3833080.0
5842740.0
3489350.0
1989100.0
5200610.0
5502110.0
2882970.0
5144120.0
6402870.0
4882400.0
4041480.0
3927230.0
1936340.0
6148290.0
5724820.0
5017690.0
3222840.0
4041390.0
2748740.0
6244860.0
6121690.0
5191860.0
6110170.0
6364090.0
8112500.0
3461520.0
2153190.0
6209630.0
6842620.0
4954700.0
5746400.0
3074280.0
4623000.0
4587370.0
3171000.0
3839450.0
4588810.0
3373120.0
3761420.0
3935760.0
7578990.0
5217380.0
6501880.0
8296620.0
3294540.0
8607320.0
3439670.0
2531810.0
4192070.0
3840280.0
5323930.0
2420980.0
8192190.0
5842660.0
2780640.0
2154710.0
2902390.0
2961210.0
3692960.0
3929670.0
4972740.0
3114510.0
9434180.0
4208610.0
3374940.0
2776810.0
4058040.0
4869370.0
3589300.0
3538300.0
5482860.0
3985860.0
3238100.0
6677040.0
3668780.0
6097390.0
6959080.0
3491580.0
3190770.0
4112120.0
3752670.0
4631300.0
2543100.0
2680420.0
6118060.0
4721380.0
4224920.0
1201610.0
2680140.0
2693320.0
2434420.0
7060850.0
1666980.0
4642510.0
4034780.0
5139270.0
1159070.0
6167280.0
5484950.0
2975420.0
1513110.0
7064860.0
3987160.0
4957650.0
5526870.0
5835050.0
4114860.0
3761730.0
4581390.0
1477650.0
2702540.0
4052680.0
2799660.0
4653380.0
5817590.0
2633710.0
3860060.0
3723400.0
1366270.0
6087420.0
6174820.0
3928560.0
7770320.0
6079340.0
2031500.0
3382800.0
5382560.0
5120150.0
1632280.0
4993440.0
7701370.0
6282390.0
5736200.0
2884640.0
4125000.0
4865840.0
7295340.0
5154410.0
4669210.0
3840870.0
3581990.0
3340180.0
5546240.0
4007110.0
4086910.0
3624320.0
4144660.0
6048600.0
1952540.0
5399360.0
2691080.0
4104410.0
6552320.0
1675520.0
6664100.0
1517210.0
8608260.0
6725800.0
6609910.0
5159840.0
6054760.0
3139070.0
5179760.0
3269370.0
4071090.0
5595820.0
4885250.0
2548030.0
3150460.0
3728760.0
2169950.0
4736350.0
4375580.0
2703500.0
3610420.0
2568240.0
7670280.0
4716230.0
3089400.0
1911850.0
7416410.0
4034350.0
3391560.0
2281220.0
2792160.0
3101410.0
3634260.0
1689560.0
4034400.0
4056630.0
2583850.0
2975860.0
4401190.0
1981960.0
3327150.0
2203360.0
4360180.0
4939180.0
4660860.0
2554380.0
2361550.0
4408730.0
2151870.0
5892020.0
3737130.0
6026180.0
1943080.0
1789680.0
3806780.0
5063900.0
5584290.0
7302730.0
4396230.0
7341400.0
5013190.0
4887490.0
3051250.0
6834560.0
7546260.0
4955470.0
3703660.0
2138820.0
7069460.0
3180580.0
2363300.0
5153020.0
2974570.0
1934180.0
4481980.0
3506800.0
1181920.0
5049750.0
2732760.0
4943350.0
1277450.0
6519020.0
4718190.0
3458200.0
4740900.0
2885060.0
9440480.0
4210000.0
4653110.0
8285330.0
3044580.0
4063370.0
8720150.0
3343160.0
5449000.0
2188660.0
5257580.0
7532870.0
5039090.0
6762450.0
4966070.0
1515300.0
4231160.0
5326370.0
4562520.0
4266050.0
7050400.0
1769970.0
5543840.0
6383480.0
2286180.0
2952090.0
5312840.0
4160440.0
2480710.0
6241530.0
3384810.0
4419570.0
4877830.0
6574290.0
3948380.0
3562960.0
4280450.0
6339930.0
1245020.0
3446480.0
4425210.0
3894000.0
1932680.0
9712030.0
4285920.0
5250510.0
5422150.0
2313740.0
7356020.0
1874420.0
2793430.0
3932230.0
2039980.0
4499950.0
4559830.0
3573270.0
2128030.0
4330450.0
4245850.0
4487160.0
1062390.0
6628860.0
3080990.0
7103720.0
3605680.0
3785570.0
4738300.0
3168680.0
6341480.0
2221310.0
4840810.0
2992260.0
7668800.0
1843270.0
3507330.0
6656860.0
3286690.0
4803030.0
2075700.0
2423760.0
2423310.0
1948100.0
6835840.0
3744710.0
8697880.0
5173880.0
3165990.0
4677230.0
5583390.0
7512860.0
3189770.0
3607820.0
5600380.0
3233870.0
4491930.0
5903760.0
6015330.0
4582070.0
3439460.0
2995820.0
2151910.0
6504340.0
2717880.0
5617140.0
3008230.0
3885390.0
3119530.0
2852690.0
5472430.0
2948240.0
2866690.0
4455900.0
3268860.0
6813700.0
6517430.0
5091680.0
5973940.0
2866040.0
1467570.0
3994180.0
6580840.0
6229230.0
5710280.0
10747300.0
6484810.0
7537170.0
4128850.0
5638070.0
6637580.0
5422640.0
4842640.0
3336820.0
2549440.0
4786440.0
4361490.0
8567200.0
7775050.0
4340920.0
4917700.0
4950240.0
5638110.0
4291030.0
2865470.0
3600610.0
5455820.0
6577040.0
3715800.0
6451440.0
4153550.0
7959390.0
4502180.0
4803190.0
3382490.0
4210010.0
4217980.0
2539890.0
1293150.0
8129100.0
5783330.0
5244890.0
3096290.0
6817980.0
4578570.0
2736140.0
5549880.0
9710460.0
4828470.0
4593590.0
2901160.0
6025430.0
6653220.0
3019600.0
6930100.0
3818570.0
4242660.0
6119640.0
1976440.0
2311430.0
4711750.0
5262020.0
5275190.0
4990220.0
4176030.0
3946540.0
3238290.0
3500920.0
5757300.0
6598510.0
7147200.0
4179250.0
5381040.0
5405930.0
4102270.0
3181220.0
5059210.0
4643860.0
6412120.0
6057100.0
4733670.0
3238380.0
8466550.0
3653080.0
5604850.0
7539120.0
4709760.0
2769800.0
5559520.0
6941090.0
1769190.0
5379520.0
6775940.0
3197510.0
3479870.0
3518490.0
2976380.0
5507670.0
2495100.0
4203580.0
1521314.003946
1521314.003946
4556395.011175
4192240.510895
4084500.010408
2196979.005972
5976547.015927
5083420.013599
6546322.01788
4125953.010019
3808805.010359
6607807.017735
4995344.013045
5227073.013637
5095938.013944
5488765.014511
7152186.019623
7921579.021378
11321178.031173
5678873.015167
5462223.015145
7972088.021641
2487527.006698
3571240.009477
3317269.008152
4680537.011872
7886055.02115
4892285.013548
2699969.007154
5314407.014242
3873625.009656
3129631.008631
4219755.011001
3541625.009766
8049004.022225
5457605.013832
1825054.004984
4895959.01307
4267581.011194
3459875.008909
8316488.022375
2616988.00713
4762324.012306
3920696.510971
7725418.020625
3339936.009317
5167677.014138
2035954.005465
4981789.013477
5363356.014957
5892647.015844
9960159.026474
3484229.009113
5067618.013294
5419756.014017
970320.002567
7341696.017546
5575972.01494
3537314.008736
4496617.012513
6393323.017279
3635504.009182
5765564.014965
3904080.010241
2106680.005207
5036420.013186
1985069.004916
4522243.01306
6414092.01648
3837576.009697
3878433.009952
3405381.008714
4614344.012028
5001002.013548
6224833.015649
5587192.014781
7626669.020643
1779783.004537
3049564.00806
4515775.012406
4415184.011574
5045606.013507
6765295.01806
4926670.013036
3692462.009755
3982174.011052
4672101.011922
6584322.017648
6196285.016549
5521630.01504
4194391.011314
3248105.008285
8454182.022914
6091745.015991
6217685.01684
3634586.010322
4351397.010837
4611927.011786
2209542.005732
3708797.009694
3216687.008271
3946273.009659
3366690.00884
7546419.020548
4519679.012572
4811339.012881
5421467.014404
4960322.013696
2888903.007823
2889411.007201
2583866.006588
3924382.010127
2914372.007815
3197956.008243
6404059.016506
5122490.013381
5814962.015804
4682270.011895
3278623.008658
3543422.008726
3655060.009992
4291252.011031
4275840.012088
8242395.022632
4607911.012104
3656306.009586
5579676.0145
5543982.014465
4137823.010842
4976491.012438
1992019.005558
3851242.009748
3230172.008398
4323100.011493
3281084.008913
4651054.01149
5817517.015716
6312594.017377
3442107.008986
6204151.01641
4893207.012338
4004465.009717
6712911.018128
3939275.010749
4622756.01268
4729189.012327
3602722.509912
6392685.017641
5262207.014038
3542140.009444
5848060.015369
1686523.004351
6953975.017556
3193768.008813
3643026.009663
8343847.023308
3105672.007966
4930534.014431
1272800.003073
4321248.011028
4584427.01221
7607532.020875
6145573.016032
3600983.009418
2934673.007718
6293234.017873
3894843.010364
4948094.013759
3165968.008516
4283482.011531
2751364.00731
6380575.016202
4465541.011957
9576135.025557
5259331.01425
5862626.015486
5122129.014114
4168148.511531
5166521.014115
2287267.006114
6561436.017587
3319437.008571
6140856.016452
4263094.011029
3988106.010786
2870675.007777
3297728.008546
3716024.009807
4792249.012714
4182088.010236
4633257.012534
5845547.01582
2496548.006138
3551973.00847
3364982.009328
6551714.017578
1561288.004038
5808432.015193
5590532.015244
5416457.014871
1540148.003996
5882664.015204
3795633.009628
835662.002219
3368743.008848
2374166.00571
7021369.018885
5012301.012524
2968435.007564
3692806.009911
4175114.011423
6710854.017734
4517942.01225
3027657.007688
3816921.010129
3383492.009241
2945441.007568
1057415.669299
6840664.018753
1298083.003241
3770632.010659
2868258.007094
6962346.017781
5694389.016438
1623259.004181
5781174.016135
4218364.010765
5031257.013453
2036673.005543
4648654.012745
4728863.012791
2983765.008122
2718549.006919
3163780.007946
4370622.512081
6659315.018419
4160554.010853
7274616.01948
8084166.021761
4117885.010081
2552404.007369
4171737.010643
4508551.011935
3105611.007824
3640979.009849
4965449.012535
4533149.012007
4755846.012419
4282977.011939
3250897.008311
5791025.015568
4845227.013141
3177600.008928
5156214.014101
3011380.007081
2136208.004785
4446331.011497
2613032.007061
7450478.019988
3184221.008047
4783522.012512
5148638.013175
4397284.011637
3166975.008705
6031951.015019
4951139.013821
2622859.50663
6191270.016602
5910622.016073
2465335.00632
3018126.008322
3292393.008335
7111899.019165
3740684.008901
4282251.010832
5552473.014408
4742328.011847
4615988.011673
3651490.009807
3813016.009875
3778709.009484
5443365.01494
2394736.005612
5397752.014098
6449626.017217
4056840.009599
2534377.007208
2645187.007028
6194279.016405
3039444.007906
2766445.007001
3458315.009015
3469942.009691
4300015.011528
3700427.009997
3548138.009774
3618769.008909
5139924.012655
2828654.007226
3769268.009387
5998437.01544
6957497.017706
1676919.004302
3240005.008305
4343457.011224
3457543.008424
3636510.009976
4292312.011214
4982428.013236
2985758.007197
2601141.007254
2436732.006094
2951460.007275
3784740.010264
5853426.014955
6847673.019136
2835291.007043
2557096.006385
4592610.011536
3868379.009567
2481787.005836
5517791.013971
4688705.512407
1497826.004057
3255452.008922
6287996.01697
5667521.014627
1718694.004646
1345178.003542
3646550.009731
3676144.010204
5881454.015007
3754719.009214
4901616.012712
1791913.004555
3613000.009303
6410818.017397
3234528.008266
4221169.010515
619462.501717
3575584.009217
2465474.006285
5886589.015803
7828265.020288
1389416.003686
3876886.010493
1820439.004918
3546027.008144
5100157.013516
3450852.008605
2329675.005964
2548359.006571
4904859.012536
3149854.00769
3884316.009618
3744444.010635
5565137.014423
3906928.01057
4606971.012872
2182006.00602
5677693.014758
3345852.007913
2728059.006592
3525560.009522
3726980.010177
5004859.013466
5577594.014608
5011217.012679
2393210.006189
6550294.017858
8502853.022799
4988013.012837
4151560.011146
1561240.004012
3594266.009021
4734801.012861
2861310.007474
4642184.012749
3743899.009535
4514745.011136
5808334.014577
4382015.011587
7647519.021181
7545996.020265
6608373.018123
5245589.013227
6436350.017304
2752558.00703
6275309.017057
3701541.010044
6310011.016476
4693814.011852
4213923.011454
3106792.008569
4857962.012911
6096287.016012
4844601.012901
3659186.009917
3360689.008518
3713354.008914
5561772.014839
981546.002543
2510493.006489
2684193.006931
5804228.016181
1991278.005052
5823404.01638
2892810.007206
5353935.014539
6977978.018807
4209853.011172
4663533.013199
8030337.021582
3991322.010703
3124096.008302
4959554.012653
5006360.013318
5848878.01572
7339678.018848
2238605.00613
2567663.006627
2410840.006552
2026473.005302
3285331.008493
5628848.015513
1917156.00463
4080670.010354
4056222.010869
3299257.009169
4138376.010795
2507453.006496
3597093.008779
3606656.010081
2861858.007936
1147633.503161
3686103.008634
5723599.015409
4896827.013208
2117016.00526
4082818.010924
5114887.013149
5343248.014557
5689566.015518
3045856.008078
3934159.009938
3539021.009487
4155273.011241
3601442.00949
1836946.004635
6765713.017942
4837526.011536
1845284.004865
4277944.012382
2711977.006722
8134938.021812
7106645.019309
3574812.009017
4270964.011571
6611053.017963
4606694.011543
3632685.009868
8155998.021807
2483045.006435
5076794.013039
4530257.012683
4173604.011082
5686365.015374
4199047.010748
4066058.010272
1390237.003798
3318926.00885
4455797.011183
5979112.015909
3321216.008582
2854614.007736
2635611.007145
6202031.016637
6216201.017021
1764005.004871
4753414.011775
4655311.012342
5981914.015839
8384748.022051
3501343.009253
6486957.017664
6553523.016714
3935554.009485
7100241.019383
2827095.007509
3585813.009199
3258131.009046
2856493.007677
7784467.021068
5065475.013545
2366796.006523
4278964.011728
2693937.007155
3171457.007839
5777862.014051
5338824.013931
5734751.015011
5508883.014482
3288491.008659
2983631.00791
3378857.008321
3919751.009762
6154484.016695
5967229.015033
2429021.006738
2958125.008276
4898485.013662
3566061.009139
5789726.015298
5158924.014303
6187177.016594
3800159.010611
3456291.009852
5702152.015055
8079557.020882
2414129.00688
4970145.013267
3178311.008668
4319951.012348
3941445.010471
6401023.01687
3813384.009718
785079.002037
5349620.014424
3956209.009523
3294578.008231
1655666.003669
4356602.01213
3523132.009407
2269619.005448
6206605.015659
3410750.008554
6834858.018554
5787407.014502
6830373.017137
6794687.017356
5999050.016156
3321474.008565
3833075.010579
5842739.016264
3489350.009309
1989102.005363
5200610.01365
5502113.014385
2882969.007161
5144124.013518
6402873.015301
4882400.013384
4041482.010733
3927231.010428
1936337.00519
6148292.016545
5724819.015494
5017689.01244
3222530.009043
4041393.010703
2748589.007966
6244855.016937
6121689.017318
5191859.013114
6110167.015881
6364093.016659
8112498.021742
3461524.008889
2153186.005527
6209630.015047
6842619.018425
4954698.013235
5746402.015416
3074275.0078
4622996.012328
4587373.012177
3171001.008177
3839453.010292
4588811.012375
3373120.008864
3761419.010451
3935759.010874
7578988.020309
5217376.013411
6501875.016265
8296624.022203
3294541.008894
8607323.023157
3439229.00918
2531811.007076
4192067.010482
3840280.010211
5323928.013913
2420982.006221
8192191.022304
5842664.015711
2780642.007309
2154706.005036
2902391.007727
2961212.007455
3692962.009789
3929668.010576
4972735.013284
3114511.007711
9434180.025593
4208613.00936
3374935.008688
2776814.007265
4058041.009899
4869368.01255
3589305.009596
3538303.009808
5482862.014011
3985860.011082
3238098.008627
6677041.018326
3668779.009791
6097393.016362
6959075.018607
3491583.008634
3190769.008278
4112117.011189
3752670.010134
4631297.012475
2543105.006168
2680418.007131
6118063.016203
4721377.012757
4224915.011
1201610.003065
2680135.00717
2693323.006658
2434421.006199
7060851.018109
1666975.004096
4642506.011547
4034780.010939
5139270.013088
1158855.50302
6167277.016756
5484947.014566
2975415.007289
1513108.003981
7064864.019482
3987165.009795
4957649.012847
5526868.015334
5835050.016157
4114865.011338
3761734.009236
4581391.012136
1477654.003721
2702535.006826
4052677.011437
2799665.007938
4653375.011718
5817586.015046
2633707.007189
3860055.010246
3723397.009571
1366271.003473
6087416.015746
6174820.016919
3928562.009402
7770315.02027
6079338.015872
2031495.004374
3382798.008046
5382561.014149
5120154.013858
1632278.003751
4993443.013057
7701368.021013
6282388.016661
5736196.014928
2884638.00804
4125003.011273
4865842.013472
7295335.019468
5154406.01302
4669214.011794
3840867.010421
3581989.009961
3340185.008347
5546238.014938
4007111.010864
4086424.010472
3624321.008997
4144662.010804
6048603.015903
1952345.80502
5399360.013992
2691081.006705
4104413.010739
6552315.017861
1675525.004358
6664097.017945
1517208.004098
8608257.023517
6725801.017983
6609912.017769
5159839.014098
6054764.015299
3139073.007433
5179765.01341
3268935.008683
4071087.009954
5595818.014369
4885251.012579
2548028.006801
3150458.008157
3728758.00941
2169954.005389
4736351.013562
4375577.011316
2703497.00643
3610419.009348
2567826.006255
7670280.021272
4716230.013205
3089396.008043
1911846.005388
7416409.020758
4034347.01042
3391555.00915
2281221.006019
2792161.008145
3101406.007694
3634263.009741
1689557.004379
4034400.010771
4056634.010043
2583529.507203
2975861.007866
4401188.011712
1981959.005193
3327148.008384
2203363.005642
4360184.011268
4939181.013124
4660857.012061
2554383.006666
2361553.006229
4408727.011724
2151867.005711
5892021.014842
3737132.009336
6026178.016316
1943085.004997
1789677.004855
3806779.009908
5063901.013507
5584289.014727
7302726.019693
4396232.011411
7341395.01996
5013190.012959
4887486.01292
3051249.007315
6834562.019172
7546263.020337
4955468.013487
3703661.00922
2138825.005558
7069456.018622
3180577.008278
2363299.006317
5153021.013039
2974570.007325
1934175.004398
4481976.011977
3506800.009172
1181925.003193
5049754.013779
2732762.006861
4943351.013201
1277451.003335
6519023.016988
4718187.012689
3458202.009188
4740903.012948
2885063.008239
9440478.025349
4210004.010634
4653111.011752
8285330.021924
3044583.008142
4063366.011096
8720146.022578
3343155.008217
5449004.014036
2188553.506261
5257575.013996
7532873.019723
5039089.013429
6762452.018384
4966070.012561
1515304.003764
4231159.010832
5326369.014441
4562519.012461
4266053.011275
7050399.01925
1769971.004398
5543840.015101
6383484.016887
2285928.005964
2952090.007668
5312837.014356
4160436.011524
2480376.006616
6241533.017752
3384812.008892
4419566.012427
4877829.013417
6574292.017336
3948380.010713
3562961.008777
4280450.01099
6339934.017118
1245018.002957
3446475.009144
4425209.011195
3894002.010672
1932683.005005
9712034.026821
4285917.011258
5250513.014355
5422149.015075
2313742.006216
7356021.019018
1874415.00451
2793433.007576
3932226.009782
2039985.00544
4499950.012645
4559828.012324
3573272.009324
2128026.005889
4330446.012588
4245849.011289
4487159.012202
1062389.0029
6628861.017265
3080990.008184
7103717.018831
3605682.009669
3785572.010028
4738298.012614
3168685.008427
6341485.017315
2221310.00575
4840810.012286
2992262.007494
7668795.019662
1843018.005121
3507334.009182
6656855.017557
3286686.008438
4803028.01259
2075704.005222
2423757.006409
2423306.006031
1948100.005218
6835843.017418
3744707.009998
8697876.023076
5173883.013035
3165988.008092
4677233.012449
5583389.015344
7512860.020058
3189769.007836
3607825.009487
5600379.014962
3233874.008395
4491931.011665
5903762.016524
6015329.015533
4582067.011639
3439458.009215
2995823.008207
2151906.005703
6504337.018062
2717879.006795
5617142.015355
3008227.007598
3885390.010043
3119534.008178
2852692.008127
5472429.013777
2948245.007163
2866694.007317
4455899.011353
3268863.008497
6813702.019012
6517434.016719
5091677.013748
5973941.016072
2866044.007388
1467572.003958
3994178.010111
6580842.017536
6229233.016943
5710285.014769
10747263.029126
6484806.017527
7537166.020397
4128852.01066
5638071.014138
6637578.018689
5422643.01329
4842641.013131
3336818.009086
2549438.006833
4786438.01306
4361493.011703
8567198.023141
7775046.020469
4340922.010974
4917697.013046
4950244.013535
5638113.014785
4291031.010734
2865470.007871
3600614.009238
5455818.014003
6577045.018
3715799.009328
6451436.017406
4153554.010958
7959393.021147
4502182.011677
4803186.012497
3382491.008876
4210010.010707
4217980.011353
2539889.006064
1292753.503466
8129101.020418
5783329.015361
5244893.013232
3096287.008308
6817983.018934
4578573.012814
2736136.007561
5549881.015029
9710459.025598
4828466.01289
4593587.011671
2901157.007818
6025432.01684
6653223.016962
3019597.007934
6930100.019248
3818574.009638
4242655.011537
6119641.015963
1976444.005179
2311429.005004
4711746.01232
5262017.01414
5275190.013165
4990215.012649
4176033.010834
3946543.010173
3238293.008198
3500920.009697
5757303.015854
6598510.017736
7147201.019452
4179254.011149
5381045.013896
5405934.014474
4102268.011001
3181216.008721
5059207.012767
4643862.01209
6412121.016537
6057099.015633
4733674.01285
3238380.008072
8466553.023062
3653080.008607
5604851.014777
7539118.020358
4709765.01281
2769796.007102
5559515.015283
6941090.017589
1769194.004677
5379517.014224
6775939.0175
3197511.008202
3479869.008917
3518489.0094
2976377.007537
5507670.015113
2495103.006817
4203583.011249
