1.00042
1.00044
1.0005
1.00809
1.00988
1.01409
1.0005
1.00038
1.00045
1.00044
1.04838
1.00226
1.018
1.00032
1.00061
1.00032
1.03246
1.11301
1.02952
1.00039
1.00024
1.00067
1.11151
1.00041
1.00053
1.00029
1.00043
1.13468
1.00059
1.00419
1.00046
1.01266
1.03175
1.00022
1.00038
1.0004
1.00039
1.0813
1.00036
1.0004
1.00037
1.00051
1.02772
1.00965
1.00053
1.00027
1.04334
1.0003
1.02326
1.0006
1.0002
1.00047
1.00042
1.02353
1.01223
1.00038
1.0002
1.00844
1.00043
1.06806
1.04811
1.00049
1.00342
1.00034
1.00067
1.00034
1.00029
1.03511
1.01297
1.00029
1.00024
1.15488
1.00033
1.00043
1.00929
1.00059
1.00586
1.03338
1.00039
1.00029
1.00031
1.00024
1.0006
1.00032
1.00529
1.00034
1.00045
1.0004
1.0738
1.00797
1.00017
1.00027
1.00044
1.04931
1.00028
1.00037
1.00027
1.00032
1.00725
1.00037
1.00045
1.00041
1.12967
1.00032
1.00028
1.00318
1.00062
1.00048
1.0004
1.00052
1.0028
1.08461
1.0035
1.00052
1.07483
1.00043
1.00038
1.04464
1.0003
1.00042
1.00049
1.00457
1.09693
1.008
1.00839
1.00022
1.00029
1.00025
1.00054
1.00172
1.00035
1.05743
1.00038
1.05717
1.01374
1.00031
1.01874
1.00072
1.00198
1.0003
1.06317
1.00056
1.00038
1.00034
1.03915
1.00041
1.00023
1.0742
1.00049
1.03556
1.00042
1.00027
1.0203
1.03584
1.03762
1.00695
1.00045
1.01512
1.00658
1.00042
1.00038
1.14292
1.00033
1.00018
1.00397
1.0003
1.00051
1.00047
1.00034
1.00041
1.04501
1.00031
1.00054
1.00025
1.00045
1.00025
1.00099
1.00189
1.17504
1.00042
1.00038
1.00109
1.00053
1.00851
1.00032
1.14437
1.00068
1.00134
1.0223
1.00024
1.00044
1.07535
1.00026
1.00025
1.0004
1.00028
1.00402
1.051
1.00044
1.0012
1.07407
1.01241
1.00051
1.00014
1.00064
1.0003
1.00025
1.06886
1.00029
1.00582
1.00035
1.0004
1.00031
1.00052
1.00037
1.09118
1.00046
1.00042
1.0233
1.04116
1.00048
1.00058
1.00035
1.0565
1.00031
1.00053
1.0404
1.00035
1.00025
1.03734
1.02195
1.0676
1.02694
1.00053
1.00033
1.0004
1.04794
1.00014
1.03764
1.00125
1.00038
1.00054
1.03147
1.00028
1.00032
1.01005
1.09082
1.00034
1.02168
1.04391
1.05986
1.0576
1.12404
1.00041
1.11787
1.00043
1.00033
1.0304
1.007
1.00034
1.00038
1.00021
1.18464
1.00355
1.00047
1.00121
1.00066
1.42482
1.00024
1.0004
1.00043
1.0002
1.00045
1.00037
1.00665
1.00047
1.00026
1.0003
1.08458
1.0349
1.00038
1.00045
1.00045
1.04667
1.00023
1.00073
1.00059
1.00039
1.00851
1.00033
1.00042
1.10672
1.01721
1.11025
1.00036
1.04019
1.00026
1.04694
1.00014
1.00041
1.00203
1.00046
1.00041
1.00424
1.00049
1.00035
1.00041
1.00153
1.00076
1.00031
1.01263
1.00032
1.00056
1.00573
1.07019
1.00066
1.00066
1.03771
1.06818
1.00087
1.00029
1.00036
1.07052
1.00066
1.00087
1.00036
1.03925
1.07537
1.00023
1.0003
1.08672
1.00031
1.00039
1.00032
1.00093
1.07243
1.00024
1.00035
1.00039
1.00042
1.00034
1.00063
1.003
1.00041
1.0002
1.00023
1.01085
1.00046
1.0455
1.02726
1.00021
1.00054
1.0005
1.00032
1.00041
1.3053
1.05041
1.00064
1.00411
1.05231
1.00018
1.08863
1.00042
1.00064
1.00709
1.00248
1.00039
1.00036
1.00024
1.0003
1.00038
1.00988
1.00044
1.01018
1.00235
1.00045
1.00042
1.00018
1.00025
1.00028
1.00022
1.38901
1.00054
1.01748
1.00116
1.06968
1.0005
1.00058
1.13667
1.00045
1.00062
1.0019
1.00034
1.00051
1.00037
1.00161
1.00042
1.07588
1.01001
1.00045
1.02769
1.00043
1.00029
1.04936
1.03505
1.00025
1.08148
1.01536
1.01537
1.00496
1.0738
1.08605
1.00992
1.00041
1.00051
1.00039
1.00047
1.00696
1.00034
1.01383
1.10463
1.0003
1.00043
1.07358
1.00049
1.00037
1.00034
1.00186
1.00028
1.08195
1.00119
1.00053
1.00043
1.01969
1.00036
1.00072
1.00028
1.0051
1.00041
1.04441
1.00047
1.12298
1.00048
1.00035
1.00049
1.00056
1.09862
1.001
1.00024
1.00028
1.00045
1.03397
1.1102
1.00034
1.03575
1.00062
1.00036
1.00048
1.00035
1.00044
1.00054
1.12543
1.00053
1.00028
1.00043
1.00194
1.00047
1.06006
1.05032
1.00047
1.00034
1.00639
1.00029
1.00029
1.00056
1.0006
1.00058
1.00038
1.00722
1.01282
1.0001
1.00125
1.00138
1.0162
1.00462
1.064
1.00607
1.02766
1.03563
1.00039
1.00026
1.03977
1.00051
1.00027
1.00049
1.03874
1.00049
1.00031
1.0004
1.0396
1.13626
1.00041
1.00034
1.00026
1.00052
1.00055
1.12598
1.02481
1.00045
1.00055
1.00023
1.00019
1.00038
1.00035
1.0003
1.09071
1.00064
1.00037
1.00034
1.00042
1.01272
1.00072
1.19107
1.00042
1.07153
1.00066
1.0003
1.00046
1.00041
1.00889
1.06203
1.00026
1.05946
1.00035
1.00031
1.00037
1.00037
1.00021
1.00054
1.0007
1.00031
1.00032
1.00037
1.00043
1.01671
1.01262
1.00041
1.0005
1.00066
1.00033
1.00048
1.00673
1.00044
1.00046
1.00069
1.00046
1.00025
1.04971
1.11904
1.00035
1.12325
1.00049
1.00034
1.05365
1.00037
1.04605
1.00039
1.09572
1.05259
1.00032
1.00025
1.00426
1.00511
1.01566
1.00029
1.00072
1.07836
1.00057
1.00051
1.07724
1.03244
1.00059
1.00038
1.00072
1.0006
1.00027
1.00075
1.08228
1.00024
1.0004
1.00034
1.00032
1.00126
1.00388
1.00058
1.00044
1.09168
1.05635
1.04479
1.00042
1.02725
1.00043
1.00031
1.00064
1.00293
1.00044
1.00034
1.00048
1.00034
1.00057
1.0003
1.00339
1.07232
1.01686
1.14315
1.00039
1.00031
1.05014
1.00026
1.00031
1.00042
1.00146
1.00046
1.01196
1.00068
1.0152
1.00027
1.0237
1.16264
1.02969
1.00034
1.04518
1.00027
1.0003
1.05227
1.00037
1.00021
1.0116
1.00035
1.05738
1.05515
1.00039
1.0073
1.00033
1.01784
1.06875
1.00057
1.0005
1.00268
1.07054
1.00026
1.00035
1.00037
1.00032
1.00037
1.02362
1.00044
1.00048
1.00019
1.00043
1.07585
1.0021
1.00033
1.0755
1.00052
1.06652
1.00042
1.02181
1.03713
1.016
1.00043
1.00037
1.00057
1.00033
1.05392
1.00076
1.00036
1.00268
1.00029
1.0514
1.00027
1.00335
1.08618
1.00058
1.00966
1.00064
1.10236
1.00044
1.00052
1.00705
1.00017
1.02563
1.02159
1.00029
1.00031
1.0006
1.00042
1.04408
1.00021
1.01344
1.00943
1.00031
1.00548
1.00038
1.00484
1.00026
1.02174
1.07312
1.05277
1.0774
1.04853
1.00039
1.01284
1.00044
1.07113
1.02387
1.00802
1.00039
1.0005
1.00041
1.00039
1.00639
1.00028
1.00092
1.01935
1.00025
1.00034
1.00038
1.00099
1.00862
1.00035
1.00027
1.18784
1.00497
1.00102
1.00033
1.0005
1.00025
1.01616
1.00021
1.00071
1.00046
1.00326
1.00074
1.00025
1.00105
1.00036
1.00039
1.00094
1.00132
1.04219
1.00049
1.0023
1.00041
1.00072
1.00027
1.0006
1.00057
1.00039
1.00237
1.00031
1.00036
1.0754
1.0077
1.03004
1.00034
1.00323
1.00045
1.00039
1.00026
1.00027
1.00027
1.08347
1.00377
1.00827
1.0029
1.00048
1.0004
1.05238
1.00054
1.00052
1.05733
1.00076
1.00024
1.0003
1.00037
1.00042
1.05765
1.00035
1.01696
1.00041
1.00062
1.08439
1.04394
1.00026
1.13026
1.00024
1.11187
1.00033
1.00083
1.00311
1.00043
1.00057
1.00045
1.00028
1.00963
1.01807
1.00032
1.11203
1.00026
1.00028
1.00134
1.00017
1.00043
1.07656
1.08394
1.00036
1.01883
1.04223
1.0149
1.00027
1.03847
1.00258
1.00098
1.05931
1.01228
1.00034
1.00078
1.00043
1.01586
1.00019
1.00045
1.00307
1.00036
1.00043
1.00035
1.04101
1.01234
1.01439
1.00827
1.13989
1.06267
1.00875
1.00042
1.08401
1.00055
1.00043
1.00034
1.00049
1.00022
1.00022
1.00031
1.00203
1.06248
1.00044
1.00026
1.00055
1.0002
1.00042
1.00036
1.00079
1.18033
1.00384
1.02457
1.00035
1.00041
1.00065
1.00042
1.0005
1.00023
1.00037
1.0011
1.01645
1.01402
1.0003
1.00038
1.00074
1.00041
1.03921
1.0191
1.00046
1.00062
1.00054
1.00071
1.00044
1.00026
1.00041
1.0004
1.02765
1.02215
1.17523
1.00031
1.00066
1.016
1.00489
1.00032
1.00028
1.00048
1.00026
1.00039
1.00057
1.0006
1.00548
1.0837
1.00037
1.00174
1.01389
1.00044
1.05709
1.01564
1.00053
1.03792
1.00663
1.00058
1.0003
1.00023
1.00021
1.00033
1.06927
1.00821
1.00121
1.0007
1.00234
1.00034
1.0003
1.03218
1.00149
1.00029
1.0004
1.00032
1.03786
1.03222
1.03037
1.00002
1.00047
1.00042
1.00032
1.12232
1.00372
1.00047
1.00034
1.06137
1.00114
1.00114
1.00032
1.00038
1.00049
1.08605
1.0009
1.08581
1.00034
1.00032
1.00049
1.00046
1.09745
1.03947
1.00022
1.00048
1.00247
1.00022
1.00077
1.0003
1.00042
1.27001
1.0003
1.01615
1.00039
1.03027
1.00046
1.03875
1.00026
1.00047
1.0008
1.00043
1.00354
1.00024
1.00046
1.06056
1.00064
1.06106
1.00248
1.00063
1.00041
1.04042
1.00031
1.09512
1.04825
1.00037
1.00065
1.00055
1.17184
1.00035
1.00041
1.00378
1.00027
1.00036
1.07207
1.00023
1.12173
1.00042
1.5303
1.45276
1.7326
1.6658
1.56525
1.66258
1.68178
1.46555
1.68162
1.77326
1.75481
1.63585
1.48678
1.43804
1.52968
1.50514
1.73788
1.59592
1.47429
1.40751
1.42184
1.91037
2.54453
1.68853
1.59504
1.48045
1.51631
1.90621
1.38663
1.44777
1.54125
1.6005
1.60871
1.33871
1.58924
1.71614
1.74971
1.88363
1.67719
1.32465
1.51635
1.5567
1.66049
1.55867
1.5449
1.43326
1.57466
1.54926
1.63777
1.52436
1.36136
1.60977
1.82206
2.03189
1.52133
1.54608
1.41276
1.74568
1.55315
1.83968
1.65583
1.65569
1.68959
1.45692
1.85169
1.42888
1.61085
1.81509
1.61636
1.47991
1.40766
1.9411
1.49133
1.47991
2.20693
1.89514
1.75719
1.55482
1.44237
1.48281
1.53731
1.36976
1.94755
1.43276
1.39181
1.48854
1.46332
1.6059
2.10532
1.76786
1.37271
1.51519
1.69061
1.5236
1.48437
1.52028
1.43457
1.53501
1.52535
1.47934
1.62827
1.5772
2.54092
1.48748
1.41261
1.48619
1.90143
1.61104
1.37897
1.5933
1.49264
2.50913
1.60543
1.67866
1.71187
1.61621
1.3061
1.65146
1.38464
1.59301
1.56771
1.58757
1.82671
1.6168
1.97075
1.28723
1.47886
1.48275
1.59495
1.40751
1.55825
1.86358
1.50351
1.86428
1.43159
1.35412
1.6978
1.88924
1.60254
1.38453
1.9938
1.48106
1.69542
1.59764
1.77486
1.52584
1.36371
1.80759
1.54541
1.59728
1.5075
1.48441
1.68706
1.57842
1.59732
1.68399
1.85915
1.75494
1.54122
1.61599
1.63442
1.76763
1.35184
1.39048
1.74817
1.43338
1.65943
1.63426
1.42373
1.60764
1.86944
1.34485
1.71523
1.41198
1.62185
1.28924
1.80576
1.9054
1.38983
1.60699
1.5369
1.98078
1.58104
1.58148
1.59099
2.07544
1.52186
1.38961
1.46549
1.55918
1.66068
1.59261
1.40695
1.45548
1.68529
1.33243
1.83785
1.5595
1.59812
1.47974
2.0997
1.53269
1.43554
1.74498
1.89111
1.55089
1.31984
1.72055
1.55337
1.56999
1.43648
1.82133
1.36489
1.61618
1.58562
2.03947
1.54727
1.59632
1.48995
1.47859
1.64218
1.68442
1.57132
1.88646
1.33988
1.69742
2.0358
1.63774
1.25947
1.56504
1.58763
1.69909
1.45846
1.56206
1.49656
1.4277
1.95815
1.15583
1.44505
1.65365
1.60408
1.79932
1.74934
1.5005
1.47116
1.66781
1.81046
1.43605
1.73119
1.71668
1.7726
1.75485
1.55105
1.50869
1.41216
1.63584
1.5246
1.47109
1.54624
1.41334
1.46109
1.42265
1.85642
1.65997
1.84796
1.64391
2.04153
1.8954
1.38833
1.58036
1.69856
1.55149
1.58442
1.53696
1.72822
1.63851
1.45798
1.57361
1.5743
1.62189
1.614
1.73971
1.61536
1.56982
1.37029
2.05222
1.83993
1.49114
1.81741
1.62356
1.64795
1.63517
1.55745
1.71235
1.64219
1.94903
1.343
1.94251
1.18615
1.54307
1.61442
1.85396
1.54152
1.78432
1.38308
1.50079
1.50617
1.71138
1.87663
1.40127
1.5127
1.51251
1.91629
1.57751
1.60471
1.68813
1.76818
1.76244
1.93044
1.71066
1.52337
1.55444
1.94144
1.84212
1.64532
1.53659
1.58558
1.34957
1.45166
1.38896
1.65859
1.5325
1.4702
1.4863
2.12668
1.80553
1.49089
1.62259
1.59111
1.58751
1.58388
1.4429
1.47575
1.45355
1.34338
1.42162
1.72751
1.89143
1.53191
1.50379
1.42204
1.62614
1.54578
1.47978
1.53422
2.85699
1.67194
1.56689
1.6948
1.59512
1.4554
1.72426
1.57623
1.94819
1.92267
1.53681
1.53319
1.70066
1.27069
1.49387
1.68596
1.68652
1.76752
1.58263
1.30709
1.40341
1.54632
1.28911
1.3395
1.5617
1.28927
2.98876
1.79537
1.91191
1.49615
2.25022
1.50499
1.7548
1.4551
1.666
1.83219
1.71336
1.50125
1.65682
1.34351
1.59185
1.4987
1.53696
1.76667
1.64504
2.19184
1.26866
1.2568
1.60645
1.82915
1.37479
1.68973
1.42929
1.65476
1.74827
1.56318
1.87636
1.83087
1.48445
1.62421
1.52301
1.65188
2.07067
1.58592
1.80115
1.90543
1.39139
1.59673
1.96655
1.52486
1.61377
1.60031
1.87872
1.43273
1.51876
1.78067
1.56268
1.6699
1.75899
1.57363
1.88543
1.54723
1.28281
1.63021
1.6194
1.72488
1.74609
1.35486
1.59279
1.74625
1.43335
1.53421
1.76754
1.45838
1.40408
1.50306
1.34392
1.8542
1.50342
1.66401
1.83436
1.53802
1.51278
1.77665
1.72544
1.84256
1.74833
1.6145
1.52179
1.77755
1.89268
1.75617
1.70186
1.66761
1.68979
1.50529
1.34997
1.45597
1.37986
1.52384
1.50278
1.8599
1.41693
1.71496
1.74689
1.4504
1.75586
1.4065
1.90763
1.52392
1.55589
1.75058
1.68786
2.04303
1.4836
1.47074
1.8536
1.63674
1.36205
1.65979
1.81664
1.66619
1.4674
1.83176
1.67784
1.55402
1.51155
1.49709
1.46737
1.66789
1.74745
1.88367
1.8046
1.6349
1.44353
1.34103
1.29953
1.6252
1.51537
1.36995
1.9299
1.66899
1.56191
1.64119
1.53806
1.94745
1.52658
1.76284
1.52491
1.99904
1.74188
1.52196
1.71964
1.53487
2.20899
1.51579
1.42963
1.45821
1.34473
1.40235
1.60381
1.49403
1.30394
1.48949
1.81188
1.56873
1.54633
1.43512
1.58629
1.5642
2.16673
1.70209
1.52854
1.92519
1.45653
1.68711
1.66586
1.46798
1.63417
1.77507
1.67419
1.40017
1.66811
1.70734
1.4631
1.63811
1.6512
1.61722
1.96161
1.56659
1.43873
1.53784
1.69997
1.67703
1.58291
1.47394
1.69044
1.59565
1.41924
1.49534
1.89661
1.65165
1.84558
1.46399
1.61638
1.32901
1.56357
1.57668
1.73574
1.67625
1.56858
1.63333
1.68149
1.42348
1.49246
1.44778
1.47982
1.62783
1.73753
1.5984
1.74024
1.77392
1.42402
1.52532
1.56251
1.91593
1.64557
1.46058
1.57879
1.56239
1.49674
1.51692
1.59783
1.50863
1.75131
1.4382
1.76511
1.75255
1.53678
1.43754
1.59654
1.35549
1.63802
1.4604
1.37028
1.75844
1.56179
1.73129
1.68368
1.57917
1.63021
1.40776
1.92166
1.57771
1.92652
1.57986
1.83223
1.38686
1.51085
2.01376
1.49477
1.44054
1.82168
1.58527
1.76351
1.53547
1.76639
1.74104
1.61983
1.63165
1.8532
1.80007
1.61929
1.79433
1.62676
1.49402
1.5765
1.6157
1.43883
1.60884
1.4659
1.4898
1.60246
1.28847
1.53114
1.87026
1.56419
1.59338
1.76487
1.91176
1.84164
1.77183
1.71511
1.70548
1.88247
1.67647
1.54451
1.8051
1.54759
1.6206
1.65743
1.51445
1.56642
1.49895
1.55799
1.37689
1.92344
2.16587
1.83245
1.57656
1.89914
1.7846
1.67944
1.67767
1.87164
1.26912
2.28073
1.69249
1.30044
1.35612
1.71412
1.75425
1.65538
1.34901
1.89551
1.62411
1.3973
1.97121
1.52064
1.58723
1.54394
1.62799
1.69749
1.47241
1.76525
1.71051
1.41817
1.60969
1.60319
1.9251
1.57298
1.5085
1.63636
1.77481
1.52003
1.59174
2.08593
1.33606
1.65175
1.56691
1.3996
1.41385
1.65994
2.0901
1.68115
1.3738
1.39533
1.62153
1.42332
2.05689
1.49779
1.50917
1.38353
1.41751
1.38778
1.73572
1.78779
1.39774
1.55873
1.45471
1.91657
1.40769
1.54876
1.60952
1.45605
1.58063
1.82783
1.96005
1.58106
1.79568
1.47451
1.8348
1.54733
1.643
1.42763
1.48282
1.66451
1.57283
1.60968
2.05537
1.50463
1.66748
1.7415
1.62755
1.40682
1.38094
1.4879
1.61335
1.61084
1.49157
1.47271
1.73842
1.7194
1.41855
1.60627
1.64819
1.61583
1.84566
1.36066
1.54566
1.60409
1.64352
1.89605
1.4436
2.08243
1.50043
1.78724
1.55093
1.83608
1.45243
2.22386
1.43924
1.60403
1.61565
1.91465
1.59036
1.54
1.77505
1.35178
1.4792
1.57599
1.67752
1.59795
1.73153
1.45525
1.39741
1.4436
1.45119
1.54641
1.6562
1.61592
1.38855
1.65351
1.73329
1.45007
1.39846
1.86099
1.86585
1.49693
1.59458
2.30188
1.59875
1.745
1.76846
2.03985
1.31404
1.66723
1.57699
1.51254
1.57681
1.62839
1.79213
1.57055
1.70932
1.5708
1.8367
1.76627
1.56797
1.56671
1.93695
1.82778
1.59804
1.59647
1.7621
1.38255
1.30827
1.4703
1.47051
1.83228
1.52843
1.48555
1.60159
1.29943
1.5268
1.52824
1.84752
1.48947
1.72804
1.39931
1.43602
1.73835
1.75248
1.51094
1.48194
1.68334
1.583
1.53006
1.62199
1.68093
1.42688
1.40462
1.72424
1.55517
1.54382
1.68891
1.67746
1.68886
1.70692
1.64155
1.49684
1.53712
1.6127
1.62891
1.87267
1.58624
1.78154
1.61722
1.6348
1.59791
1.70295
1.50118
1.36961
1.61241
1.47677
1.46382
1.63927
1.77275
1.54796
1.90457
1.54618
1.53152
1.78388
1.66708
1.62085
1.61323
1.72251
2.27603
1.51562
1.76007
1.34045
1.40758
1.27705
1.4095
1.78732
1.72783
1.94348
1.62112
1.6887
1.50407
1.46432
1.86505
1.45253
1.5512
1.43955
1.46361
1.71144
1.5221
1.54025
1.46011
1.51445
1.67485
1.51906
1.67097
1.58432
1.77894
1.31133
1.65435
1.62487
1.76722
1.48146
1.5009
1.65678
1.84261
1.49252
1.68607
1.58109
1.54866
1.8357
1.607
2.05455
1.44982
1.38794
1.61131
1.52473
1.36137
1.74246
1.45675
1.77241
1.86167
1.53635
1.65246
1.53301
1.5138
1.79511
1.72943
1.30133
1.90953
1.83647
1.48445
1.65863
1.31522
1.52752
1.51874
1.67835
2.09615
2.7212
1.94227
1.60985
1.44162
1.38519
1.68464
1.77644
1.65412
1.50728
1.59991
1.81504
1.57667
1.47819
1.65244
1.39013
1.59177
1.9373
1.43659
1.59888
1.66208
1.07912
1.1878
1.1809
1.6658
1.13301
1.66258
1.05926
1.11122
1.28338
1.31924
1.10077
1.63585
1.48678
1.23975
1.52968
1.04201
1.73788
1.07328
1.22158
1.10911
1.05962
1.91037
1.19143
1.68853
1.59504
1.23834
1.51631
1.22083
1.2798
1.04067
1.54125
1.6005
1.06702
1.07683
1.2196
1.71614
1.74971
1.88363
1.02434
1.32465
1.51635
1.5567
1.66049
1.03273
1.24372
1.08098
1.08206
1.08603
1.63777
1.52436
1.14636
1.14742
1.82206
1.10845
1.52133
1.21827
1.41276
1.05207
1.22043
1.27441
1.05801
1.65569
1.68959
1.45692
1.85169
1.42888
1.61085
1.07579
1.04282
1.47991
1.07302
1.09577
1.18049
1.01532
2.20693
1.89514
1.75719
1.09702
1.03791
1.48281
1.05018
1.36976
1.94755
1.43276
1.39181
1.48854
1.46332
1.6059
1.06411
1.1889
1.37271
1.07302
1.05183
1.14269
1.1766
1.03462
1.43457
1.0397
1.52535
1.25714
1.09564
1.09429
1.17561
1.01542
1.41261
1.48619
1.17329
1.61104
1.01522
1.02315
1.49264
2.50913
1.054
1.12753
1.06995
1.07387
1.3061
1.31683
1.01271
1.22513
1.56771
1.58757
1.82671
1.6168
1.39113
1.04231
1.47886
1.08287
1.59495
1.21409
1.55825
1.07896
1.50351
1.86428
1.18143
1.04678
1.26744
1.03848
1.07706
1.05323
1.9938
1.1355
1.69542
1.18177
1.10518
1.52584
1.36371
1.80759
1.54541
1.25622
1.5075
1.02014
1.0109
1.13989
1.07393
1.68399
1.85915
1.75494
1.14081
1.61599
1.63442
1.02837
1.35184
1.01794
1.10293
1.43338
1.15005
1.04337
1.42373
1.06107
1.86944
1.34485
1.38575
1.41198
1.62185
1.28924
1.18733
1.17842
1.14048
1.11195
1.01309
1.98078
1.58104
1.07884
1.38151
2.07544
1.52186
1.13102
1.19113
1.55918
1.03476
1.07437
1.40695
1.07978
1.09949
1.03285
1.83785
1.1314
1.24617
1.09482
2.0997
1.53269
1.08756
1.32558
1.89111
1.0285
1.31984
1.72055
1.55337
1.15377
1.04125
1.10882
1.36489
1.61618
1.28963
2.03947
1.03499
1.10715
1.19885
1.47859
1.64218
1.68442
1.22617
1.88646
1.33988
1.04874
1.03841
1.63774
1.25947
1.17695
1.06967
1.1838
1.03207
1.56206
1.15117
1.05731
1.21567
1.01933
1.44505
1.65365
1.22697
1.03847
1.74934
1.5005
1.10258
1.04511
1.03726
1.43605
1.09936
1.71668
1.13652
1.75485
1.19069
1.50869
1.0527
1.14633
1.05457
1.47109
1.54624
1.0704
1.11512
1.12219
1.13883
1.18391
1.1194
1.13258
2.04153
1.06371
1.04886
1.07809
1.12039
1.13112
1.58442
1.53696
1.03735
1.14572
1.45798
1.57361
1.18664
1.11115
1.07078
1.73971
1.61536
1.09679
1.08104
1.26818
1.19069
1.06074
1.81741
1.0978
1.64795
1.13681
1.06325
1.0283
1.20793
1.94903
1.5147
1.37484
1.02738
1.54307
1.18677
1.85396
1.13173
1.1273
1.02813
1.18015
1.50617
1.19086
1.04571
1.40127
1.5127
1.51251
1.19627
1.57751
1.12423
1.68813
1.24737
1.76244
1.19404
1.71066
1.24159
1.13674
1.07425
1.37785
1.1381
1.14078
1.14031
1.02524
1.10046
1.38896
1.65859
1.1822
1.4702
1.4863
2.12668
1.80553
1.37467
1.62259
1.59111
1.58751
1.58388
1.4429
1.08909
1.45355
1.1348
1.42162
1.08685
1.89143
1.53191
1.02843
1.42204
1.62614
1.02383
1.47978
1.53422
2.85699
1.67194
1.56689
1.09726
1.206
1.08998
1.72426
1.57623
1.0499
1.15883
1.53681
1.53319
1.70066
1.27069
1.04733
1.04336
1.68652
1.0461
1.08019
1.30709
1.02151
1.02309
1.06067
1.04328
1.07039
1.06516
2.98876
1.16645
1.17435
1.49615
1.2235
1.50499
1.7548
1.02869
1.666
1.83219
1.15053
1.50125
1.65682
1.34351
1.05234
1.4987
1.09036
1.04115
1.64504
2.19184
1.03252
1.03823
1.60645
1.82915
1.09403
1.03568
1.42929
1.65476
1.05822
1.56318
1.14806
1.13276
1.06859
1.05627
1.20661
1.65188
2.07067
1.58592
1.14537
1.09475
1.39139
1.15614
1.15435
1.04385
1.16718
1.02557
1.87872
1.0881
1.04141
1.78067
1.56268
1.6699
1.09254
1.57363
1.88543
1.06282
1.28281
1.22546
1.6194
1.72488
1.74609
1.35486
1.59279
1.05809
1.43335
1.53421
1.76754
1.17886
1.40408
1.50306
1.34392
1.08535
1.50342
1.02052
1.83436
1.02949
1.03873
1.77665
1.06067
1.31195
1.29205
1.6145
1.52179
1.12014
1.01203
1.75617
1.70186
1.12267
1.22846
1.50529
1.34997
1.05586
1.37986
1.52384
1.14371
1.22263
1.01693
1.12499
1.16087
1.4504
1.75586
1.4065
1.90763
1.52392
1.08912
1.75058
1.05079
2.04303
1.4836
1.13978
1.8536
1.05673
1.36205
1.13316
1.81664
1.66619
1.4674
1.00946
1.0289
1.06109
1.07476
1.0948
1.0409
1.66789
1.74745
1.09067
1.17715
1.29072
1.07812
1.34103
1.29953
1.6252
1.12783
1.36995
1.10395
1.09794
1.02152
1.64119
1.53806
1.94745
1.52658
1.76284
1.04875
1.99904
1.25973
1.52196
1.71964
1.00557
1.05971
1.03273
1.42963
1.0925
1.0805
1.11735
1.60381
1.49403
1.30394
1.48949
1.07919
1.56873
1.26743
1.43512
1.2132
1.14752
1.24027
1.04134
1.01931
1.92519
1.45653
1.68711
1.66586
1.08672
1.12629
1.77507
1.15814
1.08451
1.06591
1.06921
1.08159
1.18529
1.6512
1.08188
1.96161
1.05211
1.43873
1.53784
1.15866
1.67703
1.19078
1.04227
1.69044
1.59565
1.04836
1.03743
1.89661
1.29813
1.12307
1.00795
1.13926
1.01679
1.11149
1.18321
1.01495
1.67625
1.56858
1.63333
1.24925
1.15482
1.49246
1.44778
1.47982
1.62783
1.06425
1.5984
1.17685
1.77392
1.42402
1.52532
1.25335
1.42505
1.03347
1.46058
1.22722
1.16811
1.49674
1.51692
1.11886
1.50863
1.75131
1.05083
1.76511
1.07893
1.02454
1.13491
1.40772
1.35549
1.06589
1.4604
1.37028
1.75844
1.56179
1.73129
1.68368
1.05592
1.63021
1.40776
1.92166
1.07606
1.92652
1.23624
1.16978
1.05569
1.03346
1.12697
1.49477
1.12449
1.82168
1.58527
1.76351
1.11401
1.76639
1.28475
1.24452
1.0388
1.02035
1.18709
1.06042
1.79433
1.62676
1.10592
1.5765
1.6157
1.11314
1.11383
1.4659
1.08088
1.60246
1.28847
1.53114
1.02039
1.18131
1.27234
1.76487
1.07927
1.84164
1.02819
1.71511
1.05743
1.88247
1.67647
1.15114
1.8051
1.20453
1.0446
1.0515
1.07039
1.56642
1.23109
1.55799
1.20568
1.35659
1.13685
1.83245
1.08917
1.13026
1.17158
1.67944
1.1507
1.87164
1.01856
1.13379
1.69249
1.30044
1.05592
1.19768
1.26573
1.20992
1.09854
1.89551
1.62411
1.07496
1.04605
1.52064
1.58723
1.54394
1.62799
1.69749
1.07665
1.0374
1.08979
1.00229
1.60969
1.08153
1.9251
1.57298
1.06041
1.23126
1.14138
1.08719
1.59174
1.19379
1.06654
1.02286
1.05051
1.3996
1.06017
1.65994
1.27032
1.68115
1.03833
1.13703
1.21414
1.05701
2.05689
1.04904
1.04697
1.38353
1.41751
1.033
1.73572
1.2547
1.00777
1.55873
1.45471
1.278
1.40769
1.17164
1.60952
1.09202
1.07533
1.82783
1.25253
1.06463
1.11417
1.02581
1.8348
1.54733
1.643
1.17158
1.12792
1.13288
1.57283
1.60968
2.05537
1.00942
1.66748
1.09016
1.62755
1.06766
1.38094
1.4879
1.08708
1.08554
1.12783
1.09282
1.03306
1.7194
1.05542
1.19378
1.64819
1.61583
1.04256
1.36066
1.54566
1.06434
1.64352
1.21088
1.4436
1.04908
1.50043
1.78724
1.08081
1.02547
1.2342
1.5169
1.13336
1.60403
1.15093
1.15523
1.08586
1.54
1.14764
1.05633
1.06372
1.09844
1.67752
1.11494
1.09935
1.45525
1.39741
1.4436
1.1346
1.03415
1.08962
1.61592
1.38855
1.05789
1.73329
1.02634
1.06475
1.86099
1.86585
1.02339
1.23138
2.30188
1.25017
1.00222
1.18307
2.03985
1.31404
1.66723
1.02186
1.09128
1.19475
1.17974
1.19603
1.57055
1.70932
1.5708
1.08079
1.28335
1.56797
1.04726
1.93695
1.82778
1.59804
1.55869
1.25839
1.38255
1.30827
1.4703
1.47051
1.83228
1.52843
1.48555
1.09132
1.11346
1.22067
1.07446
1.84752
1.48947
1.10392
1.39931
1.10437
1.11764
1.75248
1.05145
1.48194
1.68334
1.08739
1.53006
1.62199
1.12029
1.18138
1.12032
1.07191
1.55517
1.54382
1.01036
1.67746
1.17513
1.70692
1.64155
1.49684
1.06118
1.18235
1.62891
1.13825
1.05788
1.22282
1.05728
1.6348
1.18367
1.1073
1.15181
1.36961
1.19607
1.18002
1.10393
1.06915
1.08447
1.11051
1.90457
1.54618
1.53152
1.16879
1.20174
1.10646
1.08314
1.15386
2.27603
1.05644
1.76007
1.01223
1.10934
1.27705
1.02183
1.25396
1.72783
1.02575
1.0193
1.02633
1.14475
1.46432
1.86505
1.11637
1.5512
1.43955
1.02646
1.30442
1.5221
1.54025
1.46011
1.05145
1.67485
1.51906
1.04211
1.58432
1.77894
1.00467
1.07347
1.62487
1.0264
1.15257
1.06343
1.22187
1.09898
1.49252
1.68607
1.10453
1.54866
1.0451
1.607
2.05455
1.03044
1.07161
1.61131
1.0603
1.36137
1.18317
1.06014
1.11472
1.24924
1.53635
1.65246
1.25674
1.22409
1.08055
1.10925
1.05611
1.90953
1.83647
1.05806
1.65863
1.01423
1.01192
1.51874
1.67835
2.09615
1.36904
1.94227
1.19782
1.44162
1.38519
1.20734
1.25328
1.18543
1.03446
1.09803
1.26709
1.57667
1.09403
1.65244
1.39013
1.59177
1.9373
1.43659
1.59888
1.15474
6933170.0
9098670.0
6920330.0
5190950.0
6906630.0
5593890.0
7549880.0
8281270.0
5958200.0
8470250.0
7538320.0
10178900.0
14676500.0
7918570.0
5611240.0
10249800.0
8750980.0
7108620.0
8099000.0
9476870.0
11127200.0
7352930.0
6123170.0
9296160.0
6804230.0
11555400.0
5818200.0
6875610.0
7155150.0
7669850.0
6128620.0
5634200.0
8214610.0
9462320.0
9618350.0
8512240.0
7951150.0
7623870.0
8771000.0
6077090.0
8287580.0
5878190.0
9343230.0
6213530.0
9344240.0
11959100.0
6566780.0
11578800.0
6515770.0
5011800.0
7556400.0
9025040.0
10179700.0
5141060.0
5425050.0
15323400.0
10633900.0
6899800.0
8072190.0
7930000.0
9919050.0
6870650.0
7453780.0
9100830.0
4379580.0
7676320.0
14336000.0
6620310.0
8044490.0
12358700.0
12104000.0
5045730.0
10616400.0
9987770.0
5216610.0
7285170.0
4905190.0
6542830.0
7382830.0
9633580.0
10653600.0
12276300.0
7560750.0
6164170.0
6737880.0
8528400.0
5657630.0
8792880.0
3574410.0
5536210.0
15785500.0
10366700.0
9263420.0
7779630.0
11947300.0
14711000.0
8933910.0
9916540.0
7731730.0
9367020.0
5963800.0
11084500.0
4813280.0
11335500.0
11653900.0
10576200.0
7480850.0
8051950.0
5489240.0
6820970.0
11345500.0
1985100.0
8666470.0
6537470.0
8214110.0
7003090.0
5572360.0
7226480.0
9305880.0
8063630.0
4037860.0
8700580.0
6641970.0
9398270.0
9013390.0
10005200.0
8001300.0
12877100.0
7304130.0
10651900.0
12822200.0
5557780.0
7872870.0
4836160.0
5661460.0
8928800.0
7528120.0
3623610.0
10926500.0
8884380.0
2989580.0
4476420.0
12697400.0
10107900.0
5383740.0
10420600.0
17146500.0
4985590.0
6797140.0
9980270.0
6932910.0
11090900.0
6752120.0
11827200.0
6654480.0
8537090.0
10052600.0
7929450.0
8082820.0
8085010.0
9922310.0
7031110.0
5982580.0
16625100.0
5049100.0
11937600.0
8938120.0
5812940.0
7360180.0
5469940.0
9480190.0
10142200.0
8074630.0
12864400.0
10771900.0
7191960.0
4737440.0
8825560.0
10209000.0
9813200.0
11916600.0
3632940.0
7347340.0
6584210.0
9007620.0
7879930.0
4128440.0
10383000.0
8911800.0
6641100.0
9749930.0
9941510.0
9912990.0
9170850.0
10847900.0
7521570.0
7021690.0
5203760.0
10551800.0
3159200.0
3103970.0
10048100.0
6678210.0
8297010.0
7185900.0
13562800.0
9019220.0
7798270.0
14438600.0
7072640.0
7911790.0
9313900.0
8996560.0
6855900.0
11280200.0
5404090.0
7284420.0
9739350.0
11078500.0
7229730.0
7886000.0
7241510.0
7595440.0
5776360.0
9673960.0
9025120.0
4075490.0
11423900.0
8203260.0
10124900.0
8984890.0
7175890.0
12452000.0
6272540.0
12028900.0
9116850.0
5133440.0
8885760.0
12793400.0
11881600.0
6619330.0
7927630.0
7449110.0
10256600.0
10475900.0
11726700.0
3770250.0
9617600.0
3634260.0
7819320.0
7817210.0
3152940.0
9790430.0
9234420.0
8367610.0
6014600.0
8882160.0
9075100.0
6236420.0
8510510.0
9097450.0
13282800.0
5835960.0
10382100.0
7820800.0
5223940.0
7222400.0
6576390.0
13172100.0
9083790.0
6135920.0
9766950.0
7440410.0
10190600.0
10619200.0
5870400.0
9162100.0
11276000.0
8030050.0
11452300.0
8983910.0
8838390.0
9176280.0
7693460.0
9197030.0
6914880.0
5305390.0
8105790.0
6478100.0
10985700.0
10079600.0
9419020.0
8813700.0
6341560.0
12051000.0
5739100.0
8712280.0
5927520.0
9182100.0
8379850.0
8671980.0
8845210.0
8125510.0
9650670.0
5807010.0
11515100.0
5261870.0
6211990.0
7652390.0
7001300.0
5806970.0
8894810.0
7100670.0
5737950.0
8353260.0
4189880.0
7064120.0
8858010.0
4493400.0
4145110.0
11583400.0
6967980.0
4063780.0
6724060.0
3676630.0
8679750.0
10212400.0
8252170.0
14619800.0
8155990.0
7459220.0
13360000.0
8271540.0
11914400.0
4917000.0
6883820.0
7417760.0
9873230.0
9576480.0
9820760.0
8407990.0
4402440.0
10314500.0
7643290.0
9163790.0
16436700.0
6753840.0
8292230.0
9692510.0
11873900.0
12461300.0
6559840.0
6317330.0
8022420.0
8327290.0
3242920.0
10856100.0
6156520.0
8870600.0
12181800.0
6429760.0
7276540.0
9464080.0
7510690.0
6190040.0
4802200.0
9889510.0
10835200.0
8767580.0
10407000.0
11273500.0
7266820.0
7051930.0
4675830.0
10613100.0
7961950.0
8414220.0
15980400.0
12330200.0
12954800.0
12626800.0
1194090.0
10161500.0
4638590.0
8273570.0
4746440.0
5198370.0
7653080.0
6385790.0
9445630.0
8836170.0
9414900.0
9066970.0
7511200.0
8980690.0
7458450.0
9067720.0
11054400.0
10359300.0
6300120.0
3551080.0
10660900.0
8630720.0
7046130.0
6947850.0
9970680.0
4824290.0
7826140.0
8259010.0
5880860.0
8637050.0
8082010.0
6987640.0
7431510.0
6966330.0
8098210.0
5464900.0
3638620.0
12180600.0
7735970.0
8023330.0
10746100.0
8687620.0
8642420.0
8343900.0
9942350.0
12108300.0
6143990.0
8634790.0
11343000.0
3027600.0
5185470.0
8496580.0
4398130.0
14909500.0
6790220.0
11697300.0
13864000.0
9900020.0
11572500.0
8843790.0
10292600.0
6504860.0
8171210.0
9566710.0
11927900.0
11427700.0
2828910.0
14502500.0
11767900.0
8213190.0
13426200.0
7166630.0
9054820.0
11368300.0
5498060.0
12943700.0
9028240.0
9846170.0
9110670.0
8626690.0
10983500.0
6338100.0
12125400.0
6951480.0
4131850.0
7398710.0
4243000.0
6454180.0
9504720.0
12493600.0
8110110.0
11648400.0
8607940.0
7041820.0
8994690.0
7731290.0
10212600.0
7876060.0
8306340.0
8302690.0
6885840.0
8849620.0
7626580.0
4335060.0
7546600.0
7830920.0
4242870.0
6728910.0
8645140.0
13128200.0
5058730.0
6428710.0
7224010.0
6216800.0
7948240.0
9300940.0
8475620.0
11805800.0
6305880.0
7869460.0
7372120.0
9960500.0
14751100.0
9089460.0
7714950.0
6187110.0
6221790.0
8898620.0
4005740.0
10718700.0
13853400.0
10200000.0
10314400.0
10442900.0
5045890.0
6228180.0
12132800.0
11757000.0
4997650.0
4912200.0
10005300.0
11681300.0
9173810.0
7150820.0
6176110.0
12518000.0
11779200.0
9901880.0
4670500.0
7501400.0
10242600.0
6568240.0
7950380.0
7927140.0
8855470.0
10582500.0
9455380.0
4712480.0
4920510.0
5466440.0
10153100.0
5993000.0
6794460.0
11245900.0
2591440.0
7458770.0
6963720.0
5092870.0
8123200.0
6926400.0
8968620.0
7645300.0
7382070.0
6905650.0
6405680.0
10896800.0
13876800.0
4696840.0
10885500.0
8180440.0
8718250.0
12407200.0
8231260.0
7168210.0
8933960.0
8172220.0
7356520.0
8449640.0
11622800.0
10089900.0
11351100.0
11172700.0
8095140.0
12459000.0
4796380.0
8345260.0
9179360.0
4675930.0
7149160.0
11794900.0
6147520.0
9488800.0
6320400.0
5626090.0
7441680.0
4697530.0
5291940.0
11766100.0
7329870.0
10795300.0
10006700.0
7237570.0
7169780.0
5392540.0
5556680.0
5408010.0
12388400.0
6296880.0
10628300.0
6956340.0
9413270.0
12864900.0
6471800.0
8304050.0
9496760.0
12105700.0
7193730.0
10039600.0
6779420.0
12414100.0
8313930.0
7713570.0
7394280.0
7985660.0
9989940.0
6938040.0
6081050.0
14285500.0
8974000.0
10194600.0
5123170.0
8556960.0
4576980.0
10126000.0
5986210.0
8672410.0
5682080.0
8223450.0
4413650.0
9804450.0
5245470.0
9187560.0
11450200.0
5789820.0
6904530.0
15870200.0
5331340.0
9965040.0
6321320.0
8420560.0
7653800.0
9532020.0
12064300.0
8093340.0
5857880.0
7494320.0
6261240.0
5352470.0
5750490.0
12562900.0
9045030.0
5465520.0
11125500.0
7002120.0
4953080.0
7480850.0
8290360.0
10170100.0
11179200.0
8625360.0
9391880.0
12224900.0
7733780.0
8206980.0
5303460.0
8020380.0
3778160.0
7093180.0
5087250.0
10415800.0
9371090.0
8595470.0
12770900.0
7789080.0
5540660.0
10869200.0
8389490.0
9939680.0
9938540.0
8472850.0
4866760.0
5137380.0
7883350.0
10036300.0
5420100.0
8831760.0
10264000.0
6699570.0
4319760.0
10343500.0
4840620.0
4496910.0
9182050.0
7709400.0
6356730.0
11399200.0
9561690.0
11683100.0
5420780.0
8833880.0
11034400.0
3427330.0
10525200.0
7979720.0
16451600.0
10901700.0
11547600.0
9209700.0
4297020.0
12281800.0
7787140.0
4113900.0
8281720.0
7860880.0
6902280.0
7154400.0
8426710.0
9107210.0
5476510.0
10528400.0
8574480.0
10467300.0
3639130.0
6151800.0
9307790.0
8352390.0
8032530.0
4345710.0
5091230.0
6768940.0
9197230.0
5798240.0
10167900.0
4509060.0
9091170.0
6299530.0
12788200.0
11446100.0
13536200.0
6106020.0
7522990.0
9185350.0
10337300.0
12046200.0
3571460.0
9145360.0
8760280.0
9020790.0
7644730.0
9525150.0
10586400.0
5706020.0
9779630.0
6273580.0
13646300.0
7345220.0
5838590.0
10018500.0
6186920.0
9208120.0
10558700.0
6368820.0
9754050.0
5477590.0
10483800.0
7335120.0
7067230.0
10972800.0
13601800.0
10438000.0
10234500.0
10731700.0
6748410.0
9983830.0
6677460.0
7888140.0
10553100.0
6420840.0
6736660.0
7942480.0
9807250.0
4522110.0
10746300.0
8018460.0
11719500.0
8039250.0
5960920.0
9506990.0
3617180.0
5999710.0
5990760.0
9166300.0
7150240.0
9894720.0
5285220.0
12756400.0
8181210.0
13963500.0
5227930.0
8268670.0
9929460.0
7580910.0
6019670.0
9681860.0
9398300.0
6592100.0
14564700.0
7463110.0
12877800.0
11823500.0
13181800.0
6180420.0
7759600.0
11393500.0
5061680.0
8158030.0
4367760.0
7048470.0
8664850.0
9538290.0
5846500.0
6010020.0
10862600.0
5002400.0
3799520.0
12046000.0
6259940.0
8154330.0
3975450.0
11153400.0
7682710.0
4938360.0
12652400.0
8035130.0
7254360.0
4103670.0
8175460.0
8300930.0
5915090.0
4882830.0
8130220.0
6298200.0
7977460.0
5501620.0
6783070.0
10796400.0
10329900.0
8171920.0
15082400.0
10450100.0
8400090.0
6929090.0
4907570.0
6316290.0
13545400.0
6494820.0
9172180.0
9520180.0
9084670.0
5482040.0
7712440.0
9150120.0
9481190.0
9828680.0
9362710.0
6383980.0
10173900.0
6662320.0
7048900.0
10829000.0
10379200.0
14094900.0
6989660.0
9846760.0
7999160.0
3923820.0
10095000.0
6576140.0
8616540.0
10113700.0
5454780.0
7824860.0
5937260.0
8194560.0
11936800.0
9607710.0
10194200.0
7560840.0
6295090.0
4165880.0
10945800.0
5619700.0
8735080.0
10655000.0
11284700.0
9592810.0
6061950.0
13708400.0
8684750.0
6584920.0
7415840.0
7815390.0
4466960.0
9522590.0
8835310.0
5799020.0
7678050.0
7635970.0
9099180.0
6048120.0
7869810.0
6276910.0
7533450.0
9102300.0
13093100.0
9818500.0
7229560.0
6799740.0
6383070.0
3658260.0
4385930.0
9725920.0
7158380.0
11769000.0
2963110.0
11556100.0
13097300.0
7506770.0
7438320.0
5193410.0
8752650.0
11328400.0
12401000.0
6616240.0
9198770.0
12793400.0
6964550.0
7528340.0
8729010.0
5231930.0
6633470.0
10415000.0
3656840.0
9231480.0
11947500.0
8041410.0
6371000.0
7610160.0
7510420.0
9519850.0
9864520.0
8966130.0
8065160.0
4465010.0
8152360.0
13682900.0
7958890.0
10711300.0
14672800.0
3993490.0
11722400.0
9814520.0
4844280.0
11168800.0
5132840.0
7100330.0
12648800.0
7384520.0
11490700.0
7942140.0
9384280.0
7057500.0
8415240.0
6563630.0
11451200.0
6487280.0
8389700.0
7597920.0
4558450.0
3371790.0
7655440.0
8655550.0
15218900.0
9499250.0
7384360.0
7242930.0
8824010.0
10902700.0
6344920.0
5033360.0
8319630.0
11661400.0
9562910.0
11552500.0
13245900.0
3395980.0
10902200.0
5925460.0
9992800.0
6933172.014867
9098671.019301
6920327.014999
5190548.011312
6906342.682285
5593892.012839
7549879.015843
8281269.01782
5958205.012694
8470248.018402
7538322.015457
10178944.022574
14676517.030807
7918572.017549
5611245.012217
10249768.022576
8750980.017521
7108620.01544
8098999.017519
9476866.020711
11127165.024726
7352932.015381
6123170.013761
9296155.019983
6804228.014496
11555407.025314
5818202.012174
6875607.014274
7155146.016474
7669851.017392
6128619.013066
5633908.01256
8214611.017554
9462315.020513
9618352.023346
8512240.019091
7951146.016362
7623872.016329
8771003.019339
6077092.013239
8287584.018636
5878186.012804
9343228.019929
6213534.013057
9344240.020383
11959130.025193
6566780.014117
11578793.024589
6515772.014441
5011800.011174
7556397.017044
9025039.019118
10179692.020977
5140478.344402
5425054.011986
15323408.033531
10633920.024014
6899801.015088
8072192.017471
7929999.016595
9919053.022065
6870654.015491
7453493.01639
9100827.021208
4379582.010322
7676325.016833
14335983.029879
6620311.014279
8043932.01897
12358708.026261
12103956.027355
5045734.011687
10616433.023513
9987769.022337
5216608.011441
7285168.015022
4905193.010797
6542827.014488
7382829.017006
9633576.020967
10653575.02432
12276260.027458
7560754.015859
6164168.01424
6737621.515594
8528401.018728
5657631.01232
8792880.019489
3574406.007419
5535934.511754
15785457.035003
10366682.022368
9263424.020879
7779630.016419
11947339.025515
14710995.031486
8933912.021313
9916538.021698
7731727.016714
9367017.021105
5963797.014288
11084489.024338
4813282.010849
11335539.024265
11653903.025633
10576200.022265
7480849.016558
8051952.016668
5489239.012353
6820966.014621
11345526.025279
1985103.00454
8666467.018939
6537467.014288
8214112.017769
7003092.015443
5572359.012943
7226477.014729
9305876.02093
8063634.017811
4037865.008435
8700575.018636
6641971.013914
9398269.020458
9013388.019997
10005213.022722
8001301.017834
12877099.02735
7304129.015608
10652063.024166
12822188.027946
5557783.011871
7872872.017341
4834573.011038
5661458.012535
8928798.019994
7528124.017544
3623612.007962
10926490.023691
8884379.018192
2989578.006742
4476422.009665
12697384.027366
10107936.022132
5383741.011843
10420640.021888
17146463.037143
4985382.511059
6797135.013812
9980268.02191
6932912.014202
11090897.023952
6752122.014643
11827249.026293
6654483.014527
8537091.017624
10052568.022549
7929452.016752
8082825.017354
8085011.01799
9922307.021298
7031111.014038
5982585.01346
16625089.036133
5049097.011042
11937595.026588
8938117.020666
5812935.013556
7360183.016061
5469939.011898
9480194.018694
10142152.022526
8074628.017346
12864417.027631
10771924.02337
7191961.01595
4737438.009661
8825557.019087
10208957.022213
9813203.02164
11916649.025899
3632939.008405
7347338.015932
6584208.015093
9007622.02069
7879928.015626
4128443.009202
10382500.356637
8911798.019194
6641103.014717
9749929.020574
9941512.020657
9912993.021979
9170852.020363
10847854.024183
7521571.016983
7021694.015709
5203764.011387
10551794.024392
3159201.006814
3103968.008125
10048054.021252
6678213.015125
8297010.018615
7185902.016414
13562807.029643
9019218.020048
7798270.016918
14438619.031597
7072642.015478
7911787.017327
9313897.019631
8996560.019831
6855896.01432
11280180.024865
5404087.012686
7284417.016888
9739352.020942
11078532.023881
7229727.015687
7886003.01701
7241508.015544
7595444.016297
5776355.013649
9673965.021179
9025119.019034
4075494.008658
11423852.024898
8203263.017568
10124908.021718
8984894.019884
7175893.014915
12452028.027784
6272541.013442
12028943.026634
9116849.020378
5133438.011669
8885757.02085
12793407.028083
11881588.027509
6619333.013425
7927629.016813
7449111.015344
10256635.023877
10475906.022544
11726668.024833
3770253.007822
9617595.022289
3634261.007733
7819318.015632
7817214.016589
3152943.007173
9790433.021748
9234416.020044
8367606.017267
6014599.012463
8882163.019029
9075104.01962
6236417.015162
8510506.018488
9097454.019651
13282806.028527
5835958.011582
10381500.022937
7820797.016677
5223939.011511
7222399.016792
6576388.01496
13172103.028293
9083793.018879
6135925.015142
9766946.02188
7440412.016218
10190594.02192
10618793.524294
5870402.012393
9162100.019667
11275957.024704
8030053.016845
11452336.025041
8983909.019909
8838386.017677
9176284.018814
7693460.016248
9197027.020631
6914879.014124
5305391.011429
8105788.017122
6477810.514009
10985734.024168
10079567.021972
9419015.020276
8813697.019786
6341562.013182
12051032.024945
5736910.012409
8712282.018504
5927524.011977
9182105.020994
8379847.017802
8671980.018093
8845210.019199
8125506.016948
9650674.020145
5807012.012624
11515082.025557
5261866.011372
6211994.012764
7652394.016998
7001304.016263
5806970.011606
8894807.018987
7100669.015552
5737947.01215
8353260.019283
4189877.009201
7064117.017075
8858012.019371
4493401.010609
4145110.009058
11583363.026299
6967975.015358
4063780.009336
6724057.014021
3676627.007867
8679750.019365
10212355.021697
8252173.01776
14619813.030902
8155986.017509
7459221.015765
13360006.030207
8271542.017786
11914350.026423
4917002.009991
6883817.015677
7417757.016242
9873228.023439
9576483.021599
9820763.021856
8407994.017452
4402442.00975
10314466.022497
7643289.017284
9163789.020239
16436669.036651
6753838.014779
8292231.017825
9692507.020617
11873921.025745
12461333.026757
6559841.01469
6317334.013327
8022425.017412
8327292.018151
3242920.007076
10856071.023963
6156520.012998
8870605.018633
12181787.026104
6429756.015163
7276537.015933
9464084.0205
7510689.019356
6190038.013678
4802198.0113
9889506.021044
10835232.021135
8767585.020148
10407025.021838
11273451.024551
7266820.015638
7051927.015603
4675830.00978
10613080.024043
7961954.018216
8414216.018127
15980422.035202
12330188.027751
12954845.027996
12626775.02819
1194004.669881
10161523.0218
4638817.010764
8273566.018304
4746444.010294
5198368.012782
7653080.016844
6385791.013333
9445630.01918
8836170.01897
9414900.02143
9066974.020088
7511201.016901
8980689.020054
7458451.015133
9067717.018948
11054370.024067
10359284.025047
6300115.013428
3550669.509065
10660943.024157
8630720.019419
7046131.016223
6947850.015093
9970685.022976
4824290.010581
7826145.017201
8259007.017572
5880572.012058
8637047.017631
8082011.015834
6987644.015189
7431506.016417
6966333.015229
8098212.016958
5464898.011621
3638616.00822
12180571.024793
7735970.015811
8023330.017963
10746094.022558
8687616.019155
8642416.01836
8343897.018047
9942348.021616
12108307.025487
6143994.013184
8634794.018965
11343035.026276
3027599.006413
5185467.01156
8496582.018167
4398128.010248
14909546.032565
6790223.01407
11697262.02613
13863993.031018
9900018.022004
11572461.025064
8843793.019272
10292627.02133
6504864.01365
8171213.016932
9566710.020073
11927938.026078
11427686.024079
2828911.006103
14502459.031409
11767876.024954
8213187.01732
13426248.029803
7166634.01495
9054817.020013
11367870.524575
5498063.01308
12943728.027054
9028235.020128
9846167.021438
9110669.019081
8626694.018837
10983482.023274
6338100.013533
12125418.026768
6951478.013641
4131852.008959
7398711.015587
4242662.508845
6454185.01517
9504716.02022
12493557.026866
8110106.017214
11648357.025842
8607938.019707
7041819.015626
8994688.01924
7731290.019503
10212601.022564
7876057.017698
8306344.0202
8302688.017467
6885842.015221
8849620.018462
7626194.516264
4334942.510124
7546596.017338
7830915.016318
4242562.509711
6727346.51509
8645144.018394
13128195.029728
5058369.511573
6428711.01428
7224013.01675
6216802.014057
7948242.017203
9300935.020589
8475615.018748
11805788.025098
6305877.013913
7869461.016541
7372120.016518
9960499.022038
14751125.033081
9089459.01846
7714952.017924
6186643.51391
6221793.013889
8898618.01834
4005745.009003
10718747.024791
13853427.030475
10199956.021297
10314376.023016
10442922.022623
5045894.010452
6228176.013179
12132754.027335
11756972.025719
4997654.011208
4912201.011185
10005310.021004
11681284.021726
9173807.020378
7150816.014443
6176107.013182
12518012.02661
11779155.025363
9901881.020672
4670505.008964
7501396.016094
10242551.023151
6568237.014164
7950380.018151
7927138.017328
8855466.019826
10582517.022937
9455382.020932
4712477.010405
4920508.010189
5466441.013166
10153127.023588
5992995.013633
6794459.015263
11245941.02429
2591441.006171
7458769.015605
6963715.014698
5092874.012185
8123195.019134
6926401.016556
8968616.01892
7645295.017403
7382071.016184
6905653.014628
6405685.014013
10896837.025469
13876766.02984
4696845.010829
10885467.023506
8180438.01755
8718248.01923
12407171.026091
8231255.018659
7168207.01543
8933959.018239
8172216.017654
7356523.015416
8449637.018224
11622824.024873
10089866.022391
11351093.023656
11172737.02279
8095136.017821
12458955.027094
4796375.010018
8345261.018538
9179358.020645
4675934.010426
7149160.016542
11794937.025801
6147518.013509
9488802.020863
6320397.013575
5626088.013617
7441682.016516
4697526.010861
5291935.0116
11766051.026056
7329873.015517
10795327.023645
10006660.02193
7237573.015527
7169781.014949
5392538.01135
5556685.01254
5406289.512805
12388450.026885
6296884.013173
10628320.022844
6956339.014104
9413267.021364
12864913.026386
6471800.01401
8304050.019551
9496764.020463
12105728.025934
7193729.015883
10039550.022479
6779425.014676
12414083.027212
8314319.686365
7713574.016071
7394275.017159
7985655.017236
9989936.021285
6938036.015909
6081054.012366
14285485.031318
8973997.020117
10194632.022058
5123167.011702
8556965.020148
4576651.510518
10126043.022858
5986207.013005
8672412.019294
5681503.013088
8223446.018063
4413654.011921
9804452.021409
5245466.011125
9187557.020842
11450205.025327
5789823.01349
6904528.014898
15870214.034495
5331336.011207
9965038.023491
6321318.013681
8420559.018089
7653801.016481
9532019.021665
12064322.025949
8093345.016221
5857879.013804
7494315.016025
6261244.015038
5352008.012333
5750488.012008
12562912.02645
9045030.020267
5465520.011999
11125531.024075
7002125.014913
4953085.01118
7480846.015626
8290359.017143
10170107.022599
11179167.023237
8625360.01773
9391879.020371
12224905.026098
7733784.015272
8206982.016847
5303462.010363
8020385.018223
3778155.009001
7093181.014522
5087249.010928
10415826.022289
9371094.019904
8595470.017427
12770919.028109
7789075.01672
5540659.011606
10869222.023627
8389487.017914
9939684.020442
9938538.020466
8472846.019104
4866506.010935
5136730.011991
7883350.016783
10036275.022759
5420104.01191
8831758.018903
10263981.021519
6699570.014348
4319757.009188
10343508.023399
4839838.346814
4496914.008914
9182054.020794
7709403.016731
6356727.013562
11399192.023962
9561692.020426
11683061.026607
5420778.011841
8833885.019281
11034399.024171
3427329.008516
10525240.023552
7979718.017149
16451608.03508
10901736.02352
11547574.024603
9209697.01954
4297017.009126
12281835.025787
7787141.016984
4113898.009423
8281720.017679
7860875.016769
6902279.015375
7154397.014896
8426710.017641
9107210.019681
5476510.012627
10528398.022765
8574476.017843
10467278.023408
3639130.007711
6151796.013071
9307790.020641
8352390.018152
8032533.017088
4345712.008992
5091226.010448
6768937.015498
9197232.019947
5798240.012678
10167873.022133
4509055.009531
9091173.019552
6299528.013926
12788199.028066
11446137.025516
13536189.030432
6106018.013344
7522989.016174
9185349.018559
10337295.022452
12046201.02529
3571458.007851
9145362.020056
8760280.018671
9020793.019665
7644732.01721
9525148.020262
10586431.022222
5706016.011186
9779629.021053
6273585.014109
13646272.03116
7345218.015635
5838591.012285
10018478.02101
6186916.01329
9208125.020085
10558652.02183
6368824.014107
9754050.022268
5477590.012032
10483786.023068
7334754.016791
7067232.016708
10972764.024175
13601793.030178
10438043.02291
10234508.02139
10731713.022786
6748408.01414
9983834.02146
6677455.01551
7888137.017008
10553115.023562
6420840.015167
6736658.015087
7942482.01765
9807248.021876
4522112.010315
10746256.024213
8018463.01808
11719470.025405
8039250.017335
5960915.012363
9506991.021336
3616789.507603
5999708.012854
5990759.014314
9166303.018593
7150242.014522
9894719.021287
5285220.010875
12756448.028825
8181214.017575
13963492.029214
5227934.010746
8268669.017087
9929460.021257
7580911.015403
6019674.013028
9681858.021692
9398298.020906
6592104.013746
14564655.031896
7463110.016014
12877849.028696
11823517.026623
13181812.028609
6180416.013799
7759599.017347
11393100.02577
5061681.011146
8158027.01832
4367761.009793
7048470.014589
8664853.019148
9538293.021752
5846504.01199
6010020.01368
10862419.523817
5002403.01059
3799520.00895
12046016.025677
6259943.013801
8154334.018776
3975449.008825
11153390.024904
7682708.016649
4938359.010617
12652351.027784
8035132.019052
7254357.015561
4102420.00979
8175464.01856
8300926.017919
5915093.012807
4882827.010646
8130223.017604
6298197.013462
7977457.017405
5501618.010958
6783074.015279
10796404.023273
10329914.023412
8171923.018665
15082355.032654
10450053.023055
8400087.019144
6929090.014371
4907066.34398
6316294.014198
13545388.029449
6494816.015099
9172180.020253
9520181.020847
9084667.019368
5482037.011292
7712444.016836
9150123.019947
9481187.020452
9828676.02123
9362708.020861
6383985.01382
10173924.022234
6662325.015695
7048898.015167
10828960.022717
10379174.021312
14094948.030636
6990196.01479
9846761.021915
7999163.017383
3923818.008571
10094951.02306
6575653.015454
8616536.019235
10113705.024075
5454780.011651
7824863.016821
5937257.012678
8194562.018356
11936766.026082
9607713.020599
10194238.021771
7560844.017776
6295092.013931
4165879.008795
10945774.023334
5619705.011528
8735079.020147
10655008.023003
11284683.023957
9592807.020652
6061953.013535
13708367.028864
8684747.018569
6584919.013565
7415838.017756
7815391.017578
4466965.008619
9522592.021071
8835309.019166
5799025.012922
7678051.017291
7635968.015591
9099182.019376
6048120.013702
7869813.015958
6276910.013711
7533453.015729
9102302.021379
13093074.027844
9818501.021718
7229560.01583
6799736.014651
6383066.014287
3658258.007873
4385930.009597
9725918.021661
7158379.014839
11769003.025313
2961894.006692
11556067.025782
13097333.029247
7506771.016489
7438321.015982
5193410.011331
8752646.019018
11328424.02492
12401042.027314
6616235.015362
9198766.020116
12793381.027457
6964551.014746
7528344.015544
8729007.018608
5231929.011221
6633472.01347
10414994.02213
3656837.007439
9231483.020048
11947502.027597
8041412.017723
6371001.013495
7610079.517617
7510425.017097
9519846.020236
9864520.022565
8966132.01964
8065164.017091
4465009.010916
8152358.017188
13682853.03001
7958886.017457
10711333.023641
14672790.033247
3993493.009596
11722406.025976
9814515.021802
4844281.010204
11168773.024529
5132843.011195
7100328.014919
12648795.027389
7384523.016482
11490672.023058
7942145.016862
9384285.018717
7057504.01446
8415237.018436
6563629.013729
11451232.024998
6487281.014282
8389704.018284
7597916.015228
4558448.0096
3371590.007442
7655439.017494
8655550.01876
15218937.034144
9499250.020863
7384359.015003
7242934.015633
8824012.019874
10902712.023785
6344920.013966
5033358.010601
8319626.01863
11661379.025419
9562906.02078
11552495.02582
13245878.028576
3395984.007277
10902198.023946
5925455.012354
9992800.021701
