1.10234
1.00047
1.00087
1.00035
1.00036
1.00028
1.00383
1.00038
1.00361
1.10897
1.00545
1.09727
1.00034
1.00035
1.00027
1.03398
1.0005
1.0004
1.00339
1.00753
1.00039
1.01393
1.00155
1.01696
1.00027
1.00025
1.00026
1.03304
1.21577
1.01627
1.00036
1.00045
1.01137
1.00027
1.04625
1.00058
1.00031
1.04837
1.0003
1.00018
1.00547
1.00025
1.01008
1.18115
1.01769
1.00032
1.00076
1.04831
1.00031
1.0004
1.00091
1.01386
1.00049
1.00998
1.07082
1.00023
1.00576
1.10317
1.00037
1.0003
1.00169
1.00049
1.00038
1.01053
1.09249
1.00068
1.00044
1.0016
1.00335
1.00028
1.00072
1.00038
1.00066
1.00049
1.02343
1.03179
1.00052
1.00032
1.00161
1.00055
1.00044
1.0003
1.00037
1.00723
1.00029
1.00523
1.00524
1.10337
1.00058
1.0018
1.00022
1.00035
1.00021
1.0154
1.03093
1.0005
1.00112
1.06738
1.00028
1.00045
1.01894
1.04597
1.00029
1.02564
1.00064
1.0003
1.00025
1.00048
1.00238
1.00084
1.00034
1.00024
1.02166
1.00097
1.04617
1.00019
1.01631
1.00024
1.00024
1.0003
1.00017
1.00033
1.0247
1.0031
1.00032
1.00421
1.00067
1.00455
1.10037
1.00027
1.00049
1.04134
1.06711
1.04704
1.00034
1.00035
1.00052
1.00028
1.00048
1.00179
1.00033
1.03172
1.04718
1.00029
1.00029
1.00893
1.0004
1.00286
1.00023
1.00046
1.0004
1.00311
1.00199
1.00046
1.00039
1.00029
1.01748
1.08106
1.00033
1.0005
1.00025
1.05722
1.00049
1.02933
1.00024
1.00049
1.00178
1.0003
1.01254
1.00026
1.00961
1.00009
1.00026
1.00028
1.00058
1.00045
1.0002
1.01831
1.00036
1.01457
1.00551
1.0005
1.04151
1.0002
1.00035
1.01619
1.00024
1.0004
1.08083
1.00057
1.01463
1.00037
1.00031
1.011
1.05618
1.00024
1.00038
1.00017
1.00047
1.00204
1.00064
1.02743
1.00038
1.01886
1.00461
1.00034
1.00203
1.00521
1.00553
1.00054
1.01498
1.01854
1.00041
1.00061
1.08109
1.00898
1.00034
1.01002
1.00026
1.00042
1.02662
1.1051
1.00044
1.0459
1.00028
1.04493
1.00024
1.00043
1.00135
1.05001
1.00049
1.06493
1.09201
1.04316
1.01677
1.09033
1.05515
1.0738
1.00134
1.00041
1.07898
1.00054
1.04548
1.06581
1.00034
1.00023
1.00033
1.00065
1.00058
1.03928
1.02804
1.01932
1.00031
1.00034
1.00031
1.00018
1.0003
1.00047
1.07972
1.00058
1.00053
1.00028
1.0003
1.00053
1.00051
1.00028
1.00098
1.00021
1.00034
1.00034
1.05299
1.00058
1.00025
1.06114
1.00041
1.01038
1.00342
1.04409
1.03809
1.00054
1.0005
1.05579
1.03265
1.0333
1.00506
1.00028
1.07544
1.00045
1.00732
1.00036
1.00129
1.00038
1.00208
1.11628
1.00044
1.00033
1.00174
1.05101
1.03217
1.00025
1.08084
1.00188
1.00021
1.00178
1.04235
1.00813
1.00874
1.03742
1.00139
1.00829
1.17627
1.1837
1.00101
1.00034
1.00025
1.00071
1.09339
1.00052
1.00023
1.00033
1.04047
1.00024
1.07707
1.00035
1.05733
1.00023
1.0003
1.0004
1.00046
1.00028
1.00022
1.00034
1.02007
1.00049
1.00038
1.00073
1.00031
1.00342
1.03097
1.00036
1.00033
1.00039
1.0549
1.00051
1.06642
1.03015
1.00026
1.04355
1.00022
1.00031
1.00041
1.00378
1.0003
1.0003
1.0112
1.00039
1.08187
1.00659
1.01491
1.00049
1.04553
1.0003
1.00004
1.04811
1.00028
1.00032
1.06473
1.00024
1.00221
1.00051
1.0043
1.00026
1.00519
1.0004
1.00038
1.00886
1.0583
1.00035
1.00066
1.00083
1.00275
1.00065
1.00031
1.00028
1.00784
1.00029
1.00037
1.0003
1.00035
1.00026
1.00026
1.00039
1.00024
1.00212
1.01183
1.00058
1.00028
1.02501
1.00035
1.00643
1.00027
1.0504
1.02689
1.0006
1.00045
1.07624
1.00038
1.0379
1.00039
1.00023
1.0003
1.00021
1.02054
1.00027
1.04822
1.00038
1.00035
1.0064
1.04784
1.00769
1.0429
1.00027
1.00243
1.00461
1.00038
1.00042
1.00036
1.03765
1.06344
1.00725
1.00035
1.00016
1.0004
1.00042
1.00041
1.0004
1.0404
1.04417
1.00039
1.00042
1.00035
1.0002
1.00112
1.00063
1.0005
1.01375
1.00439
1.00206
1.00513
1.04037
1.00031
1.0005
1.04665
1.00024
1.00031
1.00151
1.04687
1.00442
1.0002
1.00057
1.00036
1.00039
1.00045
1.0051
1.00024
1.00035
1.00037
1.00789
1.00039
1.0653
1.00049
1.10521
1.00222
1.00018
1.00049
1.15306
1.00041
1.00034
1.00022
1.00034
1.04223
1.00032
1.05073
1.0017
1.06682
1.01696
1.00485
1.00026
1.00035
1.01307
1.03838
1.00034
1.00048
1.00742
1.00031
1.03009
1.07846
1.00029
1.06248
1.00406
1.1018
1.00608
1.0003
1.00017
1.00049
1.04618
1.00033
1.00023
1.00043
1.03754
1.00035
1.0028
1.06931
1.00091
1.0005
1.00716
1.00055
1.00051
1.0005
1.00667
1.00029
1.00293
1.00363
1.10854
1.00213
1.00016
1.00035
1.00044
1.00035
1.00032
1.00032
1.00043
1.00025
1.00016
1.00038
1.0005
1.00019
1.00034
1.001
1.00035
1.0003
1.00026
1.00396
1.00879
1.00056
1.01565
1.00036
1.00033
1.0007
1.00042
1.06755
1.00019
1.00133
1.00038
1.00027
1.00029
1.08702
1.00115
1.00205
1.00053
1.0004
1.00071
1.00037
1.01363
1.08427
1.00035
1.00028
1.00124
1.00042
1.00078
1.00044
1.00487
1.00063
1.00038
1.13648
1.0003
1.00036
1.00028
1.00504
1.11499
1.03889
1.0006
1.0363
1.00062
1.03251
1.04595
1.00031
1.00028
1.00044
1.00037
1.00037
1.00058
1.00025
1.0005
1.00026
1.00037
1.04982
1.08436
1.18593
1.00038
1.00048
1.00031
1.00039
1.00038
1.03301
1.00093
1.0003
1.07347
1.0005
1.00027
1.00227
1.00019
1.00026
1.00017
1.02836
1.00026
1.00029
1.00042
1.0003
1.0206
1.00087
1.09458
1.00025
1.00359
1.00096
1.00062
1.05342
1.00029
1.0004
1.03217
1.0004
1.00018
1.0004
1.00025
1.00075
1.14345
1.00033
1.00025
1.00685
1.00042
1.00034
1.00043
1.00328
1.00306
1.00022
1.02189
1.00034
1.0031
1.00057
1.00034
1.00029
1.00024
1.00005
1.00033
1.00023
1.00023
1.00286
1.01684
1.0002
1.00037
1.00035
1.08002
1.07654
1.00031
1.00022
1.00031
1.00051
1.00037
1.06154
1.00016
1.00029
1.04185
1.05297
1.00904
1.0004
1.00029
1.01904
1.00023
1.00012
1.00445
1.00052
1.00034
1.06959
1.00042
1.00281
1.00303
1.07586
1.00019
1.00042
1.0003
1.00026
1.00042
1.00029
1.00031
1.00438
1.00033
1.00556
1.00035
1.00809
1.00049
1.00026
1.00984
1.00037
1.00028
1.00055
1.00153
1.00073
1.00039
1.00044
1.00028
1.04316
1.07099
1.00029
1.05836
1.00029
1.00042
1.00035
1.00101
1.00411
1.00031
1.00031
1.00046
1.00039
1.00035
1.00411
1.00025
1.00732
1.00043
1.001
1.05629
1.00024
1.00038
1.00032
1.00029
1.01921
1.0003
1.06879
1.00204
1.10247
1.03989
1.00041
1.05393
1.00029
1.00034
1.00039
1.00056
1.0004
1.03982
1.04825
1.00029
1.00031
1.0335
1.00062
1.01849
1.04835
1.0002
1.01153
1.00048
1.13651
1.00036
1.00608
1.0797
1.01268
1.0249
1.01251
1.0004
1.00037
1.00033
1.00045
1.01477
1.05119
1.00044
1.00204
1.09913
1.00033
1.00024
1.00845
1.00065
1.00027
1.0135
1.00047
1.00047
1.00031
1.00026
1.00441
1.00918
1.00029
1.17439
1.03887
1.00037
1.02263
1.00477
1.00035
1.16587
1.00046
1.00038
1.00032
1.0003
1.0005
1.00776
1.00049
1.0002
1.00033
1.03907
1.03774
1.00053
1.00039
1.00052
1.15645
1.00035
1.00042
1.00047
1.00857
1.00048
1.08676
1.00119
1.00044
1.00772
1.00036
1.07027
1.00054
1.08307
1.00025
1.00439
1.00034
1.02827
1.00124
1.00035
1.08701
1.00027
1.0003
1.00655
1.0003
1.01845
1.00065
1.00024
1.00043
1.02138
1.00029
1.00025
1.04293
1.05931
1.00034
1.0002
1.00873
1.00034
1.00049
1.00021
1.00033
1.05999
1.00199
1.00053
1.00041
1.00054
1.00041
1.00039
1.00052
1.09315
1.01814
1.00042
1.14259
1.01165
1.00054
1.00071
1.00036
1.00262
1.01201
1.04007
1.03197
1.00025
1.00029
1.00038
1.00372
1.00029
1.00101
1.00066
1.07759
1.00556
1.00027
1.0003
1.01192
1.0005
1.00022
1.0111
1.03753
1.00033
1.0003
1.0006
1.0003
1.00035
1.00275
1.01323
1.00059
1.00026
1.09289
1.00056
1.00037
1.00046
1.07537
1.09561
1.00031
1.11575
1.05043
1.00042
1.04591
1.00035
1.02225
1.00023
1.00025
1.00032
1.00035
1.00047
1.03178
1.00033
1.00043
1.00058
1.00021
1.00063
1.00024
1.00051
1.00027
1.0618
1.00047
1.06614
1.06801
1.00054
1.00038
1.00058
1.01043
1.00035
1.00378
1.00016
1.00154
1.00042
1.00031
1.0021
1.00029
1.00038
1.00069
1.00018
1.00033
1.00426
1.00687
1.00033
1.00132
1.00018
1.00027
1.02845
1.0008
1.00034
1.00035
1.01443
1.00419
1.00035
1.00401
1.00046
1.05687
1.00028
1.00041
1.00017
1.00468
1.07764
1.00035
1.02934
1.00538
1.00036
1.00057
1.00856
1.00005
1.0308
1.00205
1.00038
1.00018
1.0004
1.0187
1.00025
1.00205
1.13872
1.00079
1.00047
1.00033
1.00039
1.06282
1.00034
1.00034
1.0033
1.00026
1.00042
1.00023
1.00021
1.05406
1.09721
1.00023
1.00043
1.01698
1.00035
1.00067
1.00848
1.00018
1.00034
2.58155
1.5563
1.64859
1.54543
1.53607
1.47257
1.69162
1.63811
1.64268
1.97382
1.78719
1.786
1.67194
1.55255
1.43178
1.77866
1.67964
1.65256
1.90382
1.63921
1.65916
2.26454
1.58982
1.81504
1.45182
1.46654
1.49702
1.57665
1.56831
1.85856
1.5622
1.60611
1.57841
1.39114
1.53822
1.8039
1.47115
1.5415
1.51116
1.41931
1.50352
1.38794
1.45478
1.94815
1.8357
1.58563
1.58172
1.78843
1.52009
1.54296
1.39549
1.50846
1.52156
1.57155
1.61452
1.48309
1.86909
1.7746
1.55333
1.47318
1.59414
1.75167
1.65
2.0474
1.5388
1.78214
1.78283
1.70048
2.03643
1.41161
1.70664
1.82316
1.73628
1.72987
1.66978
1.79448
1.57344
1.50865
1.5079
1.71464
1.72851
1.58725
1.61896
1.95751
1.69806
1.64316
1.55784
2.1983
1.35442
1.4667
1.50226
1.44231
1.37701
1.87774
1.62782
1.6638
1.62677
1.75826
1.51391
1.84888
1.77203
1.79724
1.5339
1.69456
1.6717
1.60658
1.41057
1.91012
1.44823
1.66342
1.68853
1.45854
1.56923
1.90844
1.71605
1.3454
1.44228
1.44323
1.4544
1.57364
1.41924
1.593
1.79176
1.56995
1.40558
1.94637
2.03198
1.95904
1.85814
1.48831
1.7963
1.60827
1.67113
1.57126
1.49888
1.56411
1.61206
1.38412
1.86355
1.25474
1.60604
1.52922
1.48608
1.39067
1.48262
1.59328
1.54606
1.62639
1.29946
1.64337
1.67759
1.44301
1.79133
1.60086
1.55882
1.58699
1.7142
1.97953
1.60207
1.65556
1.52111
1.92558
1.82442
1.87951
1.54142
1.62045
1.57218
1.52485
1.68213
1.47142
1.64521
1.44655
1.43382
1.54584
1.85495
1.80882
1.34439
1.56898
1.51343
1.53737
1.78184
1.59605
1.61854
1.39149
1.54813
1.42737
1.25535
1.65315
1.8312
1.95917
1.5778
1.59059
1.50656
1.73367
1.54845
1.50169
1.72868
1.30052
1.69632
1.62051
1.54046
1.39076
1.6305
1.56876
1.66529
1.66204
1.59103
1.55017
1.60143
1.74027
1.78585
1.51913
1.68049
2.06326
2.12376
1.80926
1.60518
1.70906
1.44563
1.62361
1.45822
2.08357
1.79657
1.88605
1.48577
1.92952
1.44999
1.62345
1.79182
1.69111
1.74908
1.74687
1.94516
1.52269
1.74811
1.89798
1.77033
1.63468
1.57939
1.46008
1.78685
1.7392
1.88019
1.59207
1.57606
1.45806
1.5636
1.94893
1.72509
1.97925
1.40161
1.28989
1.49674
1.49579
1.46702
1.40414
1.57975
1.67861
1.67796
1.45439
1.78077
1.46378
1.5438
1.83786
1.674
1.39
1.50981
1.46251
1.68739
1.51098
1.62736
1.47369
1.54776
1.96672
1.62353
1.77371
1.53766
1.7141
2.47851
1.98693
1.39691
1.6852
1.78423
1.61598
1.76723
1.44684
1.48106
1.66986
1.63485
1.51643
1.74262
1.68448
1.48429
1.69136
1.54042
1.70457
1.64054
1.69772
1.72119
1.33506
1.57754
1.72031
1.42809
1.81645
1.88395
1.5238
2.35241
1.59598
1.74597
1.92206
1.65573
1.50797
1.77409
1.62209
1.3652
1.42253
1.9009
1.6411
1.42353
1.49903
1.61206
1.36864
1.62441
1.47479
1.54175
1.37273
1.42151
1.48115
1.73091
1.51844
1.44409
1.61651
1.79415
1.60466
1.55022
1.60949
1.49204
1.69403
1.61655
1.77012
1.41581
1.69604
1.80702
1.79315
1.84085
1.44054
1.5202
1.80307
1.46271
1.65848
1.56544
1.53329
1.53262
1.52326
2.02008
1.67747
1.83232
1.80687
1.67965
1.55662
1.805
1.51652
1.68247
2.19056
1.44803
1.46082
2.04887
1.39781
1.57702
1.64409
1.67205
1.53004
1.81275
1.59838
1.76031
1.70019
2.1282
1.66427
1.53968
1.77834
1.63569
1.58904
1.53422
1.44367
1.76348
1.54631
1.51543
1.43756
1.57224
1.53965
1.46013
1.65822
1.47623
1.45569
2.05524
1.77775
1.49607
1.72573
1.61368
1.51591
1.49187
1.8218
1.9157
1.97622
1.50793
2.0598
1.60563
1.75218
1.63801
1.37361
1.46783
1.30938
1.5906
1.46419
1.87031
1.67638
1.55841
1.58651
1.36376
1.57999
1.81385
1.56751
1.36387
1.51005
1.57546
1.68463
1.65537
1.62811
1.69088
1.89059
1.44152
1.33454
1.85424
1.63904
1.68495
1.59709
1.5112
1.62322
1.44559
1.55304
1.43408
1.3421
1.62066
1.68497
1.62519
1.54058
1.61333
1.85778
1.61205
2.10248
1.58633
1.42577
1.73752
1.46801
1.54869
1.49282
1.8231
1.72809
1.33716
1.65739
1.54122
1.88004
1.64887
1.6594
1.5668
1.41809
1.77374
2.16663
1.43681
1.60871
1.65578
2.19551
1.56296
1.26158
1.59153
1.95847
1.84336
1.64713
1.34081
1.49845
1.63412
1.6486
1.47098
1.45106
1.77735
1.73359
1.64038
1.55027
1.53071
1.40101
1.78564
1.54462
1.52823
1.51739
1.55473
1.65204
1.66647
1.50736
1.56625
1.9197
2.10508
1.63793
1.60465
1.27716
1.84829
1.76679
1.83795
1.2361
1.62165
1.60645
1.62115
1.73291
1.50045
1.73485
1.80831
1.60131
1.79267
1.80356
1.90343
1.559
1.39479
1.38789
1.64933
1.97036
1.54674
1.38206
1.69137
1.61284
1.4817
1.50381
1.39148
1.5092
1.48046
1.33456
1.72325
1.76482
1.26346
1.48693
1.85493
1.56835
1.55702
1.45299
1.4506
1.98718
1.7747
1.79567
1.49413
1.52738
1.39041
1.73128
1.98091
1.35668
1.43725
1.51618
1.37375
1.51378
2.0975
1.75162
1.44641
1.86871
1.62307
1.59331
1.64871
1.85861
2.22653
1.51703
1.48834
1.69436
1.54949
1.72593
1.77016
1.86622
1.7735
1.55206
1.54138
1.61817
1.50828
1.50305
1.58293
1.50231
1.73127
1.71688
1.59589
1.71232
1.33112
1.8134
1.5074
1.49347
1.34859
1.57312
1.56089
1.99038
1.50481
1.55023
1.49375
1.62119
1.54926
1.90078
1.81654
1.60567
1.78434
1.4747
1.82509
1.51351
1.60856
1.38204
1.55566
1.90146
1.62086
1.43055
1.66086
1.55119
1.46366
1.60742
1.55111
1.53379
1.48956
1.56729
1.42715
1.93418
1.70878
1.50198
1.31767
1.61176
1.51465
1.78769
1.82429
1.55074
1.69964
1.73827
1.57882
1.45579
1.6221
1.43494
1.91043
1.99408
1.51103
1.64196
1.58962
1.76288
1.67309
1.71988
1.46703
1.99069
1.43693
1.78149
1.69603
1.6556
1.63516
1.5504
1.42509
1.41667
1.63634
1.3725
1.32503
1.37227
1.55734
1.52954
1.3472
1.53178
1.55433
1.90489
1.90122
1.52921
1.35401
1.50194
1.70651
1.72442
1.53163
1.29288
1.53626
1.75967
1.75486
1.80093
1.82228
1.46677
1.81128
1.40283
1.16648
1.73161
1.70469
1.581
1.71905
1.58977
1.55303
1.38412
1.77978
1.31257
1.65163
1.48428
1.5573
1.40812
1.5086
1.60457
1.68882
1.601
1.75173
1.6475
1.55216
1.82991
1.45352
1.43543
1.59229
1.50157
1.95605
1.54045
1.83873
1.62807
1.76924
1.58961
1.67223
1.80235
1.45055
1.86515
1.54656
1.90471
1.53689
1.50138
1.45068
1.45714
1.46905
1.61784
1.74084
1.52714
1.74048
1.4947
1.79023
1.66493
1.4441
1.8982
1.4328
1.55043
1.77836
1.47976
2.07284
1.60866
1.53877
1.70118
1.70605
1.54076
1.59601
1.52128
1.58215
1.49732
1.68747
1.88366
1.50735
1.66729
1.72298
1.50241
1.48062
1.59778
1.65077
1.81003
1.86787
1.36075
1.788
1.45407
1.95836
1.32124
1.73113
2.21094
1.50504
1.72116
1.53156
1.73806
1.56564
1.6118
1.8619
1.79441
1.5875
1.49482
1.82779
1.99942
1.61091
1.37661
1.542
1.64744
1.43673
1.37573
1.64139
1.81374
1.3922
1.46121
1.68928
1.69527
1.49948
1.71248
1.68527
1.45707
1.63419
1.32493
1.71006
2.27721
1.86686
1.56804
1.49693
1.63608
1.80477
1.72718
1.72273
1.40463
1.54714
2.76586
1.5889
1.68497
1.63651
1.3847
1.5169
1.78478
1.54461
1.77387
1.59844
1.71367
1.81138
1.84125
1.67749
2.05197
1.61184
1.87554
1.5685
1.83653
1.48627
1.70407
1.46563
1.43241
1.37779
1.69804
1.79378
1.49733
1.49182
1.68005
1.58953
1.35646
1.69881
1.35462
1.89917
1.45839
1.5779
1.26731
1.58509
1.62987
1.7899
1.28104
1.78099
1.69822
1.52762
1.4529
1.47891
1.57018
1.84873
1.76299
1.64896
1.65083
1.60803
1.77667
1.79939
1.68683
1.41676
1.53006
1.71046
1.9408
1.74202
1.70722
1.58302
1.59737
1.52497
2.77982
1.52239
1.52454
1.52971
1.51606
1.60622
1.53102
1.57216
1.86679
1.62201
1.9172
1.43552
1.64813
1.84669
1.74106
1.84236
1.87969
1.78662
1.64989
1.5003
1.89189
1.50856
1.54749
1.60135
1.56849
1.97871
1.43657
1.61107
1.98197
1.62198
1.71408
1.70495
1.93938
1.48666
1.73113
1.85671
1.62406
1.55787
1.65095
1.8234
1.3567
1.39978
1.59718
1.6219
1.70522
1.63167
1.70277
1.51725
1.68747
1.41597
1.72289
1.49144
1.81112
1.42871
1.70923
1.76233
1.52756
2.01441
1.84923
1.53598
1.74895
1.51573
1.75403
1.65648
1.52836
1.51703
1.79237
1.64286
2.35807
1.48438
1.59799
1.70897
1.29429
1.64243
1.44615
1.54765
1.45243
1.79253
1.28924
1.60782
1.69659
1.84144
1.62118
1.66049
1.95609
1.91699
1.65527
1.4066
1.64048
2.04096
1.56273
1.52354
1.3859
1.69748
2.23666
1.66907
1.42368
1.58923
1.58062
1.77055
1.51245
1.54898
1.41204
1.56368
1.52422
1.28852
1.48409
1.58628
1.43463
1.86519
1.66758
1.61894
1.51029
1.37816
1.65204
1.58662
1.61085
1.52676
1.46915
1.30966
1.81991
1.43028
1.48146
1.55616
1.67211
1.40064
1.60771
1.79884
1.46985
1.71038
1.75967
1.48332
1.42941
1.36195
1.12589
1.30557
1.30196
1.10924
1.47257
1.69162
1.19278
1.64268
1.97382
1.78719
1.786
1.67194
1.10535
1.43178
1.16427
1.67964
1.65256
1.05
1.63921
1.65916
1.12627
1.58982
1.81504
1.45182
1.08932
1.49702
1.57665
1.56831
1.12608
1.5622
1.60611
1.14387
1.39114
1.53822
1.8039
1.199
1.5415
1.51116
1.08467
1.04453
1.38794
1.45478
1.94815
1.23588
1.10739
1.0415
1.78843
1.12368
1.54296
1.02135
1.23694
1.52156
1.06344
1.61452
1.48309
1.13303
1.0984
1.13262
1.15193
1.12885
1.75167
1.05928
1.13824
1.02583
1.30059
1.78283
1.24691
2.03643
1.41161
1.70664
1.24708
1.11423
1.13979
1.66978
1.30761
1.57344
1.50865
1.5079
1.71464
1.72851
1.58725
1.24245
1.13092
1.69806
1.64316
1.55784
1.16511
1.05685
1.4667
1.16775
1.44231
1.37701
1.19132
1.06197
1.09196
1.62677
1.22182
1.51391
1.84888
1.05484
1.05284
1.30065
1.69456
1.6717
1.17921
1.41057
1.28014
1.44823
1.15754
1.12002
1.12696
1.56923
1.90844
1.31831
1.02144
1.44228
1.44323
1.21526
1.12235
1.41924
1.593
1.79176
1.07555
1.40558
1.94637
1.21599
1.95904
1.85814
1.48831
1.7963
1.60827
1.21539
1.57126
1.49888
1.56411
1.61206
1.057
1.86355
1.25474
1.11693
1.05002
1.17259
1.0951
1.48262
1.59328
1.54606
1.62639
1.29946
1.02627
1.18052
1.18031
1.37431
1.12624
1.10961
1.11518
1.13501
1.23909
1.60207
1.06965
1.04465
1.92558
1.82442
1.34016
1.54142
1.03356
1.12155
1.52485
1.12618
1.06181
1.64521
1.06396
1.43382
1.54584
1.09657
1.14055
1.34439
1.56898
1.51343
1.11031
1.78184
1.10141
1.61854
1.39149
1.54813
1.42737
1.04794
1.65315
1.8312
1.13585
1.5778
1.59059
1.50656
1.73367
1.12063
1.22643
1.72868
1.30052
1.21799
1.62051
1.15143
1.39076
1.6305
1.08957
1.66529
1.17394
1.59103
1.11312
1.60143
1.11399
1.78585
1.26218
1.11988
1.41996
2.12376
1.80926
1.06385
1.05824
1.44563
1.23949
1.08168
1.035
1.79657
1.88605
1.03091
1.13447
1.03069
1.27048
1.35372
1.21827
1.74908
1.11873
1.94516
1.2571
1.06879
1.2824
1.15056
1.12612
1.57939
1.46008
1.13766
1.0936
1.18645
1.17024
1.08852
1.13699
1.11242
1.06443
1.05848
1.97925
1.08134
1.28989
1.49674
1.16302
1.12081
1.40414
1.57975
1.67861
1.08542
1.45439
1.13025
1.46378
1.01297
1.83786
1.16893
1.39
1.04904
1.46251
1.23153
1.17088
1.0841
1.0886
1.11873
1.19705
1.62353
1.10967
1.02492
1.7141
1.29498
1.07772
1.39691
1.6852
1.78423
1.10459
1.2628
1.15493
1.14124
1.23124
1.63485
1.18097
1.08707
1.15186
1.21003
1.22338
1.10268
1.27603
1.07389
1.03286
1.01708
1.33506
1.57754
1.01891
1.18471
1.21325
1.88395
1.04084
2.35241
1.59598
1.11948
1.12086
1.65573
1.50797
1.20103
1.62209
1.08208
1.42253
1.23483
1.26049
1.42353
1.09487
1.12555
1.02149
1.13223
1.27622
1.23503
1.08881
1.17783
1.13915
1.29307
1.01458
1.09554
1.09707
1.16226
1.60466
1.55022
1.15765
1.49204
1.69403
1.07262
1.25132
1.41581
1.23532
1.80702
1.79315
1.14885
1.44054
1.5202
1.15244
1.15159
1.09079
1.18708
1.53329
1.2468
1.52326
1.23456
1.25833
1.20177
1.33879
1.67965
1.04476
1.05319
1.51652
1.68247
1.15831
1.44803
1.46082
2.04887
1.39781
1.57702
1.64409
1.2083
1.22272
1.18249
1.59838
1.76031
1.21169
1.11963
1.25734
1.53968
1.09253
1.07993
1.58904
1.08394
1.44367
1.21796
1.54631
1.51543
1.43756
1.57224
1.17517
1.46013
1.65822
1.06843
1.45569
1.20842
1.17147
1.49607
1.13513
1.06373
1.14624
1.16923
1.03279
1.06012
1.97622
1.02139
1.06213
1.60563
1.10847
1.11323
1.37361
1.46783
1.0609
1.07136
1.46419
1.29182
1.10674
1.55841
1.10369
1.09248
1.57999
1.03913
1.28668
1.08673
1.51005
1.57546
1.08069
1.15404
1.12888
1.02713
1.89059
1.03409
1.33454
1.85424
1.63904
1.25784
1.26854
1.5112
1.13883
1.44559
1.55304
1.05235
1.05327
1.62066
1.10342
1.13736
1.09985
1.171
1.02712
1.15579
1.32359
1.16064
1.42577
1.01155
1.17226
1.54869
1.49282
1.10295
1.06663
1.33716
1.65739
1.09672
1.29258
1.64887
1.12673
1.10429
1.08559
1.12442
1.07731
1.43681
1.00834
1.01252
1.27539
1.56296
1.04738
1.03707
1.95847
1.2877
1.64713
1.09026
1.03229
1.63412
1.1103
1.0434
1.06315
1.13447
1.32546
1.64038
1.10802
1.53071
1.40101
1.78564
1.09358
1.13458
1.51739
1.02766
1.02251
1.05763
1.50736
1.56625
1.9197
2.10508
1.11786
1.21891
1.02932
1.84829
1.13408
1.83795
1.03153
1.28766
1.063
1.21963
1.73291
1.05476
1.73485
1.38782
1.09982
1.17188
1.31972
1.90343
1.19313
1.09496
1.09867
1.64933
1.43402
1.54674
1.38206
1.30457
1.05454
1.09396
1.50381
1.39148
1.15348
1.17754
1.33456
1.21485
1.14896
1.26346
1.48693
1.85493
1.56835
1.07521
1.45299
1.03838
1.98718
1.09741
1.79567
1.02717
1.17454
1.39041
1.15237
1.39127
1.08092
1.43725
1.51618
1.05212
1.12205
2.0975
1.06253
1.10463
1.86871
1.06336
1.0332
1.64871
1.85861
1.46742
1.26466
1.1024
1.33424
1.54949
1.04947
1.77016
1.1275
1.7735
1.55206
1.08037
1.04141
1.1989
1.12601
1.58293
1.50231
1.73127
1.20254
1.07779
1.2091
1.00929
1.8134
1.5074
1.49347
1.05155
1.57312
1.56089
1.0351
1.12411
1.55023
1.49375
1.62119
1.12525
1.90078
1.81654
1.02869
1.05948
1.4747
1.1639
1.51351
1.60856
1.19798
1.05986
1.17698
1.05573
1.43055
1.20586
1.18165
1.46366
1.60742
1.10722
1.11539
1.48956
1.11243
1.06476
1.34397
1.09547
1.04407
1.31767
1.61176
1.11584
1.78769
1.82429
1.55074
1.69964
1.73827
1.1866
1.0272
1.11631
1.43494
1.91043
1.07467
1.04913
1.64196
1.09878
1.76288
1.67309
1.29314
1.46703
1.06005
1.0894
1.17792
1.26406
1.14907
1.05773
1.5504
1.42509
1.06704
1.63634
1.3725
1.10711
1.08088
1.55734
1.52954
1.10146
1.02703
1.04999
1.1183
1.11704
1.52921
1.35401
1.50194
1.24753
1.08655
1.53163
1.04434
1.53626
1.21757
1.21391
1.2807
1.82228
1.02404
1.01694
1.40283
1.16648
1.73161
1.18989
1.1494
1.15103
1.10073
1.06518
1.11914
1.10079
1.31257
1.17955
1.48428
1.5573
1.40812
1.09584
1.10258
1.11684
1.14665
1.25301
1.6475
1.55216
1.1032
1.18037
1.43543
1.14793
1.11875
1.95605
1.54045
1.83873
1.62807
1.76924
1.58961
1.20088
1.0059
1.15343
1.86515
1.02606
1.90471
1.06121
1.165
1.45068
1.20478
1.46905
1.61784
1.74084
1.52714
1.74048
1.4947
1.79023
1.66493
1.16139
1.19206
1.4328
1.14658
1.40769
1.47976
2.07284
1.60866
1.20199
1.14543
1.70605
1.54076
1.11842
1.52128
1.06178
1.49732
1.68747
1.88366
1.10317
1.66729
1.14187
1.50241
1.48062
1.09199
1.65077
1.81003
1.86787
1.08618
1.08282
1.45407
1.11444
1.32124
1.73113
1.10401
1.0951
1.72116
1.18482
1.09611
1.0877
1.11101
1.1009
1.17852
1.5875
1.22134
1.82779
1.10983
1.02659
1.37661
1.05217
1.64744
1.43673
1.015
1.16362
1.81374
1.16756
1.46121
1.68928
1.21103
1.07751
1.21447
1.68527
1.17001
1.0484
1.20429
1.11525
2.27721
1.45365
1.18315
1.07624
1.63608
1.80477
1.72718
1.72273
1.19661
1.54714
2.76586
1.5889
1.68497
1.22297
1.3847
1.00606
1.19429
1.54461
1.04215
1.59844
1.71367
1.10539
1.84125
1.11912
1.14118
1.61184
1.39687
1.5685
1.18398
1.11317
1.70407
1.05027
1.06734
1.0819
1.2227
1.79378
1.49733
1.49182
1.12793
1.58953
1.08763
1.0725
1.0258
1.05475
1.45839
1.5779
1.26731
1.58509
1.10152
1.7899
1.03571
1.09776
1.18035
1.21639
1.4529
1.13137
1.09387
1.84873
1.76299
1.64896
1.16646
1.05369
1.13551
1.79939
1.25518
1.09206
1.03296
1.20999
1.06102
1.16333
1.70722
1.58302
1.19089
1.13342
2.77982
1.18311
1.52454
1.21506
1.51606
1.60622
1.53102
1.57216
1.86679
1.03084
1.28334
1.43552
1.16163
1.84669
1.12214
1.84236
1.87969
1.10641
1.25087
1.5003
1.89189
1.50856
1.54749
1.05181
1.1
1.26035
1.43657
1.12585
1.17301
1.22779
1.18137
1.18506
1.10783
1.0832
1.73113
1.85671
1.07302
1.12293
1.21803
1.8234
1.05663
1.39978
1.59718
1.17069
1.23176
1.16326
1.70277
1.10881
1.02389
1.41597
1.11462
1.49144
1.81112
1.08993
1.18977
1.11557
1.03471
2.01441
1.84923
1.06121
1.26374
1.16689
1.75403
1.65648
1.09906
1.24551
1.12233
1.16738
1.30503
1.04743
1.05456
1.70897
1.06213
1.64243
1.28001
1.02566
1.45243
1.0999
1.28924
1.28239
1.03134
1.84144
1.62118
1.66049
1.95609
1.91699
1.65527
1.18378
1.64048
1.29655
1.56273
1.0804
1.14701
1.0903
2.23666
1.66907
1.08036
1.26746
1.10053
1.18004
1.07836
1.54898
1.41204
1.07502
1.1145
1.08573
1.48409
1.58628
1.43463
1.15847
1.66758
1.61894
1.19754
1.02986
1.65204
1.58662
1.61085
1.52676
1.04829
1.30966
1.19222
1.16718
1.48146
1.04293
1.19765
1.1222
1.13919
1.79884
1.46985
1.12213
1.08402
1.09428
1.42941
4861610.0
7564020.0
7627000.0
12436400.0
11402600.0
10793100.0
7191120.0
10466400.0
11311900.0
9538500.0
6117150.0
7950820.0
11942800.0
9408580.0
10161700.0
5992650.0
7162060.0
9651530.0
7915240.0
7100660.0
11762200.0
8149090.0
9796830.0
9136400.0
13793200.0
15309000.0
17626700.0
12459900.0
13033200.0
6652900.0
10843900.0
9141020.0
20394000.0
11298700.0
7657060.0
6845070.0
10105000.0
17977700.0
14733200.0
13091300.0
11641700.0
13185100.0
13033400.0
13438200.0
4455230.0
12934000.0
5309880.0
8751200.0
10730600.0
9183060.0
11387300.0
11457900.0
6794220.0
8529130.0
12101800.0
11915000.0
10939900.0
11416800.0
10734400.0
13584500.0
15272500.0
7708960.0
12669000.0
4681400.0
9392050.0
7164120.0
10141100.0
10368900.0
5761400.0
12925100.0
6312950.0
14196500.0
5512580.0
8526750.0
8524010.0
6476160.0
9941800.0
14254700.0
13750700.0
9122150.0
11295200.0
17561400.0
11101300.0
7304190.0
17187000.0
6324060.0
6529490.0
9076610.0
10202900.0
15764400.0
17991800.0
8744710.0
12048900.0
4787000.0
9034500.0
10775700.0
8867640.0
8403380.0
17401000.0
8351220.0
6397710.0
8664560.0
14290700.0
8725070.0
5858010.0
14022500.0
9792530.0
8706220.0
15625100.0
4322710.0
11087800.0
10775300.0
11800600.0
5475430.0
11610300.0
11604000.0
10608200.0
12481600.0
18703300.0
14601500.0
16187500.0
13128100.0
8621390.0
11550300.0
13464200.0
6206770.0
6874380.0
6408690.0
8816640.0
14423700.0
11046900.0
10742800.0
12754000.0
9763520.0
10050400.0
10686000.0
7086890.0
13008500.0
9255100.0
15328900.0
12611400.0
12939900.0
10380600.0
9200790.0
13317200.0
10118700.0
9421390.0
10970600.0
12780000.0
10655200.0
8244040.0
13897900.0
6663190.0
7653850.0
11544100.0
13988700.0
9089770.0
10191100.0
11845800.0
7493080.0
13138800.0
8262100.0
8609680.0
8644380.0
15767700.0
11202100.0
17744100.0
14959500.0
6843040.0
13676300.0
6219280.0
9216940.0
10608400.0
11981300.0
7729150.0
10090400.0
11908200.0
10710600.0
11524000.0
7182130.0
7153470.0
10453900.0
11136700.0
14713300.0
8778720.0
18202300.0
11252700.0
9184250.0
9588630.0
7707600.0
8444080.0
11808300.0
11960600.0
10512300.0
13818800.0
16046500.0
10818400.0
17173600.0
9411520.0
9981730.0
13246700.0
10876200.0
13371700.0
6161890.0
8499560.0
15172200.0
16130600.0
13971000.0
5624850.0
9678680.0
9160490.0
13712000.0
10302400.0
8001110.0
6674020.0
5360830.0
15480500.0
11273100.0
12041200.0
7436500.0
9116930.0
9064820.0
9387850.0
5086510.0
11483900.0
8249900.0
15092000.0
8319700.0
6900310.0
8382260.0
8499960.0
13003700.0
3327700.0
11309100.0
14253000.0
5662240.0
7832380.0
7843400.0
12709000.0
8762400.0
12971600.0
8117270.0
9262850.0
11509200.0
15206100.0
15738500.0
12451100.0
6095230.0
8827580.0
4077760.0
11818800.0
10873800.0
10654100.0
12667800.0
12948600.0
16999800.0
14017900.0
8724460.0
9981410.0
6511080.0
11983300.0
12822200.0
14653400.0
9368490.0
6885080.0
9824850.0
12929400.0
17021000.0
12149900.0
10815200.0
13890300.0
6160210.0
16992000.0
8045340.0
8553150.0
10387300.0
8439840.0
13310800.0
6191090.0
9715190.0
12989500.0
8299710.0
9593080.0
8612370.0
11459700.0
11359900.0
8113180.0
10036300.0
13261700.0
7608260.0
9846570.0
13266100.0
13513100.0
8838030.0
10082100.0
11967800.0
8572660.0
11134600.0
9744960.0
11667400.0
8745190.0
8449940.0
16623800.0
8206810.0
9817970.0
9606750.0
7413720.0
12886900.0
8103260.0
7989540.0
10431200.0
9990540.0
8363990.0
13098800.0
11966100.0
12427500.0
7590280.0
8266920.0
14016900.0
12320800.0
6622620.0
11878400.0
9569860.0
12643400.0
14021300.0
10697300.0
13454900.0
7476960.0
9476690.0
13570400.0
10398600.0
14952500.0
6804360.0
9767090.0
10782000.0
9525610.0
12055400.0
12670300.0
10930500.0
11587400.0
11359700.0
8210320.0
13531500.0
8732080.0
6598760.0
11241800.0
15477000.0
7814830.0
16035900.0
14121700.0
8624960.0
6303150.0
14255300.0
16482000.0
8600980.0
9756490.0
4556700.0
7837990.0
10156700.0
8302650.0
9711280.0
13895400.0
9628310.0
8739990.0
18400800.0
13542000.0
9923710.0
14045900.0
11538000.0
8008110.0
9640430.0
20830500.0
9629160.0
7888310.0
10275100.0
9562850.0
6395710.0
10346200.0
6313120.0
15343800.0
12043700.0
6704840.0
15901500.0
7660170.0
9762020.0
12832600.0
11932200.0
14834100.0
8791120.0
13731800.0
14069200.0
10927300.0
13245700.0
10461100.0
7225790.0
8580030.0
12205900.0
5531970.0
11138600.0
8343420.0
12126300.0
9538590.0
6577600.0
6745630.0
7326350.0
8401200.0
11695400.0
9031140.0
12096800.0
13700900.0
10635100.0
12828700.0
14393000.0
16683700.0
9825050.0
11592500.0
11286500.0
10689400.0
10900700.0
12038200.0
9154820.0
10000500.0
7279650.0
7103000.0
10662200.0
14594500.0
13399700.0
13974200.0
10369100.0
6878040.0
7930470.0
19928200.0
11006500.0
9434650.0
6768130.0
10958900.0
12247200.0
12527500.0
10337200.0
9652260.0
7081440.0
15742900.0
11809100.0
6433010.0
9829620.0
12137100.0
10060500.0
10570600.0
9008570.0
7442850.0
11078700.0
7620110.0
8435640.0
14549100.0
14348600.0
10163300.0
11528700.0
9051820.0
15085200.0
6833100.0
11686100.0
10618900.0
9192120.0
13954900.0
14383600.0
11374300.0
13241800.0
4431950.0
7581910.0
12187700.0
8328780.0
6116670.0
12289700.0
17534700.0
10457900.0
5639300.0
13227700.0
10590000.0
13211700.0
10091900.0
13770900.0
12436200.0
13007100.0
9547930.0
7127630.0
10273000.0
8695430.0
17129000.0
11040100.0
14578000.0
4659850.0
9958870.0
7721570.0
8795050.0
10346400.0
11025100.0
12188100.0
15326900.0
9026260.0
9719800.0
6258020.0
6232780.0
12053300.0
17098800.0
6086460.0
6328890.0
11565000.0
7834240.0
10885200.0
10480500.0
13674000.0
9581570.0
12116200.0
11042300.0
8741200.0
10448900.0
5806270.0
8681430.0
8852580.0
13316700.0
12437800.0
17490100.0
7744090.0
8567290.0
12144000.0
14036700.0
11191300.0
9783590.0
13954900.0
11047500.0
10775400.0
10122500.0
15913000.0
18896700.0
10386000.0
9462630.0
14919200.0
11373200.0
3825550.0
8435060.0
7511950.0
11908500.0
8331770.0
5838060.0
5839950.0
10879600.0
9696950.0
11580700.0
16924300.0
11207400.0
6557920.0
15791200.0
13395200.0
10330800.0
9738890.0
12226300.0
6064240.0
8506310.0
9421840.0
9659890.0
10959700.0
10901500.0
8140510.0
9113100.0
6081640.0
10705900.0
9333630.0
7082420.0
12176400.0
11100100.0
9773970.0
6943300.0
7491830.0
9685100.0
10814600.0
13726200.0
11594800.0
12051000.0
13762100.0
9233140.0
8529600.0
7344060.0
11550400.0
6202640.0
12215100.0
9504650.0
11119100.0
12157900.0
6462890.0
14555300.0
12541700.0
8359610.0
15219600.0
12095300.0
14106000.0
12814400.0
10148600.0
9977330.0
10968700.0
12203400.0
10898600.0
10462800.0
11432200.0
9803160.0
11912300.0
15164100.0
15466700.0
12819400.0
7553570.0
11391700.0
6150910.0
9459730.0
10974600.0
8886240.0
9159170.0
13866100.0
12035500.0
8310360.0
14344800.0
10183000.0
4952820.0
15997300.0
11432200.0
10478300.0
11150600.0
13177600.0
11397400.0
11954700.0
12582100.0
7150410.0
11057800.0
21126300.0
12854600.0
14721200.0
7375960.0
9376270.0
12824500.0
15337000.0
12518300.0
9403930.0
13727800.0
11314600.0
10893500.0
7735790.0
16330300.0
11758000.0
12198900.0
10275300.0
7574870.0
14584400.0
14322800.0
9815040.0
7850360.0
8539380.0
12314200.0
13771500.0
7991980.0
12018800.0
9837860.0
9623640.0
9923410.0
11662900.0
10221200.0
13738400.0
10117700.0
12977600.0
9081590.0
14539900.0
9095690.0
20311800.0
9331580.0
7850030.0
8223500.0
6864610.0
10986100.0
11967800.0
15208700.0
15752800.0
12881500.0
12141100.0
9567730.0
12262400.0
11398500.0
11654700.0
12404300.0
12552300.0
8117390.0
14054000.0
10798900.0
7189770.0
13960600.0
9242730.0
14248600.0
14865200.0
9828740.0
12665500.0
14530700.0
10966800.0
14199400.0
8721620.0
11615000.0
12511300.0
12384000.0
17162600.0
7065270.0
12068800.0
5148980.0
7155740.0
11984100.0
16946900.0
11348800.0
6643700.0
11649900.0
8000050.0
10971300.0
8743960.0
8814680.0
8673460.0
13727100.0
15233900.0
7671740.0
11056200.0
14412100.0
10567000.0
6732630.0
19216600.0
6984740.0
12065400.0
6666040.0
6047190.0
14199200.0
6592640.0
16231500.0
14358000.0
6475340.0
11781200.0
12458600.0
7734460.0
12937100.0
21027600.0
8887330.0
13984900.0
15103900.0
12494100.0
14425000.0
9509780.0
9731680.0
14550100.0
9864420.0
13940500.0
14323500.0
13148000.0
6272210.0
9771050.0
9254170.0
15483300.0
7629020.0
8953500.0
8386300.0
8389970.0
8816750.0
5934470.0
7135180.0
10313400.0
8244140.0
14511100.0
11332300.0
15792100.0
12057100.0
7971840.0
7693660.0
7411550.0
7881770.0
6528550.0
10216300.0
12861000.0
13722400.0
7002130.0
12841900.0
9087870.0
7781850.0
9636370.0
7841110.0
13620000.0
5305660.0
7469160.0
11503700.0
9416410.0
7196180.0
10075500.0
11156600.0
13928700.0
10331500.0
8013030.0
9917680.0
7840310.0
14567600.0
16116200.0
8959940.0
14566400.0
7588070.0
23166100.0
10470900.0
3373900.0
13350000.0
8162300.0
10332900.0
12950300.0
16015200.0
12887100.0
10192600.0
9473970.0
8227430.0
8875380.0
10944300.0
6333180.0
10542100.0
6988560.0
14300100.0
12415400.0
6898830.0
8442720.0
17682800.0
9226210.0
9489870.0
8640000.0
10873000.0
13768800.0
9944660.0
13603900.0
10816400.0
6919550.0
16297500.0
8015810.0
4423720.0
11450500.0
13567200.0
19676900.0
15207800.0
12106800.0
11411900.0
7588270.0
10525300.0
16125000.0
12226600.0
10262100.0
8650660.0
13738400.0
9721900.0
11745500.0
8864090.0
9449790.0
12487100.0
9084410.0
8467180.0
12135600.0
9692030.0
9751350.0
13775500.0
12544600.0
9529690.0
9657330.0
8425950.0
5209540.0
10384600.0
13793000.0
9840630.0
4490220.0
11505100.0
16337700.0
12461800.0
8693100.0
6500430.0
16415100.0
14372700.0
6965660.0
12692600.0
7655510.0
12824400.0
13677600.0
10043800.0
12634000.0
9117770.0
8337840.0
7887110.0
15472700.0
11442200.0
8294410.0
12643400.0
10377500.0
9538040.0
10027100.0
8131280.0
13114600.0
9837320.0
8503500.0
13742100.0
7138510.0
5204370.0
5006970.0
12323000.0
7793960.0
5496970.0
10930000.0
16530200.0
13464600.0
9716300.0
10548000.0
14351900.0
13624600.0
12360300.0
7886890.0
7460230.0
11416000.0
8343270.0
10029800.0
21175900.0
5899240.0
13091100.0
7396380.0
12029800.0
8649210.0
9787720.0
8574570.0
7351620.0
11887000.0
12031500.0
7083150.0
14447900.0
12815800.0
12253400.0
14095600.0
8878800.0
11673900.0
11994300.0
4911740.0
10376200.0
13687300.0
5996530.0
16572900.0
13132200.0
16012800.0
8877980.0
10124100.0
9862800.0
11605800.0
14902700.0
12606800.0
6499580.0
12902800.0
13626000.0
7268220.0
8484970.0
10529100.0
12713500.0
8047170.0
6811100.0
9634140.0
10396800.0
20011300.0
13904800.0
4457800.0
15114400.0
13273200.0
9113950.0
11703000.0
8277240.0
8107680.0
6146380.0
13551700.0
9007800.0
9415320.0
13316500.0
10356600.0
10897700.0
13207700.0
7067320.0
17080700.0
9591700.0
7594750.0
12154600.0
11835000.0
9642820.0
13168300.0
13077000.0
12192200.0
13225100.0
11396700.0
16620200.0
17311400.0
11614700.0
10772300.0
15151500.0
9587330.0
9234010.0
14969200.0
5664610.0
10361200.0
15901800.0
7136090.0
4861610.014657
7564023.02185
7626768.5222
12436429.034915
11402625.032029
10793099.029596
7191119.019867
10466402.028393
11311904.032292
9538098.526866
6117149.016584
7950816.024436
11942757.019589
9408579.025144
10161687.030058
5992647.016287
7162059.020522
9651527.028206
7915239.021953
7100659.020279
11762196.036201
8149090.024483
9796829.028538
9136403.02362
13793193.037622
15308993.044904
17626674.048707
12459887.034055
13033226.040134
6652903.020225
10843851.030805
9141021.025807
20394023.056777
11298742.035112
7657057.021566
6845071.02168
10104960.029382
17977743.049467
14733178.04187
13091311.041211
11641405.033298
13185139.036809
13033392.038337
13438243.043476
4455227.012825
12933957.039478
5309883.014995
8751196.026569
10730580.028278
9183061.024758
11387273.033293
11457914.036215
6794217.018425
8529133.023678
12101759.033191
11915022.03604
10939431.030582
11416805.030824
10734408.027651
13584522.038656
15272546.043904
7708956.022604
12668995.035087
4680758.513418
9392051.026708
7164119.019902
10141091.028723
10368858.029482
5761405.014763
12925079.03712
6312952.016857
14196549.042712
5512582.01637
8526753.024213
8524007.024452
6476163.019447
9941804.027826
14254705.041569
13750692.039311
9122153.026267
11295203.032414
17561403.052408
11101328.032366
7303831.020946
17187013.052377
6323557.019738
6529486.018844
9076607.024154
10202885.03049
15764400.044203
17991820.031578
8744713.024047
12048858.03354
4786699.347605
9034505.025932
10775738.030094
8867641.025362
8403376.023289
17401016.051279
8351222.026669
6397208.020148
8664560.022904
14290744.046341
8725068.023315
5858009.016877
14022522.040129
9792529.028569
8706217.024798
15625098.044745
4322711.011815
11087805.03034
10775259.030974
11800581.034067
5475431.015422
11610287.031719
11604040.036416
10608220.031119
12481588.033571
18703329.055158
14601455.041163
16187535.045777
13128060.040687
8621152.775785
11550299.035307
13464227.036915
6206772.016276
6874385.021507
6408688.01885
8816639.024453
14423693.040259
11046916.031697
10742795.028929
12753988.039561
9763520.026912
10050403.028356
10686007.030289
7086891.023858
13008519.03628
9255097.027653
15328722.378516
12611445.036204
12939913.035911
10380631.028261
9200789.02621
13317188.037815
10118236.029708
9421394.027215
10970580.03106
12780003.036656
10655229.030291
8244041.026594
13897899.040029
6663009.518372
7653852.022133
11544093.034319
13988741.03783
9089769.02626
10191145.030809
11845806.021109
7493081.020864
13138763.03689
8262101.020976
8609675.027042
8644379.023804
15767658.047049
11202147.034937
17744102.052451
14959465.042981
6843042.018854
13676303.043389
6219283.010932
9216636.360723
10608418.031642
11981306.034248
7729148.023878
10090387.028731
11908204.034601
10710557.029677
11524030.036353
7182131.022435
7153470.019678
10453869.030016
11136738.030696
14713309.046883
8778718.024137
18202323.049549
11252674.032529
9184251.025971
9588627.026339
7707605.020565
8444079.02348
11808307.032332
11960577.034392
10512251.032887
13818794.041126
16046484.051643
10818402.033392
17173571.048254
9411525.03046
9981732.031525
13246274.038571
10876245.030598
13371670.038483
6161893.017212
8499557.026323
15172245.044359
16130588.044531
13970640.540979
5624853.016093
9678685.029005
9160493.027466
13712010.038888
10302431.028625
8001109.023628
6673517.019487
5360400.014845
15480451.041343
11272590.034263
12041174.034688
7436503.022013
9116934.025426
9064818.024842
9387846.029103
5086506.014835
11483869.033137
8249901.024714
15092021.043604
8319704.022654
6900013.686542
8382781.022494
8499956.0268
13003663.037539
3327697.008948
11309102.03094
14254222.547473
5662244.015527
7832380.020521
7843398.023921
12708974.036597
8762400.025052
12971631.036736
8117269.02225
9262854.025494
11509176.03336
15206128.042149
15738464.043717
12451111.0354
6095229.017089
8827581.02639
4077126.011963
11818773.033518
10873767.032612
10654056.032366
12667815.039582
12948564.036844
16999810.04899
14017860.03971
8724456.024052
9981413.026871
6511085.019582
11983273.036189
12822244.039264
14653413.040371
9368487.028959
6885083.019978
9824853.030155
12929438.037685
17020950.048514
12149903.037129
10815244.030617
13890297.040163
6160211.017713
16992010.047386
8045336.021928
8553147.024615
10387296.033089
8439835.023619
13310811.035848
6191089.017831
9715188.025895
12989466.037032
8299714.026143
9593083.027653
8612367.026043
11459685.033665
11359875.032071
8113181.021983
10036278.026958
13261743.037365
7608260.021069
9846566.027754
13266068.041761
13513132.038183
8838027.025733
10082095.029114
11967807.035114
8572659.024149
11134644.032983
9744961.025897
11667424.032684
8745193.026092
8449943.023158
16623783.046851
8206811.023639
9817967.028919
9606751.028525
7413716.023397
12886868.041402
8103265.023519
7989543.022059
10431236.030342
9990541.027611
8363871.02361
13098772.037738
11966099.034887
12427537.036004
7590279.020915
8266916.023973
14016924.040793
12320786.034996
6622625.020055
11878380.037556
9569863.027082
12643417.03664
14021338.040329
10697310.030353
13454892.038243
7476964.021123
9476690.02812
13570446.039623
10398559.030025
14952467.041846
6804355.021064
9767089.027273
10781970.032889
9525607.02793
12055396.032823
12669914.541586
10930459.030028
11587412.032899
11359671.031718
8210321.023549
13531518.037262
8732079.024707
6598756.01966
11241831.033502
15477005.045256
7814827.02332
16035946.044006
14121708.046637
8624963.024939
6303150.018862
14255318.039547
16482047.045553
8600978.026697
9756488.027887
4556700.013708
7837987.022474
10156392.52789
8302653.022598
9711276.030737
13895374.039921
9628255.027426
8739986.023306
18400750.052854
13542030.039946
9923707.026648
14045926.040274
11537962.036933
8008111.023296
9640198.029223
20830548.062954
9629163.02605
7888306.02181
10275148.032819
9562849.026578
6395708.018886
10346161.028628
6313116.017455
15343769.045834
12043712.035264
6704835.018691
15901452.042258
7660171.0247
9762020.028375
12832604.03845
11932236.033112
14834145.042473
8791124.025452
13731816.037866
14069200.041071
10927269.028303
13245714.036998
10460902.030654
7225788.019135
8580033.023557
12205943.035153
5531969.015911
11138609.032196
8343418.023264
12126271.033547
9538590.026153
6577439.021
6745632.018054
7326352.021341
8401197.022901
11695387.032112
9031137.024324
12096833.03295
13700897.042003
10635148.030671
12828667.036565
14392976.039635
16683665.048827
9824663.529227
11592458.033328
11286541.034021
10689441.032262
10900681.029379
12038168.036131
9154824.026377
10000531.031536
7279651.019406
7102995.020678
10662154.031471
14594545.040654
13399737.036514
13974167.037558
10369127.029372
6878043.019156
7930472.02255
19928166.056186
11006539.029552
9434649.026812
6768131.019048
10958857.030055
12247173.035555
12527471.035352
10337182.027016
9652258.027494
7081440.020003
15742920.045899
11809105.031537
6433006.017925
9829623.02849
12137119.035797
10060526.029712
10570621.031793
9008158.525607
7442851.020225
11078748.032451
7620111.021248
8435641.022838
14549141.040868
14348586.042235
10163343.029369
11528665.0325
9051823.025584
15085176.04243
6833099.019297
11686093.032312
10618906.030915
9192118.024822
13954857.03837
14383593.041828
11374264.032642
13241834.038184
4431953.012117
7581907.021574
12187699.034889
8328777.023307
6116672.017321
12289703.033533
17534730.052093
10457892.031044
5639301.008991
13227747.040396
10590038.026563
13211719.041348
10091864.029635
13770868.038444
12436214.03459
13007062.036239
9547932.025688
7127626.019955
10273036.02985
8695433.024005
17128975.050649
11040055.029386
14578034.043356
4659847.013909
9958872.027795
7721571.02134
8795054.014737
10346381.028991
11025145.030623
12188105.03338
15326859.044052
9026265.02517
9719804.03024
6257864.683871
6232781.017027
12053277.033188
17098794.049529
6086465.016334
6328890.01872
11565005.022302
7834240.022325
10885239.031799
10480544.029754
13673979.038552
9581574.028976
12116213.034809
11042222.032066
8741205.024827
10448929.031662
5806273.016204
8681434.022733
8852579.024318
13316687.039551
12437768.034496
17490089.048512
7744089.020897
8567291.024587
12143988.03529
14036664.040024
11191288.032981
9783588.028124
13954878.039555
11047497.030993
10775408.032186
10122475.031183
15912997.044975
18896655.054947
10386015.032532
9462629.025587
14919199.044279
11373213.031747
3825554.011388
8435064.024283
7511952.021827
11908476.033168
8331772.024432
5838056.015579
5839949.017199
10879537.698868
9696953.029289
11580703.034066
16924299.051053
11207354.031693
6557916.018942
15791175.044961
13395170.039806
10330771.029429
9738887.028345
12226281.034479
6064241.017878
8506313.023715
9421836.027719
9659891.030677
10959735.033331
10901540.030767
8140512.024423
9113096.026521
6081641.016029
10705931.03005
9333626.026774
7082266.019391
12176379.032701
11100115.031802
9773969.025645
6943297.021123
7491831.021061
9685098.025548
10814553.030764
13726203.036828
11594818.035187
12050973.034309
13762098.037557
9233138.024639
8529595.023796
7344060.020181
11550054.032693
6202644.017444
12215096.033795
9504350.030177
11119084.031439
12157861.035654
6462890.018504
14555294.040145
12541720.036017
8359610.02525
15219644.045298
12096346.035694
14106020.040465
12814372.036647
10148608.027517
9977334.025731
10968747.030065
12203370.034723
10898603.030491
10462775.028819
11432193.032249
9803161.027661
11912317.036492
15164119.042787
15466746.045349
12819352.039185
7553566.023414
11391673.033835
6150911.016102
9459726.016305
10974646.030411
8886242.029566
9159168.025715
13866089.040292
12035483.039219
8310356.022022
14344760.041432
10182958.028967
4952825.015371
15997287.045289
11432151.034779
10478264.029751
11150560.032166
13177648.038512
11397394.037099
11954704.034079
12582075.034588
7150407.019163
11057816.031565
21126327.061229
12854641.036208
14721232.042917
7375962.022067
9376273.025102
12824508.038935
15337037.046998
12518296.0355
9403933.029281
13727812.039912
11314633.034128
10893495.031995
7735793.012761
16330335.046552
11758027.03288
12198935.036534
10275261.029654
7574866.024183
14584427.039668
14322786.040874
9815040.027813
7850355.021578
8539377.02642
12314187.039402
13771511.040728
7991981.021834
12018779.0354
9837857.027324
9623635.026152
9923412.027527
11662530.533626
10221175.030995
13738386.040743
10117719.03057
12977569.036446
9081592.016879
14539892.040925
9095688.02612
20311822.058374
9331585.027402
7850032.021021
8223157.024383
6864610.018509
10986064.035315
11967829.03436
15208717.043048
15752797.045012
12881506.037188
12141087.035945
9567728.030373
12262374.033552
11398498.030734
11654729.031486
12404297.035848
12552324.03798
8117390.020659
14054011.041991
10798942.030508
7189773.019605
13960636.037627
9242731.027412
14248636.040237
14865179.044318
9828742.027971
12665537.034363
14530709.023329
10966800.03308
14199398.039707
8721617.024766
11615029.035317
12511327.034394
12383977.034461
17162597.048702
7065272.020101
12068782.035296
5148978.01381
7155737.020146
11984144.038418
16946854.048279
11348840.032894
6643705.016599
11649926.032223
8000046.020561
10971297.030802
8743964.027232
8814680.024795
8673457.02379
13727098.039694
15233907.04264
7671741.023032
11056231.030316
14412097.041687
10567039.029109
6732626.016864
19216573.054254
6984739.02025
12065353.032573
6666039.018631
6047189.015725
14199208.041722
6592643.018655
16231523.045761
14357972.041535
6475335.020032
11781158.035081
12458593.034187
7734464.022229
12937069.037752
21027607.058752
8887327.023927
13984931.037872
15103921.046237
12494095.037868
14424973.039154
9509777.02774
9731679.027294
14550078.043379
9864417.028045
13940485.038803
14323516.025951
13148013.040382
6272209.018612
9771048.029067
9254171.026253
15483269.043199
7629018.022825
8953502.02781
8386302.022078
8389969.024736
8816747.023675
5934472.009611
7135176.019869
10313355.027937
8244139.024654
14511101.040582
11332265.03003
15792092.043029
12057093.037393
7971840.024868
7693658.020085
7411550.021373
7881483.022478
6528552.018056
10216326.027864
12861021.036108
13722408.040249
7002130.023086
12841933.036687
9087867.027423
7781846.014244
9636372.027342
7841106.022258
13620004.038698
5305657.015275
7469157.021186
11503736.032429
9416138.027878
7196184.020678
10075502.027565
11156587.034388
13928692.039379
10331497.029692
8013030.021241
9917682.027335
7840311.023062
14567583.041402
16116166.042405
8959935.025982
14566411.043558
7588070.022426
23166143.065397
10470915.030037
3373495.005415
13350043.041312
8162296.024735
10332892.030776
12950344.036097
16015179.046621
12887132.039188
10192554.030013
9473974.026131
8227428.02175
8875376.024467
10944323.033911
6333178.015979
10542110.031605
6988558.022172
14300130.041475
12415364.037245
6898834.018619
8442723.023139
17682835.048368
9226212.027471
9489873.027586
8640001.029374
10872991.030228
13768823.038941
9944660.029702
13603910.038589
10816393.030892
6919553.021107
16297471.044626
8015812.023482
4423717.011401
11450542.033189
13567194.0399
19676873.057324
15207752.044199
12106826.034993
11411878.033556
7588274.01994
10525273.033099
16125047.047045
12226135.536086
10262148.033007
8650658.024952
13738408.040236
9721898.026899
11745526.035972
8864088.015323
9449790.027903
12487145.037104
9084406.024374
8467176.023413
12135620.03462
9692033.026221
9751349.028096
13775454.04276
12544609.034139
9529694.025998
9657330.026841
8425952.023344
5209542.015374
10384598.031755
13792967.040685
9840633.030152
4490225.013719
11505088.034182
16337688.047188
12461794.03701
8693095.023578
6500433.018018
16415113.046564
14372738.038936
6965662.020219
12692590.03716
7655506.022822
12824381.037001
13677571.043387
10043800.032018
12633997.039176
9117770.028192
8337075.524594
7887107.026001
15472660.046644
11442195.031252
8294410.025228
12643449.038992
10377532.029964
9538041.026611
10027124.027778
8131285.021803
13114586.038125
9837320.028944
8503505.025661
13742107.036665
7138507.021549
5204372.014734
5006971.013874
12323027.037662
7793956.022038
5496966.014673
10929968.030675
16530243.04654
13464649.038064
9716302.027638
10548024.03159
14351900.04154
13624559.036882
12360305.03557
7886886.021456
7460233.019956
11416028.030411
8343272.023394
10029797.029669
21175868.060904
5899236.015144
13091089.037705
7396383.012411
12029770.035907
8649206.021829
9787716.028771
8574569.022616
7351616.018892
11887009.036523
12031456.035242
7083154.020458
14447877.044343
12815813.036415
12253428.03811
14095403.540704
8878795.025101
11673938.034373
11994342.033231
4912135.514445
10376239.028227
13687271.044614
5996526.016627
16572922.046673
13132164.036359
16015734.044857
8877985.026528
10124085.028673
9862796.027696
11605832.033751
14902730.041041
12606771.037138
6499579.017673
12902779.035527
13625997.039597
7267336.021653
8484967.02495
10529146.031153
12713535.037723
8047173.024672
6811099.01833
9634144.028723
10396846.028087
20011309.056513
13904828.040554
4457795.013217
15114448.044728
13273240.037086
9113594.525526
11702987.033183
8277241.02491
8107683.024268
6146248.518689
13551742.03692
9007803.024612
9415324.026371
13316482.036635
10356621.031365
10897249.033331
13207740.037428
7067325.019309
17080725.048038
9591705.025953
7594746.022479
12154581.035061
11835035.03535
9642821.026305
13168318.036983
13077048.035077
12192181.036134
13225079.036387
11396738.031169
16620235.049955
17311402.051476
11614707.032504
10772344.031885
15151531.043066
9587328.028862
9234011.027002
14969163.042622
5664614.016021
10361232.029514
15901679.044588
7136090.019734
