1.00474
1.00042
1.00054
1.06381
1.00023
1.00034
1.02632
1.00044
1.00026
1.02143
1.06126
1.00647
1.06689
1.03306
1.00028
1.00346
1.00275
1.00042
1.00028
1.02188
1.04462
1.00051
1.00026
1.0012
1.00032
1.00097
1.00036
1.0003
1.02274
1.00026
1.00027
1.0939
1.00032
1.00033
1.00026
1.00023
1.00035
1.0006
1.07638
1.00302
1.00039
1.0242
1.10333
1.00033
1.0004
1.00284
1.00001
1.00027
1.00232
1.04003
1.00022
1.00036
1.00512
1.00018
1.03511
1.01401
1.07302
1.00051
1.00033
1.00032
1.00031
1.10855
1.00031
1.00032
1.00409
1.06388
1.00027
1.0003
1.08964
1.00033
1.00019
1.00013
1.09721
1.00035
1.00133
1.00024
1.00028
1.07626
1.0002
1.00022
1.00368
1.00045
1.00108
1.00036
1.00054
1.00024
1.00166
1.0002
1.00157
1.03513
1.00019
1.00468
1.00025
1.00031
1.00746
1.01244
1.01371
1.00045
1.14482
1.00136
1.00048
1.00798
1.0638
1.00036
1.00027
1.00051
1.00057
1.00028
1.00035
1.00033
1.09587
1.05063
1.00363
1.00022
1.00021
1.00668
1.00034
1.00037
1.00078
1.00018
1.00838
1.06234
1.00022
1.00461
1.0002
1.00174
1.03463
1.00039
1.06734
1.00025
1.0003
1.00045
1.00035
1.00019
1.0002
1.00032
1.03948
1.00648
1.00022
1.07443
1.01958
1.00264
1.02939
1.01266
1.01486
1.00054
1.00091
1.0526
1.04433
1.03095
1.00035
1.00037
1.04484
1.04401
1.00569
1.00025
1.00031
1.00042
1.01171
1.01355
1.00046
1.00027
1.00352
1.00041
1.02243
1.00029
1.00023
1.00038
1.02682
1.00036
1.01163
1.00028
1.00329
1.00016
1.00024
1.0003
1.00028
1.00034
1.00039
1.00035
1.00026
1.00016
1.03855
1.00355
1.0003
1.00036
1.00052
1.00234
1.00033
1.00022
1.00413
1.00377
1.00019
1.00038
1.06451
1.00022
1.00044
1.00026
1.00034
1.21078
1.00814
1.00025
1.0009
1.00023
1.00039
1.07197
1.00017
1.00041
1.00028
1.00168
1.00026
1.00064
1.01644
1.03793
1.00035
1.00027
1.01101
1.00037
1.05246
1.00045
1.00032
1.1199
1.10627
1.03108
1.0003
1.00166
1.0081
1.00026
1.0003
1.07186
1.00029
1.00038
1.00018
1.00293
1.00034
1.0003
1.00059
1.00019
1.00795
1.10425
1.08684
1.04089
1.00043
1.00041
1.0006
1.0004
1.01187
1.00227
1.08482
1.06979
1.00088
1.02106
1.00022
1.00032
1.02501
1.00245
1.00035
1.00038
1.00134
1.00031
1.00042
1.00052
1.00041
1.11445
1.00021
1.00047
1.01524
1.00047
1.00022
1.03227
1.00027
1.08628
1.0003
1.01304
1.02085
1.00031
1.00024
1.16261
1.0003
1.00022
1.00682
1.00034
1.00026
1.04867
1.00033
1.00026
1.0033
1.00036
1.00055
1.00025
1.03393
1.06913
1.00392
1.00025
1.00689
1.00019
1.00047
1.06195
1.00931
1.00484
1.02428
1.00028
1.00056
1.00348
1.00023
1.0003
1.00039
1.01815
1.00222
1.00022
1.00028
1.00034
1.00037
1.09282
1.00026
1.00022
1.00055
1.00833
1.02128
1.01786
1.00018
1.0002
1.00031
1.00042
1.00049
1.00053
1.00017
1.03509
1.00396
1.00019
1.00041
1.00297
1.00022
1.00029
1.00029
1.00026
1.00168
1.00036
1.00037
1.00023
1.00041
1.00044
1.00026
1.00038
1.04527
1.00028
1.00031
1.16263
1.00033
1.12333
1.0003
1.04583
1.05912
1.00034
1.12299
1.02423
1.00032
1.00023
1.00027
1.00043
1.0027
1.02356
1.00039
1.05147
1.00049
1.00019
1.05489
1.0031
1.00125
1.02714
1.00094
1.00056
1.00187
1.00033
1.09956
1.08511
1.0008
1.06197
1.00019
1.0189
1.0004
1.09564
1.0003
1.00032
1.00019
1.00039
1.00034
1.02283
1.00033
1.01067
1.00035
1.00988
1.00026
1.00025
1.0003
1.01213
1.00579
1.00031
1.00024
1.07088
1.21506
1.00659
1.02294
1.10209
1.08075
1.00053
1.00039
1.00033
1.00033
1.10157
1.04476
1.06567
1.11485
1.00031
1.06007
1.00025
1.00023
1.00022
1.00033
1.10494
1.0003
1.00665
1.03897
1.0719
1.00028
1.00035
1.00028
1.00023
1.00025
1.00029
1.00288
1.00026
1.00025
1.00099
1.00037
1.04348
1.00033
1.02364
1.00036
1.00035
1.00032
1.07955
1.00004
1.00076
1.00029
1.03733
1.00035
1.00448
1.07518
1.00037
1.00032
1.00046
1.00027
1.03164
1.04062
1.00003
1.00044
1.00201
1.00025
1.08915
1.00047
1.00028
1.00046
1.00035
1.0555
1.00043
1.13372
1.00028
1.00041
1.00444
1.00035
1.001
1.00035
1.00877
1.02905
1.00017
1.03054
1.01141
1.00037
1.00079
1.08981
1.00043
1.00937
1.00042
1.00033
1.12602
1.00028
1.0004
1.00022
1.00359
1.0002
1.00092
1.00465
1.06224
1.00893
1.00022
1.05606
1.07134
1.00036
1.00221
1.00027
1.00012
1.0003
1.0004
1.0645
1.00034
1.00023
1.00053
1.00036
1.02815
1.00185
1.00028
1.00039
1.00047
1.0458
1.04985
1.00037
1.17528
1.03723
1.04512
1.0391
1.00026
1.00048
1.00038
1.02611
1.00019
1.00056
1.00054
1.07813
1.0405
1.00238
1.00025
1.09145
1.00016
1.0003
1.00697
1.00025
1.0003
1.02791
1.00031
1.00064
1.00037
1.00021
1.0595
1.00055
1.00026
1.00675
1.01894
1.00404
1.00234
1.00262
1.00044
1.00028
1.00278
1.00394
1.00033
1.00033
1.00042
1.02499
1.00028
1.05642
1.01321
1.00028
1.01863
1.00023
1.00017
1.00017
1.00033
1.00019
1.00135
1.05414
1.00029
1.00021
1.00031
1.00046
1.0282
1.0003
1.00328
1.00343
1.00037
1.11443
1.01542
1.00041
1.00032
1.00124
1.00044
1.00017
1.0002
1.00036
1.00032
1.00028
1.00761
1.00454
1.04167
1.00137
1.00493
1.00027
1.00047
1.01738
1.0004
1.00039
1.0016
1.00024
1.00042
1.00382
1.00039
1.00041
1.00028
1.00084
1.05389
1.00027
1.00304
1.05032
1.02483
1.00058
1.0095
1.0004
1.00033
1.00029
1.08898
1.00038
1.13218
1.00058
1.00007
1.00043
1.00028
1.00024
1.00273
1.00032
1.00003
1.00068
1.00109
1.02456
1.05361
1.1173
1.01198
1.0003
1.03217
1.01698
1.0005
1.00035
1.01449
1.0003
1.00032
1.01981
1.0003
1.00021
1.00035
1.0514
1.05256
1.01777
1.00484
1.0771
1.03635
1.00032
1.00053
1.00916
1.05018
1.00046
1.00031
1.00041
1.00038
1.00032
1.00019
1.02843
1.00377
1.0539
1.05464
1.00026
1.00013
1.00023
1.00151
1.0004
1.12954
1.04076
1.00026
1.20232
1.00034
1.00032
1.00036
1.0243
1.00027
1.00028
1.00029
1.0314
1.04309
1.00038
1.00044
1.11367
1.00054
1.00093
1.05036
1.01602
1.00037
1.01463
1.00034
1.22349
1.00663
1.00016
1.0004
1.00053
1.01807
1.00027
1.00024
1.00019
1.0005
1.00037
1.00024
1.00188
1.0489
1.05944
1.01166
1.1343
1.00033
1.00014
1.00025
1.09311
1.00045
1.00024
1.04636
1.00035
1.00038
1.00058
1.00028
1.11219
1.0474
1.00006
1.00502
1.04143
1.00039
1.00056
1.00023
1.0021
1.0004
1.00029
1.00957
1.0083
1.00408
1.00064
1.00057
1.05273
1.00069
1.00031
1.00576
1.00169
1.00032
1.13145
1.05913
1.05185
1.00041
1.00064
1.00032
1.0003
1.0112
1.0012
1.00021
1.08007
1.0003
1.00113
1.01414
1.01335
1.00034
1.0003
1.00041
1.00913
1.00036
1.00039
1.05311
1.01231
1.00522
1.00453
1.00042
1.04688
1.08709
1.00021
1.00031
1.06733
1.00268
1.00046
1.0004
1.00024
1.00185
1.00031
1.0004
1.00021
1.03435
1.00031
1.00431
1.00038
1.0003
1.00044
1.00034
1.0067
1.03674
1.00028
1.00049
1.00086
1.01084
1.00035
1.00061
1.00218
1.00073
1.00041
1.00702
1.0002
1.0027
1.00051
1.00983
1.0003
1.00039
1.05726
1.00033
1.01362
1.00023
1.00054
1.0298
1.00037
1.00039
1.00149
1.02535
1.00016
1.00048
1.00027
1.00039
1.02359
1.00973
1.04822
1.00027
1.01455
1.00613
1.00037
1.00022
1.00035
1.00036
1.05286
1.00396
1.00026
1.00017
1.11093
1.00351
1.0041
1.00635
1.00049
1.00049
1.0003
1.01079
1.00024
1.00046
1.05753
1.00039
1.04839
1.17117
1.00029
1.00056
1.09752
1.00033
1.00044
1.00041
1.01261
1.00028
1.00356
1.01047
1.10249
1.00047
1.00023
1.0003
1.00595
1.00677
1.008
1.00471
1.0043
1.00024
1.04224
1.00061
1.00037
1.00016
1.0505
1.00037
1.00037
1.00036
1.00573
1.00848
1.08395
1.00028
1.00018
1.00022
1.00374
1.00417
1.01265
1.00032
1.00035
1.00027
1.01178
1.00029
1.00043
1.08088
1.00034
1.10303
1.00019
1.00023
1.00037
1.14241
1.00013
1.00046
1.02253
1.0006
1.00059
1.08302
1.00044
1.00023
1.00024
1.00026
1.00125
1.09019
1.00071
1.00413
1.00028
1.07676
1.0687
1.07998
1.00134
1.0003
1.00026
1.00032
1.00018
1.03462
1.04225
1.00027
1.00249
1.01557
1.04068
1.00036
1.00038
1.00178
1.00031
1.00036
1.00902
1.00044
1.10416
1.00079
1.0196
1.00037
1.00025
1.00021
1.00022
1.00045
1.00448
1.00032
1.01207
1.05839
1.00024
1.07228
1.00072
1.08915
1.0568
1.00047
1.05671
1.00523
1.13548
1.0003
1.00168
1.00026
1.00443
1.00032
1.00034
1.00024
1.1033
1.01155
1.00035
1.00214
1.00036
1.00025
1.00024
1.00897
1.03176
1.00033
1.00046
1.09228
1.00023
1.0017
1.30597
1.00087
1.08656
1.04265
1.00022
1.00025
1.00605
1.46362
1.00046
1.00028
1.03299
1.0009
1.0003
1.00021
1.0002
1.00046
1.00033
1.00033
1.00028
1.00028
1.69888
1.56637
1.56911
1.75312
1.48667
1.50406
1.63
1.69805
1.5531
1.68829
1.94851
1.36179
1.74733
1.60712
1.63403
1.57068
1.70775
1.4981
1.44301
1.59674
1.65916
1.6314
1.53315
1.61649
1.59937
1.546
1.74904
1.60121
1.79934
1.50844
1.38562
1.69002
1.59328
1.57034
1.53164
1.43369
1.79921
1.9691
1.7008
1.61972
1.46896
1.66999
1.85986
1.58768
1.78369
1.68256
1.81506
1.64127
1.67959
1.92091
1.55261
1.72747
1.64381
1.58476
2.08334
1.56193
1.82821
1.9727
1.48752
1.55051
1.51827
1.51801
1.63969
1.7814
1.68312
1.62712
1.5657
1.64364
1.84708
1.69985
1.33347
1.5263
1.72665
1.48319
1.57309
1.5551
1.48536
1.70126
1.37972
1.42781
1.92954
1.64443
1.66845
1.50535
1.72657
1.5147
1.6428
1.51331
1.44478
1.38094
1.36236
1.94951
1.43516
1.55513
1.71546
2.01436
1.93447
1.69971
1.80026
1.6423
1.5128
1.91901
1.58127
1.72416
1.38654
1.61915
1.49988
1.50361
1.52736
1.6729
1.74051
1.66015
1.85671
1.40184
1.42044
1.41346
1.54024
1.63719
1.4899
1.44565
1.91432
1.59581
1.48695
1.90384
1.36059
1.57966
1.63582
1.64169
1.63798
1.45114
1.59662
1.63878
1.84005
1.44303
1.29817
1.51795
1.63742
1.59994
1.55426
1.68627
1.76146
1.60571
1.6706
1.72906
1.47792
1.93594
1.76033
1.74935
1.56121
1.7758
1.70111
1.66966
1.73679
1.54182
1.55054
1.49668
1.63715
1.6848
1.5358
1.9335
1.83767
1.57366
1.81182
1.80545
1.66662
1.50677
1.36485
1.57857
1.79015
1.75428
1.63021
1.49603
1.94109
1.3587
1.55212
1.46848
1.579
1.82788
1.81785
1.53259
1.42845
1.39676
1.55084
1.65442
1.45367
1.5973
1.61048
1.88645
1.54706
1.48516
1.7632
1.3954
1.27691
1.69742
1.725
1.52411
1.92686
1.48912
1.50328
2.18018
1.58959
1.37392
1.75121
1.43414
1.6512
1.6632
1.34923
1.88257
1.52134
1.59782
1.53734
1.79902
1.9174
1.71641
1.49274
1.62484
1.67865
1.60227
1.59226
1.71925
1.55827
1.58089
1.86146
1.59513
1.61193
1.7267
1.59387
1.51249
1.72487
1.81176
1.6752
1.64059
1.36759
1.76152
1.66072
1.52799
1.65174
1.36767
1.81947
1.64128
1.67168
2.05677
1.56187
1.73684
1.80634
1.62937
1.47881
1.58189
1.52597
1.6732
1.44377
1.52681
1.48724
1.45988
1.68178
1.65333
1.72534
1.86777
1.74963
1.66408
1.68823
1.61001
1.59255
1.56162
1.45052
1.62039
1.88638
2.08711
1.43215
2.18131
1.54685
1.6447
1.4719
1.55831
1.7948
1.32302
1.42547
2.47448
1.54622
1.4589
1.51996
1.49246
1.53199
1.7128
1.55199
1.40366
1.53397
1.73182
1.77943
1.48332
1.47013
2.10381
1.62784
1.38428
1.37497
1.35995
1.71484
1.61213
1.91154
1.47043
2.15506
1.52588
1.74734
1.68182
1.46326
1.53421
1.66581
1.51127
1.54961
1.42699
1.68965
1.63592
1.82731
1.55407
1.50353
1.4993
1.36681
1.73218
1.48002
1.79661
1.41247
1.30807
1.48013
1.75577
1.54098
2.03292
1.26363
1.54505
1.86464
1.35182
1.6
1.7017
1.43655
1.54923
1.75501
1.36036
1.48276
1.5174
1.634
1.49495
1.58848
1.6006
1.48578
1.66868
1.61098
1.47624
1.44172
1.69331
1.44426
2.17095
1.59015
1.78434
1.74186
1.77973
1.91685
1.75256
1.41279
1.44415
1.53997
1.57374
1.53971
1.62076
1.70072
1.6117
1.81809
1.39374
1.96777
1.48585
1.36524
2.15174
1.90847
1.39186
1.44834
1.65116
1.84061
1.86789
1.7898
1.71728
1.3696
1.76447
1.73153
1.89492
1.52446
1.55801
1.3972
1.40326
1.57277
1.49711
1.64013
1.56228
1.54504
1.93256
1.53874
1.57978
1.40859
1.67331
1.69102
1.67888
1.53175
1.59675
2.11934
1.48032
1.56044
1.77155
1.75312
1.63379
1.66892
1.766
1.57144
2.11754
1.85657
1.71168
1.82351
1.6174
1.63311
1.45871
1.6201
1.39304
1.64898
1.81391
1.74623
1.4699
1.46005
1.62832
1.58649
1.70203
1.49435
1.43652
1.58938
1.49107
1.55901
1.52432
1.48842
1.68631
1.62202
1.77564
1.6056
1.52815
1.53319
1.44664
1.62024
1.63461
1.5315
1.38345
1.48063
1.52001
1.66942
1.68679
2.09992
1.49686
1.56938
1.79175
1.51078
1.58992
1.90199
1.25775
1.89487
1.95987
1.56506
1.44013
1.83136
1.49038
1.68817
1.51938
1.70902
1.65571
1.95396
1.54702
1.71479
1.8082
1.51968
1.35308
1.34321
1.40748
1.34086
1.77775
1.49473
1.67638
1.63849
1.38281
1.45077
1.58901
1.80577
1.61742
1.65229
1.48476
1.59605
1.55812
1.43229
1.46398
1.41697
1.76446
1.39967
1.51654
1.82997
1.565
1.66103
1.69598
1.56712
1.71018
1.51381
1.52755
1.54066
1.64223
1.97954
1.48742
1.43946
1.96701
1.6316
1.62284
1.80825
1.58217
1.91993
1.7172
1.86225
1.4174
1.69067
1.65231
1.77202
1.50792
1.50933
1.56269
1.92161
1.75756
1.62497
1.45316
1.74092
1.67891
1.59364
1.72146
1.72792
1.35105
1.74101
1.35196
1.49605
1.68253
1.52628
1.5805
1.72417
1.43549
1.73953
1.62406
1.42204
1.66561
1.57682
1.53108
1.62079
1.72694
1.73193
1.6656
1.65572
1.9642
1.50046
1.81566
1.71667
1.52911
1.58593
1.73569
1.92539
1.61212
1.68196
1.69376
1.51972
1.85675
1.50987
1.3242
1.35407
1.62565
1.41419
1.86372
1.66232
1.51487
1.52417
1.57701
1.85362
1.44841
1.38341
1.57395
1.90382
1.59117
1.95028
1.53257
1.93012
1.72649
1.60042
1.70931
1.45006
1.4178
1.69093
1.48805
1.44577
1.60899
1.62912
1.49361
1.70096
1.46513
1.48725
1.75215
1.3822
1.61511
1.67933
1.49673
1.43552
1.58841
1.35462
1.67394
1.78098
1.65372
1.50341
1.84498
1.65535
1.52454
1.84134
1.75081
1.51569
1.66682
1.71053
1.64129
1.51933
1.66978
1.54008
2.13995
1.8072
1.50603
1.80768
1.53581
1.39361
1.77399
1.67024
1.43254
2.02984
1.77293
1.59921
1.44061
1.97885
1.9237
1.59961
1.67041
1.53584
1.64477
1.7969
1.61023
1.46296
1.56097
1.91821
1.52891
1.48802
1.55284
1.79752
1.5704
1.57269
1.6739
1.72566
1.94728
1.75326
1.87449
1.8528
1.7524
1.50224
1.58878
1.55244
1.7031
1.6135
1.36912
1.503
1.40515
1.63913
1.88699
1.5025
1.22137
1.40043
1.48074
1.72109
1.58347
1.56744
1.61331
2.10419
1.63217
1.5729
1.66754
1.59276
1.60786
1.57423
1.57279
1.76015
1.8161
1.55643
1.84996
1.69895
1.67529
1.47259
1.68039
1.80826
1.44237
1.46106
1.60667
1.71758
1.68967
1.32064
1.68391
1.70161
1.96279
1.42347
1.56077
1.42875
1.79535
1.47458
1.41056
1.64659
1.73443
1.74393
1.77542
1.6938
1.68345
1.31828
1.51678
1.85295
1.76748
1.40165
1.50204
1.71842
1.66322
1.51728
1.68875
1.94555
1.73515
1.48702
1.85205
1.57093
1.7753
1.77974
1.48602
1.57175
1.49718
1.45545
1.58144
1.59154
1.73068
1.71917
1.64766
1.94358
1.74725
1.68316
1.68769
1.55901
1.61623
2.00997
1.56076
1.70689
1.54636
1.56935
1.66452
1.65898
1.58513
1.64554
1.45981
2.11724
1.58277
1.63184
1.62595
1.57933
1.48096
1.60333
1.73109
1.58997
1.57737
1.67817
1.8315
1.80459
1.67571
1.90255
1.52296
1.67613
1.66455
1.38988
1.70205
1.97991
1.74383
1.81338
1.7083
1.43718
1.61701
1.64375
1.61366
1.37078
1.32533
1.59993
1.40082
1.55249
1.34993
1.83535
1.67186
1.99917
1.61396
1.47147
1.67654
1.52115
1.52908
1.74978
1.59074
1.61021
1.5669
1.63985
1.69675
1.39155
1.41593
1.57742
1.8843
1.68155
1.47162
1.42718
1.60651
1.6889
1.59921
1.45853
1.64529
1.67687
1.51955
1.57056
1.58669
1.3403
1.71748
1.57778
1.63688
1.59238
1.63
1.84521
1.58048
1.91015
1.58353
1.68564
1.46628
1.59972
1.51463
1.74196
1.55863
1.50829
1.34863
1.87002
1.6985
1.73804
1.63615
1.92664
1.75253
1.59983
1.72475
1.58321
2.00741
1.50665
1.59768
1.66053
2.28877
1.51729
1.70023
1.87789
1.56605
1.69506
1.59781
1.81823
1.53456
1.628
1.91899
1.90933
1.68519
1.44457
1.5565
1.52775
1.74549
1.57015
1.74177
1.64498
1.44659
1.72745
1.61559
1.54775
1.32024
1.8454
1.64751
1.59676
1.56658
1.40018
1.6355
1.85029
1.61052
1.48765
1.46767
1.68779
1.6578
1.57421
1.57062
1.71208
1.63973
1.59284
1.66634
1.7191
1.73698
1.5503
1.45217
1.35421
1.45744
1.29868
1.74649
1.44656
1.57133
1.52637
1.89194
1.42556
1.70275
1.70339
1.43261
1.58214
1.46644
1.8573
1.65735
1.46998
1.46818
1.32361
1.53608
1.83221
1.9188
1.33716
1.65064
1.50235
1.67445
1.37493
1.71341
2.18502
1.55984
1.39342
1.62881
1.70706
1.51736
1.75544
1.37253
1.69155
1.70356
1.74352
1.67907
1.86639
1.48781
1.53867
1.46879
1.58675
1.3976
1.52082
1.74498
1.64497
1.44771
1.83087
1.85885
1.44921
1.7648
1.7187
1.66008
1.89643
1.56176
1.90893
2.06701
1.96238
1.65126
1.84921
1.40485
1.72128
1.62803
1.47958
1.53961
1.95364
1.52419
1.77589
1.67734
1.68669
1.52341
1.4116
1.6506
1.84995
1.55822
1.96383
1.57316
1.53906
1.76116
1.82516
1.36582
1.91466
1.7965
1.44563
1.55754
1.97305
1.79787
1.69254
1.55025
1.7588
1.55733
1.54718
1.38909
1.36529
1.83757
1.59087
1.50425
1.5259
1.55347
1.69888
1.13133
1.56911
1.15997
1.48667
1.06208
1.19451
1.28519
1.29893
1.68829
1.94851
1.01546
1.74733
1.60712
1.63403
1.57068
1.70775
1.4981
1.44301
1.11085
1.65916
1.16735
1.24615
1.11741
1.59937
1.09129
1.05474
1.60121
1.79934
1.50844
1.08869
1.69002
1.59328
1.57034
1.53164
1.43369
1.28309
1.9691
1.7008
1.61972
1.46896
1.66999
1.23363
1.06656
1.06232
1.68256
1.09761
1.64127
1.12165
1.92091
1.23063
1.35125
1.37671
1.20082
2.08334
1.08956
1.82821
1.9727
1.48752
1.55051
1.02785
1.12365
1.27991
1.65285
1.23886
1.62712
1.5657
1.08986
1.84708
1.09429
1.06912
1.5263
1.72665
1.48319
1.09306
1.23931
1.1506
1.70126
1.09262
1.42781
1.22745
1.04993
1.16493
1.16891
1.72657
1.5147
1.6428
1.51331
1.44478
1.15965
1.36236
1.94951
1.43516
1.20207
1.21704
1.33687
1.30077
1.69971
1.11115
1.6423
1.5128
1.15787
1.09196
1.72416
1.12588
1.61915
1.09438
1.15951
1.52736
1.6729
1.12018
1.66015
1.85671
1.40184
1.05985
1.13409
1.54024
1.63719
1.4899
1.44565
1.14446
1.20301
1.48695
1.90384
1.07736
1.57966
1.63582
1.64169
1.63798
1.08451
1.59662
1.04896
1.84005
1.15347
1.29817
1.51795
1.0408
1.0831
1.19313
1.11943
1.76146
1.22075
1.17209
1.33756
1.47792
1.93594
1.14023
1.23341
1.0608
1.7758
1.04633
1.66966
1.03451
1.54182
1.19249
1.07128
1.0917
1.27438
1.5358
1.12267
1.20787
1.57366
1.02809
1.19971
1.66662
1.50677
1.096
1.57857
1.18278
1.75428
1.63021
1.49603
1.1392
1.3587
1.55212
1.08488
1.579
1.19695
1.81785
1.53259
1.42845
1.18127
1.27126
1.0333
1.45367
1.13771
1.61048
1.88645
1.03174
1.48516
1.7632
1.3954
1.06892
1.15816
1.21007
1.20227
1.12075
1.48912
1.09234
2.18018
1.58959
1.04252
1.06026
1.08199
1.6512
1.6632
1.34923
1.88257
1.0455
1.59782
1.53734
1.22497
1.28645
1.71641
1.096
1.22746
1.67865
1.20987
1.07277
1.71925
1.09899
1.58089
1.18864
1.59513
1.21782
1.24012
1.59387
1.51249
1.72487
1.81176
1.05328
1.15022
1.36759
1.20573
1.66072
1.52799
1.16242
1.03632
1.81947
1.18647
1.26844
2.05677
1.56187
1.03701
1.80634
1.13997
1.04283
1.22369
1.52597
1.6732
1.15856
1.52681
1.2102
1.45988
1.12023
1.65333
1.15734
1.86777
1.74963
1.66408
1.27349
1.15684
1.59255
1.14088
1.01368
1.08502
1.88638
1.31181
1.43215
2.18131
1.11834
1.6447
1.4719
1.1485
1.7948
1.32302
1.10665
2.47448
1.54622
1.1551
1.51996
1.11481
1.53199
1.25173
1.21558
1.13168
1.02038
1.11107
1.77943
1.48332
1.08629
2.10381
1.08236
1.38428
1.01274
1.35995
1.71484
1.084
1.13468
1.18376
1.28833
1.52588
1.74734
1.68182
1.46326
1.53421
1.66581
1.31351
1.18233
1.28655
1.68965
1.36645
1.82731
1.06237
1.50353
1.4993
1.11266
1.1175
1.02628
1.07288
1.1362
1.30807
1.16182
1.14746
1.54098
1.30681
1.129
1.11892
1.16976
1.154
1.08135
1.7017
1.43655
1.10646
1.17504
1.36036
1.48276
1.5174
1.634
1.49495
1.20325
1.6006
1.48578
1.66868
1.16133
1.47624
1.44172
1.69331
1.44426
1.32617
1.11222
1.78434
1.74186
1.2088
1.20074
1.05147
1.41279
1.1033
1.09581
1.08934
1.08283
1.62076
1.70072
1.6117
1.81809
1.39374
1.96777
1.07345
1.08821
2.15174
1.90847
1.2794
1.44834
1.01301
1.11168
1.38161
1.33899
1.71728
1.0377
1.76447
1.73153
1.09539
1.52446
1.06629
1.1113
1.11163
1.57277
1.14956
1.162
1.08486
1.18229
1.20338
1.53874
1.57978
1.06201
1.67331
1.08611
1.12147
1.22037
1.59675
1.07236
1.18281
1.56044
1.77155
1.75312
1.05105
1.66892
1.43633
1.08973
2.11754
1.85657
1.71168
1.3876
1.6174
1.22233
1.45871
1.6201
1.39304
1.05724
1.11082
1.74623
1.4699
1.10958
1.20303
1.11477
1.17866
1.49435
1.43652
1.16871
1.49107
1.55901
1.52432
1.48842
1.68631
1.30139
1.18122
1.6056
1.14862
1.53319
1.44664
1.14193
1.63461
1.5315
1.09094
1.48063
1.52001
1.17962
1.68679
2.09992
1.07784
1.56938
1.17697
1.51078
1.0212
1.19151
1.0704
1.89487
1.95987
1.56506
1.44013
1.83136
1.49038
1.68817
1.07892
1.70902
1.18954
1.95396
1.09358
1.71479
1.3358
1.07409
1.35308
1.11799
1.40748
1.09117
1.38726
1.06804
1.3501
1.11558
1.06708
1.07686
1.04637
1.30453
1.61742
1.07953
1.48476
1.59605
1.14008
1.11145
1.06697
1.16069
1.10651
1.11051
1.06477
1.1193
1.12647
1.0524
1.69598
1.56712
1.71018
1.51381
1.52755
1.09588
1.21251
1.12366
1.48742
1.07726
1.13232
1.37091
1.62284
1.13262
1.27987
1.13023
1.7172
1.86225
1.4174
1.31256
1.01964
1.16552
1.50792
1.50933
1.04175
1.23663
1.75756
1.18782
1.45316
1.39566
1.20069
1.59364
1.72146
1.72792
1.35105
1.10225
1.05337
1.49605
1.2754
1.52628
1.5805
1.23418
1.43549
1.18171
1.19542
1.00912
1.12938
1.57682
1.53108
1.11802
1.72694
1.07875
1.6656
1.65572
1.2115
1.13841
1.81566
1.71667
1.52911
1.11074
1.15609
1.19307
1.21496
1.68196
1.69376
1.51972
1.85675
1.50987
1.06472
1.10776
1.08312
1.05918
1.86372
1.08296
1.51487
1.52417
1.32028
1.85362
1.21539
1.38341
1.15958
1.90382
1.59117
1.95028
1.1334
1.08553
1.72649
1.60042
1.70931
1.17795
1.4178
1.26407
1.04002
1.12597
1.60899
1.62912
1.49361
1.21733
1.46513
1.48725
1.75215
1.3822
1.61511
1.16018
1.49673
1.43552
1.58841
1.23418
1.67394
1.32367
1.65372
1.03459
1.84498
1.2158
1.52454
1.07485
1.11966
1.51569
1.04774
1.2755
1.64129
1.12483
1.19446
1.08677
1.05743
1.8072
1.22438
1.14065
1.19647
1.16827
1.28165
1.14147
1.06059
2.02984
1.11989
1.59921
1.20279
1.97885
1.11873
1.59961
1.17555
1.08243
1.14274
1.7969
1.61023
1.46296
1.18418
1.21478
1.52891
1.11909
1.55284
1.03509
1.08857
1.26157
1.6739
1.72566
1.94728
1.75326
1.07675
1.2156
1.06661
1.02253
1.13019
1.55244
1.04696
1.17721
1.12447
1.503
1.40515
1.63913
1.20857
1.11503
1.22137
1.40043
1.10616
1.72109
1.19898
1.06812
1.61331
2.10419
1.63217
1.23218
1.0463
1.14907
1.10356
1.57423
1.1077
1.11316
1.10662
1.05266
1.31442
1.16427
1.22387
1.47259
1.22143
1.80826
1.44237
1.0668
1.03582
1.43492
1.1042
1.10315
1.15629
1.22895
1.09368
1.13138
1.24508
1.12392
1.79535
1.47458
1.41056
1.64659
1.22415
1.07789
1.77542
1.07189
1.68345
1.07686
1.04189
1.33054
1.76748
1.12116
1.23627
1.10149
1.14619
1.51728
1.13432
1.94555
1.73515
1.1716
1.85205
1.0325
1.2291
1.77974
1.0513
1.06303
1.15753
1.45545
1.10206
1.59154
1.17981
1.27373
1.13191
1.19948
1.74725
1.04873
1.07966
1.227
1.61623
1.38496
1.02684
1.24669
1.17366
1.14911
1.34179
1.16747
1.58513
1.64554
1.45981
1.16097
1.58277
1.63184
1.62595
1.07785
1.48096
1.60333
1.37244
1.58997
1.57737
1.67817
1.8315
1.07669
1.67571
1.90255
1.52296
1.67613
1.66455
1.11108
1.70205
1.29429
1.74383
1.213
1.7083
1.10969
1.40637
1.64375
1.61366
1.37078
1.32533
1.59993
1.40082
1.55249
1.03699
1.05085
1.11176
1.99917
1.26371
1.18504
1.67654
1.16745
1.17406
1.74978
1.05166
1.61021
1.10968
1.17611
1.69675
1.11733
1.41593
1.08669
1.30066
1.11794
1.47162
1.42718
1.19223
1.6889
1.59921
1.06777
1.20571
1.27235
1.14074
1.17473
1.58669
1.3403
1.27089
1.57778
1.17226
1.26868
1.63
1.84521
1.04204
1.91015
1.58353
1.13671
1.46628
1.59972
1.16303
1.12161
1.55863
1.50829
1.34863
1.15179
1.30326
1.29139
1.63615
1.25712
1.75253
1.28305
1.08663
1.58321
2.00741
1.13198
1.22468
1.28279
1.12273
1.51729
1.70023
1.11017
1.56605
1.06936
1.16148
1.26656
1.10749
1.628
1.54263
1.90933
1.15649
1.1299
1.5565
1.52775
1.74549
1.16344
1.74177
1.64498
1.44659
1.30244
1.1797
1.05815
1.32024
1.23415
1.27468
1.06702
1.56658
1.09625
1.07994
1.16319
1.61052
1.48765
1.46767
1.16263
1.23622
1.12349
1.02503
1.71208
1.63973
1.59284
1.19709
1.34789
1.02516
1.09371
1.04443
1.35421
1.12369
1.29868
1.15369
1.44656
1.2561
1.52637
1.40423
1.13589
1.13987
1.0146
1.43261
1.09944
1.46644
1.06222
1.04399
1.17493
1.46818
1.01744
1.08802
1.21345
1.02322
1.33716
1.34787
1.14489
1.2434
1.37493
1.71341
2.18502
1.15352
1.39342
1.62881
1.70706
1.17749
1.16276
1.172
1.69155
1.70356
1.08389
1.67907
1.86639
1.48781
1.20189
1.11038
1.10877
1.3976
1.33673
1.0729
1.05701
1.44771
1.83087
1.85885
1.10049
1.2456
1.19338
1.66008
1.46238
1.56176
1.90893
1.24736
1.96238
1.65126
1.84921
1.40485
1.10463
1.18514
1.1476
1.53961
1.04471
1.15962
1.77589
1.18013
1.05852
1.52341
1.02756
1.6506
1.33147
1.55822
1.96383
1.09602
1.53906
1.27715
1.17161
1.08133
1.91466
1.13201
1.29341
1.20557
1.14101
1.30212
1.69254
1.14877
1.27343
1.10267
1.1512
1.14552
1.36529
1.10597
1.05226
1.16302
1.05165
1.14067
14434000.0
12550300.0
9752460.0
8511060.0
19010400.0
12620500.0
11259600.0
13705500.0
17306200.0
14498600.0
14814700.0
13292800.0
12979600.0
12911800.0
19608200.0
8926960.0
11078300.0
15952400.0
13084600.0
9930100.0
10095200.0
5955390.0
17410800.0
13303800.0
13434700.0
11882300.0
15312100.0
18351600.0
8759570.0
21123000.0
13807200.0
11523400.0
14858300.0
14463800.0
14738200.0
21367600.0
15098900.0
9252290.0
14561900.0
20323100.0
8620760.0
19959400.0
10240000.0
9977460.0
12538300.0
13503000.0
10411900.0
18778800.0
14211000.0
17619500.0
19656500.0
12811500.0
10943700.0
11381900.0
4434830.0
14472400.0
13057100.0
8839560.0
13524200.0
14790300.0
13983100.0
12499700.0
16340200.0
18198000.0
12402800.0
9346920.0
10267000.0
17578200.0
8338610.0
17739200.0
15930900.0
13885500.0
13834600.0
12152500.0
14742800.0
27210100.0
16017100.0
10461600.0
14251200.0
13001500.0
10361200.0
9889310.0
16277700.0
13258000.0
14610400.0
20627900.0
17715700.0
9083750.0
17312900.0
15823000.0
17585500.0
8634440.0
11943900.0
14998000.0
14223100.0
5699360.0
10104500.0
13266100.0
15341800.0
12680600.0
10762600.0
10240000.0
11792400.0
15189000.0
14090900.0
7957270.0
13505600.0
12977900.0
12792400.0
15607000.0
10099500.0
14705600.0
8399450.0
14550000.0
19174700.0
16324700.0
15928200.0
11384000.0
18733900.0
19448900.0
12401000.0
17969100.0
13317400.0
8365580.0
14658800.0
12074300.0
9300480.0
12313500.0
10719900.0
13751500.0
8838410.0
11666100.0
13168000.0
19392900.0
13245800.0
13124000.0
11500300.0
15569600.0
16884200.0
7219260.0
6885010.0
13322600.0
11394900.0
10073000.0
16281200.0
8044370.0
5647640.0
8583260.0
13101000.0
8726310.0
17024000.0
13809600.0
13370200.0
11825800.0
13624000.0
11657400.0
13885800.0
10070200.0
10173000.0
7124670.0
12357900.0
18446000.0
7137260.0
11564500.0
17073000.0
13754000.0
13396300.0
13421300.0
8536820.0
14047700.0
15059400.0
13479600.0
10564000.0
23108900.0
21324900.0
16115600.0
21478000.0
14940900.0
14872100.0
11694300.0
15279300.0
24774900.0
14900200.0
10750500.0
11830700.0
15144800.0
9310790.0
8073230.0
15035600.0
20441700.0
13710800.0
14267400.0
14407300.0
13322200.0
14170900.0
23286400.0
13768800.0
12674600.0
12851400.0
5868440.0
17208300.0
17507800.0
10411700.0
16600900.0
16723400.0
10653800.0
20739900.0
14651900.0
20309000.0
16703000.0
15626900.0
9421830.0
5986590.0
13911500.0
7647980.0
16028900.0
19078700.0
13048400.0
9739530.0
11179300.0
12680200.0
16023500.0
11319000.0
13082400.0
17971400.0
17621500.0
10623700.0
19095200.0
13072900.0
13641800.0
19878700.0
13619600.0
18881900.0
10316500.0
15695600.0
14556000.0
8930290.0
16807800.0
11306000.0
21270000.0
13482000.0
9394840.0
10145900.0
11127500.0
9489040.0
10037200.0
12550900.0
9347900.0
11399500.0
12795200.0
14070500.0
21158000.0
17491200.0
12471500.0
9300480.0
13785100.0
17553400.0
8904600.0
9666880.0
13891700.0
14260500.0
7936840.0
10581200.0
12435300.0
15612600.0
11753300.0
9604920.0
12590000.0
18169700.0
8955720.0
14093800.0
18520700.0
14989600.0
13345400.0
9984070.0
11478200.0
14653000.0
5718850.0
15376100.0
15840100.0
12018800.0
15238000.0
15067800.0
8832160.0
11656400.0
15675800.0
19134400.0
13416600.0
9568370.0
14459200.0
21176600.0
11018900.0
12142100.0
14581200.0
14039600.0
17220000.0
11350500.0
9206630.0
8220390.0
15191900.0
7740730.0
16298100.0
7563050.0
8550720.0
16691300.0
13658600.0
17220000.0
15982300.0
17690400.0
12233500.0
19285500.0
14591600.0
13204600.0
10940200.0
19021900.0
20615700.0
13542200.0
14906700.0
11656700.0
14103100.0
17791900.0
16808400.0
12929300.0
9842020.0
10246000.0
8407130.0
20088400.0
12842900.0
8503640.0
19815600.0
6784960.0
11624200.0
18663000.0
18832200.0
12256700.0
15171700.0
23609000.0
11484700.0
10455200.0
19050600.0
12531100.0
13640800.0
14245500.0
11557200.0
13208800.0
13541900.0
12955200.0
11840800.0
16115900.0
9358080.0
15406600.0
8899820.0
14735500.0
16252500.0
8913840.0
10736300.0
8811650.0
18779300.0
16375400.0
10272400.0
11182300.0
11546700.0
10539700.0
13656900.0
12294400.0
21933500.0
8097620.0
10515300.0
15474500.0
3765430.0
7185930.0
13467600.0
11711100.0
8867060.0
9863430.0
10914600.0
6572450.0
17600300.0
20530100.0
12094700.0
13423000.0
9940020.0
10170600.0
15777200.0
21364000.0
12798400.0
15095100.0
13631700.0
17297300.0
13240600.0
10077800.0
10220800.0
15072500.0
19535400.0
14475700.0
11398800.0
14286200.0
15965300.0
17930800.0
12920400.0
8038450.0
11514000.0
11942800.0
7243420.0
9530380.0
9049830.0
10587500.0
16961100.0
16869600.0
10016500.0
12390500.0
14788600.0
9828620.0
19245300.0
12096100.0
18497700.0
27798000.0
15322100.0
13499500.0
10698500.0
19672300.0
14237200.0
16825300.0
12366600.0
17300600.0
12966100.0
14273600.0
14619900.0
18906800.0
11700500.0
10955200.0
16513700.0
9875490.0
17795500.0
13734300.0
9956420.0
14779500.0
18107700.0
13369300.0
18157500.0
18241200.0
15752000.0
10260000.0
17830400.0
13180900.0
13984500.0
16851200.0
13673000.0
7092000.0
15719900.0
14869100.0
13036500.0
15473500.0
12980600.0
8907000.0
15141200.0
8268720.0
8900910.0
13073300.0
17729100.0
11424600.0
16778300.0
10429600.0
12297800.0
16901900.0
10167800.0
5568630.0
15578800.0
12464600.0
13153100.0
12217400.0
13381300.0
13584400.0
18702700.0
18188400.0
12112100.0
14242000.0
11258600.0
14429500.0
12494200.0
11853200.0
11473800.0
8601720.0
9403960.0
14256000.0
15539600.0
14247900.0
12156200.0
21873100.0
17788300.0
17972500.0
13874200.0
17528500.0
14267200.0
10866900.0
11540500.0
13961300.0
10988400.0
11258800.0
12195100.0
13137400.0
18171100.0
14780000.0
11336100.0
14258300.0
12597700.0
15145300.0
8712800.0
12813100.0
9611670.0
11107100.0
20385600.0
12826700.0
10317500.0
9277180.0
15349300.0
10194800.0
17661200.0
12504000.0
11140400.0
15981300.0
11876100.0
12357300.0
12584600.0
12365700.0
16738100.0
9849020.0
12401200.0
20080600.0
11051400.0
11600900.0
14981100.0
11486600.0
18565600.0
14269900.0
12449400.0
20067700.0
10676100.0
12321300.0
12703400.0
7150090.0
10140500.0
15164800.0
13211000.0
13644600.0
9291330.0
9615060.0
14190300.0
12209500.0
14365900.0
13791000.0
11684300.0
16541500.0
10662000.0
7952480.0
8789800.0
16374600.0
14066800.0
11588100.0
20152000.0
9876520.0
14151200.0
15351100.0
14119000.0
16986000.0
13005900.0
19389900.0
16333200.0
16870500.0
9378390.0
11751600.0
13125000.0
18799300.0
14462200.0
12758400.0
14607500.0
10325800.0
18948100.0
7477860.0
11391200.0
12462000.0
11599300.0
11274800.0
17516100.0
12558100.0
11617800.0
24068700.0
15672200.0
12472700.0
14059800.0
12808900.0
15970600.0
11191800.0
11859000.0
12496800.0
17095800.0
13736100.0
6898900.0
17483800.0
10257400.0
13582900.0
12530300.0
15265200.0
11120800.0
21749400.0
14649400.0
9414060.0
14469000.0
10123300.0
6789720.0
13021100.0
11755600.0
13713400.0
10238800.0
10089500.0
13888500.0
11493800.0
11309800.0
16109600.0
7411350.0
8953540.0
5466320.0
6025380.0
8075660.0
12369800.0
18791200.0
16089300.0
13638800.0
12803600.0
14123600.0
8375820.0
14739300.0
12838500.0
14773700.0
8439890.0
10497600.0
19678800.0
7825710.0
17932500.0
10586200.0
17123500.0
10904700.0
10224000.0
9440440.0
8500700.0
14468800.0
19357000.0
16314400.0
17951200.0
25734800.0
11711300.0
11616500.0
18940700.0
11498800.0
15124500.0
10685600.0
6354920.0
5798520.0
8141220.0
15981700.0
11409500.0
13851800.0
13395600.0
20477900.0
12432900.0
10793400.0
11865900.0
11751500.0
17901900.0
16525800.0
11953400.0
13019600.0
14785700.0
18855100.0
20496000.0
16302500.0
7515820.0
17058200.0
12181300.0
11117000.0
16038500.0
20595800.0
17417000.0
19991400.0
12474900.0
10920400.0
13178800.0
13595000.0
6211680.0
8310350.0
12412900.0
14701600.0
9175460.0
13806000.0
15409600.0
13705000.0
16477000.0
9918730.0
19530000.0
14496600.0
10365400.0
8697410.0
12175500.0
16456900.0
18764600.0
9462990.0
13554300.0
16985600.0
11144800.0
14346300.0
11468800.0
11144700.0
22269500.0
16503400.0
17720100.0
21112600.0
6577050.0
12389900.0
13245000.0
13092700.0
18115700.0
11193200.0
7093320.0
19457000.0
9000120.0
19060800.0
12597600.0
8969870.0
15771900.0
11676100.0
9475850.0
14846900.0
13007300.0
9979510.0
12661300.0
17172300.0
12181800.0
15419200.0
7215000.0
7197580.0
10409800.0
8240960.0
10702800.0
10502800.0
11351900.0
14624600.0
8564990.0
14612700.0
9201850.0
12755900.0
9450060.0
13867700.0
15646900.0
14740900.0
12013400.0
18844200.0
6926960.0
15576000.0
15348100.0
8295820.0
17309500.0
10945900.0
15511100.0
13802500.0
13857600.0
13803700.0
13975100.0
8923200.0
12035500.0
11862400.0
13608800.0
9960840.0
14196300.0
15284700.0
14842300.0
17087300.0
10256800.0
12804700.0
10683800.0
12734600.0
17846100.0
16919600.0
11457300.0
10880300.0
13317700.0
18746200.0
18066300.0
13082100.0
13477100.0
14332900.0
11815500.0
10217200.0
10146800.0
14683200.0
17638000.0
11202500.0
13801300.0
18328200.0
17393700.0
6070520.0
14193000.0
11335100.0
8573590.0
12607400.0
16051300.0
21210900.0
14240800.0
10958700.0
17773900.0
9099070.0
17335500.0
13713000.0
8741300.0
16407700.0
11707500.0
8618970.0
11754700.0
9862710.0
14811800.0
17979400.0
19883600.0
12094600.0
18755800.0
14168100.0
8823250.0
10195200.0
9818710.0
12220300.0
10032800.0
9115050.0
19007600.0
17532800.0
13693200.0
11454400.0
13320100.0
13388700.0
14670300.0
23035800.0
10004400.0
11836400.0
12725200.0
12694200.0
10596900.0
12154500.0
13054300.0
6833450.0
16140700.0
11013700.0
11571900.0
11247000.0
11525100.0
6645410.0
17926600.0
6670780.0
7884950.0
16748100.0
10358900.0
10779700.0
11509300.0
10917800.0
9019240.0
8429230.0
14580000.0
11296400.0
19925100.0
12697200.0
9847420.0
9373160.0
14448600.0
13622100.0
14449200.0
17997700.0
9295600.0
6639870.0
15111700.0
15683900.0
13133000.0
9777710.0
11690700.0
13102500.0
24018900.0
14817200.0
9501070.0
18881800.0
21873500.0
17356600.0
8623390.0
9874740.0
11196300.0
17150300.0
11512800.0
15881300.0
11914100.0
17674100.0
11317600.0
12708900.0
18904200.0
14191800.0
19871000.0
15101900.0
17443600.0
12678900.0
19453100.0
10439500.0
15213300.0
14127700.0
13661800.0
12380600.0
10065400.0
13228400.0
17329000.0
17328100.0
11651700.0
8323890.0
18005300.0
7889590.0
8933910.0
14022500.0
19000800.0
8618940.0
9661720.0
16588800.0
14852200.0
17594400.0
15056400.0
21185700.0
8191140.0
20795500.0
14055700.0
14935400.0
7145170.0
11068300.0
9016730.0
15270900.0
14442000.0
15289100.0
13455600.0
11885400.0
11650300.0
15814600.0
7488530.0
11670300.0
18391100.0
17992900.0
23070600.0
10399300.0
18816700.0
15246100.0
8585320.0
6650830.0
14824700.0
8357520.0
7399740.0
15230800.0
15678300.0
16239100.0
7801040.0
11062100.0
9335640.0
17121700.0
9143770.0
11692500.0
9424550.0
19270800.0
8020540.0
17314000.0
11305000.0
16395900.0
16817200.0
15747600.0
12919500.0
11464800.0
16982300.0
7129570.0
10069000.0
12373600.0
10681900.0
17727500.0
17862400.0
12283800.0
9465460.0
12347900.0
15811900.0
6791180.0
14533400.0
19449000.0
11290000.0
10336600.0
8571500.0
16354000.0
15395300.0
7781320.0
15968600.0
19575700.0
13027800.0
12170000.0
12173700.0
18604000.0
15637100.0
10641600.0
14433916.692038
12550336.022108
9752455.016107
8511057.01596
19010416.034143
12620509.022194
11259606.020591
13705472.025137
17306179.032425
14498600.025881
14814724.032456
13292782.02368
12979595.02346
12911780.023895
19608210.035739
8926958.016025
11078285.034156
15952350.031919
13084618.022867
9930100.019838
10095221.01863
5955390.012646
17410845.033013
13303782.029536
13434706.026277
11882005.354952
15312110.026637
18351619.036141
8758983.015864
21122991.038681
13807246.025561
11523378.035884
14858296.030605
14463765.027901
14738210.027317
21367634.035977
15098923.050579
9252290.021722
14561944.044344
20323132.047194
8620758.016319
19959396.038617
10239965.019068
9977458.018521
12538259.025344
13502961.024483
10411879.023703
18778778.035457
14211029.025343
17619452.032089
19656524.040324
12811492.024177
10943674.019386
11381860.022341
4434833.007867
14472387.026274
13057088.026175
8839565.018082
13524171.022853
14790310.026896
13983115.025571
12499619.02301
16340228.029601
18197970.034075
12402802.021838
9346920.016576
10266989.020837
17578183.031641
8338607.014469
17739223.030835
15930913.031748
13885470.024873
13834575.024138
12152466.021777
14742810.030631
27210097.048647
16017124.030145
10461576.020524
14251180.025954
13001460.023322
10361229.022702
9889312.019408
16277689.030356
13258033.024039
14610436.029387
20627922.036605
17715664.032003
9083754.017444
17312921.03012
15823017.028224
17585546.035263
8634439.015758
11943880.020774
14998034.038672
14223066.033674
5699162.678574
10104454.020045
13266122.023151
15341816.027121
12680638.022502
10762603.020204
10240019.018237
11792401.021643
15188997.027703
14090851.027437
7957267.013903
13505649.025689
12977907.023871
12792404.027061
15606994.029723
10099531.018673
14705556.025392
8399452.01706
14549998.028336
19174688.036558
16324683.02836
15928233.029301
11384027.020033
18733902.035269
19448899.038988
12400669.021735
17969056.038255
13317366.023332
8365147.515688
14658841.026491
12074264.020063
9300481.019759
12313469.022555
10719903.020046
13751511.025161
8838412.015445
11666100.022013
13168015.029583
19392861.034667
13245848.024097
13124034.023865
11500272.024928
15569606.028596
16884167.031178
7219261.014904
6885009.011856
13322591.036109
11394855.019388
10072314.019221
16281233.029486
8044369.015257
5647645.01131
8583262.014764
13101041.023323
8726313.017172
17024024.0317
13809645.025201
13370213.02514
11825791.021087
13623996.023401
11657414.024423
13885830.029273
10070155.019479
10173050.017651
7124672.012902
12357929.021014
18446033.032929
7137264.013455
11564537.023561
17073013.033644
13754024.02703
13396281.025106
13421349.024571
8536815.018648
14047678.026237
15058967.027717
13479629.027867
10564041.020645
23108949.040467
21324894.038273
16115555.028894
21478037.037772
14940939.029093
14872065.029299
11694341.020469
15279303.026559
24774935.044548
14900176.024789
10750486.018656
11830671.023253
15144836.028071
9310790.017471
8073233.014352
15035596.026449
20441653.037656
13710796.025
14267436.025727
14407264.026147
13322243.024162
14170917.024949
23286425.042737
13768814.024694
12674604.023311
12851355.022518
5868443.010883
17207955.033138
17507823.031717
10411671.020941
16600858.029433
16723430.029812
10653837.019303
20739912.037389
14651892.028951
20309019.037381
16703049.029181
15626860.027421
9421828.01596
5986591.009695
13909575.527899
7647980.014231
16028884.031983
19078653.033661
13048390.026029
9739531.030789
11179255.021877
12680209.025478
16023475.030811
11318995.02251
13082450.022331
17971434.03323
17621493.038254
10623324.020488
19095192.041449
13073922.524683
13641764.025997
19878706.043517
13619616.027403
18881935.034124
10316498.018457
15695628.029365
14556045.028067
8930290.016547
16807773.030408
11305993.022315
21270044.041697
13481998.022011
9394837.019584
10145866.018287
11127522.023689
9489041.018188
10037227.020353
12550854.022142
9347625.348774
11399505.021754
12795233.024433
14070522.02648
21158031.038843
17491155.033562
12471510.021889
9300475.016534
13785066.025804
17553432.030025
8904600.017873
9666720.768158
13891715.026011
14260522.031287
7936838.014234
10581226.021082
12435251.023065
15612565.028392
11753264.021245
9604917.017571
12590034.025085
18169664.034264
8955721.017775
14093757.027247
18520670.031947
14989577.038341
13344942.525487
9984073.019642
11478247.018686
14653027.025287
5718851.010864
15376106.028003
15840109.028649
12018792.022417
15237991.027597
15067758.028912
8832157.017218
11656423.022837
15675787.029051
19134388.035835
13416568.024546
9568374.017152
14459224.027399
21176581.038209
11018938.020355
12142065.022966
14581217.02566
14039556.025739
17219960.031246
11350540.021652
9206629.017664
8220194.265423
15193301.029157
7739771.017302
16298071.030207
7563047.014377
8550718.017104
16691278.033064
13658642.026537
17220047.029788
15982275.031509
17690364.032407
12233515.023148
19285517.03524
14591571.02756
13204602.027863
10940163.019981
19021919.035434
20615657.040067
13542220.024035
14906674.027705
11656739.021552
14103084.028776
17791929.031942
16808351.055077
12929317.023879
9842023.018433
10246048.017606
8407134.014142
20088368.035834
12842938.022629
8503640.016081
19815643.036158
6784956.01199
11624175.020759
18662971.035061
18832153.034214
12256735.024159
15171688.027714
23608983.042758
11484677.020135
10455212.01829
19050647.036363
12531101.021802
13640845.042167
14245501.028939
11557162.036323
13208755.022676
13541935.02342
12955194.021818
11840834.022619
16115938.030028
9358078.017255
15406648.029024
8899522.015157
14735471.031293
16252521.02811
8913838.017723
10736291.018783
8811647.016843
18779294.034511
16375429.02898
10272422.021423
11182321.0191
11546732.021331
10539729.020358
13656862.022966
12294391.021453
21933547.038471
8097622.017005
10515289.020206
15474535.028716
3765097.673502
7185926.012789
13467606.024001
11711100.021814
8867062.018485
9863431.018893
10914554.021343
6572451.013336
17600346.033373
20530119.038036
12094718.023351
13423041.028554
9940018.019515
10170647.017412
15777250.03361
21364028.038696
12798371.0234
15095116.027986
13631714.025148
17297306.031312
13240166.027076
10077800.019022
10220759.021555
15072497.029623
19535420.034805
14475672.026016
11398755.020994
14286219.027283
15965296.0314
17930783.032952
12920440.024578
8038446.014102
11513963.021787
11943072.02262
7242885.013077
9530377.015219
9049831.016282
10587539.018098
16961056.031431
16869625.032441
10016462.019108
12390501.023319
14788612.027081
9828616.01877
19245279.034328
12096060.022885
18497733.033135
27798014.053432
15322148.028472
13499484.023803
10698544.020137
19672302.034579
14237151.025048
16825291.030207
12366585.02134
17300565.031897
12966091.027549
14273573.025597
14619915.028171
18906771.060671
11700515.023614
10955210.020703
16513697.031776
9875490.032986
17795458.032754
13734291.02336
9956419.017558
14779492.030596
18107702.055814
13369334.024706
18160084.034834
18241177.031778
15751959.030451
10259827.519773
17830373.03285
13180948.023385
13984468.02704
16851158.031436
13673041.026778
7091999.013262
15719907.026489
14869137.026108
13036520.023528
15473507.026618
12980589.025601
8906995.020192
15141926.526508
8268717.01617
8900906.015151
13073268.024869
17729085.031199
11424647.022588
16778340.027462
10429639.019906
12297827.022783
16901944.030143
10167795.018671
5568629.010565
15578792.029127
12464570.022288
13153058.02618
12217397.023677
13381280.024415
13584394.024866
18702653.03301
18188357.031878
12112100.024926
14241982.027706
11258634.020662
14429529.027484
12494189.022122
11853228.021214
11473821.022821
8601717.018082
9403959.018447
14255985.024284
15539611.029047
14247906.027801
12156211.021411
21873093.039311
17788315.031611
17972468.036568
13874198.028468
17528463.031875
14267180.024895
10866929.018077
11540512.022833
13961306.025746
10988403.021088
11258811.022804
12195066.024033
13137429.021098
18171066.03223
14780030.02647
11336148.023004
14258293.028109
12597700.022904
15145274.030802
8712797.018509
12813137.025591
9611670.018925
11107105.019259
20385550.040303
12826723.0234
10317460.020055
9277175.017764
15349293.028235
10194759.021388
17661239.030758
12504025.023597
11140357.035637
15981256.027641
11876135.02268
12357251.022161
12584642.02865
12365749.038208
16738072.031239
9849018.01887
12401195.024277
20080604.0381
11051441.02163
11600925.020272
14981086.028642
11486603.019562
18565599.03349
14269899.026625
12449440.040815
20067660.037577
10676092.01956
12321260.022662
12703402.023115
7150086.013034
10140492.02056
15164756.027446
13210959.025271
13644592.024593
9291326.016684
9615059.018667
14190302.025971
12209459.024221
14365866.028101
13791030.023938
11684346.023391
16541488.029404
10661569.021942
7952480.013642
8789800.016405
16374649.029391
14066805.025042
11588126.021054
20152035.035843
9876523.016749
14151189.025356
15351065.027475
14118965.028907
16986035.032162
13005901.02439
19389856.035813
16333247.029257
16870541.029515
9378393.018677
11751574.020888
13125048.022409
18799343.033515
14462221.025097
12758425.025501
14607490.026378
10325804.018742
18948093.035189
7477856.014602
11391163.020737
12461968.02421
11599335.036922
11274807.023139
17516114.036141
12558123.025167
11617824.020737
24068674.040849
15672199.033643
12472742.024125
14059826.02523
12808889.024338
15970578.029733
11191793.022821
11859010.020701
12496522.023327
17095780.029551
13736130.025843
6898903.013151
17487264.030385
10257449.017473
13582948.024531
12530257.023063
15265175.027503
11120803.021214
21749350.041468
14649425.026762
9414059.017958
14469008.029506
10123334.016383
6789392.511391
13021125.025214
11755572.020725
13713438.023532
10236769.019883
10089468.020673
13888545.025766
11493800.024724
11309811.023274
16109550.030153
7411354.013117
8953545.017215
5466316.010663
6025375.011636
8075656.015062
12369770.023299
18791176.033693
16089256.029199
13638778.025316
12803566.024986
14123385.526403
8375823.016305
14739290.028924
12838547.025165
14773684.02843
8439887.016311
10497565.019362
19678841.035888
7825707.014257
17932472.031254
10586196.018917
17123517.029079
10904655.020971
10223971.01867
9440445.016753
8500698.017783
14468778.02508
19357044.037809
16314440.027922
17951167.03074
25734825.046705
11711290.02299
11616544.022611
18940695.042763
11498791.022659
15124482.027344
10685551.021748
6354924.012592
5798519.010925
8141223.013858
15981706.02878
11409499.018777
13851763.02525
13395553.024569
20477933.037238
12432890.021109
10793446.017304
11865887.023144
11751457.022792
17901928.031283
16525819.02964
11953396.021772
13019551.024596
14785730.027476
18855115.03878
20496043.03671
16302508.033263
7515823.01475
17058248.031151
12181334.023068
11116971.024883
16038527.029493
20595782.037021
17417002.032094
19991416.036349
12474893.023313
10920402.019141
13178833.026558
13595004.027955
6211676.010051
8310349.014668
12412900.0214
14701606.028115
9175460.016404
13806038.024329
15409641.027303
13705031.025699
16476960.029722
9918728.018559
19529956.036146
14496648.027398
10365358.019468
8696997.350129
12175521.023414
16456887.034689
18764611.039946
9462987.016621
13554276.024752
16985554.03107
11144837.021954
14346271.027927
11468766.022039
11144682.02154
22269464.044491
16503394.033565
17720051.032125
21112614.036824
6577054.010749
12389892.038535
13244986.025049
13092714.024773
18115671.037187
11193161.021795
7093318.013436
19456996.037979
9000118.01509
19060757.033152
12597621.023499
8969542.018264
15771883.030091
11676070.024906
9475854.01878
14846921.028473
13007331.024189
9979513.018694
12661313.023203
17171862.531789
12181397.52076
15419192.025913
7215001.013911
7197584.015617
10409803.018058
8240964.015021
10702802.021468
10502760.019023
11351868.019771
14624587.026512
8562639.014946
14612700.025616
9201852.01594
12755903.021702
9450056.016584
13867687.025964
15646906.03176
14740897.026163
12013362.023287
18844223.035527
6926964.014718
15575992.029805
15348137.028251
8295384.527528
17309527.031308
10945888.018305
15511143.028942
13802511.027047
13857571.02538
13803681.025564
13975110.026011
8923201.017712
12035512.021676
11862388.024072
13608477.426704
9960843.018039
14196286.025656
15284653.027121
14842297.028842
17087297.032044
10256754.018966
12804685.024159
10683819.034602
12734647.023162
17846051.032992
16919635.032632
11457265.022271
10880340.022033
13317719.023833
18746218.033399
18066305.036282
13082072.023071
13477091.022224
14333840.025555
11815499.022357
10217245.01911
10146824.019406
14683151.024252
17638034.031436
11202514.022233
13801315.025619
18326261.535531
17393682.033631
6070518.011153
14192635.025823
11335095.020149
8573586.01509
12607059.023223
16051324.028976
21210929.039309
14240808.028501
10958670.022324
17773928.040121
9099074.016587
17335456.033971
13713040.02493
8740911.016609
16407748.03222
11707483.021053
8618972.016741
11754686.02285
9862711.018469
14811826.026923
17979440.031769
19883629.035699
12094636.023018
18755793.03594
14168064.024512
8823254.015466
10195195.019905
9818706.017983
12220309.029546
10032828.019609
9114831.016869
19007644.032337
17532793.032491
13693246.026974
11454351.021741
13320121.02557
13388746.024285
14670257.029804
23035813.041401
10004391.018283
11836367.021935
12725212.021356
12694193.023943
10596900.020974
12154521.022118
13054348.024222
6833159.012331
16140745.029489
11013709.022303
11571889.0228
11247035.021901
11525123.020173
6645412.013511
17926564.033209
6670785.011959
7884949.013679
16748110.031585
10358932.021062
10779693.020348
11508948.021606
10917819.022132
9019243.015207
8429232.015264
14580013.028725
11296440.020807
19925127.035741
12697199.023707
9847420.017793
9373161.018095
14448635.030549
13621814.025833
14449151.028837
17997719.03172
9295596.017675
6639874.013472
15111733.025916
15683897.027941
13132965.026532
9777711.019201
11690721.022676
13102499.023554
24018859.05026
14817155.029341
9501074.017134
18881755.033891
21873547.041121
17356558.032845
8623388.017689
9874742.016985
11197183.022792
17150297.030175
11512798.023925
15881255.03229
11914109.022594
17674115.03363
11317605.021217
12708873.023568
18904215.033885
14191785.025752
19870962.03883
15101896.033899
17443562.030949
12678898.023822
19453057.062644
10439500.018851
15213261.028392
14127725.031198
13661757.025233
12380606.021211
10065393.022581
13228390.026146
17329014.034943
17328074.031912
11651294.022013
8323892.01387
18005286.031569
7889145.01571
8933907.017581
14022491.024773
19000778.034524
8618942.017609
9661721.018127
16588776.031719
14852172.026696
17594437.034978
15056417.026244
21185720.041921
8191142.015509
20795471.041671
14055668.026427
14935225.278333
7145170.013968
11068291.019768
9016732.018921
15270854.027612
14441997.027973
15289086.033111
13455570.025366
11885435.021569
11650066.687026
15814629.050117
7488530.012989
11670318.020921
18391134.037736
17992923.034379
23070631.041949
10399289.018321
18816697.038077
15246078.028206
8585070.516259
6650833.013401
14824670.028384
8357524.014693
7399738.01427
15230803.028034
15678297.031455
16239066.032459
7801045.016342
11062121.019779
9335635.01627
17121714.03042
9143774.018867
11692464.022851
9424546.030536
19270809.062975
8020460.015544
17313997.034218
11305008.022823
16395891.030564
16817214.030822
15747553.028766
12919470.022774
11464801.020783
16982333.030674
7129144.513359
10068527.018547
12373565.024616
10681948.018412
17727465.033426
17862401.032341
12284575.693149
9465459.019855
12347925.02231
15811851.029638
6791183.01357
14533365.047784
19448964.034572
11290008.021808
10336075.686149
8571495.017328
16354044.029341
15395274.03121
7781315.014176
15968582.031519
19575652.034703
13027819.023036
12169998.022945
12173656.024673
18604039.057417
15637132.029496
10641592.019498
